# Delta1: 0.46
# Delta2: 1.17
# Delta3: 1.34
# Dq: 0.08800000000000002
# Ds: -0.09000000000000001
# Dt: -0.01999999999999998
# k1_lab: [1, 0, 0]
# k2_lab: [-0.8660254037844387, 0.49999999999999994, 0.0]
# k1_cf: [0.7071067811865476, -0.7071067811865476, 0.0]
# k2_cf: [-0.25881904510252085, 0.9659258262890683, 0.0]
# pol1_lab: [(0, 1, 0), (0, 0, 1)]
# pol2_lab: "[array([-0.5      , -0.8660254,  0.       ]), array([0., 0., 1.])]"
# pol1_cf: "[array([0.70710678, 0.70710678, 0.        ]), array([0., 0., 1.])]"
# pol2_cf: "[array([-0.96592583, -0.25881905,  0.        ]), array([0., 0., 1.])]"
# cf: "[array([0.70710678, 0.70710678, 0.        ]), array([-0.70710678,  0.70710678,  0.        ]), array([0., 0., 1.])]"
# th: 0
-0.5000000000000000000, 0.0015647353410228331
-0.4974974974974999964, 0.0015779647388879008
-0.4949949949949999928, 0.0015913808868297913
-0.4924924924924999892, 0.0016049874723616359
-0.4899899899899999856, 0.0016187882760957274
-0.4874874874874999819, 0.0016327871745997775
-0.4849849849849999783, 0.0016469881433562776
-0.4824824824824999747, 0.0016613952598292490
-0.4799799799800000266, 0.0016760127066428624
-0.4774774774775000230, 0.0016908447748766240
-0.4749749749750000194, 0.0017058958674820465
-0.4724724724725000158, 0.0017211705028259599
-0.4699699699700000122, 0.0017366733183658599
-0.4674674674675000086, 0.0017524090744629570
-0.4649649649650000049, 0.0017683826583388645
-0.4624624624625000013, 0.0017845990881821480
-0.4599599599599999977, 0.0018010635174112715
-0.4574574574574999941, 0.0018177812391007866
-0.4549549549549999905, 0.0018347576905779739
-0.4524524524524999869, 0.0018519984581974644
-0.4499499499499000077, 0.0018695092823018001
-0.4474474474474000041, 0.0018872960623762436
-0.4449449449449000005, 0.0019053648624065976
-0.4424424424423999969, 0.0019237219164492450
-0.4399399399398999932, 0.0019423736344230591
-0.4374374374373999896, 0.0019613266081333824
-0.4349349349348999860, 0.0019805876175387517
-0.4324324324323999824, 0.0020001636372716401
-0.4299299299298999788, 0.0020200618434250573
-0.4274274274273999752, 0.0020402896206174977
-0.4249249249249000271, 0.0020608545693493485
-0.4224224224224000235, 0.0020817645136646224
-0.4199199199199000199, 0.0021030275091325898
-0.4174174174174000163, 0.0021246518511646778
-0.4149149149149000126, 0.0021466460836828492
-0.4124124124124000090, 0.0021690190081565652
-0.4099099099099000054, 0.0021917796930263607
-0.4074074074074000018, 0.0022149374835330748
-0.4049049049048999982, 0.0022385020119728267
-0.4024024024023999946, 0.0022624832083989847
-0.3998998998998999910, 0.0022868913117935429
-0.3973973973973999874, 0.0023117368817315927
-0.3948948948948999838, 0.0023370308105639748
-0.3923923923923999801, 0.0023627843361445815
-0.3898898898898999765, 0.0023890090551303635
-0.3873873873873999729, 0.0024157169368836939
-0.3848848848849000248, 0.0024429203380085078
-0.3823823823824000212, 0.0024706320175534643
-0.3798798798799000176, 0.0024988651529174034
-0.3773773773774000140, 0.0025276333564944074
-0.3748748748749000104, 0.0025569506930980990
-0.3723723723724000068, 0.0025868316982071704
-0.3698698698699000031, 0.0026172913970766961
-0.3673673673673999995, 0.0026483453247625657
-0.3648648648648999959, 0.0026800095471092487
-0.3623623623623999923, 0.0027123006827542723
-0.3598598598598999887, 0.0027452359262061395
-0.3573573573573999851, 0.0027788330720559720
-0.3548548548548999815, 0.0028131105403870430
-0.3523523523523999779, 0.0028480874034504501
-0.3498498498497999987, 0.0028837834136795949
-0.3473473473472999951, 0.0029202190331208615
-0.3448448448447999914, 0.0029574154643629640
-0.3423423423422999878, 0.0029953946830528592
-0.3398398398397999842, 0.0030341794720919911
-0.3373373373372999806, 0.0030737934576128912
-0.3348348348347999770, 0.0031142611468429151
-0.3323323323322999734, 0.0031556079679691761
-0.3298298298298000253, 0.0031978603121265159
-0.3273273273273000217, 0.0032410455776387898
-0.3248248248248000181, 0.0032851922166528330
-0.3223223223223000145, 0.0033303297843141609
-0.3198198198198000108, 0.0033764889906440984
-0.3173173173173000072, 0.0034237017552893340
-0.3148148148148000036, 0.0034720012653271792
-0.3123123123123000000, 0.0035214220363231608
-0.3098098098097999964, 0.0035719999768517455
-0.3073073073072999928, 0.0036237724567067097
-0.3048048048047999892, 0.0036767783790443453
-0.3023023023022999856, 0.0037310582567208401
-0.2997997997997999819, 0.0037866542931050623
-0.2972972972972999783, 0.0038436104676691151
-0.2947947947947999747, 0.0039019726266824404
-0.2922922922923000266, 0.0039617885793603444
-0.2897897897898000230, 0.0040231081998451500
-0.2872872872873000194, 0.0040859835354281103
-0.2847847847848000158, 0.0041504689214524448
-0.2822822822823000122, 0.0042166211033732182
-0.2797797797798000086, 0.0042844993664883308
-0.2772772772773000050, 0.0043541656738965784
-0.2747747747748000013, 0.0044256848132848206
-0.2722722722722999977, 0.0044991245531960473
-0.2697697697697999941, 0.0045745558094848690
-0.2672672672672999905, 0.0046520528227268669
-0.2647647647647999869, 0.0047316933474134890
-0.2622622622622999833, 0.0048135588538361120
-0.2597597597597999797, 0.0048977347436415094
-0.2572572572572999761, 0.0049843105801272609
-0.2547547547547999724, 0.0050733803344407691
-0.2522522522523000243, 0.0051650426489495971
-0.2497497497496999896, 0.0052594011191659596
-0.2472472472472000138, 0.0053565645957346190
-0.2447447447447000102, 0.0054566475081329951
-0.2422422422422000066, 0.0055597702118863248
-0.2397397397397000030, 0.0056660593612709300
-0.2372372372371999993, 0.0057756483096667276
-0.2347347347346999957, 0.0058886775399287321
-0.2322322322321999921, 0.0060052951273779805
-0.2297297297296999885, 0.0061256572382687030
-0.2272272272272000126, 0.0062499286668731072
-0.2247247247247000090, 0.0063782834146415453
-0.2222222222222000054, 0.0065109053152481054
-0.2197197197197000018, 0.0066479887097242694
-0.2172172172171999982, 0.0067897391763212340
-0.2147147147146999946, 0.0069363743202309818
-0.2122122122121999910, 0.0070881246288434169
-0.2097097097096999874, 0.0072452343988300564
-0.2072072072072000115, 0.0074079627420321438
-0.2047047047047000079, 0.0075765846779031303
-0.2022022022022000043, 0.0077513923211234587
-0.1996996996997000007, 0.0079326961739831208
-0.1971971971971999971, 0.0081208265342295541
-0.1946946946946999935, 0.0083161350303232635
-0.1921921921921999898, 0.0085189962974510820
-0.1896896896896999862, 0.0087298098092416961
-0.1871871871872000104, 0.0089490018819367335
-0.1846846846847000068, 0.0091770278698265050
-0.1821821821822000032, 0.0094143745730988250
-0.1796796796796999995, 0.0096615628819170345
-0.1771771771771999959, 0.0099191506835896101
-0.1746746746746999923, 0.0101877360631798808
-0.1721721721721999887, 0.0104679608318997107
-0.1696696696697000128, 0.0107605144222200078
-0.1671671671672000092, 0.0110661381939112756
-0.1646646646647000056, 0.0113856302013153020
-0.1621621621622000020, 0.0117198504791832109
-0.1596596596596999984, 0.0120697269125590555
-0.1571571571571999948, 0.0124362617656377170
-0.1546546546546999912, 0.0128205389555159990
-0.1521521521521999876, 0.0132237321695647461
-0.1496496496496000084, 0.0136471139401186138
-0.1471471471471000048, 0.0140920658077108643
-0.1446446446446000011, 0.0145600897246681640
-0.1421421421420999975, 0.0150528208751202590
-0.1396396396395999939, 0.0155720421160944703
-0.1371371371370999903, 0.0161197002782456460
-0.1346346346345999867, 0.0166979246049968610
-0.1321321321321000108, 0.0173090476567720093
-0.1296296296296000072, 0.0179556290642312044
-0.1271271271271000036, 0.0186404825830059698
-0.1246246246246000000, 0.0193667069849094292
-0.1221221221220999964, 0.0201377214201168900
-0.1196196196196000067, 0.0209573060053358344
-0.1171171171171000031, 0.0218296485394883395
-0.1146146146145999994, 0.0227593984272077346
-0.1121121121120999958, 0.0237517291095023925
-0.1096096096096000061, 0.0248124105704694356
-0.1071071071071000025, 0.0259478938220412472
-0.1046046046045999989, 0.0271654096823106400
-0.1021021021020999953, 0.0284730846789037588
-0.0995995995996000055, 0.0298800775557263761
-0.0970970970971000019, 0.0313967406766904877
-0.0945945945945900063, 0.0330348116532437272
-0.0920920920920900027, 0.0348076418395043691
-0.0895895895895899991, 0.0367304700276556081
-0.0870870870870899955, 0.0388207518558046222
-0.0845845845845799998, 0.0410985582722235426
-0.0820820820820799962, 0.0435870601049380552
-0.0795795795795800065, 0.0463131206696140579
-0.0770770770770800029, 0.0493080248376046928
-0.0745745745745699934, 0.0526083816794395073
-0.0720720720720700037, 0.0562572495493091351
-0.0695695695695700000, 0.0603055485080101483
-0.0670670670670699964, 0.0648138470753598511
-0.0645645645645600008, 0.0698546410767067472
-0.0620620620620599972, 0.0755152857037285630
-0.0595595595595600005, 0.0819018037424690537
-0.0570570570570599969, 0.0891438822715468482
-0.0545545545545500013, 0.0974015010854764191
-0.0520520520520499977, 0.1068738309770667777
-0.0495495495495500010, 0.1178113348681071038
-0.0470470470470499974, 0.1305324590035400745
-0.0445445445445400018, 0.1454470150492374048
-0.0420420420420399982, 0.1630894995036006601
-0.0395395395395400015, 0.1841674799202968893
-0.0370370370370399979, 0.2096333551240768811
-0.0345345345345300023, 0.2407933176674531550
-0.0320320320320299987, 0.2794772577643846456
-0.0295295295295299985, 0.3283118062450270935
-0.0270270270270299984, 0.3911745578777837684
-0.0245245245245199993, 0.4739805334561980610
-0.0220220220220199991, 0.5861091509713537429
-0.0195195195195199990, 0.7431411283523096101
-0.0170170170170199989, 0.9724706299285568178
-0.0145145145145099998, 1.3257953870620144965
-0.0120120120120099996, 1.9099098499679323382
-0.0095095095095099995, 2.9731933498542915117
-0.0070070070070070000, 5.1925994442463050405
-0.0045045045045049997, 10.8274122835536008580
-0.0020020020020019998, 28.0118121021360479972
0.0005005005005005000, 44.2028831984006131961
0.0030030030030029999, 18.8205128835459234438
0.0055055055055059999, 7.8603646623322562803
0.0080080080080079993, 4.0839885067514396511
0.0105105105105099995, 2.4630135185384638419
0.0130130130130099997, 1.6377141857534969205
0.0155155155155200005, 1.1647063568242099763
0.0180180180180199989, 0.8696789831635968193
0.0205205205205199991, 0.6737233544062928292
0.0230230230230199992, 0.5371222771188383094
0.0255255255255299983, 0.4381824704483242572
0.0280280280280299984, 0.3642640455804497801
0.0305305305305299986, 0.3076067904542377773
0.0330330330330299987, 0.2632363255694526449
0.0355355355355400013, 0.2278465706842184024
0.0380380380380399979, 0.1991716050685267969
0.0405405405405400016, 0.1756167635367562041
0.0430430430430399982, 0.1560336614069167960
0.0455455455455500008, 0.1395784340159440806
0.0480480480480499975, 0.1256198159249563295
0.0505505505505500011, 0.1136780106165540261
0.0530530530530499977, 0.1033831118213431738
0.0555555555555600003, 0.0944462476919641358
0.0580580580580599970, 0.0866391880797725000
0.0605605605605600006, 0.0797796941350993466
0.0630630630630600042, 0.0737208348643393907
0.0655655655655699998, 0.0683430894553708340
0.0680680680680700034, 0.0635484354458778072
0.0705705705705699932, 0.0592558721365463101
0.0730730730730699968, 0.0553979945615272334
0.0755755755755800063, 0.0519183455143270092
0.0780780780780799960, 0.0487693501170279806
0.0805805805805799996, 0.0459106909865832288
0.0830830830830800032, 0.0433080197989013510
0.0855855855855899988, 0.0409319279691158361
0.0880880880880900025, 0.0387571185759310599
0.0905905905905900061, 0.0367617357997327837
0.0930930930930899958, 0.0349268185488482430
0.0955955955956000053, 0.0332358526739952448
0.0980980980980999950, 0.0316744019571171126
0.1006006006005999986, 0.0302298024298078907
0.1031031031031000023, 0.0288909079009694661
0.1056056056056000059, 0.0276478771214509131
0.1081081081080999956, 0.0264919949800257043
0.1106106106105999992, 0.0254155216528525463
0.1131131131131000028, 0.0244115648228754797
0.1156156156156000064, 0.0234739710247925323
0.1181181181180999962, 0.0225972329139491890
0.1206206206205999998, 0.0217764098480608126
0.1231231231231000034, 0.0210070596426391205
0.1256256256256000070, 0.0202851797400647391
0.1281281281281000106, 0.0196071563381345348
0.1306306306305999865, 0.0189697202718636694
0.1331331331330999901, 0.0183699086441826247
0.1356356356355999937, 0.0178050313661904692
0.1381381381380999973, 0.0172726419030698845
0.1406406406406000009, 0.0167705116333645987
0.1431431431431000045, 0.0162966073216059791
0.1456456456456000081, 0.0158490712808645740
0.1481481481481000118, 0.0154262038655827351
0.1506506506506999910, 0.0150264479883340102
0.1531531531531999946, 0.0146483753988211410
0.1556556556556999982, 0.0142906745009791988
0.1581581581582000018, 0.0139521395157188848
0.1606606606607000054, 0.0136316608236284609
0.1631631631632000090, 0.0133282163446672465
0.1656656656657000126, 0.0130408638312000599
0.1681681681681999885, 0.0127687339671924451
0.1706706706706999921, 0.0125110241804660752
0.1731731731731999957, 0.0122669930869796946
0.1756756756756999993, 0.0120359554964678955
0.1781781781782000029, 0.0118172779176964199
0.1806806806807000065, 0.0116103745092996542
0.1831831831832000101, 0.0114147034288338139
0.1856856856857000138, 0.0112297635384623409
0.1881881881881999896, 0.0110550914307178949
0.1906906906906999932, 0.0108902587421657315
0.1931931931931999968, 0.0107348697266200742
0.1956956956957000004, 0.0105885590629157846
0.1981981981982000041, 0.0104509898751786491
0.2007007007007000077, 0.0103218519461274697
0.2032032032032000113, 0.0102008601062258154
0.2057057057056999871, 0.0100877527835255797
0.2082082082081999908, 0.0099822907008422432
0.2107107107106999944, 0.0098842557085048414
0.2132132132131999980, 0.0097934497423592462
0.2157157157157000016, 0.0097096938979943596
0.2182182182182000052, 0.0096328276133285044
0.2207207207207000088, 0.0095627079527550712
0.2232232232232000124, 0.0094992089870187726
0.2257257257256999883, 0.0094422212638911769
0.2282282282281999919, 0.0093916513655488178
0.2307307307306999955, 0.0093474215493414801
0.2332332332331999991, 0.0093094694693830818
0.2357357357357000027, 0.0092777479771125257
0.2382382382382000063, 0.0092522249996673800
0.2407407407407000099, 0.0092328834955981154
0.2432432432432000136, 0.0092197214881343907
0.2457457457456999894, 0.0092127521769066849
0.2482482482481999930, 0.0092120041297358984
0.2507507507508000000, 0.0092175215568406337
0.2532532532533000036, 0.0092293646705866733
0.2557557557558000072, 0.0092476101347275848
0.2582582582583000108, 0.0092723516079716833
0.2607607607608000144, 0.0093037003876722847
0.2632632632633000180, 0.0093417861604910713
0.2657657657658000216, 0.0093867578680457506
0.2682682682683000253, 0.0094387846968426656
0.2707707707707999734, 0.0094980572032359080
0.2732732732732999770, 0.0095647885857723935
0.2757757757757999806, 0.0096392161191082293
0.2782782782782999842, 0.0097216027657510574
0.2807807807807999878, 0.0098122389842368284
0.2832832832832999914, 0.0099114447550370036
0.2857857857857999950, 0.0100195718485706561
0.2882882882882999986, 0.0101370063632324446
0.2907907907908000023, 0.0102641715654237953
0.2932932932933000059, 0.0104015310682842310
0.2957957957958000095, 0.0105495923912783535
0.2982982982983000131, 0.0107089109491364885
0.3008008008008000167, 0.0108800945260362873
0.3033033033033000203, 0.0110638082995465278
0.3058058058058000239, 0.0112607804889673525
0.3083083083083000275, 0.0114718087145818780
0.3108108108107999756, 0.0116977671683292008
0.3133133133132999792, 0.0119396147129415924
0.3158158158157999829, 0.0121984040461788623
0.3183183183182999865, 0.0124752920900719679
0.3208208208207999901, 0.0127715517928411980
0.3233233233232999937, 0.0130885855643437694
0.3258258258257999973, 0.0134279406057287807
0.3283283283283000009, 0.0137913264419261983
0.3308308308308000045, 0.0141806350235276300
0.3333333333333000081, 0.0145979638348742256
0.3358358358358000118, 0.0150456425306903334
0.3383383383383000154, 0.0155262637281286218
0.3408408408408000190, 0.0160427187093699665
0.3433433433433000226, 0.0165982389480220580
0.3458458458458000262, 0.0171964445682986494
0.3483483483482999743, 0.0178414010894220217
0.3508508508509000090, 0.0185376861119990397
0.3533533533534000126, 0.0192904679854262566
0.3558558558559000162, 0.0201055989782402238
0.3583583583584000198, 0.0209897260866290618
0.3608608608609000235, 0.0219504233998693010
0.3633633633634000271, 0.0229963509487129542
0.3658658658658999752, 0.0241374462660202786
0.3683683683683999788, 0.0253851565867533116
0.3708708708708999824, 0.0267527218422711766
0.3733733733733999860, 0.0282555215494531380
0.3758758758758999896, 0.0299115026212618262
0.3783783783783999932, 0.0317417104031297512
0.3808808808808999968, 0.0337709523988679108
0.3833833833834000004, 0.0360286339553718207
0.3858858858859000041, 0.0385498187437367801
0.3883883883884000077, 0.0413765858560899633
0.3908908908909000113, 0.0445597822051451084
0.3933933933934000149, 0.0481613074242645059
0.3958958958959000185, 0.0522571244161293968
0.3983983983984000221, 0.0569412711784266501
0.4009009009009000257, 0.0623312730564515791
0.4034034034033999738, 0.0685755427474235429
0.4059059059058999774, 0.0758636474389401544
0.4084084084083999810, 0.0844407850759683054
0.4109109109108999847, 0.0946285610773970887
0.4134134134133999883, 0.1068554008521307858
0.4159159159158999919, 0.1217020560112865718
0.4184184184183999955, 0.1399713956669046966
0.4209209209208999991, 0.1627984696874662796
0.4234234234234000027, 0.1918296866993286220
0.4259259259259000063, 0.2295253652880570316
0.4284284284284000099, 0.2796927709453987387
0.4309309309309000136, 0.3484733229241045449
0.4334334334334000172, 0.4462831634992828755
0.4359359359359000208, 0.5919133544165094962
0.4384384384384000244, 0.8220007717182644669
0.4409409409408999725, 1.2155038085693659067
0.4434434434433999761, 1.9667322695019346934
0.4459459459458999797, 3.6465288036031253682
0.4484484484483999833, 8.3091161140410338959
0.4509509509510000180, 21.2699164579807025177
0.4534534534535000216, 18.4069681527699877677
0.4559559559560000253, 7.0285084695856623327
0.4584584584584999734, 3.2180275014411647838
0.4609609609609999770, 1.7872475269247023455
0.4634634634634999806, 1.1257950098641014147
0.4659659659659999842, 0.7712812203295806857
0.4684684684684999878, 0.5605895219205909719
0.4709709709709999914, 0.4256211092182563549
0.4734734734734999950, 0.3341320584393571713
0.4759759759759999986, 0.2693257696753390551
0.4784784784785000022, 0.2217771636132798152
0.4809809809810000059, 0.1858741373631246363
0.4834834834835000095, 0.1581092656300301935
0.4859859859860000131, 0.1362005836188515118
0.4884884884885000167, 0.1186122321336568197
0.4909909909910000203, 0.1042801350597540588
0.4934934934935000239, 0.0924483933091842930
0.4959959959960000275, 0.0825681733065755236
0.4984984984984999756, 0.0742332498081301473
0.5010010010009999792, 0.0671377799551853283
0.5035035035035000384, 0.0610479650707705310
0.5060060060059999865, 0.0557826186926789619
0.5085085085085000456, 0.0511995817571264250
0.5110110110109999937, 0.0471860584251108800
0.5135135135135000528, 0.0436516314226584878
0.5160160160160000009, 0.0405231406852466017
0.5185185185184999490, 0.0377408783875713347
0.5210210210210000081, 0.0352557275540360468
0.5235235235234999562, 0.0330269861043606949
0.5260260260260000154, 0.0310206949775502019
0.5285285285284999635, 0.0292083412091772680
0.5310310310310000226, 0.0275658428790727106
0.5335335335334999707, 0.0260727480509722331
0.5360360360360000298, 0.0247115976712430317
0.5385385385384999779, 0.0234674151760759162
0.5410410410410000370, 0.0223272948116758560
0.5435435435434999851, 0.0212800674415162157
0.5460460460460000442, 0.0203160276135517723
0.5485485485484999924, 0.0194267093847615389
0.5510510510510999715, 0.0186047011988921401
0.5535535535536000307, 0.0178434922328435316
0.5560560560560999788, 0.0171373442446127594
0.5585585585586000379, 0.0164811841988792632
0.5610610610610999860, 0.0158705139082761862
0.5635635635636000451, 0.0153013336775577428
0.5660660660660999932, 0.0147700775248907883
0.5685685685686000523, 0.0142735580171496172
0.5710710710711000004, 0.0138089191227531161
0.5735735735735999485, 0.0133735957777118102
0.5760760760761000077, 0.0129652790944798091
0.5785785785785999558, 0.0125818863314362470
0.5810810810811000149, 0.0122215348929836862
0.5835835835835999630, 0.0118825197538040203
0.5860860860861000221, 0.0115632938015634307
0.5885885885885999702, 0.0112624506748512966
0.5910910910911000293, 0.0109787097409473171
0.5935935935935999774, 0.0107109029139620410
0.5960960960961000366, 0.0104579630602290446
0.5985985985985999847, 0.0102189137763306886
0.6011011011011000438, 0.0099928603572443080
0.6036036036035999919, 0.0097789817989523894
0.6061061061061000510, 0.0095765237023973347
0.6086086086085999991, 0.0093847919646306600
0.6111111111110999472, 0.0092031471590197800
0.6136136136136000063, 0.0090309995199315402
0.6161161161160999544, 0.0088678044588189394
0.6186186186186000135, 0.0087130585484315442
0.6211211211210999616, 0.0085662959202274097
0.6236236236236000208, 0.0084270850272132776
0.6261261261260999689, 0.0082950257305699892
0.6286286286286000280, 0.0081697466736887648
0.6311311311310999761, 0.0080509029117827001
0.6336336336336000352, 0.0079381737691561812
0.6361361361360999833, 0.0078312608996049578
0.6386386386386000424, 0.0077298865283587891
0.6411411411410999905, 0.0076337918565316807
0.6436436436436000497, 0.0075427356112672973
0.6461461461460999978, 0.0074564927267051374
0.6486486486485999459, 0.0073748531425866636
0.6511511511512000361, 0.0072976207088025361
0.6536536536536999842, 0.0072246121854821635
0.6561561561562000433, 0.0071556563293679980
0.6586586586586999914, 0.0070905930582218822
0.6611611611612000505, 0.0070292726858956038
0.6636636636636999986, 0.0069715552214794918
0.6661661661661999467, 0.0069173097266335953
0.6686686686687000059, 0.0068664137258177957
0.6711711711711999540, 0.0068187526646796654
0.6736736736737000131, 0.0067742194123407689
0.6761761761761999612, 0.0067327138037505917
0.6786786786787000203, 0.0066941422186591196
0.6811811811811999684, 0.0066584171940995201
0.6836836836837000275, 0.0066254570675766322
0.6861861861861999756, 0.0065951856484290118
0.6886886886887000347, 0.0065675319150760823
0.6911911911911999828, 0.0065424297360805695
0.6936936936937000420, 0.0065198176131527896
0.6961961961961999901, 0.0064996384444001142
0.6986986986987000492, 0.0064818393062840681
0.7012012012011999973, 0.0064663712528911276
0.7037037037036999454, 0.0064531891312530499
0.7062062062062000045, 0.0064422514115699964
0.7087087087086999526, 0.0064335200312960524
0.7112112112112000117, 0.0064269602521434760
0.7137137137136999598, 0.0064225405291497327
0.7162162162162000190, 0.0064202323910315219
0.7187187187186999671, 0.0064200103311229939
0.7212212212212000262, 0.0064218517082622224
0.7237237237236999743, 0.0064257366570512576
0.7262262262262000334, 0.0064316480069713730
0.7287287287286999815, 0.0064395712098869887
0.7312312312312000406, 0.0064494942755196757
0.7337337337336999887, 0.0064614077145180356
0.7362362362362000479, 0.0064753044887905353
0.7387387387386999960, 0.0064911799688068920
0.7412412412412000551, 0.0065090318976096699
0.7437437437437000032, 0.0065288603613117089
0.7462462462461999513, 0.0065506677658870235
0.7487487487487000104, 0.0065744588200933440
0.7512512512512999896, 0.0066002405243934161
0.7537537537538000487, 0.0066280221657702351
0.7562562562562999968, 0.0066578153183581498
0.7587587587587999449, 0.0066896338498381239
0.7612612612613000040, 0.0067234939335708939
0.7637637637637999521, 0.0067594140664670429
0.7662662662663000113, 0.0067974150926179040
0.7687687687687999594, 0.0068375202327361374
0.7712712712713000185, 0.0068797551194797945
0.7737737737737999666, 0.0069241478387589385
0.7762762762763000257, 0.0069707289771495911
0.7787787787787999738, 0.0070195316755660726
0.7812812812813000329, 0.0070705916893698565
0.7837837837837999810, 0.0071239474551211008
0.7862862862863000402, 0.0071796401642081828
0.7887887887887999883, 0.0072377138436210704
0.7912912912913000474, 0.0072982154441664244
0.7937937937937999955, 0.0073611949364561398
0.7962962962963000546, 0.0074267054150368734
0.7987987987988000027, 0.0074948032110661719
0.8013013013012999508, 0.0075655480139814359
0.8038038038038000099, 0.0076390030026514105
0.8063063063062999580, 0.0077152349865464726
0.8088088088088000172, 0.0077943145575140619
0.8113113113112999653, 0.0078763162527996592
0.8138138138138000244, 0.0079613187300119331
0.8163163163162999725, 0.0080494049547938269
0.8188188188188000316, 0.0081406624020296976
0.8213213213212999797, 0.0082351832714928856
0.8238238238238000388, 0.0083330647189188041
0.8263263263262999869, 0.0084344091035765591
0.8288288288288000460, 0.0085393242535080106
0.8313313313312999941, 0.0086479237497078670
0.8338338338338000533, 0.0087603272306328583
0.8363363363363000014, 0.0088766607185534196
0.8388388388387999495, 0.0089970569693984849
0.8413413413413000086, 0.0091216558478951076
0.8438438438437999567, 0.0092506047299694694
0.8463463463463000158, 0.0093840589345587609
0.8488488488487999639, 0.0095221821871832139
0.8513513513514000541, 0.0096651471178487557
0.8538538538539000022, 0.0098131357960948244
0.8563563563563999503, 0.0099663403062704610
0.8588588588589000095, 0.0101249633664205578
0.8613613613613999576, 0.0102892189944930774
0.8638638638639000167, 0.0104593332259438777
0.8663663663663999648, 0.0106355448872214355
0.8688688688689000239, 0.0108181064300634858
0.8713713713713999720, 0.0110072848320396724
0.8738738738739000311, 0.0112033625693312468
0.8763763763763999792, 0.0114066386683611670
0.8788788788789000384, 0.0116174298435824906
0.8813813813813999865, 0.0118360717295078535
0.8838838838839000456, 0.0120629202159323393
0.8863863863863999937, 0.0122983528962738141
0.8888888888889000528, 0.0125427706400468714
0.8913913913914000009, 0.0127965993017129659
0.8938938938938999490, 0.0130602915795283055
0.8963963963964000081, 0.0133343290395665746
0.8988988988988999562, 0.0136192243218466111
0.9014014014014000153, 0.0139155235474772293
0.9039039039038999634, 0.0142238089479749096
0.9064064064064000226, 0.0145447017404506662
0.9089089089088999707, 0.0148788652752502842
0.9114114114114000298, 0.0152270084859126645
0.9139139139138999779, 0.0155898896750490054
0.9164164164164000370, 0.0159683206740120417
0.9189189189188999851, 0.0163631714190970792
0.9214214214214000442, 0.0167753749926018401
0.9239239239238999923, 0.0172059331834740412
0.9264264264264000515, 0.0176559226296379608
0.9289289289288999996, 0.0181265016125696232
0.9314314314313999477, 0.0186189175844719002
0.9339339339339000068, 0.0191345155197180997
0.9364364364363999549, 0.0196747471953427414
0.9389389389389000140, 0.0202411815205892388
0.9414414414413999621, 0.0208355160532550758
0.9439439439439000212, 0.0214595898612613342
0.9464464464463999693, 0.0221153979120766245
0.9489489489489000285, 0.0228051072010007107
0.9514514514515000076, 0.0235310748626764953
0.9539539539539999558, 0.0242958685495291704
0.9564564564565000149, 0.0251022894073158198
0.9589589589589999630, 0.0259533980330822756
0.9614614614615000221, 0.0268525438663410471
0.9639639639639999702, 0.0278033985424228358
0.9664664664665000293, 0.0288099938304349941
0.9689689689689999774, 0.0298767648904558550
0.9714714714715000365, 0.0310085997197281499
0.9739739739739999846, 0.0322108958209281065
0.9764764764765000438, 0.0334896253237009500
0.9789789789789999919, 0.0348514100318935011
0.9814814814815000510, 0.0363036081638246771
0.9839839839839999991, 0.0378544149149726561
0.9864864864864999472, 0.0395129794187828870
0.9889889889890000063, 0.0412895412340389054
0.9914914914914999544, 0.0431955901749597332
0.9939939939940000135, 0.0452440541600382246
0.9964964964964999616, 0.0474495208362447143
0.9989989989990000208, 0.0498285001005106393
1.0015015015019999023, 0.0523997363751300266
1.0040040040039999170, 0.0551845817108138903
1.0065065065070000205, 0.0582074436423508992
1.0090090090090000352, 0.0614963254124583705
1.0115115115119999167, 0.0650834809894139665
1.0140140140139999314, 0.0690062136184636382
1.0165165165170000350, 0.0733078549998032042
1.0190190190190000497, 0.0780389733248078588
1.0215215215219999312, 0.0832588733840787520
1.0240240240239999459, 0.0890374722955356163
1.0265265265270000494, 0.0954576622686470616
1.0290290290290000641, 0.1026183104078073616
1.0315315315319999456, 0.1106380995774050024
1.0340340340339999603, 0.1196604908702990216
1.0365365365370000639, 0.1298601979879904778
1.0390390390390000785, 0.1414517234525845546
1.0415415415419999601, 0.1547007420850678439
1.0440440440439999747, 0.1699394702442114102
1.0465465465470000783, 0.1875876977688408775
1.0490490490490000930, 0.2081819962688098991
1.0515515515519999745, 0.2324169444659910377
1.0540540540539999892, 0.2612043639224841396
1.0565565565570000928, 0.2957601380004868941
1.0590590590590001074, 0.3377343050588872964
1.0615615615619999890, 0.3894108999335964549
1.0640640640640000036, 0.4540236883185165273
1.0665665665670001072, 0.5362712466372444586
1.0690690690689998998, 0.6431888109030869938
1.0715715715720000034, 0.7856886640964935165
1.0740740740740000181, 0.9814225851546943824
1.0765765765769998996, 1.2604313506680209223
1.0790790790789999143, 1.6771404968153440507
1.0815815815820000179, 2.3382398855151969030
1.0840840840840000325, 3.4752991216384052642
1.0865865865869999141, 5.6636229265169752978
1.0890890890889999287, 10.6144674385086670299
1.0915915915920000323, 24.5447727943436149189
1.0940940940940000470, 61.7340018288287595283
1.0965965965969999285, 48.5430924364716815944
1.0990990990989999432, 18.5381497691913992298
1.1016016016020000468, 8.6061349077123949769
1.1041041041040000614, 4.8238813491261325339
1.1066066066069999430, 3.0565096887212517274
1.1091091091089999576, 2.1022613229943560853
1.1116116116120000612, 1.5321826819992805380
1.1141141141140000759, 1.1656039843230643349
1.1166166166169999574, 0.9164118690351495955
1.1191191191189999721, 0.7395187753712683110
1.1216216216220000756, 0.6095227812308130488
1.1241241241240000903, 0.5112493299100527855
1.1266266266269999718, 0.4351893939503661546
1.1291291291289999865, 0.3751425593045207840
1.1316316316320000901, 0.3269278820713630296
1.1341341341340001048, 0.2876441337722614455
1.1366366366369999863, 0.2552275807570996147
1.1391391391390000010, 0.2281781313127674848
1.1416416416420001045, 0.2053844504048077113
1.1441441441439998972, 0.1860092150422952006
1.1466466466470000007, 0.1694120034810789877
1.1491491491490000154, 0.1550963560859359991
1.1516516516519998969, 0.1426727274858151928
1.1541541541539999116, 0.1318321077747989234
1.1566566566570000152, 0.1223269440302895417
1.1591591591590000299, 0.1139571441984215949
1.1616616616619999114, 0.1065596756566648678
1.1641641641639999261, 0.1000007435047635951
1.1666666666670000296, 0.0941698453152216425
1.1691691691690000443, 0.0889752080569664594
1.1716716716719999258, 0.0843402552329032967
1.1741741741739999405, 0.0802008506255045828
1.1766766766770000441, 0.0765031339497792284
1.1791791791790000588, 0.0732018126254293106
1.1816816816819999403, 0.0702588090507366425
1.1841841841839999550, 0.0676421883840870874
1.1866866866870000585, 0.0653253107715594805
1.1891891891890000732, 0.0632861661766006833
1.1916916916919999547, 0.0615068608620556942
1.1941941941939999694, 0.0599732331484913311
1.1966966966970000730, 0.0586745830720337841
1.1991991991990000876, 0.0576035065725371415
1.2017017017019999692, 0.0567558303472403824
1.2042042042039999838, 0.0561306489572874351
1.2067067067070000874, 0.0557304716419480262
1.2092092092090001021, 0.0555614931205646034
1.2117117117119999836, 0.0556340111374420271
1.2142142142139999983, 0.0559630245769302537
1.2167167167170001019, 0.0565690610034074656
1.2192192192189998945, 0.0574793034799251090
1.2217217217219999981, 0.0587291165597701240
1.2242242242240000127, 0.0603641152042375603
1.2267267267269998943, 0.0624429856443156767
1.2292292292289999089, 0.0650413661713400704
1.2317317317320000125, 0.0682572488747048289
1.2342342342340000272, 0.0722186049384537926
1.2367367367369999087, 0.0770943261616714171
1.2392392392389999234, 0.0831102207448673608
1.2417417417420000270, 0.0905728985173588075
1.2442442442440000416, 0.0999063028852691659
1.2467467467469999232, 0.1117091296500019593
1.2492492492489999378, 0.1268479286028241781
1.2517517517520000414, 0.1466135696106374009
1.2542542542540000561, 0.1729953739849350303
1.2567567567569999376, 0.2091854660975398517
1.2592592592589999523, 0.2605623186030000538
1.2617617617620000559, 0.3367487312963343138
1.2642642642640000705, 0.4563081824311085999
1.2667667667669999521, 0.6586961410225877778
1.2692692692689999667, 1.0392216097831152855
1.2717717717720000703, 1.8711002678011254829
1.2742742742740000850, 4.1163886903326831757
1.2767767767769999665, 10.7140745528629572902
1.2792792792789999812, 11.2944437344221064734
1.2817817817820000847, 4.3736496191936478084
1.2842842842840000994, 1.9570006839640101681
1.2867867867869999809, 1.0749730016754766027
1.2892892892889999956, 0.6762962064694797437
1.2917917917920000992, 0.4659707018717712534
1.2942942942939998918, 0.3424188099936097407
1.2967967967969999954, 0.2640022759957315612
1.2992992992990000101, 0.2112750041097191667
1.3018018018019998916, 0.1742140664197525946
1.3043043043039999063, 0.1472428506855860131
1.3068068068070000098, 0.1270641628439017068
1.3093093093090000245, 0.1116299855859252399
1.3118118118119999060, 0.0996154347413788221
1.3143143143139999207, 0.0901338680422630323
1.3168168168170000243, 0.0825747883456612597
1.3193193193190000390, 0.0765076677029504493
1.3218218218219999205, 0.0716227980726372448
1.3243243243239999352, 0.0676937712209899761
1.3268268268270000387, 0.0645530362934420565
1.3293293293290000534, 0.0620756113353074374
1.3318318318319999349, 0.0601680230371730365
1.3343343343339999496, 0.0587606878619569978
1.3368368368370000532, 0.0578026174530766740
1.3393393393390000679, 0.0572577367052591740
1.3418418418419999494, 0.0571023554689438842
1.3443443443439999641, 0.0573234970534805544
1.3468468468470000676, 0.0579178946936768357
1.3493493493490000823, 0.0588915426684459287
1.3518518518519999638, 0.0602597454600435831
1.3543543543539999785, 0.0620476554338982023
1.3568568568570000821, 0.0642913339897381864
1.3593593593590000967, 0.0670394192564416069
1.3618618618619999783, 0.0703555420074778726
1.3643643643639999929, 0.0743217093467933160
1.3668668668670000965, 0.0790429854979017299
1.3693693693689998891, 0.0846539601939864661
1.3718718718719999927, 0.0913277390304411824
1.3743743743740000074, 0.0992885686968772302
1.3768768768770001110, 0.1088298120148879916
1.3793793793789999036, 0.1203399689276034995
1.3818818818820000072, 0.1343410813759992328
1.3843843843840000218, 0.1515466868787267718
1.3868868868869999034, 0.1729515101335254434
1.3893893893889999180, 0.1999743362366779298
1.3918918918920000216, 0.2346932546457582980
1.3943943943940000363, 0.2802480929302096913
1.3968968968969999178, 0.3415602959711825370
1.3993993993989999325, 0.4266904157800331943
1.4019019019020000361, 0.5495650736126467262
1.4044044044040000507, 0.7358939867382634503
1.4069069069069999323, 1.0372996147052861993
1.4094094094089999469, 1.5694137107625543148
1.4119119119120000505, 2.6318946859117429149
1.4144144144140000652, 5.1657075226446247385
1.4169169169169999467, 12.6734048892094630645
1.4194194194189999614, 27.4694237938609937544
1.4219219219220000650, 15.0932055350800631288
1.4244244244240000796, 5.9398128294292327212
1.4269269269269999612, 2.9209088006896797296
1.4294294294289999758, 1.7015282563672173843
1.4319319319320000794, 1.1066161845402309183
1.4344344344340000941, 0.7756116065078046962
1.4369369369369999756, 0.5735187154709495694
1.4394394394389999903, 0.4414107198792417974
1.4419419419420000938, 0.3504350261235752440
1.4444444444440001085, 0.2851673146740397180
1.4469469469469999900, 0.2367730431918556033
1.4494494494490000047, 0.1999034704614528202
1.4519519519520001083, 0.1711694730484984717
1.4544544544539999009, 0.1483404268495145950
1.4569569569570000045, 0.1299001705494651215
1.4594594594590000192, 0.1147893136585309698
1.4619619619619999007, 0.1022496897099897800
1.4644644644639999154, 0.0917272163874071345
1.4669669669670000189, 0.0828094007695264617
1.4694694694690000336, 0.0751840664321033469
1.4719719719719999151, 0.0686114546452614993
1.4744744744739999298, 0.0629049698583153127
1.4769769769770000334, 0.0579176404175099843
1.4794794794790000481, 0.0535324358867634367
1.4819819819819999296, 0.0496552353485004011
1.4844844844839999443, 0.0462096488770348326
1.4869869869870000478, 0.0431331545516542639
1.4894894894890000625, 0.0403741826216789113
1.4919919919919999440, 0.0378898905116097570
1.4944944944939999587, 0.0356444477998537346
1.4969969969970000623, 0.0336077018665915730
1.4994994994990000770, 0.0317541306433418991
1.5020020020019999585, 0.0300620139902726506
1.5045045045050000621, 0.0285127730622088960
1.5070070070070000767, 0.0270904398444948499
1.5095095095099999583, 0.0257812283535127258
1.5120120120119999729, 0.0245731858303523849
1.5145145145150000765, 0.0234559073172141766
1.5170170170170000912, 0.0224203007874735280
1.5195195195199999727, 0.0214583928490114546
1.5220220220219999874, 0.0205631672033531783
1.5245245245250000909, 0.0197284296975900296
1.5270270270270001056, 0.0189486950804740456
1.5295295295299999871, 0.0182190915623033113
1.5320320320320000018, 0.0175352800493778563
1.5345345345350001054, 0.0168933855292356591
1.5370370370369998980, 0.0162899385608966871
1.5395395395400000016, 0.0157218252038547994
1.5420420420420000163, 0.0151862440224289439
1.5445445445449998978, 0.0146806690449969718
1.5470470470469999125, 0.0142028177534062224
1.5495495495500000160, 0.0137506233363348992
1.5520520520520000307, 0.0133222105692503926
1.5545545545549999122, 0.0129158747888410887
1.5570570570569999269, 0.0125300635160665794
1.5595595595600000305, 0.0121633603529827192
1.5620620620620000452, 0.0118144708371527400
1.5645645645649999267, 0.0114822099860908550
1.5670670670669999414, 0.0111654913046466790
1.5695695695700000449, 0.0108633170620097280
1.5720720720720000596, 0.0105747696733003126
1.5745745745749999411, 0.0102990040444685647
1.5770770770769999558, 0.0100352407592414136
1.5795795795800000594, 0.0097827600037733043
1.5820820820820000741, 0.0095408961389853789
1.5845845845849999556, 0.0093090328427591577
1.5870870870869999703, 0.0090865987545214796
1.5895895895900000738, 0.0088730635636181370
1.5920920920920000885, 0.0086679344904591338
1.5945945945949999700, 0.0084707531159259296
1.5970970970969999847, 0.0082810925201326387
1.5995995996000000883, 0.0080985546964581802
1.6021021021020001029, 0.0079227682109375766
1.6046046046049999845, 0.0077533860807119459
1.6071071071069999991, 0.0075900838483679064
1.6096096096100001027, 0.0074325578317223761
1.6121121121119998953, 0.0072805235309793600
1.6146146146149999989, 0.0071337141772559610
1.6171171171170000136, 0.0069918794082845619
1.6196196196199998951, 0.0068547840586830758
1.6221221221219999098, 0.0067222070535758694
1.6246246246250000134, 0.0065939403955701595
1.6271271271270000280, 0.0064697882361685766
1.6296296296299999096, 0.0063495660236472431
1.6321321321319999242, 0.0062330997202665189
1.6346346346350000278, 0.0061202250824225332
1.6371371371370000425, 0.0060107869980040168
1.6396396396399999240, 0.0059046388758012070
1.6421421421419999387, 0.0058016420823308983
1.6446446446450000423, 0.0057016654219018068
1.6471471471470000569, 0.0056045846561544235
1.6496496496499999385, 0.0055102820596751190
1.6521521521519999531, 0.0054186460086108621
1.6546546546550000567, 0.0053295705995030137
1.6571571571570000714, 0.0052429552958201363
1.6596596596599999529, 0.0051587045999042305
1.6621621621619999676, 0.0050767277482552525
1.6646646646650000712, 0.0049969384282678771
1.6671671671670000858, 0.0049192545147045573
1.6696696696699999674, 0.0048435978243422341
1.6721721721719999820, 0.0047698938873680964
1.6746746746750000856, 0.0046980717342246046
1.6771771771770001003, 0.0046280636967165490
1.6796796796799999818, 0.0045598052222949135
1.6821821821819999965, 0.0044932347005245234
1.6846846846850001000, 0.0044282933008260757
1.6871871871869998927, 0.0043649248206590651
1.6896896896899999962, 0.0043030755433809227
1.6921921921920000109, 0.0042426941050803264
1.6946946946949998924, 0.0041837313697396013
1.6971971971969999071, 0.0041261403121329657
1.6996996997000000107, 0.0040698759079146208
1.7022022022020000254, 0.0040148950303938256
1.7047047047049999069, 0.0039611563535334217
1.7072072072069999216, 0.0039086202607442194
1.7097097097100000251, 0.0038572487590805386
1.7122122122120000398, 0.0038070053984722903
1.7147147147149999213, 0.0037578551956565301
1.7172172172169999360, 0.0037097645624966495
1.7197197197200000396, 0.0036627012384005783
1.7222222222220000543, 0.0036166342265705996
1.7247247247249999358, 0.0035715337338369244
1.7272272272269999505, 0.0035273711138451361
1.7297297297300000540, 0.0034841188133841383
1.7322322322320000687, 0.0034417503216564219
1.7347347347349999502, 0.0034002401223065309
1.7372372372369999649, 0.0033595636480364586
1.7397397397400000685, 0.0033196972376486784
1.7422422422420000832, 0.0032806180953684730
1.7447447447449999647, 0.0032423042523074155
1.7472472472469999794, 0.0032047345299392078
1.7497497497500000829, 0.0031678885054678180
1.7522522522520000976, 0.0031317464789758485
1.7547547547549999791, 0.0030962894422485281
1.7572572572569999938, 0.0030614990491756276
1.7597597597600000974, 0.0030273575876399754
1.7622622622619998900, 0.0029938479528071700
1.7647647647649999936, 0.0029609536217366319
1.7672672672670000082, 0.0029286586292392057
1.7697697697699998898, 0.0028969475449112762
1.7722722722719999044, 0.0028658054512798311
1.7747747747750000080, 0.0028352179229969177
1.7772772772770000227, 0.0028051710070258733
1.7797797797799999042, 0.0027756512037651563
1.7822822822819999189, 0.0027466454490590242
1.7847847847850000225, 0.0027181410970473240
1.7872872872870000371, 0.0026901259038095791
1.7897897897899999187, 0.0026625880117612296
1.7922922922919999333, 0.0026355159347624143
1.7947947947950000369, 0.0026088985439020138
1.7972972972970000516, 0.0025827250539218532
1.7997997997999999331, 0.0025569850102480553
1.8023023023019999478, 0.0025316682765984021
1.8048048048050000514, 0.0025067650231363836
1.8073073073070000660, 0.0024822657151442962
1.8098098098099999476, 0.0024581611021892965
1.8123123123119999622, 0.0024344422077578250
1.8148148148150000658, 0.0024111003193351722
1.8173173173170000805, 0.0023881269789082582
1.8198198198199999620, 0.0023655139738709180
1.8223223223219999767, 0.0023432533283121197
1.8248248248250000803, 0.0023213372946686199
1.8273273273270000949, 0.0022997583457245573
1.8298298298299999765, 0.0022785091669414326
1.8323323323319999911, 0.0022575826491028246
1.8348348348350000947, 0.0022369718812590093
1.8373373373370001094, 0.0022166701439574380
1.8398398398399999909, 0.0021966709027457969
1.8423423423420000056, 0.0021769678019350142
1.8448448448450001091, 0.0021575546586102994
1.8473473473469999018, 0.0021384254568788661
1.8498498498500000053, 0.0021195743423436000
1.8523523523520000200, 0.0021009956167924830
1.8548548548549999015, 0.0020826837330940803
1.8573573573569999162, 0.0020646332902899212
1.8598598598600000198, 0.0020468390288750247
1.8623623623620000345, 0.0020292958262583096
1.8648648648649999160, 0.0020119986923949713
1.8673673673669999307, 0.0019949427655833719
1.8698698698700000342, 0.0019781233084192971
1.8723723723720000489, 0.0019615357039008126
1.8748748748749999304, 0.0019451754516772799
1.8773773773769999451, 0.0019290381644363835
1.8798798798800000487, 0.0019131195644233429
1.8823823823820000634, 0.0018974154800867385
1.8848848848849999449, 0.0018819218428456500
1.8873873873869999596, 0.0018666346839730774
1.8898898898900000631, 0.0018515501315908138
1.8923923923920000778, 0.0018366644077711870
1.8948948948949999593, 0.0018219738257413149
1.8973973973969999740, 0.0018074747871856694
1.8998998999000000776, 0.0017931637796430090
1.9024024024020000923, 0.0017790373739938431
1.9049049049049999738, 0.0017650922220348304
1.9074074074069999885, 0.0017513250541366374
1.9099099099100000920, 0.0017377326769819476
1.9124124124120001067, 0.0017243119713804781
1.9149149149149999882, 0.0017110598901579634
1.9174174174170000029, 0.0016979734561162457
1.9199199199200001065, 0.0016850497600616925
1.9224224224219998991, 0.0016722859588993225
1.9249249249250000027, 0.0016596792737901089
1.9274274274270000173, 0.0016472269883690454
1.9299299299299998989, 0.0016349264470216750
1.9324324324319999135, 0.0016227750532168662
1.9349349349350000171, 0.0016107702678937190
1.9374374374370000318, 0.0015989096079005870
1.9399399399399999133, 0.0015871906444842616
1.9424424424419999280, 0.0015756110018274670
1.9449449449450000316, 0.0015641683556328920
1.9474474474470000462, 0.0015528604317520355
1.9499499499499999278, 0.0015416850048572495
1.9524524524519999424, 0.0015306398971554000
1.9549549549550000460, 0.0015197229771416396
1.9574574574570000607, 0.0015089321583918636
1.9599599599599999422, 0.0014982653983924492
1.9624624624619999569, 0.0014877206974059564
1.9649649649650000605, 0.0014772960973715289
1.9674674674670000751, 0.0014669896808387486
1.9699699699699999567, 0.0014567995699337815
1.9724724724719999713, 0.0014467239253566949
1.9749749749750000749, 0.0014367609454088463
1.9774774774770000896, 0.0014269088650493149
1.9799799799799999711, 0.0014171659549793696
1.9824824824819999858, 0.0014075305207540138
1.9849849849850000894, 0.0013980009019196916
1.9874874874870001040, 0.0013885754711772465
1.9899899899899999856, 0.0013792526335693039
1.9924924924920000002, 0.0013700308256912380
1.9949949949950001038, 0.0013609085149249339
1.9974974974969998964, 0.0013518841986946036
2.0000000000000000000, 0.0013429564037438948
