# Delta1: 0.46
# Delta2: 1.17
# Delta3: 1.34
# Dq: 0.08800000000000002
# Ds: -0.09000000000000001
# Dt: -0.01999999999999998
# k1_lab: [1, 0, 0]
# k2_lab: [-0.8660254037844387, 0.49999999999999994, 0.0]
# k1_cf: [0.25881904510252085, -0.9659258262890683, 0.0]
# k2_cf: [0.25881904510252063, 0.9659258262890683, 0.0]
# pol1_lab: [(0, 1, 0), (0, 0, 1)]
# pol2_lab: [array([-0.5      , -0.8660254,  0.       ]), array([0., 0., 1.])]
# pol1_cf: [array([0.96592583, 0.25881905, 0.        ]), array([0., 0., 1.])]
# pol2_cf: [array([-0.96592583,  0.25881905,  0.        ]), array([0., 0., 1.])]
# cf: [array([0.25881905, 0.96592583, 0.        ]), array([-0.96592583,  0.25881905,  0.        ]), array([0., 0., 1.])]
# th: 30
-0.5000000000000000000, 0.0017462740556090279
-0.4974974974974999964, 0.0017606511889321744
-0.4949949949949999928, 0.0017752250257573245
-0.4924924924924999892, 0.0017899993642651250
-0.4899899899899999856, 0.0018049780972453303
-0.4874874874874999819, 0.0018201652149775721
-0.4849849849849999783, 0.0018355648082156906
-0.4824824824824999747, 0.0018511810712799320
-0.4799799799800000266, 0.0018670183052614973
-0.4774774774775000230, 0.0018830809213441499
-0.4749749749750000194, 0.0018993734442478119
-0.4724724724725000158, 0.0019159005157993155
-0.4699699699700000122, 0.0019326668986357186
-0.4674674674675000086, 0.0019496774800458585
-0.4649649649650000049, 0.0019669372759560950
-0.4624624624625000013, 0.0019844514350664737
-0.4599599599599999977, 0.0020022252431438595
-0.4574574574574999941, 0.0020202641274789093
-0.4549549549549999905, 0.0020385736615140806
-0.4524524524524999869, 0.0020571595696502495
-0.4499499499499000077, 0.0020760277322398805
-0.4474474474474000041, 0.0020951841907750953
-0.4449449449449000005, 0.0021146351532794093
-0.4424424424423999969, 0.0021343869999123394
-0.4399399399398999932, 0.0021544462887965968
-0.4374374374373999896, 0.0021748197620780228
-0.4349349349348999860, 0.0021955143522289959
-0.4324324324323999824, 0.0022165371886065980
-0.4299299299298999788, 0.0022378956042773779
-0.4274274274273999752, 0.0022595971431212240
-0.4249249249249000271, 0.0022816495672274956
-0.4224224224224000235, 0.0023040608645972754
-0.4199199199199000199, 0.0023268392571663358
-0.4174174174174000163, 0.0023499932091642197
-0.4149149149149000126, 0.0023735314358256576
-0.4124124124124000090, 0.0023974629124714451
-0.4099099099099000054, 0.0024217968839768439
-0.4074074074074000018, 0.0024465428746465344
-0.4049049049048999982, 0.0024717106985162884
-0.4024024024023999946, 0.0024973104701025766
-0.3998998998998999910, 0.0025233526156225720
-0.3973973973973999874, 0.0025498478847082763
-0.3948948948948999838, 0.0025768073626398413
-0.3923923923923999801, 0.0026042424831246077
-0.3898898898898999765, 0.0026321650416499462
-0.3873873873873999729, 0.0026605872094395389
-0.3848848848849000248, 0.0026895215480446000
-0.3823823823824000212, 0.0027189810246032722
-0.3798798798799000176, 0.0027489790278035081
-0.3773773773774000140, 0.0027795293845867836
-0.3748748748749000104, 0.0028106463776323056
-0.3723723723724000068, 0.0028423447636637122
-0.3698698698699000031, 0.0028746397926228970
-0.3673673673673999995, 0.0029075472277582796
-0.3648648648648999959, 0.0029410833666777946
-0.3623623623623999923, 0.0029752650634200083
-0.3598598598598999887, 0.0030101097516001167
-0.3573573573573999851, 0.0030456354686911637
-0.3548548548548999815, 0.0030818608815046562
-0.3523523523523999779, 0.0031188053129388976
-0.3498498498497999987, 0.0031564887700676978
-0.3473473473472999951, 0.0031949319736469550
-0.3448448448447999914, 0.0032341563891215572
-0.3423423423422999878, 0.0032741842592205863
-0.3398398398397999842, 0.0033150386382346199
-0.3373373373372999806, 0.0033567434280751896
-0.3348348348347999770, 0.0033993234162232478
-0.3323323323322999734, 0.0034428043156807201
-0.3298298298298000253, 0.0034872128070470637
-0.3273273273273000217, 0.0035325765828511384
-0.3248248248248000181, 0.0035789243942778107
-0.3223223223223000145, 0.0036262861004384083
-0.3198198198198000108, 0.0036746927203447637
-0.3173173173173000072, 0.0037241764877579044
-0.3148148148148000036, 0.0037747709090947355
-0.3123123123123000000, 0.0038265108245893785
-0.3098098098097999964, 0.0038794324729200594
-0.3073073073072999928, 0.0039335735595280976
-0.3048048048047999892, 0.0039889733288722634
-0.3023023023022999856, 0.0040456726408799066
-0.2997997997997999819, 0.0041037140518761592
-0.2972972972972999783, 0.0041631419002936456
-0.2947947947947999747, 0.0042240023974885414
-0.2922922922923000266, 0.0042863437240139770
-0.2897897897898000230, 0.0043502161317289867
-0.2872872872873000194, 0.0044156720521513074
-0.2847847847848000158, 0.0044827662114944027
-0.2822822822823000122, 0.0045515557528645681
-0.2797797797798000086, 0.0046221003661324235
-0.2772772772773000050, 0.0046944624260349035
-0.2747747747748000013, 0.0047687071391098197
-0.2722722722722999977, 0.0048449027001149191
-0.2697697697697999941, 0.0049231204586380421
-0.2672672672672999905, 0.0050034350966649491
-0.2647647647647999869, 0.0050859248179365695
-0.2622622622622999833, 0.0051706715499994175
-0.2597597597597999797, 0.0052577611599315564
-0.2572572572572999761, 0.0053472836848127139
-0.2547547547547999724, 0.0054393335781023682
-0.2522522522523000243, 0.0055340099731936388
-0.2497497497496999896, 0.0056314169655259346
-0.2472472472472000138, 0.0057316639147657385
-0.2447447447447000102, 0.0058348657687044957
-0.2422422422422000066, 0.0059411434106765582
-0.2397397397397000030, 0.0060506240324704110
-0.2372372372371999993, 0.0061634415348944425
-0.2347347347346999957, 0.0062797369583671870
-0.2322322322321999921, 0.0063996589461326105
-0.2297297297296999885, 0.0065233642429574443
-0.2272272272272000126, 0.0066510182324521008
-0.2247247247247000090, 0.0067827955164731016
-0.2222222222222000054, 0.0069188805404172870
-0.2197197197197000018, 0.0070594682686105671
-0.2172172172171999982, 0.0072047649144320880
-0.2147147147146999946, 0.0073549887303040410
-0.2122122122121999910, 0.0075103708632246607
-0.2097097097096999874, 0.0076711562821351314
-0.2072072072072000115, 0.0078376047840984526
-0.2047047047047000079, 0.0080099920870405055
-0.2022022022022000043, 0.0081886110176714287
-0.1996996996997000007, 0.0083737728041830412
-0.1971971971971999971, 0.0085658084844201857
-0.1946946946946999935, 0.0087650704414685351
-0.1921921921921999898, 0.0089719340800092084
-0.1896896896896999862, 0.0091867996583848959
-0.1871871871872000104, 0.0094100942931313082
-0.1846846846847000068, 0.0096422741547831769
-0.1821821821822000032, 0.0098838268761036498
-0.1796796796796999995, 0.0101352741965534347
-0.1771771771771999959, 0.0103971748698625660
-0.1746746746746999923, 0.0106701278650534505
-0.1721721721721999887, 0.0109547758952596511
-0.1696696696697000128, 0.0112518093132734504
-0.1671671671672000092, 0.0115619704180359040
-0.1646646646647000056, 0.0118860582223708801
-0.1621621621622000020, 0.0122249337392986591
-0.1596596596596999984, 0.0125795258524088113
-0.1571571571571999948, 0.0129508378452214603
-0.1546546546546999912, 0.0133399546754564037
-0.1521521521521999876, 0.0137480510929382949
-0.1496496496496000084, 0.0141764007148350614
-0.1471471471471000048, 0.0146263861894574965
-0.1446446446446000011, 0.0150995106004355156
-0.1421421421420999975, 0.0155974102873264343
-0.1396396396395999939, 0.0161218692873259552
-0.1371371371370999903, 0.0166748356366329675
-0.1346346346345999867, 0.0172584398102441465
-0.1321321321321000108, 0.0178750156268601447
-0.1296296296296000072, 0.0185271240028149695
-0.1271271271271000036, 0.0192175800075262138
-0.1246246246246000000, 0.0199494837554420879
-0.1221221221220999964, 0.0207262557689814886
-0.1196196196196000067, 0.0215516775674867433
-0.1171171171171000031, 0.0224299383837131099
-0.1146146146145999994, 0.0233656890881574000
-0.1121121121120999958, 0.0243641046205798420
-0.1096096096096000061, 0.0254309564976026581
-0.1071071071071000025, 0.0265726972983692036
-0.1046046046045999989, 0.0277965594438108164
-0.1021021021020999953, 0.0291106711009910604
-0.0995995995996000055, 0.0305241926908544729
-0.0970970970971000019, 0.0320474782929876384
-0.0945945945945900063, 0.0336922672742165225
-0.0920920920920900027, 0.0354719127848436636
-0.0895895895895899991, 0.0374016554551806352
-0.0870870870870899955, 0.0394989528045823907
-0.0845845845845799998, 0.0417838777069018952
-0.0820820820820799962, 0.0442796029613325842
-0.0795795795795800065, 0.0470129939015901596
-0.0770770770770800029, 0.0500153374652978627
-0.0745745745745699934, 0.0533232448388586411
-0.0720720720720700037, 0.0569797765433691511
-0.0695695695695700000, 0.0610358548590421435
-0.0670670670670699964, 0.0655520505791489239
-0.0645645645645600008, 0.0706008618581093206
-0.0620620620620599972, 0.0762696462739234915
-0.0595595595595600005, 0.0826644290578982810
-0.0570570570570599969, 0.0899148997946045414
-0.0545545545545500013, 0.0981810408470066009
-0.0520520520520499977, 0.1076620256407331833
-0.0495495495495500010, 0.1186083197967004177
-0.0470470470470499974, 0.1313383723272910641
-0.0445445445445400018, 0.1462619977362069890
-0.0420420420420399982, 0.1639136954322205630
-0.0395395395395400015, 0.1850010359541382488
-0.0370370370370399979, 0.2104764211889263437
-0.0345345345345300023, 0.2416460468307802534
-0.0320320320320299987, 0.2803398063172876098
-0.0295295295295299985, 0.3291843337867464969
-0.0270270270270299984, 0.3920572274028794602
-0.0245245245245199993, 0.4748735114444870842
-0.0220220220220199991, 0.5870126074807109351
-0.0195195195195199990, 0.7440552371144391053
-0.0170170170170199989, 0.9733955684478431403
-0.0145145145145099998, 1.3267313367175712635
-0.0120120120120099996, 1.9108569961189618702
-0.0095095095095099995, 2.9741518819488756975
-0.0070070070070070000, 5.1935695559337036187
-0.0045045045045049997, 10.8283941727999692972
-0.0020020020020019998, 28.0128059713434609534
0.0005005005005005000, 44.2038892545458921290
0.0030030030030029999, 18.8215313382765039307
0.0055055055055059999, 7.8613957321227090347
0.0080080080080079993, 4.0850324130394408684
0.0105105105105099995, 2.4640704878610923956
0.0130130130130099997, 1.6387844498946548821
0.0155155155155200005, 1.1657901529664318474
0.0180180180180199989, 0.8707765540449557973
0.0205205205205199991, 0.6748349484827609324
0.0230230230230199992, 0.5382481487323412805
0.0255255255255299983, 0.4393228800007385471
0.0280280280280299984, 0.3654192597137883580
0.0305305305305299986, 0.3087770822372856161
0.0330330330330299987, 0.2644219746911208868
0.0355355355355400013, 0.2290478636539021173
0.0380380380380399979, 0.2003888354237634561
0.0405405405405400016, 0.1768502320584970089
0.0430430430430399982, 0.1572836763427379603
0.0455455455455500008, 0.1408453113115417932
0.0480480480480499975, 0.1269038794642856072
0.0505505505505500011, 0.1149795924709899747
0.0530530530530499977, 0.1047025525082630193
0.0555555555555600003, 0.0957838964431663997
0.0580580580580599970, 0.0879954031201740094
0.0605605605605600006, 0.0811548429721702380
0.0630630630630600042, 0.0751152945887624823
0.0655655655655699998, 0.0697572470534356115
0.0680680680680700034, 0.0649826881241464260
0.0705705705705699932, 0.0607106276593574745
0.0730730730730699968, 0.0568736716019334065
0.0755755755755800063, 0.0534153740190925069
0.0780780780780799960, 0.0502881716863491993
0.0805805805805799996, 0.0474517592692277057
0.0830830830830800032, 0.0448718009035007637
0.0855855855855899988, 0.0425189008923879813
0.0880880880880900025, 0.0403677756486488098
0.0905905905905900061, 0.0383965831513034053
0.0930930930930899958, 0.0365863765914149208
0.0955955955956000053, 0.0349206566070238422
0.0980980980980999950, 0.0333850022934861559
0.1006006006005999986, 0.0319667655444776863
0.1031031031031000023, 0.0306548166033683775
0.1056056056056000059, 0.0294393312527828667
0.1081081081080999956, 0.0283116120367731643
0.1106106106105999992, 0.0272639374378244384
0.1131131131131000028, 0.0262894341252293447
0.1156156156156000064, 0.0253819683305456095
0.1181181181180999962, 0.0245360531485845496
0.1206206206205999998, 0.0237467691529316093
0.1231231231231000034, 0.0230096961869784566
0.1256256256256000070, 0.0223208545705197610
0.1281281281281000106, 0.0216766542678625239
0.1306306306305999865, 0.0210738508113552034
0.1331331331330999901, 0.0205095069761134542
0.1356356356355999937, 0.0199809593667499424
0.1381381381380999973, 0.0194857892123704371
0.1406406406406000009, 0.0190217967777051022
0.1431431431431000045, 0.0185869788905419601
0.1456456456456000081, 0.0181795091622323490
0.1481481481481000118, 0.0177977205418324430
0.1506506506506999910, 0.0174400898977503729
0.1531531531531999946, 0.0171052243654517405
0.1556556556556999982, 0.0167918492373487042
0.1581581581582000018, 0.0164987972026872341
0.1606606606607000054, 0.0162249987720513023
0.1631631631632000090, 0.0159694737438413129
0.1656656656657000126, 0.0157313235894261522
0.1681681681681999885, 0.0155097246501662046
0.1706706706706999921, 0.0153039220536149954
0.1731731731731999957, 0.0151132242683060004
0.1756756756756999993, 0.0149369982269341398
0.1781781781782000029, 0.0147746649567076695
0.1806806806807000065, 0.0146256956633956207
0.1831831831832000101, 0.0144896082223116094
0.1856856856857000138, 0.0143659640353088133
0.1881881881881999896, 0.0142543652179456352
0.1906906906906999932, 0.0141544520854236244
0.1931931931931999968, 0.0140659009097942149
0.1956956956957000004, 0.0139884219243559087
0.1981981981982000041, 0.0139217575541866513
0.2007007007007000077, 0.0138656808544360410
0.2032032032032000113, 0.0138199941403861458
0.2057057057056999871, 0.0137845277954232737
0.2082082082081999908, 0.0137591392449816011
0.2107107107106999944, 0.0137437120862557473
0.2132132132131999980, 0.0137381553650626313
0.2157157157157000016, 0.0137424029926866403
0.2182182182182000052, 0.0137564132968905090
0.2207207207207000088, 0.0137801687025362208
0.2232232232232000124, 0.0138136755384547609
0.2257257257256999883, 0.0138569639683475358
0.2282282282281999919, 0.0139100880446118222
0.2307307307306999955, 0.0139731258850725563
0.2332332332331999991, 0.0140461799736886182
0.2357357357357000027, 0.0141293775873974990
0.2382382382382000063, 0.0142228713523831381
0.2407407407407000099, 0.0143268399342127810
0.2432432432432000136, 0.0144414888675060867
0.2457457457456999894, 0.0145670515320900015
0.2482482482481999930, 0.0147037902839752890
0.2507507507508000000, 0.0148519977509837444
0.2532532532533000036, 0.0150119983044832081
0.2557557557558000072, 0.0151841497204732896
0.2582582582583000108, 0.0153688450452380710
0.2607607607608000144, 0.0155665146829739899
0.2632632632633000180, 0.0157776287252473606
0.2657657657658000216, 0.0160026995448807850
0.2682682682683000253, 0.0162422846799555702
0.2707707707707999734, 0.0164969900371083646
0.2732732732732999770, 0.0167674734472558901
0.2757757757757999806, 0.0170544486113797002
0.2782782782782999842, 0.0173586894791327856
0.2807807807807999878, 0.0176810351088923963
0.2832832832832999914, 0.0180223950646061816
0.2857857857857999950, 0.0183837554125019474
0.2882882882882999986, 0.0187661853896284037
0.2907907907908000023, 0.0191708448264693992
0.2932932932933000059, 0.0195989924177655053
0.2957957957958000095, 0.0200519949494775800
0.2982982982983000131, 0.0205313376058785420
0.3008008008008000167, 0.0210386354994763838
0.3033033033033000203, 0.0215756465883555730
0.3058058058058000239, 0.0221442861711689358
0.3083083083083000275, 0.0227466431801538888
0.3108108108107999756, 0.0233849985280630487
0.3133133133132999792, 0.0240618458068660376
0.3158158158157999829, 0.0247799146858182044
0.3183183183182999865, 0.0255421974156045707
0.3208208208207999901, 0.0263519789157509524
0.3233233233232999937, 0.0272128710067912859
0.3258258258257999973, 0.0281288514498336563
0.3283283283283000009, 0.0291043085779676344
0.3308308308308000045, 0.0301440924511194343
0.3333333333333000081, 0.0312535736444445045
0.3358358358358000118, 0.0324387109976183863
0.3383383383383000154, 0.0337061299179401835
0.3408408408408000190, 0.0350632131560630195
0.3433433433433000226, 0.0365182063748359306
0.3458458458458000262, 0.0380803413290400558
0.3483483483482999743, 0.0397599800923483168
0.3508508508509000090, 0.0415687845409806397
0.3533533533534000126, 0.0435199162748372559
0.3558558558559000162, 0.0456282733836848517
0.3583583583584000198, 0.0479107720241712318
0.3608608608609000235, 0.0503866827641923226
0.3633633633634000271, 0.0530780342102734684
0.3658658658658999752, 0.0560100997448342713
0.3683683683683999788, 0.0592119875138447244
0.3708708708708999824, 0.0627173594656055822
0.3733733733733999860, 0.0665653127252195664
0.3758758758758999896, 0.0708014665643081492
0.3783783783783999932, 0.0754793116347467763
0.3808808808808999968, 0.0806618963248326021
0.3833833833834000004, 0.0864239500093020863
0.3858858858859000041, 0.0928545774376417360
0.3883883883884000077, 0.1000607067318757121
0.3908908908909000113, 0.1081715417276971070
0.3933933933934000149, 0.1173443672370368812
0.3958958958959000185, 0.1277721979629749538
0.3983983983984000221, 0.1396939713553894402
0.4009009009009000257, 0.1534082985264515753
0.4034034034033999738, 0.1692922654405244753
0.4059059059058999774, 0.1878275186230459748
0.4084084084083999810, 0.2096370449899702670
0.4109109109108999847, 0.2355379592114803244
0.4134134134133999883, 0.2666187727247187333
0.4159159159158999919, 0.3043550112587327661
0.4184184184183999955, 0.3507865334127311385
0.4209209209208999991, 0.4087971680865625235
0.4234234234234000027, 0.4825699515615424762
0.4259259259259000063, 0.5783558185432829957
0.4284284284284000099, 0.7058278877325980805
0.4309309309309000136, 0.8805896556982453216
0.4334334334334000172, 1.1291053961589545551
0.4359359359359000208, 1.4991175185645038148
0.4384384384384000244, 2.0837092466010167513
0.4409409409408999725, 3.0834899755785087905
0.4434434434433999761, 4.9921421479883623107
0.4459459459458999797, 9.2600043086481171883
0.4484484484483999833, 21.1062352481381196867
0.4509509509510000180, 54.0357122539836112196
0.4534534534535000216, 46.7618211097670766208
0.4559559559560000253, 17.8526101107589880712
0.4584584584584999734, 8.1713380452058430592
0.4609609609609999770, 4.5361637034190778195
0.4634634634634999806, 2.8556165268783990641
0.4659659659659999842, 1.9549070123309995051
0.4684684684684999878, 1.4196052563380179290
0.4709709709709999914, 1.0766928455595099479
0.4734734734734999950, 0.8442477482471131278
0.4759759759759999986, 0.6795948989202583723
0.4784784784785000022, 0.5587880309823278768
0.4809809809810000059, 0.4675684948700804533
0.4834834834835000095, 0.3970249886113519366
0.4859859859860000131, 0.3413597337040318314
0.4884884884885000167, 0.2966705796131542949
0.4909909909910000203, 0.2602540334001421374
0.4934934934935000239, 0.2301895863260165487
0.4959959959960000275, 0.2050828201396062145
0.4984984984984999756, 0.1839016409167683885
0.5010010010009999792, 0.1658689957288320693
0.5035035035035000384, 0.1503908738569871839
0.5060060060059999865, 0.1370069360544181880
0.5085085085085000456, 0.1253559996459562287
0.5110110110109999937, 0.1151514847925484558
0.5135135135135000528, 0.1061636685883535769
0.5160160160160000009, 0.0982066732489382671
0.5185185185184999490, 0.0911287988355580780
0.5210210210210000081, 0.0848052533319457180
0.5235235235234999562, 0.0791326242038613015
0.5260260260260000154, 0.0740246306688294581
0.5285285285284999635, 0.0694088286084507400
0.5310310310310000226, 0.0652240316278267646
0.5335335335334999707, 0.0614182758035231244
0.5360360360360000298, 0.0579472010016891734
0.5385385385384999779, 0.0547727541238118634
0.5410410410410000370, 0.0518621431521024898
0.5435435435434999851, 0.0491869880658472938
0.5460460460460000442, 0.0467226274005635919
0.5485485485484999924, 0.0444475486845680862
0.5510510510510999715, 0.0423429180977036371
0.5535535535536000307, 0.0403921900821580110
0.5560560560560999788, 0.0385807817448191592
0.5585585585586000379, 0.0368958000491239960
0.5610610610610999860, 0.0353258122384089088
0.5635635635636000451, 0.0338606518361720468
0.5660660660660999932, 0.0324912540600931984
0.5685685685686000523, 0.0312095156621115359
0.5710710710711000004, 0.0300081751384341337
0.5735735735735999485, 0.0288807099955572348
0.5760760760761000077, 0.0278212483527207829
0.5785785785785999558, 0.0268244926394508622
0.5810810810811000149, 0.0258856535334439121
0.5835835835835999630, 0.0250003925979573847
0.5860860860861000221, 0.0241647723338486720
0.5885885885885999702, 0.0233752125709942547
0.5910910910911000293, 0.0226284522961043635
0.5935935935935999774, 0.0219215161561013006
0.5960960960961000366, 0.0212516849939481597
0.5985985985985999847, 0.0206164698716403798
0.6011011011011000438, 0.0200135891166403415
0.6036036036035999919, 0.0194409479962704204
0.6061061061061000510, 0.0188966206818381964
0.6086086086085999991, 0.0183788342124628912
0.6111111111110999472, 0.0178859542092560317
0.6136136136136000063, 0.0174164721249505765
0.6161161161160999544, 0.0169689938433086537
0.6186186186186000135, 0.0165422294675212078
0.6211211211210999616, 0.0161349841580453561
0.6236236236236000208, 0.0157461498984881806
0.6261261261260999689, 0.0153746980837194940
0.6286286286286000280, 0.0150196728377818244
0.6311311311310999761, 0.0146801849806962870
0.6336336336336000352, 0.0143554065732175926
0.6361361361360999833, 0.0140445659772036584
0.6386386386386000424, 0.0137469433767315463
0.6411411411410999905, 0.0134618667115775515
0.6436436436436000497, 0.0131887079803247598
0.6461461461460999978, 0.0129268798752842796
0.6486486486485999459, 0.0126758327157178736
0.6511511511512000361, 0.0124350516496142312
0.6536536536536999842, 0.0122040540975719546
0.6561561561562000433, 0.0119823874152415882
0.6586586586586999914, 0.0117696267533294076
0.6611611611612000505, 0.0115653730964132735
0.6636636636636999986, 0.0113692514638046548
0.6661661661661999467, 0.0111809092574442770
0.6686686686687000059, 0.0110000147433712732
0.6711711711711999540, 0.0108262556546822979
0.6736736736737000131, 0.0106593379051189326
0.6761761761761999612, 0.0104989844035086148
0.6786786786787000203, 0.0103449339602517398
0.6811811811811999684, 0.0101969402779103352
0.6836836836837000275, 0.0100547710187240888
0.6861861861861999756, 0.0099182069425678004
0.6886886886887000347, 0.0097870411094810039
0.6911911911911999828, 0.0096610781414527003
0.6936936936937000420, 0.0095401335386399912
0.6961961961961999901, 0.0094240330456448612
0.6986986986987000492, 0.0093126120638739422
0.7012012012011999973, 0.0092057151063670729
0.7037037037036999454, 0.0091031952918059697
0.7062062062062000045, 0.0090049138747079777
0.7087087087086999526, 0.0089107398090756545
0.7112112112112000117, 0.0088205493430132641
0.7137137137136999598, 0.0087342256420389081
0.7162162162162000190, 0.0086516584390189076
0.7187187187186999671, 0.0085727437088301637
0.7212212212212000262, 0.0084973833660198297
0.7237237237236999743, 0.0084254849838799259
0.7262262262262000334, 0.0083569615334903383
0.7287287287286999815, 0.0082917311414072922
0.7312312312312000406, 0.0082297168647875799
0.7337337337336999887, 0.0081708464828425739
0.7362362362362000479, 0.0081150523036110193
0.7387387387386999960, 0.0080622709851271498
0.7412412412412000551, 0.0080124433701409259
0.7437437437437000032, 0.0079655143336216233
0.7462462462461999513, 0.0079214326423444684
0.7487487487487000104, 0.0078801508259234727
0.7512512512512999896, 0.0078416250587130046
0.7537537537538000487, 0.0078058150520552124
0.7562562562562999968, 0.0077726839564021110
0.7587587587587999449, 0.0077421982728891016
0.7612612612613000040, 0.0077143277739821058
0.7637637637637999521, 0.0076890454328632021
0.7662662662663000113, 0.0076663273612602601
0.7687687687687999594, 0.0076461527554646334
0.7712712712713000185, 0.0076285038503180929
0.7737737737737999666, 0.0076133658809856390
0.7762762762763000257, 0.0076007270523653870
0.7787787787787999738, 0.0075905785160202185
0.7812812812813000329, 0.0075829143545487442
0.7837837837837999810, 0.0075777315733455081
0.7862862862863000402, 0.0075750300997325052
0.7887887887887999883, 0.0075748127894761635
0.7912912912913000474, 0.0075770854407362174
0.7937937937937999955, 0.0075818568155255495
0.7962962962963000546, 0.0075891386687933476
0.7987987987988000027, 0.0075989457852780971
0.8013013013012999508, 0.0076112960243119813
0.8038038038038000099, 0.0076262103727949369
0.8063063063062999580, 0.0076437130065945833
0.8088088088088000172, 0.0076638313606682447
0.8113113113112999653, 0.0076865962082453831
0.8138138138138000244, 0.0077120417494533607
0.8163163163162999725, 0.0077402057098167679
0.8188188188188000316, 0.0077711294491112099
0.8213213213212999797, 0.0078048580811065950
0.8238238238238000388, 0.0078414406047931009
0.8263263263262999869, 0.0078809300477458467
0.8288288288288000460, 0.0079233836223519712
0.8313313313312999941, 0.0079688628956973099
0.8338338338338000533, 0.0080174339739896589
0.8363363363363000014, 0.0080691677024822932
0.8388388388387999495, 0.0081241398819561442
0.8413413413413000086, 0.0081824315029224628
0.8438438438437999567, 0.0082441289988207378
0.8463463463463000158, 0.0083093245196109618
0.8488488488487999639, 0.0083781162272953316
0.8513513513514000541, 0.0084506086150542004
0.8538538538539000022, 0.0085269128518461901
0.8563563563563999503, 0.0086071471545038671
0.8588588588589000095, 0.0086914371895575153
0.8613613613613999576, 0.0087799165072412616
0.8638638638639000167, 0.0088727270103817028
0.8663663663663999648, 0.0089700194611417490
0.8688688688689000239, 0.0090719540288944356
0.8713713713713999720, 0.0091787008828381443
0.8738738738739000311, 0.0092904408333383155
0.8763763763763999792, 0.0094073660263976622
0.8788788788789000384, 0.0095296806961222020
0.8813813813813999865, 0.0096576019805695024
0.8838838838839000456, 0.0097913608069474262
0.8863863863863999937, 0.0099312028527822616
0.8888888888889000528, 0.0100773895904057685
0.8913913913914000009, 0.0102301994229313659
0.8938938938938999490, 0.0103899289208117876
0.8963963963964000081, 0.0105568941691113801
0.8988988988988999562, 0.0107314322367980768
0.9014014014014000153, 0.0109139027806859999
0.9039039039038999634, 0.0111046897981591491
0.9064064064064000226, 0.0113042035445058177
0.9089089089088999707, 0.0115128826326236968
0.9114114114114000298, 0.0117311963350487485
0.9139139139138999779, 0.0119596471107599207
0.9164164164164000370, 0.0121987733820634343
0.9189189189188999851, 0.0124491525901175883
0.9214214214214000442, 0.0127114045613921506
0.9239239239238999923, 0.0129861952216355457
0.9264264264264000515, 0.0132742406988438193
0.9289289289288999996, 0.0135763118623921080
0.9314314314313999477, 0.0138932393520272163
0.9339339339339000068, 0.0142259191579835013
0.9364364364363999549, 0.0145753188222467328
0.9389389389389000140, 0.0149424843411697823
0.9414414414413999621, 0.0153285478614943946
0.9439439439439000212, 0.0157347362756581968
0.9464464464463999693, 0.0161623808384420004
0.9489489489489000285, 0.0166129279459757452
0.9514514514515000076, 0.0170879512404191816
0.9539539539539999558, 0.0175891652299176686
0.9564564564565000149, 0.0181184406444998558
0.9589589589589999630, 0.0186778217854165832
0.9614614614615000221, 0.0192695461692054884
0.9639639639639999702, 0.0198960668199863709
0.9664664664665000293, 0.0205600776259652687
0.9689689689689999774, 0.0212645422511055053
0.9714714714715000365, 0.0220127271832337747
0.9739739739739999846, 0.0228082396089908587
0.9764764764765000438, 0.0236550709384350556
0.9789789789789999919, 0.0245576469633254427
0.9814814814815000510, 0.0255208858301983026
0.9839839839839999991, 0.0265502652512964732
0.9864864864864999472, 0.0276519006746866330
0.9889889889890000063, 0.0288326365042883455
0.9914914914914999544, 0.0301001529201355665
0.9939939939940000135, 0.0314630914238193185
0.9964964964964999616, 0.0329312029562190689
0.9989989989990000208, 0.0345155233470363088
1.0015015015019999023, 0.0362285820149368318
1.0040040040039999170, 0.0380846513187647825
1.0065065065070000205, 0.0401000458657213218
1.0090090090090000352, 0.0422934835487978472
1.0115115115119999167, 0.0446865233002125412
1.0140140140139999314, 0.0473040987674247307
1.0165165165170000350, 0.0501751727003572276
1.0190190190190000497, 0.0533335442824035416
1.0215215215219999312, 0.0568188516499742793
1.0240240240239999459, 0.0606778254346851953
1.0265265265270000494, 0.0649658677859607514
1.0290290290290000641, 0.0697490571188792569
1.0315315315319999456, 0.0751067149325179290
1.0340340340339999603, 0.0811347221806482527
1.0365365365370000639, 0.0879498460319494690
1.0390390390390000785, 0.0956954445230255579
1.0415415415419999601, 0.1045490739981797118
1.0440440440439999747, 0.1147327601743121650
1.0465465465470000783, 0.1265270535060852020
1.0490490490490000930, 0.1402905486819199243
1.0515515515519999745, 0.1564874349323909508
1.0540540540539999892, 0.1757270824058639880
1.0565565565570000928, 0.1988220619955451407
1.0590590590590001074, 0.2268750846741909577
1.0615615615619999890, 0.2614125525327952171
1.0640640640640000036, 0.3045955592569534742
1.0665665665670001072, 0.3595641101155532260
1.0690690690689998998, 0.4310197651486368242
1.0715715715720000034, 0.5262550563041393792
1.0740740740740000181, 0.6570664178883937057
1.0765765765769998996, 0.8435296611901402786
1.0790790790789999143, 1.1220165565383202200
1.0815815815820000179, 1.5638263156573415369
1.0840840840840000325, 2.3237133500595779090
1.0865865865869999141, 3.7861449252614085559
1.0890890890889999287, 7.0947270308119749771
1.0915915915920000323, 16.4041444121767696629
1.0940940940940000470, 41.2571418674289205342
1.0965965965969999285, 32.4418753197596814175
1.0990990990989999432, 12.3900480398338057597
1.1016016016020000468, 5.7526495579787786383
1.1041041041040000614, 3.2250427025630887812
1.1066066066069999430, 2.0439514070428530523
1.1091091091089999576, 1.4062590042138307656
1.1116116116120000612, 1.0253025133902831101
1.1141141141140000759, 0.7803431836684699974
1.1166166166169999574, 0.6138328664242876931
1.1191191191189999721, 0.4956403285457015029
1.1216216216220000756, 0.4087899525912292997
1.1241241241240000903, 0.3431409195308701698
1.1266266266269999718, 0.2923386049055272107
1.1291291291289999865, 0.2522394892880272521
1.1316316316320000901, 0.2200496447739584693
1.1341341341340001048, 0.1938303694769375474
1.1366366366369999863, 0.1722026596318609326
1.1391391391390000010, 0.1541641993987626080
1.1416416416420001045, 0.1389724893973566244
1.1441441441439998972, 0.1260681665099786242
1.1466466466470000007, 0.1150234740499572333
1.1491491491490000154, 0.1055068857684959005
1.1516516516519998969, 0.0972583501062859734
1.1541541541539999116, 0.0900716647979740853
1.1566566566570000152, 0.0837817306260118938
1.1591591591590000299, 0.0782552021804731185
1.1616616616619999114, 0.0733835415181723349
1.1641641641639999261, 0.0690777965587309473
1.1666666666670000296, 0.0652646343691346137
1.1691691691690000443, 0.0618832991762849061
1.1716716716719999258, 0.0588832600969842468
1.1741741741739999405, 0.0562223793463129673
1.1766766766770000441, 0.0538654777879064572
1.1791791791790000588, 0.0517832074452217184
1.1816816816819999403, 0.0499511641829467057
1.1841841841839999550, 0.0483491910005717090
1.1866866866870000585, 0.0469608351718234646
1.1891891891890000732, 0.0457729321440916159
1.1916916916919999547, 0.0447752966238941646
1.1941941941939999694, 0.0439605073053562778
1.1966966966970000730, 0.0433237767711641478
1.1991991991990000876, 0.0428629026319741341
1.2017017017019999692, 0.0425783003434297008
1.2042042042039999838, 0.0424731227164561256
1.2067067067070000874, 0.0425534763216639106
1.2092092092090001021, 0.0428287512789988917
1.2117117117119999836, 0.0433120889771969955
1.2142142142139999983, 0.0440210230051866699
1.2167167167170001019, 0.0449783433384123646
1.2192192192189998945, 0.0462132546084412510
1.2217217217219999981, 0.0477629291526340885
1.2242242242240000127, 0.0496745992604435554
1.2267267267269998943, 0.0520083981840798806
1.2292292292289999089, 0.0548412583561396078
1.2317317317320000125, 0.0582723282139059051
1.2342342342340000272, 0.0624306105611631551
1.2367367367369999087, 0.0674859153995945871
1.2392392392389999234, 0.0736648654959072280
1.2417417417420000270, 0.0812747900474697083
1.2442442442440000416, 0.0907402638833926800
1.2467467467469999232, 0.1026605324823865462
1.2492492492489999378, 0.1179026188224251981
1.2517517517520000414, 0.1377577938676475267
1.2542542542540000561, 0.1642157115582560389
1.2567567567569999376, 0.2004687633261093560
1.2592592592589999523, 0.2518956255418675627
1.2617617617620000559, 0.3281192399563757078
1.2642642642640000705, 0.4477031659841129718
1.2667667667669999521, 0.6501028933656645137
1.2692692692689999667, 1.0306273848582101493
1.2717717717720000703, 1.8624922180568495023
1.2742742742740000850, 4.1077538036963261447
1.2767767767769999665, 10.7053995875604499588
1.2792792792789999812, 11.2857151509447355409
1.2817817817820000847, 4.3648535086294391050
1.2842842842840000994, 1.9481226919006588982
1.2867867867869999809, 1.0659982467145832086
1.2892892892889999956, 0.6672091923419450898
1.2917917917920000992, 0.4567552219898952659
1.2942942942939998918, 0.3330578431192548483
1.2967967967969999954, 0.2544778715130808777
1.2992992992990000101, 0.2015681551605259525
1.3018018018019998916, 0.1643045688814076533
1.3043043043039999063, 0.1371091456377598050
1.3068068068070000098, 0.1166831597654764546
1.3093093093090000245, 0.1009768630347381846
1.3118118118119999060, 0.0886634146752395685
1.3143143143139999207, 0.0788539592158164215
1.3168168168170000243, 0.0709354933322155629
1.3193193193190000390, 0.0644746470028353807
1.3218218218219999205, 0.0591584834279042793
1.3243243243239999352, 0.0547569185930225077
1.3268268268270000387, 0.0510982068878116646
1.3293293293290000534, 0.0480525664625492399
1.3318318318319999349, 0.0455210153283268637
1.3343343343339999496, 0.0434276272138097580
1.3368368368370000532, 0.0417140847929169944
1.3393393393390000679, 0.0403358118788317427
1.3418418418419999494, 0.0392592167795977748
1.3443443443439999641, 0.0384597385458937818
1.3468468468470000676, 0.0379204922564197328
1.3493493493490000823, 0.0376313801334286907
1.3518518518519999638, 0.0375885852793130942
1.3543543543539999785, 0.0377944026118061938
1.3568568568570000821, 0.0382573929808477237
1.3593593593590000967, 0.0389928760055825857
1.3618618618619999783, 0.0400238090493872448
1.3643643643639999929, 0.0413821386186314019
1.3668668668670000965, 0.0431107624690383814
1.3693693693689998891, 0.0452663148666346132
1.3718718718719999927, 0.0479230980001335918
1.3743743743740000074, 0.0511786528686009323
1.3768768768770001110, 0.0551617328440892063
1.3793793793789999036, 0.0600438822075767542
1.3818818818820000072, 0.0660565560508179911
1.3843843843840000218, 0.0735169814345479067
1.3868868868869999034, 0.0828682050408487136
1.3893893893889999180, 0.0947429077831936084
1.3918918918920000216, 0.1100684960660368583
1.3943943943940000363, 0.1302468996645159971
1.3968968968969999178, 0.1574762128416428153
1.3993993993989999325, 0.1953572342501034564
1.4019019019020000361, 0.2501119151661658213
1.4044044044040000507, 0.3332271915089212166
1.4069069069069999323, 0.4677683737332400393
1.4094094094089999469, 0.7054014132316346330
1.4119119119120000505, 1.1800189706478603213
1.4144144144140000652, 2.3120619134800346473
1.4169169169169999467, 5.6665379784597753599
1.4194194194189999614, 12.2775783287023649848
1.4219219219220000650, 6.7475465902455802336
1.4244244244240000796, 2.6575436617831864616
1.4269269269269999612, 1.3085508093332909318
1.4294294294289999758, 0.7636231163261837374
1.4319319319320000794, 0.4977235003948508041
1.4344344344340000941, 0.3497462506466141319
1.4369369369369999756, 0.2593724685237369099
1.4394394394389999903, 0.2002723511701103853
1.4419419419420000938, 0.1595538330849546327
1.4444444444440001085, 0.1303248699568159696
1.4469469469469999900, 0.1086378671454450440
1.4494494494490000047, 0.0921027631230176835
1.4519519519520001083, 0.0792051007995358547
1.4544544544539999009, 0.0689480717223955458
1.4569569569570000045, 0.0606541113471333743
1.4594594594590000192, 0.0538497566845482500
1.4619619619619999007, 0.0481961444143253828
1.4644644644639999154, 0.0434456063838759982
1.4669669669670000189, 0.0394137452565635552
1.4694694694690000336, 0.0359609925354966720
1.4719719719719999151, 0.0329801424289338438
1.4744744744739999298, 0.0303877481848183681
1.4769769769770000334, 0.0281180721333941716
1.4794794794790000481, 0.0261187589633785078
1.4819819819819999296, 0.0243476935334983949
1.4844844844839999443, 0.0227706867411879253
1.4869869869870000478, 0.0213597492215344617
1.4894894894890000625, 0.0200917882717500905
1.4919919919919999440, 0.0189476134742833577
1.4944944944939999587, 0.0179111702023081951
1.4969969969970000623, 0.0169689432304150484
1.4994994994990000770, 0.0161094886414474801
1.5020020020019999585, 0.0153230634328133403
1.5045045045050000621, 0.0146013301946916647
1.5070070070070000767, 0.0139371199609753388
1.5095095095099999583, 0.0133242404953986711
1.5120120120119999729, 0.0127573203288067656
1.5145145145150000765, 0.0122316811249902294
1.5170170170170000912, 0.0117432326421538294
1.5195195195199999727, 0.0112883858299911294
1.5220220220219999874, 0.0108639805688338052
1.5245245245250000909, 0.0104672252966253078
1.5270270270270001056, 0.0100956463389456196
1.5295295295299999871, 0.0097470451989128126
1.5320320320320000018, 0.0094194624083929201
1.5345345345350001054, 0.0091111468124996514
1.5370370370369998980, 0.0088205293729825066
1.5395395395400000016, 0.0085462007457014454
1.5420420420420000163, 0.0082868920227393596
1.5445445445449998978, 0.0080414581382627862
1.5470470470469999125, 0.0078088635247354574
1.5495495495500000160, 0.0075881696769190075
1.5520520520520000307, 0.0073785243386940190
1.5545545545549999122, 0.0071791520747685120
1.5570570570569999269, 0.0069893460279007481
1.5595595595600000305, 0.0068084606940051126
1.5620620620620000452, 0.0066359055737289958
1.5645645645649999267, 0.0064711395808301460
1.5670670670669999414, 0.0063136661057725937
1.5695695695700000449, 0.0061630286480571792
1.5720720720720000596, 0.0060188069434501043
1.5745745745749999411, 0.0058806135228942086
1.5770770770769999558, 0.0057480906488390745
1.5795795795800000594, 0.0056209075822903336
1.5820820820820000741, 0.0054987581402866324
1.5845845845849999556, 0.0053813585089607869
1.5870870870869999703, 0.0052684452819801207
1.5895895895900000738, 0.0051597736981244518
1.5920920920920000885, 0.0050551160551537151
1.5945945945949999700, 0.0049542602800282673
1.5970970970969999847, 0.0048570086380515295
1.5995995996000000883, 0.0047631765656634805
1.6021021021020001029, 0.0046725916134802668
1.6046046046049999845, 0.0045850924877915838
1.6071071071069999991, 0.0045005281801288001
1.6096096096100001027, 0.0044187571757371199
1.6121121121119998953, 0.0043396467328461422
1.6146146146149999989, 0.0042630722255605647
1.6171171171170000136, 0.0041889165440030917
1.6196196196199998951, 0.0041170695460515643
1.6221221221219999098, 0.0040474275556352610
1.6246246246250000134, 0.0039798929031028933
1.6271271271270000280, 0.0039143735036569196
1.6296296296299999096, 0.0038507824702739106
1.6321321321319999242, 0.0037890377579062580
1.6346346346350000278, 0.0037290618360926679
1.6371371371370000425, 0.0036707813873991879
1.6396396396399999240, 0.0036141270293736549
1.6421421421419999387, 0.0035590330579284282
1.6446446446450000423, 0.0035054372102727360
1.6471471471470000569, 0.0034532804456998815
1.6496496496499999385, 0.0034025067426986496
1.6521521521519999531, 0.0033530629110048631
1.6546546546550000567, 0.0033048984173401578
1.6571571571570000714, 0.0032579652237024852
1.6596596596599999529, 0.0032122176371781651
1.6621621621619999676, 0.0031676121703398336
1.6646646646650000712, 0.0031241074113796470
1.6671671671670000858, 0.0030816639032035138
1.6696696696699999674, 0.0030402440307810627
1.6721721721719999820, 0.0029998119161081527
1.6746746746750000856, 0.0029603333201948154
1.6771771771770001003, 0.0029217755515422369
1.6796796796799999818, 0.0028841073806182139
1.6821821821819999965, 0.0028472989598820756
1.6846846846850001000, 0.0028113217489477080
1.6871871871869998927, 0.0027761484445074768
1.6896896896899999962, 0.0027417529146708738
1.6921921921920000109, 0.0027081101373999479
1.6946946946949998924, 0.0026751961427492121
1.6971971971969999071, 0.0026429879586411468
1.6996996997000000107, 0.0026114635599296895
1.7022022022020000254, 0.0025806018205235901
1.7047047047049999069, 0.0025503824683592328
1.7072072072069999216, 0.0025207860430287946
1.7097097097100000251, 0.0024917938558844119
1.7122122122120000398, 0.0024633879524526654
1.7147147147149999213, 0.0024355510770061109
1.7172172172169999360, 0.0024082666391500073
1.7197197197200000396, 0.0023815186822928806
1.7222222222220000543, 0.0023552918538791781
1.7247247247249999358, 0.0023295713772710910
1.7272272272269999505, 0.0023043430251747719
1.7297297297300000540, 0.0022795930945136576
1.7322322322320000687, 0.0022553083826584754
1.7347347347349999502, 0.0022314761649298888
1.7372372372369999649, 0.0022080841732955731
1.7397397397400000685, 0.0021851205761889243
1.7422422422420000832, 0.0021625739593816055
1.7447447447449999647, 0.0021404333078467144
1.7472472472469999794, 0.0021186879885536644
1.7497497497500000829, 0.0020973277341397815
1.7522522522520000976, 0.0020763426274072782
1.7547547547549999791, 0.0020557230865976685
1.7572572572569999938, 0.0020354598513988038
1.7597597597600000974, 0.0020155439696426178
1.7622622622619998900, 0.0019959667846543867
1.7647647647649999936, 0.0019767199232167999
1.7672672672670000082, 0.0019577952841144750
1.7697697697699998898, 0.0019391850272267022
1.7722722722719999044, 0.0019208815631382439
1.7747747747750000080, 0.0019028775432398555
1.7772772772770000227, 0.0018851658502919639
1.7797797797799999042, 0.0018677395894265559
1.7822822822819999189, 0.0018505920795638389
1.7847847847850000225, 0.0018337168452216639
1.7872872872870000371, 0.0018171076086970048
1.7897897897899999187, 0.0018007582826000206
1.7922922922919999333, 0.0017846629627223899
1.7947947947950000369, 0.0017688159212226641
1.7972972972970000516, 0.0017532116001123975
1.7997997997999999331, 0.0017378446050277559
1.8023023023019999478, 0.0017227096992721745
1.8048048048050000514, 0.0017078017981164699
1.8073073073070000660, 0.0016931159633435645
1.8098098098099999476, 0.0016786473980257310
1.8123123123119999622, 0.0016643914415229119
1.8148148148150000658, 0.0016503435646913205
1.8173173173170000805, 0.0016364993652921260
1.8198198198199999620, 0.0016228545635905789
1.8223223223219999767, 0.0016094049981364576
1.8248248248250000803, 0.0015961466217172121
1.8273273273270000949, 0.0015830754974756511
1.8298298298299999765, 0.0015701877951844400
1.8323323323319999911, 0.0015574797876701020
1.8348348348350000947, 0.0015449478473795835
1.8373373373370001094, 0.0015325884430828379
1.8398398398399999909, 0.0015203981367051789
1.8423423423420000056, 0.0015083735802835215
1.8448448448450001091, 0.0014965115130409034
1.8473473473469999018, 0.0014848087585739814
1.8498498498500000053, 0.0014732622221484484
1.8523523523520000200, 0.0014618688880976005
1.8548548548549999015, 0.0014506258173194960
1.8573573573569999162, 0.0014395301448683856
1.8598598598600000198, 0.0014285790776363170
1.8623623623620000345, 0.0014177698921210005
1.8648648648649999160, 0.0014070999322762310
1.8673673673669999307, 0.0013965666074413265
1.8698698698700000342, 0.0013861673903462356
1.8723723723720000489, 0.0013758998151891006
1.8748748748749999304, 0.0013657614757832471
1.8773773773769999451, 0.0013557500237706805
1.8798798798800000487, 0.0013458631668993460
1.8823823823820000634, 0.0013360986673615059
1.8848848848849999449, 0.0013264543401907305
1.8873873873869999596, 0.0013169280517151035
1.8898898898900000631, 0.0013075177180643695
1.8923923923920000778, 0.0012982213037288344
1.8948948948949999593, 0.0012890368201679526
1.8973973973969999740, 0.0012799623244666076
1.8998998999000000776, 0.0012709959180372005
1.9024024024020000923, 0.0012621357453657324
1.9049049049049999738, 0.0012533799928001585
1.9074074074069999885, 0.0012447268873793564
1.9099099099100000920, 0.0012361746957011426
1.9124124124120001067, 0.0012277217228278165
1.9149149149149999882, 0.0012193663112277995
1.9174174174170000029, 0.0012111068397519854
1.9199199199200001065, 0.0012029417226434836
1.9224224224219998991, 0.0011948694085794978
1.9249249249250000027, 0.0011868883797441219
1.9274274274270000173, 0.0011789971509309062
1.9299299299299998989, 0.0011711942686740803
1.9324324324319999135, 0.0011634783104073774
1.9349349349350000171, 0.0011558478836494347
1.9374374374370000318, 0.0011483016252148075
1.9399399399399999133, 0.0011408382004496546
1.9424424424419999280, 0.0011334563024912047
1.9449449449450000316, 0.0011261546515501460
1.9474474474470000462, 0.0011189319942151127
1.9499499499499999278, 0.0011117871027784866
1.9524524524519999424, 0.0011047187745827451
1.9549549549550000460, 0.0010977258313866422
1.9574574574570000607, 0.0010908071187505143
1.9599599599599999422, 0.0010839615054400475
1.9624624624619999569, 0.0010771878828478609
1.9649649649650000605, 0.0010704851644322882
1.9674674674670000751, 0.0010638522851727649
1.9699699699699999567, 0.0010572882010412535
1.9724724724719999713, 0.0010507918884891526
1.9749749749750000749, 0.0010443623439491722
1.9774774774770000896, 0.0010379985833516578
1.9799799799799999711, 0.0010316996416548912
1.9824824824819999858, 0.0010254645723888857
1.9849849849850000894, 0.0010192924472122301
1.9874874874870001040, 0.0010131823554815592
1.9899899899899999856, 0.0010071334038332116
1.9924924924920000002, 0.0010011447157766966
1.9949949949950001038, 0.0009952154312995675
1.9974974974969998964, 0.0009893447064833402
2.0000000000000000000, 0.0009835317131300894
