# Delta1: 0.46
# Delta2: 1.17
# Delta3: 1.34
# Dq: 0.08800000000000002
# Ds: -0.09000000000000001
# Dt: -0.01999999999999998
# k1_lab: [1, 0, 0]
# k2_lab: [-0.8660254037844387, 0.49999999999999994, 0.0]
# k1_cf: [-0.25881904510252074, -0.9659258262890684, 0.0]
# k2_cf: [0.7071067811865476, 0.7071067811865477, 0.0]
# pol1_lab: [(0, 1, 0), (0, 0, 1)]
# pol2_lab: [array([-0.5      , -0.8660254,  0.       ]), array([0., 0., 1.])]
# pol1_cf: [array([ 0.96592583, -0.25881905,  0.        ]), array([0., 0., 1.])]
# pol2_cf: [array([-0.70710678,  0.70710678,  0.        ]), array([0., 0., 1.])]
# cf: [array([-0.25881905,  0.96592583,  0.        ]), array([-0.96592583, -0.25881905,  0.        ]), array([0., 0., 1.])]
# th: 60
-0.5000000000000000000, 0.0015647355779381865
-0.4974974974974999964, 0.0015779649772492874
-0.4949949949949999928, 0.0015913811266494294
-0.4924924924924999892, 0.0016049877136518772
-0.4899899899899999856, 0.0016187885188690574
-0.4874874874874999819, 0.0016327874188688204
-0.4849849849849999783, 0.0016469883891337953
-0.4824824824824999747, 0.0016613955071281450
-0.4799799799800000266, 0.0016760129554761825
-0.4774774774775000230, 0.0016908450252575580
-0.4749749749750000194, 0.0017058961194239320
-0.4724724724725000158, 0.0017211707563422824
-0.4699699699700000122, 0.0017366735734702550
-0.4674674674675000086, 0.0017524093311692141
-0.4649649649650000049, 0.0017683829166609271
-0.4624624624625000013, 0.0017845993481341161
-0.4599599599599999977, 0.0018010637790074049
-0.4574574574574999941, 0.0018177815023555075
-0.4549549549549999905, 0.0018347579555058661
-0.4524524524524999869, 0.0018519987248132789
-0.4499499499499000077, 0.0018695095506204560
-0.4474474474474000041, 0.0018872963324128289
-0.4449449449449000005, 0.0019053651341763771
-0.4424424424423999969, 0.0019237221899676554
-0.4399399399398999932, 0.0019423739097057173
-0.4374374374373999896, 0.0019613268851960855
-0.4349349349348999860, 0.0019805878963974777
-0.4324324324323999824, 0.0020001639179425545
-0.4299299299298999788, 0.0020200621259245152
-0.4274274274273999752, 0.0020402899049620431
-0.4249249249249000271, 0.0020608548555557191
-0.4224224224224000235, 0.0020817648017497554
-0.4199199199199000199, 0.0021030277991136190
-0.4174174174174000163, 0.0021246521430589400
-0.4149149149149000126, 0.0021466463775078881
-0.4124124124124000090, 0.0021690193039301314
-0.4099099099099000054, 0.0021917799907664182
-0.4074074074074000018, 0.0022149377832577991
-0.4049049049048999982, 0.0022385023137006122
-0.4024024024023999946, 0.0022624835121484487
-0.3998998998998999910, 0.0022868916175835239
-0.3973973973973999874, 0.0023117371895811601
-0.3948948948948999838, 0.0023370311204924266
-0.3923923923923999801, 0.0023627846481714511
-0.3898898898898999765, 0.0023890093692754215
-0.3873873873873999729, 0.0024157172531669539
-0.3848848848849000248, 0.0024429206564502270
-0.3823823823824000212, 0.0024706323381741510
-0.3798798798799000176, 0.0024988654757378157
-0.3773773773774000140, 0.0025276336815355615
-0.3748748748749000104, 0.0025569510203812735
-0.3723723723724000068, 0.0025868320277539045
-0.3698698698699000031, 0.0026172917289088004
-0.3673673673673999995, 0.0026483456589021228
-0.3648648648648999959, 0.0026800098835786188
-0.3623623623623999923, 0.0027123010215760962
-0.3598598598598999887, 0.0027452362674033432
-0.3573573573573999851, 0.0027788334156517722
-0.3548548548548999815, 0.0028131108864049505
-0.3523523523523999779, 0.0028480877519142761
-0.3498498498497999987, 0.0028837837646134542
-0.3473473473472999951, 0.0029202193865491763
-0.3448448448447999914, 0.0029574158203104725
-0.3423423423422999878, 0.0029953950415446172
-0.3398398398397999842, 0.0030341798331533780
-0.3373373373372999806, 0.0030737938212696144
-0.3348348348347999770, 0.0031142615131210189
-0.3323323323322999734, 0.0031556083368950430
-0.3298298298298000253, 0.0031978606837268731
-0.3273273273273000217, 0.0032410459519407143
-0.3248248248248000181, 0.0032851925936837620
-0.3223223223223000145, 0.0033303301641018903
-0.3198198198198000108, 0.0033764893732167933
-0.3173173173173000072, 0.0034237021406755340
-0.3148148148148000036, 0.0034720016535558047
-0.3123123123123000000, 0.0035214224274235186
-0.3098098098097999964, 0.0035720003708535359
-0.3073073073072999928, 0.0036237728536400301
-0.3048048048047999892, 0.0036767787789397013
-0.3023023023022999856, 0.0037310586596091518
-0.2997997997997999819, 0.0037866546990176684
-0.2972972972972999783, 0.0038436108766377822
-0.2947947947947999747, 0.0039019730387393672
-0.2922922922923000266, 0.0039617889945381731
-0.2897897897898000230, 0.0040231086181769732
-0.2872872872873000194, 0.0040859839569474766
-0.2847847847848000158, 0.0041504693461933660
-0.2822822822823000122, 0.0042166215313701799
-0.2797797797798000086, 0.0042844997977763014
-0.2772772772773000050, 0.0043541661085110123
-0.2747747747748000013, 0.0044256852512616724
-0.2722722722722999977, 0.0044991249945717767
-0.2697697697697999941, 0.0045745562542964498
-0.2672672672672999905, 0.0046520532710117996
-0.2647647647647999869, 0.0047316937992098081
-0.2622622622622999833, 0.0048135593091823926
-0.2597597597597999797, 0.0048977352025768792
-0.2572572572572999761, 0.0049843110426914129
-0.2547547547547999724, 0.0050733808006739652
-0.2522522522523000243, 0.0051650431188926833
-0.2497497497496999896, 0.0052594015928603749
-0.2472472472472000138, 0.0053565650732224097
-0.2447447447447000102, 0.0054566479894568153
-0.2422422422422000066, 0.0055597706970894594
-0.2397397397397000030, 0.0056660598503973023
-0.2372372372371999993, 0.0057756488027609076
-0.2347347347346999957, 0.0058886780370359503
-0.2322322322321999921, 0.0060052956285441411
-0.2297297297296999885, 0.0061256577435403973
-0.2272272272272000126, 0.0062499291762976236
-0.2247247247247000090, 0.0063782839282668846
-0.2222222222222000054, 0.0065109058331229916
-0.2197197197197000018, 0.0066479892318981656
-0.2172172172171999982, 0.0067897397028443534
-0.2147147147146999946, 0.0069363748511543071
-0.2122122122121999910, 0.0070881251642187122
-0.2097097097096999874, 0.0072452349387098778
-0.2072072072072000115, 0.0074079632864698626
-0.2047047047047000079, 0.0075765852269529393
-0.2022022022022000043, 0.0077513928748404017
-0.1996996996997000007, 0.0079326967324230904
-0.1971971971971999971, 0.0081208270974493305
-0.1946946946946999935, 0.0083161355983805019
-0.1921921921921999898, 0.0085189968704043641
-0.1896896896896999862, 0.0087298103871505210
-0.1871871871872000104, 0.0089490024648615531
-0.1846846846847000068, 0.0091770284578287335
-0.1821821821822000032, 0.0094143751662408640
-0.1796796796796999995, 0.0096615634802622811
-0.1771771771771999959, 0.0099191512872024920
-0.1746746746746999923, 0.0101877366721258734
-0.1721721721721999887, 0.0104679614462453441
-0.1696696696697000128, 0.0107605150420329032
-0.1671671671672000092, 0.0110661388192601750
-0.1646646646647000056, 0.0113856308322700626
-0.1621621621622000020, 0.0117198511158148506
-0.1596596596596999984, 0.0120697275549397805
-0.1571571571571999948, 0.0124362624138409268
-0.1546546546546999912, 0.0128205396096163163
-0.1521521521521999876, 0.0132237328296380546
-0.1496496496496000084, 0.0136471146062420844
-0.1471471471471000048, 0.0140920664799629655
-0.1446446446446000011, 0.0145600904031287018
-0.1421421421420999975, 0.0150528215598703941
-0.1396396396395999939, 0.0155720428072167651
-0.1371371371370999903, 0.0161197009758240889
-0.1346346346345999867, 0.0166979253091168803
-0.1321321321321000108, 0.0173090483675205145
-0.1296296296296000072, 0.0179556297816966352
-0.1271271271271000036, 0.0186404833072783098
-0.1246246246246000000, 0.0193667077160802337
-0.1221221221220999964, 0.0201377221582793517
-0.1196196196196000067, 0.0209573067505847768
-0.1171171171171000031, 0.0218296492919202861
-0.1146146146145999994, 0.0227593991869209367
-0.1121121121120999958, 0.0237517298765968429
-0.1096096096096000061, 0.0248124113450469766
-0.1071071071071000025, 0.0259478946042055389
-0.1046046046045999989, 0.0271654104721672299
-0.1021021021020999953, 0.0284730854765601303
-0.0995995995996000055, 0.0298800783612919764
-0.0970970970971000019, 0.0313967414902767833
-0.0945945945945900063, 0.0330348124749642730
-0.0920920920920900027, 0.0348076426694748087
-0.0895895895895899991, 0.0367304708659937570
-0.0870870870870899955, 0.0388207527026305163
-0.0845845845845799998, 0.0410985591276594731
-0.0820820820820799962, 0.0435870609691086097
-0.0795795795795800065, 0.0463131215426462392
-0.0770770770770800029, 0.0493080257196279043
-0.0745745745745699934, 0.0526083825705856573
-0.0720720720720700037, 0.0562572504497126646
-0.0695695695695700000, 0.0603055494178080936
-0.0670670670670699964, 0.0648138479946919616
-0.0645645645645600008, 0.0698546420057154505
-0.0620620620620599972, 0.0755152866425591457
-0.0595595595595600005, 0.0819018046912696196
-0.0570570570570599969, 0.0891438832304684986
-0.0545545545545500013, 0.0974015020546732113
-0.0520520520520499977, 0.1068738319566959194
-0.0495495495495500010, 0.1178113358583288139
-0.0470470470470499974, 0.1305324600045179861
-0.0445445445445400018, 0.1454470160611384399
-0.0420420420420399982, 0.1630895005265949882
-0.0395395395395400015, 0.1841674809545583436
-0.0370370370370399979, 0.2096333561697827919
-0.0345345345345300023, 0.2407933187247843221
-0.0320320320320299987, 0.2794772588335256991
-0.0295295295295299985, 0.3283118073261662717
-0.0270270270270299984, 0.3911745589711131954
-0.0245245245245199993, 0.4739805345619133026
-0.0220220220220199991, 0.5861091520896539731
-0.0195195195195199990, 0.7431411294833969450
-0.0170170170170199989, 0.9724706310726352054
-0.0145145145145099998, 1.3257953882192863304
-0.0120120120120099996, 1.9099098511385921295
-0.0095095095095099995, 2.9731933510385006869
-0.0070070070070070000, 5.1925994454441104509
-0.0045045045045049997, 10.8274122847645770662
-0.0020020020020019998, 28.0118121033584515089
0.0005005005005005000, 44.2028831996446456287
0.0030030030030029999, 18.8205128848051259638
0.0055055055055059999, 7.8603646636045922946
0.0080080080080079993, 4.0839885080385922578
0.0105105105105099995, 2.4630135198410716413
0.0130130130130099997, 1.6377141870719436056
0.0155155155155200005, 1.1647063581588161796
0.0180180180180199989, 0.8696789845146668529
0.0205205205205199991, 0.6737233557741278966
0.0230230230230199992, 0.5371222785037427228
0.0255255255255299983, 0.4381824718506074912
0.0280280280280299984, 0.3642640470004274156
0.0305305305305299986, 0.3076067918922327227
0.0330330330330299987, 0.2632363270257951360
0.0355355355355400013, 0.2278465721592464466
0.0380380380380399979, 0.1991716065625865895
0.0405405405405400016, 0.1756167650502022115
0.0430430430430399982, 0.1560336629401122555
0.0455455455455500008, 0.1395784355692611112
0.0480480480480499975, 0.1256198174987763760
0.0505505505505500011, 0.1136780122112681923
0.0530530530530499977, 0.1033831134373523475
0.0555555555555600003, 0.0944462493296792938
0.0580580580580599970, 0.0866391897396153188
0.0605605605605600006, 0.0797796958175023274
0.0630630630630600042, 0.0737208365697461648
0.0655655655655699998, 0.0683430911842366900
0.0680680680680700034, 0.0635484371986699548
0.0705705705705699932, 0.0592558739137443169
0.0730730730730699968, 0.0553979963636234349
0.0755755755755800063, 0.0519183473418269592
0.0780780780780799960, 0.0487693519704508263
0.0805805805805799996, 0.0459106928664622521
0.0830830830830800032, 0.0433080217057844122
0.0855855855855899988, 0.0409319299035658321
0.0880880880880900025, 0.0387571205385265349
0.0905905905905900061, 0.0367617377910683940
0.0930930930930899958, 0.0349268205695353814
0.0955955955956000053, 0.0332358547246625960
0.0980980980980999950, 0.0316744040384112635
0.1006006006005999986, 0.0302298045423940072
0.1031031031031000023, 0.0288909100455319069
0.1056056056056000059, 0.0276478792986939899
0.1081081081080999956, 0.0264919971906743684
0.1106106106105999992, 0.0254155238976531556
0.1131131131131000028, 0.0244115671025966242
0.1156156156156000064, 0.0234739733402258149
0.1181181181180999962, 0.0225972352659101310
0.1206206206205999998, 0.0217764122373897487
0.1231231231231000034, 0.0210070620702021565
0.1256256256256000070, 0.0202851822067547233
0.1281281281281000106, 0.0196071588448721197
0.1306306306305999865, 0.0189697228195983975
0.1331331331330999901, 0.0183699112338940491
0.1356356356355999937, 0.0178050339988893788
0.1381381381380999973, 0.0172726445797995315
0.1406406406406000009, 0.0167705143552020139
0.1431431431431000045, 0.0162966100896633562
0.1456456456456000081, 0.0158490740962907058
0.1481481481481000118, 0.0154262067295645490
0.1506506506506999910, 0.0150264509020981239
0.1531531531531999946, 0.0146483783636355749
0.1556556556556999982, 0.0142906775181551038
0.1581581581582000018, 0.0139521425866123983
0.1606606606607000054, 0.0136316639496426757
0.1631631631632000090, 0.0133282195272542044
0.1656656656657000126, 0.0130408670718629542
0.1681681681681999885, 0.0127687372674878744
0.1706706706706999921, 0.0125110275420063956
0.1731731731731999957, 0.0122669965114356010
0.1756756756756999993, 0.0120359589855710408
0.1781781781782000029, 0.0118172814732422204
0.1806806806807000065, 0.0116103781331502662
0.1831831831832000101, 0.0114147071229212214
0.1856856856857000138, 0.0112297673047917039
0.1881881881881999896, 0.0110550952713710255
0.1906906906906999932, 0.0108902626593047700
0.1931931931931999968, 0.0107348737224914406
0.1956956956957000004, 0.0105885631398542450
0.1981981981982000041, 0.0104509940356117860
0.2007007007007000077, 0.0103218561925802893
0.2032032032032000113, 0.0102008644413256813
0.2057057057056999871, 0.0100877572100074551
0.2082082082081999908, 0.0099822952215542493
0.2107107107106999944, 0.0098842603264141723
0.2132132132131999980, 0.0097934544605584456
0.2157157157157000016, 0.0097096987197080077
0.2182182182182000052, 0.0096328325419203411
0.2207207207207000088, 0.0095627129917355592
0.2232232232232000124, 0.0094992141400531971
0.2257257257256999883, 0.0094422265348082894
0.2282282282281999919, 0.0093916567583500060
0.2307307307306999955, 0.0093474270682106161
0.2332332332331999991, 0.0093094751186970463
0.2357357357357000027, 0.0092777537614524598
0.2382382382382000063, 0.0092522309238307360
0.2407407407407000099, 0.0092328895646115548
0.2432432432432000136, 0.0092197277072676529
0.2457457457456999894, 0.0092127585516874246
0.2482482482481999930, 0.0092120106659656798
0.2507507507508000000, 0.0092175282606120866
0.2532532532533000036, 0.0092293715483019630
0.2557557557558000072, 0.0092476171931183369
0.2582582582583000108, 0.0092723588541204043
0.2607607607608000144, 0.0093037078290355655
0.2632632632633000180, 0.0093417938049245551
0.2657657657658000216, 0.0093867657238312120
0.2682682682683000253, 0.0094387927727172857
0.2707707707707999734, 0.0094980655084239730
0.2732732732732999770, 0.0095647971300197518
0.2757757757757999806, 0.0096392249127196308
0.2782782782782999842, 0.0097216118196308127
0.2807807807807999878, 0.0098122483099330263
0.2832832832832999914, 0.0099114543647897142
0.2857857857857999950, 0.0100195817553645483
0.2882882882882999986, 0.0101370165808542401
0.2907907907908000023, 0.0102641821085251751
0.2932932932933000059, 0.0104015419524506984
0.2957957957958000095, 0.0105496036331048336
0.2982982982983000131, 0.0107089225663103606
0.3008008008008000167, 0.0108801065374287426
0.3033033033033000203, 0.0110638207253133079
0.3058058058058000239, 0.0112607933506598673
0.3083083083083000275, 0.0114718220352701232
0.3108108108107999756, 0.0116977809727378534
0.3133133133132999792, 0.0119396290276010571
0.3158158158157999829, 0.0121984188995931248
0.3183183183182999865, 0.0124753075129055320
0.3208208208207999901, 0.0127715678181277020
0.3233233233232999937, 0.0130886022277192024
0.3258258258257999973, 0.0134279579456928547
0.3283283283283000009, 0.0137913445001357961
0.3308308308308000045, 0.0141806538451271381
0.3333333333333000081, 0.0145979834688681857
0.3358358358358000118, 0.0150456630303649475
0.3383383383383000154, 0.0155262851515296490
0.3408408408408000190, 0.0160427411198461323
0.3433433433433000226, 0.0165982624148446126
0.3458458458458000262, 0.0171964691673698288
0.3483483483482999743, 0.0178414269040876941
0.3508508508509000090, 0.0185377132339838227
0.3533533533534000126, 0.0192904965159131844
0.3558558558559000162, 0.0201056290291217396
0.3583583583584000198, 0.0209897577819618888
0.3608608608609000235, 0.0219504568775729832
0.3633633633634000271, 0.0229963863625611588
0.3658658658658999752, 0.0241374837879852963
0.3683683683683999788, 0.0253851964097791191
0.3708708708708999824, 0.0267527641835691964
0.3733733733733999860, 0.0282555666544395852
0.3758758758758999896, 0.0299115507682867557
0.3783783783783999932, 0.0317417619091901956
0.3808808808808999968, 0.0337710076265523018
0.3833833833834000004, 0.0360286933213566918
0.3858858858859000041, 0.0385498827292559201
0.3883883883884000077, 0.0413766550199313535
0.3908908908909000113, 0.0445598571999167858
0.3933933933934000149, 0.0481613890169301090
0.3958958958959000185, 0.0522572135141790017
0.3983983983984000221, 0.0569413688635720047
0.4009009009009000257, 0.0623313806284930758
0.4034034034033999738, 0.0685756617820574704
0.4059059059058999774, 0.0758637798649543366
0.4084084084083999810, 0.0844409332798509299
0.4109109109108999847, 0.0946287280474078368
0.4134134134133999883, 0.1068555903803308782
0.4159159159158999919, 0.1217022729826159333
0.4184184184183999955, 0.1399716464823226314
0.4209209209208999991, 0.1627987628995170855
0.4234234234234000027, 0.1918300339953955269
0.4259259259259000063, 0.2295257830643545605
0.4284284284284000099, 0.2796932829292418377
0.4309309309309000136, 0.3484739647540975316
0.4334334334334000172, 0.4462839911931134607
0.4359359359359000208, 0.5919144611532395350
0.4384384384384000244, 0.8220023241151659388
0.4409409409408999725, 1.2155061342887985010
0.4434434434433999761, 1.9667361016553130959
0.4459459459458999797, 3.6465361016542852113
0.4484484484483999833, 8.3091333532573923293
0.4509509509510000180, 21.2699590162535407956
0.4534534534535000216, 18.4069960595927035740
0.4559559559560000253, 7.0285190697268360438
0.4584584584584999734, 3.2180325789856913943
0.4609609609609999770, 1.7872504298391052036
0.4634634634634999806, 1.1257968715096158263
0.4659659659659999842, 0.7712825105893359456
0.4684684684684999878, 0.5605904669699540710
0.4709709709709999914, 0.4256218304554038601
0.4734734734734999950, 0.3341326265748473245
0.4759759759759999986, 0.2693262285840401504
0.4784784784785000022, 0.2217775419207108634
0.4809809809810000059, 0.1858744545228089851
0.4834834834835000095, 0.1581095353159332195
0.4859859859860000131, 0.1362008157189404101
0.4884884884885000167, 0.1186124339730355026
0.4909909909910000203, 0.1042803121791505278
0.4934934934935000239, 0.0924485499763286478
0.4959959959960000275, 0.0825683128614714129
0.4984984984984999756, 0.0742333749018613404
0.5010010010009999792, 0.0671378927186447455
0.5035035035035000384, 0.0610480672361627050
0.5060060060059999865, 0.0557827116825155775
0.5085085085085000456, 0.0511996667504213132
0.5110110110109999937, 0.0471861364073046935
0.5135135135135000528, 0.0436517032237522321
0.5160160160160000009, 0.0405232070092677935
0.5185185185184999490, 0.0377409398355860112
0.5210210210210000081, 0.0352557846422968807
0.5235235235234999562, 0.0330270392787491290
0.5260260260260000154, 0.0310207446251661925
0.5285285285284999635, 0.0292083876677125057
0.5310310310310000226, 0.0275658864444464809
0.5335335335334999707, 0.0260727889835942021
0.5360360360360000298, 0.0247116362011824547
0.5385385385384999779, 0.0234674515073537600
0.5410410410410000370, 0.0223273291258485988
0.5435435435434999851, 0.0212800999006839547
0.5460460460460000442, 0.0203160583628957635
0.5485485485484999924, 0.0194267385546947821
0.5510510510510999715, 0.0186047289068901819
0.5535535535536000307, 0.0178435185850095400
0.5560560560560999788, 0.0171373693370208552
0.5585585585586000379, 0.0164812081187318549
0.5610610610610999860, 0.0158705367349047284
0.5635635635636000451, 0.0153013554832910140
0.5660660660660999932, 0.0147700983758107772
0.5685685685686000523, 0.0142735779737515438
0.5710710710711000004, 0.0138089382405235522
0.5735735735735999485, 0.0133736141076364785
0.5760760760761000077, 0.0129652966834908415
0.5785785785785999558, 0.0125819032228071549
0.5810810810811000149, 0.0122215511266790568
0.5835835835835999630, 0.0118825353667898446
0.5860860860861000221, 0.0115633088280832005
0.5885885885885999702, 0.0112624651466721008
0.5910910910911000293, 0.0109787236875797563
0.5935935935935999774, 0.0107109163628571376
0.5960960960961000366, 0.0104579760369548514
0.5985985985985999847, 0.0102189263047310734
0.6011011011011000438, 0.0099928724595819245
0.6036036036035999919, 0.0097789934960376690
0.6061061061061000510, 0.0095765350137050603
0.6086086086085999991, 0.0093848029084054752
0.6111111111110999472, 0.0092031577523718905
0.6136136136136000063, 0.0090310097789235901
0.6161161161160999544, 0.0088678143985450528
0.6186186186186000135, 0.0087130681830893120
0.6211211211210999616, 0.0085663052631835546
0.6236236236236000208, 0.0084270940910636267
0.6261261261260999689, 0.0082950345271943782
0.6286286286286000280, 0.0081697552143012477
0.6311311311310999761, 0.0080509112069776546
0.6336336336336000352, 0.0079381818289506190
0.6361361361360999833, 0.0078312687334774304
0.6386386386386000424, 0.0077298941452851712
0.6411411411410999905, 0.0076337992650181777
0.6436436436436000497, 0.0075427428193808651
0.6461461461460999978, 0.0074564997421015904
0.6486486486485999459, 0.0073748599725366355
0.6511511511512000361, 0.0072976273602155372
0.6536536536536999842, 0.0072246186649288406
0.6561561561562000433, 0.0071556626431007742
0.6586586586586999914, 0.0070905992121941255
0.6611611611612000505, 0.0070292786857794193
0.6636636636636999986, 0.0069715610726822736
0.6661661661661999467, 0.0069173154343134344
0.6686686686687000059, 0.0068664192948978183
0.6711711711711999540, 0.0068187580998614163
0.6736736736737000131, 0.0067742247181166795
0.6761761761761999612, 0.0067327189844156431
0.6786786786787000203, 0.0066941472783217278
0.6811811811811999684, 0.0066584221366917211
0.6836836836837000275, 0.0066254618968636155
0.6861861861861999756, 0.0065951903680180508
0.6886886886887000347, 0.0065675365284249155
0.6911911911911999828, 0.0065424342465052396
0.6936936936937000420, 0.0065198220238350266
0.6961961961961999901, 0.0064996427583942648
0.6986986986987000492, 0.0064818435265236018
0.7012012012011999973, 0.0064663753821947705
0.7037037037036999454, 0.0064531931723305564
0.7062062062062000045, 0.0064422553670275750
0.7087087087086999526, 0.0064335239036415028
0.7112112112112000117, 0.0064269640437910188
0.7137137137136999598, 0.0064225442424245757
0.7162162162162000190, 0.0064202360281741724
0.7187187187186999671, 0.0064200138942933386
0.7212212212212000262, 0.0064218551995433824
0.7237237237236999743, 0.0064257400784532405
0.7262262262262000334, 0.0064316513604345382
0.7287287287286999815, 0.0064395744972853214
0.7312312312312000406, 0.0064494974986639003
0.7337337337336999887, 0.0064614108751585731
0.7362362362362000479, 0.0064753075886203083
0.7387387387386999960, 0.0064911830094639949
0.7412412412412000551, 0.0065090348806799070
0.7437437437437000032, 0.0065288632883310129
0.7462462462461999513, 0.0065506706383437613
0.7487487487487000104, 0.0065744616394305122
0.7512512512512999896, 0.0066002432920107476
0.7537537537538000487, 0.0066280248830261953
0.7562562562562999968, 0.0066578179865718588
0.7587587587587999449, 0.0066896364702911911
0.7612612612613000040, 0.0067234965075091777
0.7637637637637999521, 0.0067594165951023379
0.7662662662663000113, 0.0067974175771295577
0.7687687687687999594, 0.0068375226742726156
0.7712712712713000185, 0.0068797575191601717
0.7737737737737999666, 0.0069241501976743426
0.7762762762763000257, 0.0069707312963646038
0.7787787787787999738, 0.0070195339561200682
0.7812812812813000329, 0.0070705939322783119
0.7837837837837999810, 0.0071239496613768492
0.7862862862863000402, 0.0071796423347826443
0.7887887887887999883, 0.0072377159794654398
0.7912912912913000474, 0.0072982175462128363
0.7937937937937999955, 0.0073611970056187926
0.7962962962963000546, 0.0074267074522131379
0.7987987987988000027, 0.0074948052171376752
0.8013013013012999508, 0.0075655499898151192
0.8038038038038000099, 0.0076390049491005824
0.8063063063062999580, 0.0077152369044518280
0.8088088088088000172, 0.0077943164477047092
0.8113113113112999653, 0.0078763181160941172
0.8138138138138000244, 0.0079613205672191441
0.8163163163162999725, 0.0080494067667141386
0.8188188188188000316, 0.0081406641894558596
0.8213213213212999797, 0.0082351850352110519
0.8238238238238000388, 0.0083330664597095136
0.8263263263262999869, 0.0084344108222157467
0.8288288288288000460, 0.0085393259507680081
0.8313313313312999941, 0.0086479254263584354
0.8338338338338000533, 0.0087603288874422165
0.8363363363363000014, 0.0088766623562892936
0.8388388388387999495, 0.0089970585888291908
0.8413413413413000086, 0.0091216574497906353
0.8438438438437999567, 0.0092506063151026174
0.8463463463463000158, 0.0093840605037062794
0.8488488488487999639, 0.0095221837411270122
0.8513513513514000541, 0.0096651486573771060
0.8538538538539000022, 0.0098131373220036629
0.8563563563563999503, 0.0099663418193646856
0.8588588588589000095, 0.0101249648675154052
0.8613613613613999576, 0.0102892204844155719
0.8638638638639000167, 0.0104593347055343122
0.8663663663663999648, 0.0106355463573349386
0.8688688688689000239, 0.0108181078915716797
0.8713713713713999720, 0.0110072862858323871
0.8738738738739000311, 0.0112033640163183602
0.8763763763763999792, 0.0114066401094745119
0.8788788788789000384, 0.0116174312797778963
0.8813813813813999865, 0.0118360731617673000
0.8838838838839000456, 0.0120629216452662336
0.8863863863863999937, 0.0122983543237234448
0.8888888888889000528, 0.0125427720666869587
0.8913913913914000009, 0.0127966007286544545
0.8938938938938999490, 0.0130602930079212996
0.8963963963964000081, 0.0133343304706034643
0.8988988988988999562, 0.0136192257567654650
0.9014014014014000153, 0.0139155249875653995
0.9039039039038999634, 0.0142238103945729350
0.9064064064064000226, 0.0145447031949563991
0.9089089089088999707, 0.0148788667391234683
0.9114114114114000298, 0.0152270099606796848
0.9139139139138999779, 0.0155898911623082153
0.9164164164164000370, 0.0159683221754393576
0.9189189189188999851, 0.0163631729364521507
0.9214214214214000442, 0.0167753765277346562
0.9239239239238999923, 0.0172059347383321758
0.9264264264264000515, 0.0176559242062744211
0.9289289289288999996, 0.0181265032131513494
0.9314314314313999477, 0.0186189192112891089
0.9339339339339000068, 0.0191345171751944147
0.9364364364363999549, 0.0196747488820463202
0.9389389389389000140, 0.0202411832412449227
0.9414414414413999621, 0.0208355178107577400
0.9439439439439000212, 0.0214595916586905050
0.9464464464463999693, 0.0221153997527126361
0.9489489489489000285, 0.0228051090883423756
0.9514514514515000076, 0.0235310768004607547
0.9539539539539999558, 0.0242958705417527232
0.9564564564565000149, 0.0251022914582590614
0.9589589589589999630, 0.0259534001473359019
0.9614614614615000221, 0.0268525460488356418
0.9639639639639999702, 0.0278034007984617124
0.9664664664665000293, 0.0288099961657309264
0.9689689689689999774, 0.0298767673111721109
0.9714714714715000365, 0.0310086022325244785
0.9739739739739999846, 0.0322108984330123430
0.9764764764765000438, 0.0334896280428871179
0.9789789789789999919, 0.0348514128666673056
0.9814814814815000510, 0.0363036111234176506
0.9839839839839999991, 0.0378544180094461391
0.9864864864864999472, 0.0395129826591234939
0.9889889889890000063, 0.0412895446322673471
0.9914914914914999544, 0.0431955937442553284
0.9939939939940000135, 0.0452440579148814942
0.9964964964964999616, 0.0474495247925815281
0.9989989989990000208, 0.0498285042759416541
1.0015015015019999023, 0.0523997407891300115
1.0040040040039999170, 0.0551845863849867863
1.0065065065070000205, 0.0582074486007273031
1.0090090090090000352, 0.0614963306818442010
1.0115115115119999167, 0.0650834865998006357
1.0140140140139999314, 0.0690062196035127751
1.0165165165170000350, 0.0733078613974224580
1.0190190190190000497, 0.0780389801778378633
1.0215215215219999312, 0.0832588807411174803
1.0240240240239999459, 0.0890374802119333619
1.0265265265270000494, 0.0954576708077137237
1.0290290290290000641, 0.1026183196422877780
1.0315315315319999456, 0.1106381095912937068
1.0340340340339999603, 0.1196605017610888055
1.0365365365370000639, 0.1298602098694802975
1.0390390390390000785, 0.1414517364584161330
1.0415415415419999601, 0.1547007563732198943
1.0440440440439999747, 0.1699394860027668708
1.0465465465470000783, 0.1875877152234671497
1.0490490490490000930, 0.2081820156925722198
1.0515515515519999745, 0.2324169661923894958
1.0540540540539999892, 0.2612043883630095209
1.0565565565570000928, 0.2957601656686195679
1.0590590590590001074, 0.3377343366034431527
1.0615615615619999890, 0.3894109361859047769
1.0640640640640000036, 0.4540237303605015873
1.0665665665670001072, 0.5362712959018389736
1.0690690690689998998, 0.6431888693259052436
1.0715715715720000034, 0.7856887343509095789
1.0740740740740000181, 0.9814226710261398923
1.0765765765769998996, 1.2604314576656356905
1.0790790790789999143, 1.6771406331903504494
1.0815815815820000179, 2.3382400639424769651
1.0840840840840000325, 3.4752993616903999907
1.0865865865869999141, 5.6636232559086394645
1.0890890890889999287, 10.6144678742447506892
1.0915915915920000323, 24.5447732232915747375
1.0940940940940000470, 61.7340049901726928283
1.0965965965969999285, 48.5431024079070425614
1.0990990990989999432, 18.5381535194638651376
1.1016016016020000468, 8.6061364518372585053
1.1041041041040000614, 4.8238821401212446105
1.1066066066069999430, 3.0565101584193037354
1.1091091091089999576, 2.1022616306266286301
1.1116116116120000612, 1.5321828976603995009
1.1141141141140000759, 1.1656041431455834712
1.1166166166169999574, 0.9164119904112866255
1.1191191191189999721, 0.7395188708243345399
1.1216216216220000756, 0.6095228580167019183
1.1241241241240000903, 0.5112493928154940859
1.1266266266269999718, 0.4351894462561702315
1.1291291291289999865, 0.3751426033321400011
1.1316316316320000901, 0.3269279195082797074
1.1341341341340001048, 0.2876441658737318163
1.1366366366369999863, 0.2552276084756647245
1.1391391391390000010, 0.2281781553839353216
1.1416416416420001045, 0.2053844714052492915
1.1441441441439998972, 0.1860092334302999029
1.1466466466470000007, 0.1694120196252603960
1.1491491491490000154, 0.1550963702859799453
1.1516516516519998969, 0.1426727399877247560
1.1541541541539999116, 0.1318321187822646678
1.1566566566570000152, 0.1223269537132851553
1.1591591591590000299, 0.1139571526997826129
1.1616616616619999114, 0.1065596830971811959
1.1641641641639999261, 0.1000007499871615191
1.1666666666670000296, 0.0941698509273087153
1.1691691691690000443, 0.0889752128741355119
1.1716716716719999258, 0.0843402593201436068
1.1741741741739999405, 0.0802008540390284214
1.1766766766770000441, 0.0765031367383471883
1.1791791791790000588, 0.0732018148314365347
1.1816816816819999403, 0.0702588107111086213
1.1841841841839999550, 0.0676421895310222732
1.1866866866870000585, 0.0653253114331481810
1.1891891891890000732, 0.0632861663773428285
1.1916916916919999547, 0.0615068606232960502
1.1941941941939999694, 0.0599732324887864918
1.1966966966970000730, 0.0586745820074625959
1.1991991991990000876, 0.0576035051169638546
1.2017017017019999692, 0.0567558285125383255
1.2042042042039999838, 0.0561306467535291551
1.2067067067070000874, 0.0557304690775672074
1.2092092092090001021, 0.0555614902024935964
1.2117117117119999836, 0.0556340078712287342
1.2142142142139999983, 0.0559630209668369738
1.2167167167170001019, 0.0565690570524940359
1.2192192192189998945, 0.0574792991901183770
1.2217217217219999981, 0.0587291119319211935
1.2242242242240000127, 0.0603641102381682892
1.2267267267269998943, 0.0624429803388553487
1.2292292292289999089, 0.0650413605243531784
1.2317317317320000125, 0.0682572428831108025
1.2342342342340000272, 0.0722185985982388423
1.2367367367369999087, 0.0770943194678935240
1.2392392392389999234, 0.0831102136916540418
1.2417417417420000270, 0.0905728910978985252
1.2442442442440000416, 0.0999062950917958686
1.2467467467469999232, 0.1117091214737733484
1.2492492492489999378, 0.1268479200340931201
1.2517517517520000414, 0.1466135606386166079
1.2542542542540000561, 0.1729953645977549415
1.2567567567569999376, 0.2091854562821988395
1.2592592592589999523, 0.2605623083453068589
1.2617617617620000559, 0.3367487205808420980
1.2642642642640000705, 0.4563081712410401169
1.2667667667669999521, 0.6586961293397491923
1.2692692692689999667, 1.0392215975877983070
1.2717717717720000703, 1.8711002550719870730
1.2742742742740000850, 4.1163886770465687448
1.2767767767769999665, 10.7140745389947902311
1.2792792792789999812, 11.2944437199462672794
1.2817817817820000847, 4.3736496040797323559
1.2842842842840000994, 1.9570006681806226823
1.2867867867869999809, 1.0749729851886440368
1.2892892892889999956, 0.6762961892423288157
1.2917917917920000992, 0.4659706838643259408
1.2942942942939998918, 0.3424187911625093395
1.2967967967969999954, 0.2640022562939007278
1.2992992992990000101, 0.2112749834859924403
1.3018018018019998916, 0.1742140448184505974
1.3043043043039999063, 0.1472428280460335581
1.3068068068070000098, 0.1270641390998821507
1.3093093093090000245, 0.1116299606650593690
1.3118118118119999060, 0.0996154085644160719
1.3143143143139999207, 0.0901338405222715244
1.3168168168170000243, 0.0825747593870982538
1.3193193193190000390, 0.0765076372005931149
1.3218218218219999205, 0.0716227659103483710
1.3243243243239999352, 0.0676937372702885870
1.3268268268270000387, 0.0645530004118416711
1.3293293293290000534, 0.0620755733643772734
1.3318318318319999349, 0.0601679828002665493
1.3343343343339999496, 0.0587606451615394348
1.3368368368370000532, 0.0578025720675669416
1.3393393393390000679, 0.0572576883852795107
1.3418418418419999494, 0.0571023039328442672
1.3443443443439999641, 0.0573234419819686619
1.3468468468470000676, 0.0579178357233382096
1.3493493493490000823, 0.0588914793838774264
1.3518518518519999638, 0.0602596773842415667
1.3543543543539999785, 0.0620475820164327202
1.3568568568570000821, 0.0642912545920952261
1.3593593593590000967, 0.0670393331337101328
1.3618618618619999783, 0.0703554482852732643
1.3643643643639999929, 0.0743216069919081790
1.3668668668670000965, 0.0790428732806031792
1.3693693693689998891, 0.0846538366390512803
1.3718718718719999927, 0.0913276023528064029
1.3743743743740000074, 0.0992884167159640979
1.3768768768770001110, 0.1088296420388885910
1.3793793793789999036, 0.1203397775947109144
1.3818818818820000072, 0.1343408644327035439
1.3843843843840000218, 0.1515464388641041826
1.3868868868869999034, 0.1729512239196490386
1.3893893893889999180, 0.1999740023426906377
1.3918918918920000216, 0.2346928601846050289
1.3943943943940000363, 0.2802476199374682730
1.3968968968969999178, 0.3415597186505819338
1.3993993993989999325, 0.4266896957554179304
1.4019019019020000361, 0.5495641512947160301
1.4044044044040000507, 0.7358927645798284400
1.4069069069069999323, 1.0372979220415770030
1.4094094094089999469, 1.5694112222916278832
1.4119119119120000505, 2.6318907073705100075
1.4144144144140000652, 5.1657003265869487763
1.4169169169169999467, 12.6733889530003551727
1.4194194194189999614, 27.4693749892066243490
1.4219219219220000650, 15.0931675968586826997
1.4244244244240000796, 5.9397985673978972443
1.4269269269269999612, 2.9209021776122936487
1.4294294294289999758, 1.7015245493200106264
1.4319319319320000794, 1.1066138411016330778
1.4344344344340000941, 0.7756099988481274243
1.4369369369369999756, 0.5735175468814333044
1.4394394394389999903, 0.4414098332870481367
1.4419419419420000938, 0.3504343310135624723
1.4444444444440001085, 0.2851667553603899341
1.4469469469469999900, 0.2367725835952154689
1.4494494494490000047, 0.1999030862041688006
1.4519519519520001083, 0.1711691470788422043
1.4544544544539999009, 0.1483401468883421837
1.4569569569570000045, 0.1298999275330529335
1.4594594594590000192, 0.1147891007526491147
1.4619619619619999007, 0.1022495016652068822
1.4644644644639999154, 0.0917270491055532378
1.4669669669670000189, 0.0828092510049070474
1.4694694694690000336, 0.0751839315810643866
1.4719719719719999151, 0.0686113325950903769
1.4744744744739999298, 0.0629048588768533756
1.4769769769770000334, 0.0579175390712411073
1.4794794794790000481, 0.0535323429791683889
1.4819819819819999296, 0.0496551498730639987
1.4844844844839999443, 0.0462095699809999191
1.4869869869870000478, 0.0431330815077626481
1.4894894894890000625, 0.0403741148059198057
1.4919919919919999440, 0.0378898273855375750
1.4944944944939999587, 0.0356443888964175712
1.4969969969970000623, 0.0336076467786889932
1.4994994994990000770, 0.0317540790145052834
1.5020020020019999585, 0.0300619655070388687
1.5045045045050000621, 0.0285127274478277071
1.5070070070070000767, 0.0270903968537100429
1.5095095095099999583, 0.0257811877682085286
1.5120120120119999729, 0.0245731474559023090
1.5145145145150000765, 0.0234558709794036521
1.5170170170170000912, 0.0224202663298937871
1.5195195195199999727, 0.0214583601308426519
1.5220220220219999874, 0.0205631360974705239
1.5245245245250000909, 0.0197284000889393907
1.5270270270270001056, 0.0189486668646733185
1.5295295295299999871, 0.0182190646444338154
1.5320320320320000018, 0.0175352543429362698
1.5345345345350001054, 0.0168933609552221579
1.5370370370369998980, 0.0162899150470191614
1.5395395395400000016, 0.0157218026838321437
1.5420420420420000163, 0.0151862224353794366
1.5445445445449998978, 0.0146806483348998103
1.5470470470469999125, 0.0142027978686262053
1.5495495495500000160, 0.0137506042292018030
1.5520520520520000307, 0.0133221921956858391
1.5545545545549999122, 0.0129158571080267553
1.5570570570569999269, 0.0125300464901485081
1.5595595595600000305, 0.0121633439468072160
1.5620620620620000452, 0.0118144550180300217
1.5645645645649999267, 0.0114821947235830696
1.5670670670669999414, 0.0111654765703774663
1.5695695695700000449, 0.0108633028294927193
1.5720720720720000596, 0.0105747559177845427
1.5745745745749999411, 0.0102989907427987193
1.5770770770769999558, 0.0100352278897314594
1.5795795795800000594, 0.0097827475460918432
1.5820820820820000741, 0.0095408840740516358
1.5845845845849999556, 0.0093090211526483738
1.5870870870869999703, 0.0090865874223787814
1.5895895895900000738, 0.0088730525735799554
1.5920920920920000885, 0.0086679238275814731
1.5945945945949999700, 0.0084707427661187742
1.5970970970969999847, 0.0082810824700998865
1.5995995996000000883, 0.0080985449336425826
1.6021021021020001029, 0.0079227587234701538
1.6046046046049999845, 0.0077533768573655737
1.6071071071069999991, 0.0075900748785145446
1.6096096096100001027, 0.0074325491052936966
1.6121121121119998953, 0.0072805150384304311
1.6146146146149999989, 0.0071337059095317300
1.6171171171170000136, 0.0069918713567888729
1.6196196196199998951, 0.0068547762152500052
1.6221221221219999098, 0.0067221994104431897
1.6246246246250000134, 0.0065939329453547357
1.6271271271270000280, 0.0064697809718435480
1.6296296296299999096, 0.0063495589385208218
1.6321321321319999242, 0.0062330928079622917
1.6346346346350000278, 0.0061202183368611312
1.6371371371370000425, 0.0060107804133860462
1.6396396396399999240, 0.0059046324465913558
1.6421421421419999387, 0.0058016358032430947
1.6446446446450000423, 0.0057016592878853817
1.6471471471470000569, 0.0056045786623811749
1.6496496496499999385, 0.0055102762015272191
1.6521521521519999531, 0.0054186402816695529
1.6546546546550000567, 0.0053295649995380159
1.6571571571570000714, 0.0052429498187797274
1.6596596596599999529, 0.0051586992419059459
1.6621621621619999676, 0.0050767225055771562
1.6646646646650000712, 0.0049969332973403722
1.6671671671670000858, 0.0049192494921026899
1.6696696696699999674, 0.0048435929067784560
1.6721721721719999820, 0.0047698890716854634
1.6746746746750000856, 0.0046980670173903671
1.6771771771770001003, 0.0046280590758161272
1.6796796796799999818, 0.0045598006945262066
1.6821821821819999965, 0.0044932302631925502
1.6846846846850001000, 0.0044282889513379223
1.6871871871869998927, 0.0043649205565191099
1.6896896896899999962, 0.0043030713621863264
1.6921921921920000109, 0.0042426900045167771
1.6946946946949998924, 0.0041837273475772855
1.6971971971969999071, 0.0041261363662227542
1.6996996997000000107, 0.0040698720361844656
1.7022022022020000254, 0.0040148912308453511
1.7047047047049999069, 0.0039611526242386806
1.7072072072069999216, 0.0039086165998426332
1.7097097097100000251, 0.0038572451647759885
1.7122122122120000398, 0.0038070018690303581
1.7147147147149999213, 0.0037578517294018813
1.7172172172169999360, 0.0037097611578105470
1.7197197197200000396, 0.0036626978937185210
1.7222222222220000543, 0.0036166309403800768
1.7247247247249999358, 0.0035715305046752823
1.7272272272269999505, 0.0035273679402975503
1.7297297297300000540, 0.0034841156940816752
1.7322322322320000687, 0.0034417472552742082
1.7347347347349999502, 0.0034002371075619962
1.7372372372369999649, 0.0033595606836876691
1.7397397397400000685, 0.0033196943224927450
1.7422422422420000832, 0.0032806152282400373
1.7447447447449999647, 0.0032423014320772008
1.7472472472469999794, 0.0032047317555126409
1.7497497497500000829, 0.0031678857757837103
1.7522522522520000976, 0.0031317437930051392
1.7547547547549999791, 0.0030962867989930815
1.7572572572569999938, 0.0030614964476670887
1.7597597597600000974, 0.0030273550269386655
1.7622622622619998900, 0.0029938454320010436
1.7647647647649999936, 0.0029609511399402728
1.7672672672670000082, 0.0029286561855928614
1.7697697697699998898, 0.0028969451385799446
1.7722722722719999044, 0.0028658030814523745
1.7747747747750000080, 0.0028352155888852291
1.7772772772770000227, 0.0028051687078640584
1.7797797797799999042, 0.0027756489388087676
1.7822822822819999189, 0.0027466432175843160
1.7847847847850000225, 0.0027181388983505430
1.7872872872870000371, 0.0026901237372062795
1.7897897897899999187, 0.0026625858765856204
1.7922922922919999333, 0.0026355138303667336
1.7947947947950000369, 0.0026088964696559204
1.7972972972970000516, 0.0025827230092118529
1.7997997997999999331, 0.0025569829944769424
1.8023023023019999478, 0.0025316662891847249
1.8048048048050000514, 0.0025067630635139332
1.8073073073070000660, 0.0024822637827616118
1.8098098098099999476, 0.0024581591965091888
1.8123123123119999622, 0.0024344403282569238
1.8148148148150000658, 0.0024110984655034860
1.8173173173170000805, 0.0023881251502487497
1.8198198198199999620, 0.0023655121698990993
1.8223223223219999767, 0.0023432515485556629
1.8248248248250000803, 0.0023213355386669772
1.8273273273270000949, 0.0022997566130286010
1.8298298298299999765, 0.0022785074571131021
1.8323323323319999911, 0.0022575809617147924
1.8348348348350000947, 0.0022369702158943532
1.8373373373370001094, 0.0022166685002093338
1.8398398398399999909, 0.0021966692802172097
1.8423423423420000056, 0.0021769662002384125
1.8448448448450001091, 0.0021575530773673716
1.8473473473469999018, 0.0021384238957202505
1.8498498498500000053, 0.0021195728009086238
1.8523523523520000200, 0.0021009940947289089
1.8548548548549999015, 0.0020826822300578657
1.8573573573569999162, 0.0020646318059449765
1.8598598598600000198, 0.0020468375628929949
1.8623623623620000345, 0.0020292943783183472
1.8648648648649999160, 0.0020119972621835285
1.8673673673669999307, 0.0019949413527939955
1.8698698698700000342, 0.0019781219127524268
1.8723723723720000489, 0.0019615343250635941
1.8748748748749999304, 0.0019451740893833766
1.8773773773769999451, 0.0019290368184057996
1.8798798798800000487, 0.0019131182343822485
1.8823823823820000634, 0.0018974141657673005
1.8848848848849999449, 0.0018819205439858750
1.8873873873869999596, 0.0018666334003166500
1.8898898898900000631, 0.0018515488628869465
1.8923923923920000778, 0.0018366631537744735
1.8948948948949999593, 0.0018219725862115852
1.8973973973969999740, 0.0018074735618878561
1.8998998999000000776, 0.0017931625683470095
1.9024024024020000923, 0.0017790361764743925
1.9049049049049999738, 0.0017650910380713745
1.9074074074069999885, 0.0017513238835132122
1.9099099099100000920, 0.0017377315194870629
1.9124124124120001067, 0.0017243108268069985
1.9149149149149999882, 0.0017110587583030034
1.9174174174170000029, 0.0016979723367810580
1.9199199199200001065, 0.0016850486530515657
1.9224224224219998991, 0.0016722848640234795
1.9249249249250000027, 0.0016596781908616090
1.9274274274270000173, 0.0016472259172046885
1.9299299299299998989, 0.0016349253874419099
1.9324324324319999135, 0.0016227740050457011
1.9349349349350000171, 0.0016107692309586339
1.9374374374370000318, 0.0015989085820324505
1.9399399399399999133, 0.0015871896295172471
1.9424424424419999280, 0.0015756099975989745
1.9449449449450000316, 0.0015641673619834679
1.9474474474470000462, 0.0015528594485253026
1.9499499499499999278, 0.0015416840318998295
1.9524524524519999424, 0.0015306389343168430
1.9549549549550000460, 0.0015197220242743580
1.9574574574570000607, 0.0015089312153510615
1.9599599599599999422, 0.0014982644650360579
1.9624624624619999569, 0.0014877197735945755
1.9649649649650000605, 0.0014772951829683590
1.9674674674670000751, 0.0014669887757095320
1.9699699699699999567, 0.0014567986739467478
1.9724724724719999713, 0.0014467230383825016
1.9749749749750000749, 0.0014367600673205229
1.9774774774770000896, 0.0014269079957222107
1.9799799799799999711, 0.0014171650942910998
1.9824824824819999858, 0.0014075296685844136
1.9849849849850000894, 0.0013980000581507595
1.9874874874870001040, 0.0013885746356931006
1.9899899899899999856, 0.0013792518062561358
1.9924924924920000002, 0.0013700300064372630
1.9949949949950001038, 0.0013609077036203510
1.9974974974969998964, 0.0013518833952315490
2.0000000000000000000, 0.0013429556080164020
