# Delta1: 0.46
# Delta2: 1.17
# Delta3: 1.34
# Dq: 0.08800000000000002
# Ds: -0.09000000000000001
# Dt: -0.01999999999999998
# k1_lab: [1, 0, 0]
# k2_lab: [-0.8660254037844387, 0.49999999999999994, 0.0]
# k1_cf: [-0.8191520442889918, -0.5735764363510462, 0.0]
# k2_cf: [0.9961946980917455, 0.0871557427476583, 0.0]
# pol1_lab: [(0, 1, 0), (0, 0, 1)]
# pol2_lab: "[array([-0.5      , -0.8660254,  0.       ]), array([0., 0., 1.])]"
# pol1_cf: "[array([ 0.57357644, -0.81915204,  0.        ]), array([0., 0., 1.])]"
# pol2_cf: "[array([-0.08715574,  0.9961947 ,  0.        ]), array([0., 0., 1.])]"
# cf: "[array([-0.81915204,  0.57357644,  0.        ]), array([-0.57357644, -0.81915204,  0.        ]), array([0., 0., 1.])]"
# th: 100
-0.5000000000000000000, 0.0016462640877475303
-0.4974974974974999964, 0.0016600089317885774
-0.4949949949949999928, 0.0016739449959740217
-0.4924924924924999892, 0.0016880760175176030
-0.4899899899899999856, 0.0017024058274103361
-0.4874874874874999819, 0.0017169383532877761
-0.4849849849849999783, 0.0017316776224005990
-0.4824824824824999747, 0.0017466277646927719
-0.4799799799800000266, 0.0017617930159918240
-0.4774774774775000230, 0.0017771777213158935
-0.4749749749750000194, 0.0017927863383024965
-0.4724724724725000158, 0.0018086234407641562
-0.4699699699700000122, 0.0018246937223763125
-0.4674674674675000086, 0.0018410020005031750
-0.4649649649650000049, 0.0018575532201674564
-0.4624624624625000013, 0.0018743524581702241
-0.4599599599599999977, 0.0018914049273674005
-0.4574574574574999941, 0.0019087159811097809
-0.4549549549549999905, 0.0019262911178537575
-0.4524524524524999869, 0.0019441359859503145
-0.4499499499499000077, 0.0019622563886202296
-0.4474474474474000041, 0.0019806582891238244
-0.4449449449449000005, 0.0019993478161340113
-0.4424424424423999969, 0.0020183312693218642
-0.4399399399398999932, 0.0020376151251643654
-0.4374374374373999896, 0.0020572060429845402
-0.4349349349348999860, 0.0020771108712346539
-0.4324324324323999824, 0.0020973366540337577
-0.4299299299298999788, 0.0021178906379714329
-0.4274274274273999752, 0.0021387802791902151
-0.4249249249249000271, 0.0021600132507598466
-0.4224224224224000235, 0.0021815974503572042
-0.4199199199199000199, 0.0022035410082664932
-0.4174174174174000163, 0.0022258522957150900
-0.4149149149149000126, 0.0022485399335612551
-0.4124124124124000090, 0.0022716128013508131
-0.4099099099099000054, 0.0022950800467608562
-0.4074074074074000018, 0.0023189510954495130
-0.4049049049048999982, 0.0023432356613318989
-0.4024024024023999946, 0.0023679437573034716
-0.3998998998998999910, 0.0023930857064332505
-0.3973973973973999874, 0.0024186721536505881
-0.3948948948948999838, 0.0024447140779505754
-0.3923923923923999801, 0.0024712228051445846
-0.3898898898898999765, 0.0024982100211839936
-0.3873873873873999729, 0.0025256877860867751
-0.3848848848849000248, 0.0025536685484983655
-0.3823823823824000212, 0.0025821651609200863
-0.3798798798799000176, 0.0026111908956403850
-0.3773773773774000140, 0.0026407594614062451
-0.3748748748749000104, 0.0026708850208743804
-0.3723723723724000068, 0.0027015822088842429
-0.3698698698699000031, 0.0027328661515974065
-0.3673673673673999995, 0.0027647524865506670
-0.3648648648648999959, 0.0027972573836731037
-0.3623623623623999923, 0.0028303975673204832
-0.3598598598598999887, 0.0028641903393837489
-0.3573573573573999851, 0.0028986536035319138
-0.3548548548548999815, 0.0029338058906535160
-0.3523523523523999779, 0.0029696663855649204
-0.3498498498497999987, 0.0030062549550581370
-0.3473473473472999951, 0.0030435921773655878
-0.3448448448447999914, 0.0030816993731242826
-0.3423423423422999878, 0.0031205986379273442
-0.3398398398397999842, 0.0031603128765566521
-0.3373373373372999806, 0.0032008658389966541
-0.3348348348347999770, 0.0032422821583361580
-0.3323323323322999734, 0.0032845873906721633
-0.3298298298298000253, 0.0033278080571376191
-0.3273273273273000217, 0.0033719716881833867
-0.3248248248248000181, 0.0034171068702538131
-0.3223223223223000145, 0.0034632432950049861
-0.3198198198198000108, 0.0035104118112253822
-0.3173173173173000072, 0.0035586444796299487
-0.3148148148148000036, 0.0036079746307109122
-0.3123123123123000000, 0.0036584369258419536
-0.3098098098097999964, 0.0037100674218466228
-0.3073073073072999928, 0.0037629036392574831
-0.3048048048047999892, 0.0038169846345092366
-0.3023023023022999856, 0.0038723510763271859
-0.2997997997997999819, 0.0039290453265923070
-0.2972972972972999783, 0.0039871115259853098
-0.2947947947947999747, 0.0040465956847355183
-0.2922922922923000266, 0.0041075457788254744
-0.2897897897898000230, 0.0041700118520294873
-0.2872872872873000194, 0.0042340461241943206
-0.2847847847848000158, 0.0042997031062024125
-0.2822822822823000122, 0.0043670397220933709
-0.2797797797798000086, 0.0044361154388580740
-0.2772772772773000050, 0.0045069924044613598
-0.2747747747748000013, 0.0045797355946953994
-0.2722722722722999977, 0.0046544129695155582
-0.2697697697697999941, 0.0047310956395653688
-0.2672672672672999905, 0.0048098580436570313
-0.2647647647647999869, 0.0048907781380392312
-0.2622622622622999833, 0.0049739375983559172
-0.2597597597597999797, 0.0050594220352783228
-0.2572572572572999761, 0.0051473212248788532
-0.2547547547547999724, 0.0052377293549105107
-0.2522522522523000243, 0.0053307452882596657
-0.2497497497496999896, 0.0054264728449550572
-0.2472472472472000138, 0.0055250211042423055
-0.2447447447447000102, 0.0056265047283728499
-0.2422422422422000066, 0.0057310443099101750
-0.2397397397397000030, 0.0058387667445264774
-0.2372372372371999993, 0.0059498056314509443
-0.2347347347346999957, 0.0060643017039394946
-0.2322322322321999921, 0.0061824032923664656
-0.2297297297296999885, 0.0063042668227951491
-0.2272272272272000126, 0.0064300573541686201
-0.2247247247247000090, 0.0065599491575787025
-0.2222222222222000054, 0.0066941263414232177
-0.2197197197197000018, 0.0068327835266541997
-0.2172172172171999982, 0.0069761265767578169
-0.2147147147146999946, 0.0071243733875961269
-0.2122122122121999910, 0.0072777547427881079
-0.2097097097096999874, 0.0074365152409205295
-0.2072072072072000115, 0.0076009143015666591
-0.2047047047047000079, 0.0077712272578628208
-0.2022022022022000043, 0.0079477465442608884
-0.1996996996997000007, 0.0081307829890522286
-0.1971971971971999971, 0.0083206672223608662
-0.1946946946946999935, 0.0085177512115482863
-0.1921921921921999898, 0.0087224099373800143
-0.1896896896896999862, 0.0089350432258985570
-0.1871871871872000104, 0.0091560777527563801
-0.1846846846847000068, 0.0093859692388178848
-0.1821821821822000032, 0.0096252048581791597
-0.1796796796796999995, 0.0098743058824216738
-0.1771771771771999959, 0.0101338305879624703
-0.1746746746746999923, 0.0104043774568495246
-0.1721721721721999887, 0.0106865887053463199
-0.1696696696697000128, 0.0109811541792386655
-0.1671671671672000092, 0.0112888156600770874
-0.1646646646647000056, 0.0116103716326561857
-0.1621621621622000020, 0.0119466825710662222
-0.1596596596596999984, 0.0122986768087964965
-0.1571571571571999948, 0.0126673570678192664
-0.1546546546546999912, 0.0130538077325734886
-0.1521521521521999876, 0.0134592029675763558
-0.1496496496496000084, 0.0138848157923594541
-0.1471471471471000048, 0.0143320282449572109
-0.1446446446446000011, 0.0148023427857628155
-0.1421421421420999975, 0.0152973951178067245
-0.1396396396395999939, 0.0158189686281280384
-0.1371371371370999903, 0.0163690106887895703
-0.1346346346345999867, 0.0169496510963121488
-0.1321321321321000108, 0.0175632229762098142
-0.1296296296296000072, 0.0182122865365368196
-0.1271271271271000036, 0.0188996561229439648
-0.1246246246246000000, 0.0196284311102196754
-0.1221221221220999964, 0.0204020312648117395
-0.1196196196196000067, 0.0212242373333487548
-0.1171171171171000031, 0.0220992377586850183
-0.1146146146145999994, 0.0230316826037708922
-0.1121121121120999958, 0.0240267459827018595
-0.1096096096096000061, 0.0250901985678296593
-0.1071071071071000025, 0.0262284920749187023
-0.1046046046045999989, 0.0274488580418940781
-0.1021021021020999953, 0.0287594237326507032
-0.0995995995996000055, 0.0301693486442498535
-0.0970970970971000019, 0.0316889859111102942
-0.0945945945945900063, 0.0333300739330173457
-0.0920920920920900027, 0.0351059648707528343
-0.0895895895895899991, 0.0370318983420005327
-0.0870870870870899955, 0.0391253308297330529
-0.0845845845845799998, 0.0414063341469979029
-0.0820820820820799962, 0.0438980800070690874
-0.0795795795795800065, 0.0466274326319155857
-0.0770770770770800029, 0.0496256778208491525
-0.0745745745745699934, 0.0529294255946348297
-0.0720720720720700037, 0.0565817352806173360
-0.0695695695695700000, 0.0606335279363296037
-0.0670670670670699964, 0.0651453731025935789
-0.0645645645645600008, 0.0701897676507400592
-0.0620620620620599972, 0.0758540678441404492
-0.0595595595595600005, 0.0822442975670023418
-0.0570570570570599969, 0.0894901450233636930
-0.0545545545545500013, 0.0977515911612256011
-0.0520520520520499977, 0.1072278079557924813
-0.0495495495495500010, 0.1181692595410271940
-0.0470470470470499974, 0.1308943934047253621
-0.0445445445445400018, 0.1458130224872238312
-0.0420420420420399982, 0.1634596445939671683
-0.0395395395395400015, 0.1845418286192438972
-0.0370370370370399979, 0.2100119747630409817
-0.0345345345345300023, 0.2411762769887958457
-0.0320320320320299987, 0.2798646269581939738
-0.0295295295295299985, 0.3287036569870726566
-0.0270270270270299984, 0.3915709633686679236
-0.0245245245245199993, 0.4743815684617463946
-0.0220220220220199991, 0.5865148918642922871
-0.0195195195195199990, 0.7435516531552750497
-0.0170170170170199989, 0.9728860183584908672
-0.0145145145145099998, 1.3262157205759930179
-0.0120120120120099996, 1.9103352118104819368
-0.0095095095095099995, 2.9736238251062454552
-0.0070070070070070000, 5.1930351198752342512
-0.0045045045045049997, 10.8278532484657592505
-0.0020020020020019998, 28.0122584472297759817
0.0005005005005005000, 44.2033350166292891004
0.0030030030030029999, 18.8209702699599219500
0.0055055055055059999, 7.8608277141498401619
0.0080080080080079993, 4.0844573234199579304
0.0105105105105099995, 2.4634882017953749767
0.0130130130130099997, 1.6381948396925913869
0.0155155155155200005, 1.1651930879637941718
0.0180180180180199989, 0.8701719005169609167
0.0205205205205199991, 0.6742225695546262276
0.0230230230230199992, 0.5376279042867031510
0.0255255255255299983, 0.4386946265817967539
0.0280280280280299984, 0.3647828504280418160
0.0305305305305299986, 0.3081323666507145842
0.0330330330330299987, 0.2637687987226678410
0.0355355355355400013, 0.2283860694650942658
0.0380380380380399979, 0.1997182613043134436
0.0405405405405400016, 0.1761707123077093928
0.0430430430430399982, 0.1565950411465422965
0.0455455455455500008, 0.1401473866149610115
0.0480480480480499975, 0.1261964868391436401
0.0505505505505500011, 0.1142625489786482651
0.0530530530530499977, 0.1039756705571672352
0.0555555555555600003, 0.0950469836409739421
0.0580580580580599970, 0.0872482621202194664
0.0605605605605600006, 0.0803972713140150563
0.0630630630630600042, 0.0743470845325612945
0.0655655655655699998, 0.0689781854078379553
0.0680680680680700034, 0.0641925560674377060
0.0705705705705699932, 0.0599092005535275113
0.0730730730730699968, 0.0560607187993446554
0.0755755755755800063, 0.0525906586614020011
0.0780780780780799960, 0.0494514504953200429
0.0805805805805799996, 0.0466027823290464244
0.0830830830830800032, 0.0440103114341953150
0.0855855855855899988, 0.0416446350139196009
0.0880880880880900025, 0.0394804621352269902
0.0905905905905900061, 0.0374959431754484721
0.0930930930930899958, 0.0356721234572657600
0.0955955955956000053, 0.0339924954723602180
0.0980980980980999950, 0.0324426298799049273
0.1006006006005999986, 0.0310098698351301758
0.1031031031031000023, 0.0296830765276318298
0.1056056056056000059, 0.0284524163572028588
0.1081081081080999956, 0.0273091821415748053
0.1106106106105999992, 0.0262456422782490831
0.1131131131131000028, 0.0252549129769093217
0.1156156156156000064, 0.0243308496180825382
0.1181181181180999962, 0.0234679540364465117
0.1206206206205999998, 0.0226612951177307884
0.1231231231231000034, 0.0219064405701336617
0.1256256256256000070, 0.0211993981102467713
0.1281281281281000106, 0.0205365646093696660
0.1306306306305999865, 0.0199146819940514211
0.1331331331330999901, 0.0193307988965608739
0.1356356356355999937, 0.0187822372160124859
0.1381381381380999973, 0.0182665628863235459
0.1406406406406000009, 0.0177815602587791111
0.1431431431431000045, 0.0173252095992722753
0.1456456456456000081, 0.0168956672768827490
0.1481481481481000118, 0.0164912482842431776
0.1506506506506999910, 0.0161104107834395133
0.1531531531531999946, 0.0157517424158655009
0.1556556556556999982, 0.0154139481520137837
0.1581581581582000018, 0.0150958394888645354
0.1606606606607000054, 0.0147963248293245548
0.1631631631632000090, 0.0145144009008958408
0.1656656656657000126, 0.0142491450900798147
0.1681681681681999885, 0.0139997085855069446
0.1706706706706999921, 0.0137653102368741603
0.1731731731731999957, 0.0135452310488538650
0.1756756756756999993, 0.0133388092395209396
0.1781781781782000029, 0.0131454358017887366
0.1806806806807000065, 0.0129645505140709352
0.1831831831832000101, 0.0127956383530755755
0.1856856856857000138, 0.0126382262674433511
0.1881881881881999896, 0.0124918802759956954
0.1906906906906999932, 0.0123562028587664453
0.1931931931931999968, 0.0122308306128479649
0.1956956956957000004, 0.0121154321484670188
0.1981981981982000041, 0.0120097062036834956
0.2007007007007000077, 0.0119133799587351312
0.2032032032032000113, 0.0118262075333811795
0.2057057057056999871, 0.0117479686526709877
0.2082082082081999908, 0.0116784674684154259
0.2107107107106999944, 0.0116175315253023489
0.2132132132131999980, 0.0115650108620987575
0.2157157157157000016, 0.0115207772397466351
0.2182182182182000052, 0.0114847234894082002
0.2207207207207000088, 0.0114567629746679771
0.2232232232232000124, 0.0114368291631711579
0.2257257257256999883, 0.0114248753039858826
0.2282282282281999919, 0.0114208742079350452
0.2307307307306999955, 0.0114248181290649772
0.2332332332331999991, 0.0114367187463161428
0.2357357357357000027, 0.0114566072453470766
0.2382382382382000063, 0.0114845345013492878
0.2407407407407000099, 0.0115205713645895116
0.2432432432432000136, 0.0115648090513393205
0.2457457457456999894, 0.0116173596438123132
0.2482482482481999930, 0.0116783567037411495
0.2507507507508000000, 0.0117479560053029043
0.2532532532533000036, 0.0118263363942595259
0.2557557557558000072, 0.0119137007814361824
0.2582582582583000108, 0.0120102772800348943
0.2607607607608000144, 0.0121163204977948954
0.2632632632633000180, 0.0122321129966899977
0.2657657657658000216, 0.0123579669347255970
0.2682682682683000253, 0.0124942259064950503
0.2707707707707999734, 0.0126412670015169596
0.2732732732732999770, 0.0127995031020424546
0.2757757757757999806, 0.0129693854450477642
0.2782782782782999842, 0.0131514064765709780
0.2807807807807999878, 0.0133461030304815598
0.2832832832832999914, 0.0135540598682710178
0.2857857857857999950, 0.0137759136216172671
0.2882882882882999986, 0.0140123571854194467
0.2907907907908000023, 0.0142641446158600377
0.2932932932933000059, 0.0145320965959858956
0.2957957957958000095, 0.0148171065405053141
0.2982982982983000131, 0.0151201474222003862
0.3008008008008000167, 0.0154422794148311136
0.3033033033033000203, 0.0157846584619917470
0.3058058058058000239, 0.0161485458984684249
0.3083083083083000275, 0.0165353192707290049
0.3108108108107999756, 0.0169464845268358852
0.3133133133132999792, 0.0173836897740279987
0.3158158158157999829, 0.0178487408353479628
0.3183183183182999865, 0.0183436188760622287
0.3208208208207999901, 0.0188705004175656367
0.3233233233232999937, 0.0194317801126032939
0.3258258258257999973, 0.0200300967230095869
0.3283283283283000009, 0.0206683628222790530
0.3308308308308000045, 0.0213497988432893929
0.3333333333333000081, 0.0220779722103585131
0.3358358358358000118, 0.0228568424395082168
0.3383383383383000154, 0.0236908132676513714
0.3408408408408000190, 0.0245847930884486483
0.3433433433433000226, 0.0255442652400683125
0.3458458458458000262, 0.0265753700212506619
0.3483483483482999743, 0.0276850007239902093
0.3508508508509000090, 0.0288809164860090173
0.3533533533534000126, 0.0301718754130213748
0.3558558558559000162, 0.0315677922377494077
0.3583583583584000198, 0.0330799258203020863
0.3608608608609000235, 0.0347211031202303913
0.3633633633634000271, 0.0365059879747775332
0.3658658658658999752, 0.0384514052228749764
0.3683683683683999788, 0.0405767335870150236
0.3708708708708999824, 0.0429043844944413041
0.3733733733733999860, 0.0454603890028043231
0.3758758758758999896, 0.0482751216380677903
0.3783783783783999932, 0.0513841988820417234
0.3808808808808999968, 0.0548296021599373185
0.3833833833834000004, 0.0586610917686350708
0.3858858858859000041, 0.0629380011429582081
0.3883883883884000077, 0.0677315329728431503
0.3908908908909000113, 0.0731277241424171803
0.3933933933934000149, 0.0792313116193346656
0.3958958958959000185, 0.0861708260864386816
0.3983983983984000221, 0.0941053796582891622
0.4009009009009000257, 0.1032338230141582880
0.4034034034033999738, 0.1138072656568542562
0.4059059059058999774, 0.1261464471462536985
0.4084084084083999810, 0.1406662298610574513
0.4109109109108999847, 0.1579107516465255712
0.4134134134133999883, 0.1786048815092963482
0.4159159159158999919, 0.2037312127094444980
0.4184184184183999955, 0.2346481443905047148
0.4209209209208999991, 0.2732761003286829360
0.4234234234234000027, 0.3224006846295476292
0.4259259259259000063, 0.3861845755927085788
0.4284284284284000099, 0.4710693841107925217
0.4309309309309000136, 0.5874459333722611420
0.4334334334334000172, 0.7529375560131739142
0.4359359359359000208, 0.9993373179673467055
0.4384384384384000244, 1.3886320599011701127
0.4409409409408999725, 2.0544134450435711514
0.4434434434433999761, 3.3254390470811534541
0.4459459459458999797, 6.1675316939054125598
0.4484484484483999833, 14.0562817167866374035
0.4509509509510000180, 35.9849830681355840056
0.4534534534535000216, 31.1410899874791624597
0.4559559559560000253, 11.8895962593532669160
0.4584584584584999734, 5.4425517605516082753
0.4609609609609999770, 3.0217815912341268181
0.4634634634634999806, 1.9026552059132537664
0.4659659659659999842, 1.3028457473319305926
0.4684684684684999878, 0.9463721676180689713
0.4709709709709999914, 0.7180164236142768663
0.4734734734734999950, 0.5632242284615496253
0.4759759759759999986, 0.4535770026687025447
0.4784784784785000022, 0.3731282238253516015
0.4809809809810000059, 0.3123826381236790573
0.4834834834835000095, 0.2654059475123186629
0.4859859859860000131, 0.2283372406414338196
0.4884884884885000167, 0.1985779605007612358
0.4909909909910000203, 0.1743277713947624374
0.4934934934935000239, 0.1543077498292284577
0.4959959959960000275, 0.1375893114501202386
0.4984984984984999756, 0.1234851543515999572
0.5010010010009999792, 0.1114778159575146310
0.5035035035035000384, 0.1011717269173880995
0.5060060060059999865, 0.0922603336833650728
0.5085085085085000456, 0.0845031140252539142
0.5110110110109999937, 0.0777092259774999211
0.5135135135135000528, 0.0717256903216621639
0.5160160160160000009, 0.0664287256390719977
0.5185185185184999490, 0.0617173105882204698
0.5210210210210000081, 0.0575083426495437006
0.5235235235234999562, 0.0537329565747023882
0.5260260260260000154, 0.0503336956983801986
0.5285285285284999635, 0.0472623176427553818
0.5310310310310000226, 0.0444780769253803748
0.5335335335334999707, 0.0419463696252451931
0.5360360360360000298, 0.0396376554551666760
0.5385385385384999779, 0.0375265942152710197
0.5410410410410000370, 0.0355913492613482499
0.5435435435434999851, 0.0338130220753957988
0.5460460460460000442, 0.0321751904833120772
0.5485485485484999924, 0.0306635293662329243
0.5510510510510999715, 0.0292654974468548879
0.5535535535536000307, 0.0279700773182433374
0.5560560560560999788, 0.0267675586192673044
0.5585585585586000379, 0.0256493563641491847
0.5610610610610999860, 0.0246078580611828676
0.5635635635636000451, 0.0236362945232051203
0.5660660660660999932, 0.0227286302655955938
0.5685685685686000523, 0.0218794701703510369
0.5710710710711000004, 0.0210839797151403212
0.5735735735735999485, 0.0203378165605063027
0.5760760760761000077, 0.0196370716841674509
0.5785785785785999558, 0.0189782185698430979
0.5810810810811000149, 0.0183580692154734007
0.5835835835835999630, 0.0177737359347477815
0.5860860860861000221, 0.0172225980963187017
0.5885885885885999702, 0.0167022730846494299
0.5910910910911000293, 0.0162105908811732841
0.5935935935935999774, 0.0157455717591059204
0.5960960960961000366, 0.0153054066636442269
0.5985985985985999847, 0.0148884399144305242
0.6011011011011000438, 0.0144931539214797102
0.6036036036035999919, 0.0141181556512061240
0.6061061061061000510, 0.0137621646173178500
0.6086086086085999991, 0.0134240022034402967
0.6111111111110999472, 0.0131025821514240449
0.6136136136136000063, 0.0127969020722274503
0.6161161161160999544, 0.0125060358557335279
0.6186186186186000135, 0.0122291268724313354
0.6211211211210999616, 0.0119653818740315734
0.6236236236236000208, 0.0117140655121814128
0.6261261261260999689, 0.0114744954048147992
0.6286286286286000280, 0.0112460376885887437
0.6311311311310999761, 0.0110281030035344514
0.6336336336336000352, 0.0108201428626816601
0.6361361361360999833, 0.0106216463651496781
0.6386386386386000424, 0.0104321372161709589
0.6411411411410999905, 0.0102511710218324906
0.6436436436436000497, 0.0100783328300799672
0.6461461461460999978, 0.0099132348928083619
0.6486486486485999459, 0.0097555146267272012
0.6511511511512000361, 0.0096048327531960305
0.6536536536536999842, 0.0094608715994239524
0.6561561561562000433, 0.0093233335453582079
0.6586586586586999914, 0.0091919396022852925
0.6611611611612000505, 0.0090664281106654435
0.6636636636636999986, 0.0089465535460423740
0.6661661661661999467, 0.0088320854230385555
0.6686686686687000059, 0.0087228072884802214
0.6711711711711999540, 0.0086185157956134659
0.6736736736737000131, 0.0085190198521871326
0.6761761761761999612, 0.0084241398359021225
0.6786786786787000203, 0.0083337068713717835
0.6811811811811999684, 0.0082475621633129638
0.6836836836837000275, 0.0081655563812008808
0.6861861861861999756, 0.0080875490910800006
0.6886886886887000347, 0.0080134082306343012
0.6911911911911999828, 0.0079430096239887921
0.6936936936937000420, 0.0078762365330450473
0.6961961961961999901, 0.0078129792424508487
0.6986986986987000492, 0.0077531346755716594
0.7012012012011999973, 0.0076966060390729948
0.7037037037036999454, 0.0076433024939401269
0.7062062062062000045, 0.0075931388509585295
0.7087087087086999526, 0.0075460352888560202
0.7112112112112000117, 0.0075019170934690705
0.7137137137136999598, 0.0074607144164417190
0.7162162162162000190, 0.0074223620520984541
0.7187187187186999671, 0.0073867992312533024
0.7212212212212000262, 0.0073539694308274450
0.7237237237236999743, 0.0073238201982481800
0.7262262262262000334, 0.0072963029896940049
0.7287287287286999815, 0.0072713730213346765
0.7312312312312000406, 0.0072489891327923812
0.7337337337336999887, 0.0072291136621211467
0.7362362362362000479, 0.0072117123316670926
0.7387387387386999960, 0.0071967541442325578
0.7412412412412000551, 0.0071842112890231537
0.7437437437437000032, 0.0071740590569088457
0.7462462462461999513, 0.0071662757645785738
0.7487487487487000104, 0.0071608426872133155
0.7512512512512999896, 0.0071577439993449803
0.7537537537538000487, 0.0071569667236085800
0.7562562562562999968, 0.0071585006871330899
0.7587587587587999449, 0.0071623384853524022
0.7612612612613000040, 0.0071684754530522464
0.7637637637637999521, 0.0071769096425020251
0.7662662662663000113, 0.0071876418085524904
0.7687687687687999594, 0.0072006754006112379
0.7712712712713000185, 0.0072160165614383624
0.7737737737737999666, 0.0072336741327345714
0.7762762762763000257, 0.0072536596675236084
0.7787787787787999738, 0.0072759874493604649
0.7812812812813000329, 0.0073006745184264459
0.7837837837837999810, 0.0073277407046022022
0.7862862862863000402, 0.0073572086676403081
0.7887887887887999883, 0.0073891039445901866
0.7912912912913000474, 0.0074234550046603474
0.7937937937937999955, 0.0074602933117361887
0.7962962962963000546, 0.0074996533948063025
0.7987987987988000027, 0.0075415729265865209
0.8013013013012999508, 0.0075860928106691178
0.8038038038038000099, 0.0076332572775649008
0.8063063063062999580, 0.0076831139900487375
0.8088088088088000172, 0.0077357141582645493
0.8113113113112999653, 0.0077911126650944918
0.8138138138138000244, 0.0078493682023491988
0.8163163163162999725, 0.0079105434183919417
0.8188188188188000316, 0.0079747050778699868
0.8213213213212999797, 0.0080419242342916752
0.8238238238238000388, 0.0081122764162582829
0.8263263263262999869, 0.0081858418282364301
0.8288288288288000460, 0.0082627055668399868
0.8313313313312999941, 0.0083429578536811343
0.8338338338338000533, 0.0084266942859490927
0.8363363363363000014, 0.0085140161059830688
0.8388388388387999495, 0.0086050304912240524
0.8413413413413000086, 0.0086998508660598127
0.8438438438437999567, 0.0087985972372189736
0.8463463463463000158, 0.0089013965545266492
0.8488488488487999639, 0.0090083830990052623
0.8513513513514000541, 0.0091196989004932900
0.8538538538539000022, 0.0092354941871632193
0.8563563563563999503, 0.0093559278695495487
0.8588588588589000095, 0.0094811680619525350
0.8613613613613999576, 0.0096113926443641765
0.8638638638639000167, 0.0097467898683748413
0.8663663663663999648, 0.0098875590108650005
0.8688688688689000239, 0.0100339110796696766
0.8713713713713999720, 0.0101860695758312567
0.8738738738739000311, 0.0103442713175307538
0.8763763763763999792, 0.0105087673313177983
0.8788788788789000384, 0.0106798238168512132
0.8813813813813999865, 0.0108577231920219570
0.8838838838839000456, 0.0110427652260706669
0.8863863863863999937, 0.0112352682691395228
0.8888888888889000528, 0.0114355705876278482
0.8913913913914000009, 0.0116440318157652323
0.8938938938938999490, 0.0118610345349895348
0.8963963963964000081, 0.0120869859940417809
0.8988988988988999562, 0.0123223199841817690
0.9014014014014000153, 0.0125674988856156484
0.9039039039038999634, 0.0128230159031362465
0.9064064064064000226, 0.0130893975111394840
0.9089089089088999707, 0.0133672061306381110
0.9114114114114000298, 0.0136570430636862063
0.9139139139138999779, 0.0139595517138094809
0.9164164164164000370, 0.0142754211246672851
0.9189189189188999851, 0.0146053898733197185
0.9214214214214000442, 0.0149502503592262408
0.9239239239238999923, 0.0153108535355511999
0.9264264264264000515, 0.0156881141356171941
0.9289289289288999996, 0.0160830164545629900
0.9314314314313999477, 0.0164966207545876910
0.9339339339339000068, 0.0169300703717941564
0.9364364364363999549, 0.0173845996138024400
0.9389389389389000140, 0.0178615425502661705
0.9414414414413999621, 0.0183623428135147662
0.9439439439439000212, 0.0188885645441492812
0.9464464464463999693, 0.0194419046370177262
0.9489489489489000285, 0.0200242064671440796
0.9514514514515000076, 0.0206374753035791399
0.9539539539539999558, 0.0212838956526123363
0.9564564564565000149, 0.0219658508113443132
0.9589589589589999630, 0.0226859449595230994
0.9614614614615000221, 0.0234470281733044350
0.9639639639639999702, 0.0242522248110954158
0.9664664664665000293, 0.0251049658011959567
0.9689689689689999774, 0.0260090254564347943
0.9714714714715000365, 0.0269685635560003439
0.9739739739739999846, 0.0279881735736516868
0.9764764764765000438, 0.0290729381000962191
0.9789789789789999919, 0.0302284927126231819
0.9814814814815000510, 0.0314610997960596966
0.9839839839839999991, 0.0327777341272211670
0.9864864864864999472, 0.0341861824148637916
0.9889889889890000063, 0.0356951594575432921
0.9914914914914999544, 0.0373144441670548721
0.9939939939940000135, 0.0390550394368868320
0.9964964964964999616, 0.0409293607547506488
0.9989989989990000208, 0.0429514596201501231
1.0015015015019999023, 0.0451372893042509757
1.0040040040039999170, 0.0475050223761237858
1.0065065065070000205, 0.0500754318458982994
1.0090090090090000352, 0.0528723509161970959
1.0115115115119999167, 0.0559232304266630564
1.0140140140139999314, 0.0592598184501279407
1.0165165165170000350, 0.0629189936074320832
1.0190190190190000497, 0.0669437931473925441
1.0215215215219999312, 0.0713846895884185928
1.0240240240239999459, 0.0763011870236207090
1.0265265265270000494, 0.0817638319075657122
1.0290290290290000641, 0.0878567659813450780
1.0315315315319999456, 0.0946809949647080817
1.0340340340339999603, 0.1023586117638974058
1.0365365365370000639, 0.1110383063581425189
1.0390390390390000785, 0.1209026303617262710
1.0415415415419999601, 0.1321776846876769884
1.0440440440439999747, 0.1451461992025465664
1.0465465465470000783, 0.1601654314958759484
1.0490490490490000930, 0.1776920239444320648
1.0515515515519999745, 0.1983170876117280601
1.0540540540539999892, 0.2228166134745390436
1.0565565565570000928, 0.2522253577253225632
1.0590590590590001074, 0.2879475546191258006
1.0615615615619999890, 0.3319269869930572270
1.0640640640640000036, 0.3869156847718091541
1.0665665665670001072, 0.4569122718639980207
1.0690690690689998998, 0.5479039330911437133
1.0715715715720000034, 0.6691773254263297943
1.0740740740740000181, 0.8357545993206658697
1.0765765765769998996, 1.0732012770485936937
1.0790790790789999143, 1.4278349696753127596
1.0815815815820000179, 1.9904516398161695712
1.0840840840840000325, 2.9581232803047372570
1.0865865865869999141, 4.8204497405256541143
1.0890890890889999287, 9.0337561697778134828
1.0915915915920000323, 20.8888263521315735716
1.0940940940940000470, 52.5378679705876834305
1.0965965965969999285, 41.3120524676349063498
1.0990990990989999432, 15.7770436524858652660
1.1016016016020000468, 7.3246376511876336579
1.1041041041040000614, 4.1058446235026915261
1.1066066066069999430, 2.6017708568833342042
1.1091091091089999576, 1.7896874370196609316
1.1116116116120000612, 1.3045433508635961850
1.1141141141140000759, 0.9925837802427052159
1.1166166166169999574, 0.7805239709836417905
1.1191191191189999721, 0.6299932332070793395
1.1216216216220000756, 0.5193738892487027581
1.1241241241240000903, 0.4357520286024034184
1.1266266266269999718, 0.3710352628058255497
1.1291291291289999865, 0.3199469269679218741
1.1316316316320000901, 0.2789289845724403083
1.1341341341340001048, 0.2455124767906629035
1.1366366366369999863, 0.2179411814206963505
1.1391391391390000010, 0.1949385573529358040
1.1416416416420001045, 0.1755589132436775890
1.1441441441439998972, 0.1590897575780889084
1.1466466466470000007, 0.1449861762572547952
1.1491491491490000154, 0.1328257810496253355
1.1516516516519998969, 0.1222771821134183839
1.1541541541539999116, 0.1130775403415968522
1.1566566566570000152, 0.1050163326802121544
1.1591591591590000299, 0.0979234429200569467
1.1616616616619999114, 0.0916603119393520904
1.1641641641639999261, 0.0861132836990645412
1.1666666666670000296, 0.0811885485508862942
1.1691691691690000443, 0.0768082632802575549
1.1716716716719999258, 0.0729075484466918528
1.1741741741739999405, 0.0694321473045928922
1.1766766766770000441, 0.0663365892523065936
1.1791791791790000588, 0.0635827424135763097
1.1816816816819999403, 0.0611386699254384686
1.1841841841839999550, 0.0589777263617957404
1.1866866866870000585, 0.0570778468965816646
1.1891891891890000732, 0.0554209939903879401
1.1916916916919999547, 0.0539927357596730606
1.1941941941939999694, 0.0527819376193974232
1.1966966966970000730, 0.0517805549238905261
1.1991991991990000876, 0.0509835196776934618
1.2017017017019999692, 0.0503887193844534120
1.2042042042039999838, 0.0499970711608886537
1.2067067067070000874, 0.0498126998038841209
1.2092092092090001021, 0.0498432350837512347
1.2117117117119999836, 0.0501002518224599735
1.2142142142139999983, 0.0505998872374839592
1.2167167167170001019, 0.0513636849396151146
1.2192192192189998945, 0.0524197358762014676
1.2217217217219999981, 0.0538042164744765572
1.2242242242240000127, 0.0555634680361478395
1.2267267267269998943, 0.0577568266479673784
1.2292292292289999089, 0.0604605117988215868
1.2317317317320000125, 0.0637730348928137736
1.2342342342340000272, 0.0678228304134334825
1.2367367367369999087, 0.0727792025237088830
1.2392392392389999234, 0.0788683252451119476
1.2417417417420000270, 0.0863971314745531349
1.2442442442440000416, 0.0957898481897320742
1.2467467467469999232, 0.1076454180517492087
1.2492492492489999378, 0.1228306033597412472
1.2517517517520000414, 0.1426364541131966424
1.2542542542540000561, 0.1690524410070751993
1.2567567567569999376, 0.2052708083498692437
1.2592592592589999523, 0.2566701202851339736
1.2617617617620000559, 0.3328732403604451884
1.2642642642640000705, 0.4524436832790266205
1.2667667667669999521, 0.6548369273642741240
1.2692692692689999667, 1.0353619573851595703
1.2717717717720000703, 1.8672344068500636993
1.2742742742740000850, 4.1125107771292537251
1.2767767767769999665, 10.7101786405498629051
1.2792792792789999812, 11.2905237424299365045
1.2817817817820000847, 4.3696993010558680126
1.2842842842840000994, 1.9530135931406875649
1.2867867867869999809, 1.0709424549586255004
1.2892892892889999956, 0.6722152445142811628
1.2917917917920000992, 0.4618320463310963131
1.2942942942939998918, 0.3382148166627999553
1.2967967967969999954, 0.2597248832888306991
1.2992992992990000101, 0.2069156760847776499
1.3018018018019998916, 0.1697637294461737112
1.3043043043039999063, 0.1426918226962269887
1.3068068068070000098, 0.1224020739331909136
1.3093093093090000245, 0.1068456884955591990
1.3118118118119999060, 0.0946969035083726207
1.3143143143139999207, 0.0850680827590310495
1.3168168168170000243, 0.0773476035841484111
1.3193193193190000390, 0.0711036616664172810
1.3218218218219999205, 0.0660250989361234192
1.3243243243239999352, 0.0618838563745211304
1.3268268268270000387, 0.0585104992714102976
1.3293293293290000534, 0.0557778900497490487
1.3318318318319999349, 0.0535900814641950135
1.3343343343339999496, 0.0518746414695419183
1.3368368368370000532, 0.0505772902849580402
1.3393393393390000679, 0.0496581349879249428
1.3418418418419999494, 0.0490890386676813423
1.3443443443439999641, 0.0488518221681154136
1.3468468468470000676, 0.0489371028396048541
1.3493493493490000823, 0.0493436480532062141
1.3518518518519999638, 0.0500781749207658347
1.3543543543539999785, 0.0511555705772448258
1.3568568568570000821, 0.0525995459846915203
1.3593593593590000967, 0.0544437760009291449
1.3618618618619999783, 0.0567336250583203722
1.3643643643639999929, 0.0595286181538133910
1.3668668668670000965, 0.0629059006833699169
1.3693693693689998891, 0.0669650527465404100
1.3718718718719999927, 0.0718348075396365304
1.3743743743740000074, 0.0776825084965157564
1.3768768768770001110, 0.0847275926848206351
1.3793793793789999036, 0.0932611257197816235
1.3818818818820000072, 0.1036746476028031771
1.3843843843840000218, 0.1165037136612869367
1.3868868868869999034, 0.1324952911550139889
1.3893893893889999180, 0.1527151274365070588
1.3918918918920000216, 0.1787245426005895088
1.3943943943940000363, 0.2128828779169545937
1.3968968968969999178, 0.2588885271084521156
1.3993993993989999325, 0.3227991760586851333
1.4019019019020000361, 0.4150812943141850564
1.4044044044040000507, 0.5550571764454719226
1.4069069069069999323, 0.7815243224696426516
1.4094094094089999469, 1.1813875670617384195
1.4119119119120000505, 1.9798602322776286400
1.4144144144140000652, 3.8841408557996128792
1.4169169169169999467, 9.5266341435109875846
1.4194194194189999614, 20.6467987578906786439
1.4219219219220000650, 11.3451913627723293132
1.4244244244240000796, 4.4657539144377507156
1.4269269269269999612, 2.1968027270192056477
1.4294294294289999758, 1.2803172840660179688
1.4319319319320000794, 0.8331639067558248568
1.4344344344340000941, 0.5843564638202862760
1.4369369369369999756, 0.4324363601664750201
1.4394394394389999903, 0.3331160313336150591
1.4419419419420000938, 0.2647107179858317894
1.4444444444440001085, 0.2156279248185948016
1.4469469469469999900, 0.1792278260202249951
1.4494494494490000047, 0.1514904163983516461
1.4519519519520001083, 0.1298684807489348947
1.4544544544539999009, 0.1126854986793754121
1.4569569569570000045, 0.0988019207229686447
1.4594594594590000192, 0.0874214950650583356
1.4619619619619999007, 0.0779743633080175746
1.4644644644639999154, 0.0700440530266684958
1.4669669669670000189, 0.0633205084998119394
1.4694694694690000336, 0.0575690711254779747
1.4719719719719999151, 0.0526095113933606473
1.4744744744739999298, 0.0483015576413731093
1.4769769769770000334, 0.0445347202117435739
1.4794794794790000481, 0.0412210141188937285
1.4819819819819999296, 0.0382896741205088348
1.4844844844839999443, 0.0356832625842259527
1.4869869869870000478, 0.0333547660814017821
1.4894894894890000625, 0.0312654038387036176
1.4919919919919999440, 0.0293829554109503246
1.4944944944939999587, 0.0276804716410255225
1.4969969969970000623, 0.0261352717251541536
1.4994994994990000770, 0.0247281560606689814
1.5020020020019999585, 0.0234427834129156652
1.5045045045050000621, 0.0222651743421329353
1.5070070070070000767, 0.0211833124664465751
1.5095095095099999583, 0.0201868221369934028
1.5120120120119999729, 0.0192667062372114846
1.5145145145150000765, 0.0184151316221168038
1.5170170170170000912, 0.0176252525553556513
1.5195195195199999727, 0.0168910646428210194
1.5220220220219999874, 0.0162072833872408707
1.5245245245250000909, 0.0155692427315862053
1.5270270270270001056, 0.0149728099169754714
1.5295295295299999871, 0.0144143137234904704
1.5320320320320000018, 0.0138904837419151703
1.5345345345350001054, 0.0133983987794450386
1.5370370370369998980, 0.0129354428616909167
1.5395395395400000016, 0.0124992675785417628
1.5420420420420000163, 0.0120877597490907512
1.5445445445449998978, 0.0116990135634029262
1.5470470470469999125, 0.0113313065060469849
1.5495495495500000160, 0.0109830784854301929
1.5520520520520000307, 0.0106529136898386272
1.5545545545549999122, 0.0103395247701797907
1.5570570570569999269, 0.0100417390142667623
1.5595595595600000305, 0.0097584862308591966
1.5620620620620000452, 0.0094887881057639407
1.5645645645649999267, 0.0092317488288558083
1.5670670670669999414, 0.0089865468212929258
1.5695695695700000449, 0.0087524274175860787
1.5720720720720000596, 0.0085286963784447674
1.5745745745749999411, 0.0083147141281796465
1.5770770770769999558, 0.0081098906254890128
1.5795795795800000594, 0.0079136807891732122
1.5820820820820000741, 0.0077255804110924649
1.5845845845849999556, 0.0075451224978411264
1.5870870870869999703, 0.0073718739904077013
1.5895895895900000738, 0.0072054328177513045
1.5920920920920000885, 0.0070454252459282024
1.5945945945949999700, 0.0068915034892942746
1.5970970970969999847, 0.0067433435545210061
1.5995995996000000883, 0.0066006432917901535
1.6021021021020001029, 0.0064631206306686138
1.6046046046049999845, 0.0063305119808804043
1.6071071071069999991, 0.0062025707805468972
1.6096096096100001027, 0.0060790661765159713
1.6121121121119998953, 0.0059597818231831344
1.6146146146149999989, 0.0058445147877649317
1.6171171171170000136, 0.0057330745513458391
1.6196196196199998951, 0.0056252820962117995
1.6221221221219999098, 0.0055209690710295040
1.6246246246250000134, 0.0054199770263497135
1.6271271271270000280, 0.0053221567137221593
1.6296296296299999096, 0.0052273674424230636
1.6321321321319999242, 0.0051354764884265734
1.6346346346350000278, 0.0050463585508087258
1.6371371371370000425, 0.0049598952512663955
1.6396396396399999240, 0.0048759746728716507
1.6421421421419999387, 0.0047944909345711707
1.6446446446450000423, 0.0047153437982865431
1.6471471471470000569, 0.0046384383057797209
1.6496496496499999385, 0.0045636844427230129
1.6521521521519999531, 0.0044909968276588032
1.6546546546550000567, 0.0044202944237538982
1.6571571571570000714, 0.0043515002714502853
1.6596596596599999529, 0.0042845412402905177
1.6621621621619999676, 0.0042193477983543046
1.6646646646650000712, 0.0041558537978852624
1.6671671671670000858, 0.0040939962758148362
1.6696696696699999674, 0.0040337152680057359
1.6721721721719999820, 0.0039749536361412610
1.6746746746750000856, 0.0039176569062807347
1.6771771771770001003, 0.0038617731181861707
1.6796796796799999818, 0.0038072526846019469
1.6821821821819999965, 0.0037540482597388227
1.6846846846850001000, 0.0037021146162765379
1.6871871871869998927, 0.0036514085302564417
1.6896896896899999962, 0.0036018886732874051
1.6921921921920000109, 0.0035535155115354851
1.6946946946949998924, 0.0035062512110106856
1.6971971971969999071, 0.0034600595487032336
1.6996996997000000107, 0.0034149058291573957
1.7022022022020000254, 0.0033707568061033394
1.7047047047049999069, 0.0033275806087972029
1.7072072072069999216, 0.0032853466727466116
1.7097097097100000251, 0.0032440256745236871
1.7122122122120000398, 0.0032035894703902508
1.7147147147149999213, 0.0031640110384806913
1.7172172172169999360, 0.0031252644243070348
1.7197197197200000396, 0.0030873246893681735
1.7222222222220000543, 0.0030501678626612986
1.7247247247249999358, 0.0030137708949082771
1.7272272272269999505, 0.0029781116153232562
1.7297297297300000540, 0.0029431686907602783
1.7322322322320000687, 0.0029089215870911084
1.7347347347349999502, 0.0028753505326740945
1.7372372372369999649, 0.0028424364837845925
1.7397397397400000685, 0.0028101610918865073
1.7422422422420000832, 0.0027785066726327733
1.7447447447449999647, 0.0027474561764902873
1.7472472472469999794, 0.0027169931608918944
1.7497497497500000829, 0.0026871017638245573
1.7522522522520000976, 0.0026577666787689544
1.7547547547549999791, 0.0026289731309113145
1.7572572572569999938, 0.0026007068545535589
1.7597597597600000974, 0.0025729540716526106
1.7622622622619998900, 0.0025457014714242148
1.7647647647649999936, 0.0025189361909508079
1.7672672672670000082, 0.0024926457967367763
1.7697697697699998898, 0.0024668182671580847
1.7722722722719999044, 0.0024414419757565649
1.7747747747750000080, 0.0024165056753322738
1.7772772772770000227, 0.0023919984827902021
1.7797797797799999042, 0.0023679098647003283
1.7822822822819999189, 0.0023442296235324941
1.7847847847850000225, 0.0023209478845299530
1.7872872872870000371, 0.0022980550831875760
1.7897897897899999187, 0.0022755419533027725
1.7922922922919999333, 0.0022533995155690724
1.7947947947950000369, 0.0022316190666840739
1.7972972972970000516, 0.0022101921689451501
1.7997997997999999331, 0.0021891106403078326
1.8023023023019999478, 0.0021683665448832493
1.8048048048050000514, 0.0021479521838523577
1.8073073073070000660, 0.0021278600867759780
1.8098098098099999476, 0.0021080830032808202
1.8123123123119999622, 0.0020886138951028204
1.8148148148150000658, 0.0020694459284701480
1.8173173173170000805, 0.0020505724668092116
1.8198198198199999620, 0.0020319870637579432
1.8223223223219999767, 0.0020136834564714631
1.8248248248250000803, 0.0019956555592060749
1.8273273273270000949, 0.0019778974571682865
1.8298298298299999765, 0.0019604034006162666
1.8323323323319999911, 0.0019431677992018236
1.8348348348350000947, 0.0019261852165416401
1.8373373373370001094, 0.0019094503650070604
1.8398398398399999909, 0.0018929581007223299
1.8423423423420000056, 0.0018767034187616800
1.8448448448450001091, 0.0018606814485361649
1.8473473473469999018, 0.0018448874493616333
1.8498498498500000053, 0.0018293168061996406
1.8523523523520000200, 0.0018139650255635351
1.8548548548549999015, 0.0017988277315823579
1.8573573573569999162, 0.0017839006622155380
1.8598598598600000198, 0.0017691796656117385
1.8623623623620000345, 0.0017546606966055375
1.8648648648649999160, 0.0017403398133459265
1.8673673673669999307, 0.0017262131740509233
1.8698698698700000342, 0.0017122770338828580
1.8723723723720000489, 0.0016985277419391751
1.8748748748749999304, 0.0016849617383538141
1.8773773773769999451, 0.0016715755515045120
1.8798798798800000487, 0.0016583657953215414
1.8823823823820000634, 0.0016453291666936628
1.8848848848849999449, 0.0016324624429672244
1.8873873873869999596, 0.0016197624795345716
1.8898898898900000631, 0.0016072262075080730
1.8923923923920000778, 0.0015948506314762785
1.8948948948949999593, 0.0015826328273388481
1.8973973973969999740, 0.0015705699402170749
1.8998998999000000776, 0.0015586591824369514
1.9024024024020000923, 0.0015468978315818849
1.9049049049049999738, 0.0015352832286122755
1.9074074074069999885, 0.0015238127760493195
1.9099099099100000920, 0.0015124839362205024
1.9124124124120001067, 0.0015012942295643691
1.9149149149149999882, 0.0014902412329922505
1.9174174174170000029, 0.0014793225783047560
1.9199199199200001065, 0.0014685359506609050
1.9224224224219998991, 0.0014578790870978815
1.9249249249250000027, 0.0014473497750994856
1.9274274274270000173, 0.0014369458512114254
1.9299299299299998989, 0.0014266651997016907
1.9324324324319999135, 0.0014165057512642990
1.9349349349350000171, 0.0014064654817648125
1.9374374374370000318, 0.0013965424110260502
1.9399399399399999133, 0.0013867346016525315
1.9424424424419999280, 0.0013770401578922056
1.9449449449450000316, 0.0013674572245341104
1.9474474474470000462, 0.0013579839858406521
1.9499499499499999278, 0.0013486186645132472
1.9524524524519999424, 0.0013393595206901191
1.9549549549550000460, 0.0013302048509751100
1.9574574574570000607, 0.0013211529874963750
1.9599599599599999422, 0.0013122022969939220
1.9624624624619999569, 0.0013033511799349585
1.9649649649650000605, 0.0012945980696560731
1.9674674674670000751, 0.0012859414315313138
1.9699699699699999567, 0.0012773797621652536
1.9724724724719999713, 0.0012689115886101790
1.9749749749750000749, 0.0012605354676065721
1.9774774774770000896, 0.0012522499848460801
1.9799799799799999711, 0.0012440537542562024
1.9824824824819999858, 0.0012359454173059624
1.9849849849850000894, 0.0012279236423318419
1.9874874874870001040, 0.0012199871238833104
1.9899899899899999856, 0.0012121345820872700
1.9924924924920000002, 0.0012043647620308029
1.9949949949950001038, 0.0011966764331616030
1.9974974974969998964, 0.0011890683887055089
2.0000000000000000000, 0.0011815394451005685
