# Delta1: 0.46
# Delta2: 1.17
# Delta3: 1.34
# Dq: 0.08800000000000002
# Ds: -0.09000000000000001
# Dt: -0.01999999999999998
# k1_lab: [1, 0, 0]
# k2_lab: [-0.8660254037844387, 0.49999999999999994, 0.0]
# k1_cf: [-0.90630778703665, -0.4226182617406995, 0.0]
# k2_cf: [0.9961946980917457, -0.08715574274765808, 0.0]
# pol1_lab: [(0, 1, 0), (0, 0, 1)]
# pol2_lab: [array([-0.5      , -0.8660254,  0.       ]), array([0., 0., 1.])]
# pol1_cf: [array([ 0.42261826, -0.90630779,  0.        ]), array([0., 0., 1.])]
# pol2_cf: [array([0.08715574, 0.9961947 , 0.        ]), array([0., 0., 1.])]
# cf: [array([-0.90630779,  0.42261826,  0.        ]), array([-0.42261826, -0.90630779,  0.        ]), array([0., 0., 1.])]
# th: 110
-0.5000000000000000000, 0.0017179593254514210
-0.4974974974974999964, 0.0017321574456251958
-0.4949949949949999928, 0.0017465507168579720
-0.4924924924924999892, 0.0017611429200695046
-0.4899899899899999856, 0.0017759379305531476
-0.4874874874874999819, 0.0017909397208528005
-0.4849849849849999783, 0.0018061523637433493
-0.4824824824824999747, 0.0018215800353188910
-0.4799799799800000266, 0.0018372270181932369
-0.4774774774775000230, 0.0018530977048174021
-0.4749749749750000194, 0.0018691966009190025
-0.4724724724725000158, 0.0018855283290687246
-0.4699699699700000122, 0.0019020976323792780
-0.4674674674675000086, 0.0019189093783425078
-0.4649649649650000049, 0.0019359685628105999
-0.4624624624625000013, 0.0019532803141276310
-0.4599599599599999977, 0.0019708498974179891
-0.4574574574574999941, 0.0019886827190385495
-0.4549549549549999905, 0.0020067843312017854
-0.4524524524524999869, 0.0020251604367774009
-0.4499499499499000077, 0.0020438168942804118
-0.4474474474474000041, 0.0020627597230540285
-0.4449449449449000005, 0.0020819951086560955
-0.4424424424423999969, 0.0021015294084583240
-0.4399399399398999932, 0.0021213691574679624
-0.4374374374373999896, 0.0021415210743821350
-0.4349349349348999860, 0.0021619920678855290
-0.4324324324323999824, 0.0021827892432027146
-0.4299299299298999788, 0.0022039199089169646
-0.4274274274273999752, 0.0022253915840680536
-0.4249249249249000271, 0.0022472120055421910
-0.4224224224224000235, 0.0022693891357679586
-0.4199199199199000199, 0.0022919311707328234
-0.4174174174174000163, 0.0023148465483356440
-0.4149149149149000126, 0.0023381439570913775
-0.4124124124124000090, 0.0023618323452051001
-0.4099099099099000054, 0.0023859209300334211
-0.4074074074074000018, 0.0024104192079523030
-0.4049049049048999982, 0.0024353369646514557
-0.4024024024023999946, 0.0024606842858765042
-0.3998998998998999910, 0.0024864715686414170
-0.3973973973973999874, 0.0025127095329348812
-0.3948948948948999838, 0.0025394092339457242
-0.3923923923923999801, 0.0025665820748338852
-0.3898898898898999765, 0.0025942398200750070
-0.3873873873873999729, 0.0026223946094083208
-0.3848848848849000248, 0.0026510589724192644
-0.3823823823824000212, 0.0026802458437901145
-0.3798798798799000176, 0.0027099685792539054
-0.3773773773774000140, 0.0027402409722890042
-0.3748748748749000104, 0.0027710772715939646
-0.3723723723724000068, 0.0028024921993846912
-0.3698698698699000031, 0.0028345009705585122
-0.3673673673673999995, 0.0028671193127724915
-0.3648648648648999959, 0.0029003634874862510
-0.3623623623623999923, 0.0029342503120226866
-0.3598598598598999887, 0.0029687971827033512
-0.3573573573573999851, 0.0030040220991188185
-0.3548548548548999815, 0.0030399436895982178
-0.3523523523523999779, 0.0030765812379462232
-0.3498498498497999987, 0.0031139547115201999
-0.3473473473472999951, 0.0031520847907249355
-0.3448448448447999914, 0.0031909929000074498
-0.3423423423422999878, 0.0032307012404398355
-0.3398398398397999842, 0.0032712328239839087
-0.3373373373372999806, 0.0033126115095377523
-0.3348348348347999770, 0.0033548620408709639
-0.3323323323322999734, 0.0033980100865626979
-0.3298298298298000253, 0.0034420822820644061
-0.3273273273273000217, 0.0034871062740175814
-0.3248248248248000181, 0.0035331107669659139
-0.3223223223223000145, 0.0035801255726109638
-0.3198198198198000108, 0.0036281816617710905
-0.3173173173173000072, 0.0036773112192146828
-0.3148148148148000036, 0.0037275477015510216
-0.3123123123123000000, 0.0037789258983754307
-0.3098098098097999964, 0.0038314819968796147
-0.3073073073072999928, 0.0038852536501537060
-0.3048048048047999892, 0.0039402800494232806
-0.3023023023022999856, 0.0039966020004827503
-0.2997997997997999819, 0.0040542620046064024
-0.2972972972972999783, 0.0041133043442395309
-0.2947947947947999747, 0.0041737751737954739
-0.2922922922923000266, 0.0042357226159095273
-0.2897897897898000230, 0.0042991968635279851
-0.2872872872873000194, 0.0043642502882404993
-0.2847847847848000158, 0.0044309375552962198
-0.2822822822823000122, 0.0044993157457794957
-0.2797797797798000086, 0.0045694444864594463
-0.2772772772773000050, 0.0046413860878695094
-0.2747747747748000013, 0.0047152056912190179
-0.2722722722722999977, 0.0047909714247886849
-0.2697697697697999941, 0.0048687545705166785
-0.2672672672672999905, 0.0049486297415416922
-0.2647647647647999869, 0.0050306750715348866
-0.2622622622622999833, 0.0051149724167243700
-0.2597597597597999797, 0.0052016075715945430
-0.2572572572572999761, 0.0052906704993290008
-0.2547547547547999724, 0.0053822555781606555
-0.2522522522523000243, 0.0054764618648970205
-0.2497497497496999896, 0.0055733933770034947
-0.2472472472472000138, 0.0056731593947540841
-0.2447447447447000102, 0.0057758747850984171
-0.2422422422422000066, 0.0058816603490480842
-0.2397397397397000030, 0.0059906431945554077
-0.2372372372371999993, 0.0061029571370459649
-0.2347347347346999957, 0.0062187431299747060
-0.2322322322321999921, 0.0063381497280062520
-0.2297297297296999885, 0.0064613335856763222
-0.2272272272272000126, 0.0065884599946758257
-0.2247247247247000090, 0.0067197034632155046
-0.2222222222222000054, 0.0068552483412813595
-0.2197197197197000018, 0.0069952894959836205
-0.2172172172171999982, 0.0071400330416400721
-0.2147147147146999946, 0.0072896971297239438
-0.2122122122121999910, 0.0074445128043538894
-0.2097097097096999874, 0.0076047249296167050
-0.2072072072072000115, 0.0077705931957008645
-0.2047047047047000079, 0.0079423932115910006
-0.2022022022022000043, 0.0081204176929414677
-0.1996996996997000007, 0.0083049777547246594
-0.1971971971971999971, 0.0084964043193518878
-0.1946946946946999935, 0.0086950496522094113
-0.1921921921921999898, 0.0089012890379597497
-0.1896896896896999862, 0.0091155226125532070
-0.1871871871872000104, 0.0093381773677030447
-0.1846846846847000068, 0.0095697093466337625
-0.1821821821822000032, 0.0098106060522511421
-0.1796796796796999995, 0.0100613890915503650
-0.1771771771771999959, 0.0103226170831250685
-0.1746746746746999923, 0.0105948888581259525
-0.1721721721721999887, 0.0108788469890131745
-0.1696696696697000128, 0.0111751816850358537
-0.1671671671672000092, 0.0114846350986519408
-0.1646646646647000056, 0.0118080060931901459
-0.1621621621622000020, 0.0121461555290894255
-0.1596596596596999984, 0.0125000121341954720
-0.1571571571571999948, 0.0128705790330435506
-0.1546546546546999912, 0.0132589410210467249
-0.1521521521521999876, 0.0136662726823179558
-0.1496496496496000084, 0.0140938474648229610
-0.1471471471471000048, 0.0145430478440916697
-0.1446446446446000011, 0.0150153767273038391
-0.1421421421420999975, 0.0155124702738038897
-0.1396396396395999939, 0.0160361123367158305
-0.1371371371370999903, 0.0165882507642089866
-0.1346346346345999867, 0.0171710158391905898
-0.1321321321321000108, 0.0177867411841070092
-0.1296296296296000072, 0.0184379875147647407
-0.1271271271271000036, 0.0191275696956692241
-0.1246246246246000000, 0.0198585876318569179
-0.1221221221220999964, 0.0206344616317169043
-0.1196196196196000067, 0.0214589729958215604
-0.1171171171171000031, 0.0223363107332901385
-0.1146146146145999994, 0.0232711254859876773
-0.1121121121120999958, 0.0242685919599130058
-0.1096096096096000061, 0.0253344814326592789
-0.1071071071071000025, 0.0264752462389308968
-0.1046046046045999989, 0.0276981185496632948
-0.1021021021020999953, 0.0290112262762157944
-0.0995995995996000055, 0.0304237295779639962
-0.0970970970971000019, 0.0319459822668994864
-0.0945945945945900063, 0.0335897234360606409
-0.0920920920920900027, 0.0353683059555978604
-0.0895895895895899991, 0.0372969701691284738
-0.0870870870870899955, 0.0393931733025878958
-0.0845845845845799998, 0.0416769879294948478
-0.0820820820820799962, 0.0441715865415983552
-0.0795795795795800065, 0.0469038341578574408
-0.0770770770770800029, 0.0499050173936177455
-0.0745745745745699934, 0.0532117471052678814
-0.0720720720720700037, 0.0568670834759305577
-0.0695695695695700000, 0.0609219484396547328
-0.0670670670670699964, 0.0654369124351193848
-0.0645645645645600008, 0.0704844732534775364
-0.0620620620620599972, 0.0761519881005327387
-0.0595595595595600005, 0.0825454818262023882
-0.0570570570570599969, 0.0897946436242024609
-0.0545545545545500013, 0.0980594554568940124
-0.0520520520520499977, 0.1075390903392633851
-0.0495495495495500010, 0.1184840134712415310
-0.0470470470470499974, 0.1312126734335715694
-0.0445445445445400018, 0.1461348842873373410
-0.0420420420420399982, 0.1637851449873783949
-0.0395395395395400015, 0.1848710256069072688
-0.0370370370370399979, 0.2103449275552736752
-0.0345345345345300023, 0.2415130460366622933
-0.0320320320320299987, 0.2802052739858700292
-0.0295295295295299985, 0.3290482450252211200
-0.0270270270270299984, 0.3919195567888691945
-0.0245245245245199993, 0.4747342330120147835
-0.0220220220220199991, 0.5868716947057264210
-0.0195195195195199990, 0.7439126628998856683
-0.0170170170170199989, 0.9732513051082360978
-0.0145145145145099998, 1.3265853559630880198
-0.0120120120120099996, 1.9107092690389995138
-0.0095095095095099995, 2.9740023789950758015
-0.0070070070070070000, 5.1934182469025040874
-0.0045045045045049997, 10.8282410268145810051
-0.0020020020020019998, 28.0126509568359054470
0.0005005005005005000, 44.2037323392305907532
0.0030030030030029999, 18.8213724891448599408
0.0055055055055059999, 7.8612349154117087124
0.0080080080080079993, 4.0848695942108301793
0.0105105105105099995, 2.4639056315815981435
0.0130130130130099997, 1.6386175200127390816
0.0155155155155200005, 1.1656211124885511587
0.0180180180180199989, 0.8706053651110727820
0.0205205205205199991, 0.6746615723410169796
0.0230230230230199992, 0.5380725457128424649
0.0255255255255299983, 0.4391450094884166711
0.0280280280280299984, 0.3652390801202968218
0.0305305305305299986, 0.3085945509718900359
0.0330330330330299987, 0.2642370481305412189
0.0355355355355400013, 0.2288604971110624886
0.0380380380380399979, 0.2001989831154036559
0.0405405405405400016, 0.1766578470715964300
0.0430430430430399982, 0.1570887105997013644
0.0455455455455500008, 0.1406477155340924434
0.0480480480480499975, 0.1267036031360109505
0.0505505505505500011, 0.1147765837984798254
0.0530530530530499977, 0.1044967583807780570
0.0555555555555600003, 0.0955752623907728527
0.0580580580580599970, 0.0877838732702750091
0.0605605605605600006, 0.0809403600043624993
0.0630630630630600042, 0.0748977996879421071
0.0655655655655699998, 0.0695366798610739106
0.0680680680680700034, 0.0647589866876515097
0.0705705705705699932, 0.0604837283794334296
0.0730730730730699968, 0.0566435091778445116
0.0755755755755800063, 0.0531818813917341385
0.0780780780780799960, 0.0500512799790225685
0.0805805805805799996, 0.0472113977260098100
0.0830830830830800032, 0.0446278968250947150
0.0855855855855899988, 0.0422713795693328356
0.0880880880880900025, 0.0401165602917615688
0.0905905905905900061, 0.0381415948192181803
0.0930930930930899958, 0.0363275341150773382
0.0955955955956000053, 0.0346578765109902334
0.0980980980980999950, 0.0331181987138689377
0.1006006006005999986, 0.0316958501433690504
0.1031031031031000023, 0.0303796984795648081
0.1056056056056000059, 0.0291599168486226384
0.1081081081080999956, 0.0280278050408881638
0.1106106106105999992, 0.0269756386835957249
0.1131131131131000028, 0.0259965414847236308
0.1156156156156000064, 0.0250843766036963345
0.1181181181180999962, 0.0242336539473670814
0.1206206206205999998, 0.0234394507802668899
0.1231231231231000034, 0.0226973435100832760
0.1256256256256000070, 0.0220033488884043005
0.1281281281281000106, 0.0213538731726574185
0.1306306306305999865, 0.0207456680431303553
0.1331331331330999901, 0.0201757922708297247
0.1356356356355999937, 0.0196415782969618161
0.1381381381380999973, 0.0191406030202734972
0.1406406406406000009, 0.0186706622000957813
0.1431431431431000045, 0.0182297479752291103
0.1456456456456000081, 0.0178160290754096062
0.1481481481481000118, 0.0174278333658882470
0.1506506506506999910, 0.0170636324189574126
0.1531531531531999946, 0.0167220278509399752
0.1556556556556999982, 0.0164017392007260107
0.1581581581582000018, 0.0161015931576277554
0.1606606606607000054, 0.0158205139731250957
0.1631631631632000090, 0.0155575149138080654
0.1656656656657000126, 0.0153116906321612810
0.1681681681681999885, 0.0150822103483286441
0.1706706706706999921, 0.0148683117501024458
0.1731731731731999957, 0.0146692955304744688
0.1756756756756999993, 0.0144845204924843145
0.1781781781782000029, 0.0143133991600597997
0.1806806806807000065, 0.0141553938412876390
0.1831831831832000101, 0.0140100130972601739
0.1856856856857000138, 0.0138768085754705194
0.1881881881881999896, 0.0137553721718039548
0.1906906906906999932, 0.0136453334896060839
0.1931931931931999968, 0.0135463575681924499
0.1956956956957000004, 0.0134581428565778843
0.1981981981982000041, 0.0133804194112142043
0.2007007007007000077, 0.0133129472991905043
0.2032032032032000113, 0.0132555151907192102
0.2057057057056999871, 0.0132079391268474650
0.2082082082081999908, 0.0131700614502329068
0.2107107107106999944, 0.0131417498885388791
0.2132132132131999980, 0.0131228967815635936
0.2157157157157000016, 0.0131134184446468210
0.2182182182182000052, 0.0131132546622173517
0.2207207207207000088, 0.0131223683065753247
0.2232232232232000124, 0.0131407450781635092
0.2257257257256999883, 0.0131683933646870137
0.2282282282281999919, 0.0132053442175074157
0.2307307307306999955, 0.0132516514447799903
0.2332332332331999991, 0.0133073918218349196
0.2357357357357000027, 0.0133726654203400637
0.2382382382382000063, 0.0134475960588371132
0.2407407407407000099, 0.0135323318783300717
0.2432432432432000136, 0.0136270460477387924
0.2457457457456999894, 0.0137319376052276471
0.2482482482481999930, 0.0138472324426963354
0.2507507507508000000, 0.0139731844420955299
0.2532532532533000036, 0.0141100767737247362
0.2557557557558000072, 0.0142582233683055913
0.2582582582583000108, 0.0144179705764279943
0.2607607607608000144, 0.0145896990309659271
0.2632632632633000180, 0.0147738257302893854
0.2657657657658000216, 0.0149708063625960969
0.2682682682683000253, 0.0151811378944945730
0.2707707707707999734, 0.0154053614501408909
0.2732732732732999770, 0.0156440655108230943
0.2757757757757999806, 0.0158978894689680607
0.2782782782782999842, 0.0161675275751982650
0.2807807807807999878, 0.0164537333223813351
0.2832832832832999914, 0.0167573243167083961
0.2857857857857999950, 0.0170791876928362354
0.2882882882882999986, 0.0174202861381889638
0.2907907907908000023, 0.0177816646008235046
0.2932932932933000059, 0.0181644577660341928
0.2957957957958000095, 0.0185698983993715754
0.2982982982983000131, 0.0189993266682876027
0.3008008008008000167, 0.0194542005715695986
0.3033033033033000203, 0.0199361076255427754
0.3058058058058000239, 0.0204467779792434773
0.3083083083083000275, 0.0209880991580590898
0.3108108108107999756, 0.0215621326674896412
0.3133133133132999792, 0.0221711327266865162
0.3158158158157999829, 0.0228175674464598278
0.3183183183182999865, 0.0235041428199697332
0.3208208208207999901, 0.0242338299581361175
0.3233233233232999937, 0.0250098960781265818
0.3258258258257999973, 0.0258359398448706236
0.3283283283283000009, 0.0267159317758291805
0.3308308308308000045, 0.0276542605524950531
0.3333333333333000081, 0.0286557862437027133
0.3358358358358000118, 0.0297259016425484440
0.3383383383383000154, 0.0308706031591598554
0.3408408408408000190, 0.0320965730066305258
0.3433433433433000226, 0.0334112747811159336
0.3458458458458000262, 0.0348230649873505424
0.3483483483482999743, 0.0363413236208900217
0.3508508508509000090, 0.0379766076184008677
0.3533533533534000126, 0.0397408318667621524
0.3558558558559000162, 0.0416474835725057849
0.3583583583584000198, 0.0437118772039445311
0.3608608608609000235, 0.0459514590207980578
0.3633633633634000271, 0.0483861725232179463
0.3658658658658999752, 0.0510388991501399478
0.3683683683683999788, 0.0539359924625400985
0.3708708708708999824, 0.0571079291720416188
0.3733733733733999860, 0.0605901071513195930
0.3758758758758999896, 0.0644238295942882178
0.3783783783783999932, 0.0686575266350030605
0.3808808808808999968, 0.0733482822034467741
0.3833833833834000004, 0.0785637564530520249
0.3858858858859000041, 0.0843846253073219504
0.3883883883884000077, 0.0909077023382789950
0.3908908908909000113, 0.0982499699957475742
0.3933933933934000149, 0.1065538357964242039
0.3958958958959000185, 0.1159940577894324198
0.3983983983984000221, 0.1267869733522282716
0.4009009009009000257, 0.1392029495187665500
0.4034034034033999738, 0.1535834059181650779
0.4059059059058999774, 0.1703644332496022651
0.4084084084083999810, 0.1901100944088066069
0.4109109109108999847, 0.2135602191276806672
0.4134134134133999883, 0.2417003647448662529
0.4159159159158999919, 0.2758664984176948387
0.4184184184183999955, 0.3179055445914358846
0.4209209209208999991, 0.3704285738204842748
0.4234234234234000027, 0.4372229827101681843
0.4259259259259000063, 0.5239484807822829548
0.4284284284284000099, 0.6393632852859504334
0.4309309309309000136, 0.7975950855865799882
0.4334334334334000172, 1.0226051164100222746
0.4359359359359000208, 1.3576202238632795183
0.4384384384384000244, 1.8869196523077504946
0.4409409409408999725, 2.7921387978785903172
0.4434434434433999761, 4.5202667227328516830
0.4459459459458999797, 8.3844663108362702530
0.4484484484483999833, 19.1102587725115071748
0.4509509509510000180, 48.9252064442174656733
0.4534534534535000216, 42.3392959869197866851
0.4559559559560000253, 16.1643678520879738869
0.4584584584584999734, 7.3987668723846988783
0.4609609609609999770, 4.1074133758978970121
0.4634634634634999806, 2.5858150769650527501
0.4659659659659999842, 1.7702960799147771098
0.4684684684684999878, 1.2856239763069863269
0.4709709709709999914, 0.9751447337142118421
0.4734734734734999950, 0.7646846481886067082
0.4759759759759999986, 0.6156049359986598413
0.4784784784785000022, 0.5062242099894627145
0.4809809809810000059, 0.4236324283810291580
0.4834834834835000095, 0.3597611355469211847
0.4859859859860000131, 0.3093609168639481766
0.4884884884885000167, 0.2688986938870365218
0.4909909909910000203, 0.2359266746513223045
0.4934934934935000239, 0.2087059953906139631
0.4959959959960000275, 0.1859741242814946238
0.4984984984984999756, 0.1667965845721932627
0.5010010010009999792, 0.1504698182960793884
0.5035035035035000384, 0.1364559972571056934
0.5060060060059999865, 0.1243383218626884640
0.5085085085085000456, 0.1137897707030161160
0.5110110110109999937, 0.1045508691507835430
0.5135135135135000528, 0.0964136218968333070
0.5160160160160000009, 0.0892097318182799442
0.5185185185184999490, 0.0828018470506457216
0.5210210210210000081, 0.0770769786667125506
0.5235235235234999562, 0.0719414951256540369
0.5260260260260000154, 0.0673172763005492475
0.5285285285284999635, 0.0631387300458763345
0.5310310310310000226, 0.0593504571776804005
0.5335335335334999707, 0.0559054087192736651
0.5360360360360000298, 0.0527634203171678598
0.5385385385384999779, 0.0498900381361704684
0.5410410410410000370, 0.0472555718330557525
0.5435435435434999851, 0.0448343257808093837
0.5460460460460000442, 0.0426039712147204541
0.5485485485484999924, 0.0405450305393536964
0.5510510510510999715, 0.0386404514730859308
0.5535535535536000307, 0.0368752535827369943
0.5560560560560999788, 0.0352362334816517381
0.5585585585586000379, 0.0337117178243646065
0.5610610610610999860, 0.0322913554438669162
0.5635635635636000451, 0.0309659417008714410
0.5660660660660999932, 0.0297272694648424984
0.5685685685686000523, 0.0285680022108373635
0.5710710710711000004, 0.0274815655596676936
0.5735735735735999485, 0.0264620542608996201
0.5760760760761000077, 0.0255041521563357139
0.5785785785785999558, 0.0246030630946241953
0.5810810810811000149, 0.0237544511176749733
0.5835835835835999630, 0.0229543885237819822
0.5860860860861000221, 0.0221993106441186680
0.5885885885885999702, 0.0214859763590394097
0.5910910910911000293, 0.0208114335366085187
0.5935935935935999774, 0.0201729887044863193
0.5960960960961000366, 0.0195681803728862819
0.5985985985985999847, 0.0189947555148903026
0.6011011011011000438, 0.0184506487842624883
0.6036036036035999919, 0.0179339641126828910
0.6061061061061000510, 0.0174429583801656574
0.6086086086085999991, 0.0169760268960628229
0.6111111111110999472, 0.0165316904648911758
0.6136136136136000063, 0.0161085838424032922
0.6161161161160999544, 0.0157054454137945353
0.6186186186186000135, 0.0153211079484676868
0.6211211211210999616, 0.0149544903050010600
0.6236236236236000208, 0.0146045899764111146
0.6261261261260999689, 0.0142704763799014062
0.6286286286286000280, 0.0139512848074094305
0.6311311311310999761, 0.0136462109637028959
0.6336336336336000352, 0.0133545060277899166
0.6361361361360999833, 0.0130754721812055101
0.6386386386386000424, 0.0128084585534967710
0.6411411411410999905, 0.0125528575411019451
0.6436436436436000497, 0.0123081014609300494
0.6461461461460999978, 0.0120736595044051535
0.6486486486485999459, 0.0118490349616342371
0.6511511511512000361, 0.0116337626887658158
0.6536536536536999842, 0.0114274067945955744
0.6561561561562000433, 0.0112295585251001133
0.6586586586586999914, 0.0110398343268893091
0.6611611611612000505, 0.0108578740726029081
0.6636636636636999986, 0.0106833394330730150
0.6661661661661999467, 0.0105159123826621455
0.6686686686687000059, 0.0103552938255918828
0.6711711711711999540, 0.0102012023323238034
0.6736736736737000131, 0.0100533729761608029
0.6761761761761999612, 0.0099115562612211456
0.6786786786787000203, 0.0097755171338135653
0.6811811811811999684, 0.0096450340700232444
0.6836836836837000275, 0.0095198982330158086
0.6861861861861999756, 0.0093999126941903197
0.6886886886887000347, 0.0092848917128703235
0.6911911911911999828, 0.0091746600697224338
0.6936936936937000420, 0.0090690524495410443
0.6961961961961999901, 0.0089679128694412150
0.6986986986987000492, 0.0088710941488647707
0.7012012012011999973, 0.0087784574181317913
0.7037037037036999454, 0.0086898716625644582
0.7062062062062000045, 0.0086052132994766054
0.7087087087086999526, 0.0085243657855630962
0.7112112112112000117, 0.0084472192524411068
0.7137137137136999598, 0.0083736701682928360
0.7162162162162000190, 0.0083036210237385707
0.7187187187186999671, 0.0082369800402317915
0.7212212212212000262, 0.0081736608994162022
0.7237237237236999743, 0.0081135824920197230
0.7262262262262000334, 0.0080566686849834566
0.7287287287286999815, 0.0080028481056363954
0.7312312312312000406, 0.0079520539418295212
0.7337337337336999887, 0.0079042237570374346
0.7362362362362000479, 0.0078592993195223219
0.7387387387386999960, 0.0078172264447348323
0.7412412412412000551, 0.0077779548502000251
0.7437437437437000032, 0.0077414380222043614
0.7462462462461999513, 0.0077076330936627444
0.7487487487487000104, 0.0076765007326029091
0.7512512512512999896, 0.0076480050407589000
0.7537537537538000487, 0.0076221134618160713
0.7562562562562999968, 0.0075987966988976773
0.7587587587587999449, 0.0075780286409278157
0.7612612612613000040, 0.0075597862975476729
0.7637637637637999521, 0.0075440497423021570
0.7662662662663000113, 0.0075308020638519754
0.7687687687687999594, 0.0075200293250028780
0.7712712712713000185, 0.0075117205293787617
0.7737737737737999666, 0.0075058675955994372
0.7762762762763000257, 0.0075024653388568383
0.7787787787787999738, 0.0075015114598159707
0.7812812812813000329, 0.0075030065407987404
0.7837837837837999810, 0.0075069540492406148
0.7862862862863000402, 0.0075133603484416160
0.7887887887887999883, 0.0075222347156651253
0.7912912912913000474, 0.0075335893676700813
0.7937937937937999955, 0.0075474394937951068
0.7962962962963000546, 0.0075638032967466958
0.7987987987988000027, 0.0075827020412783464
0.8013013013012999508, 0.0076041601109835882
0.8038038038038000099, 0.0076282050734633976
0.8063063063062999580, 0.0076548677541679357
0.8088088088088000172, 0.0076841823192540966
0.8113113113112999653, 0.0077161863678442792
0.8138138138138000244, 0.0077509210341185127
0.8163163163162999725, 0.0077884310997219600
0.8188188188188000316, 0.0078287651170230871
0.8213213213212999797, 0.0078719755438151767
0.8238238238238000388, 0.0079181188901154779
0.8263263263262999869, 0.0079672558777830922
0.8288288288288000460, 0.0080194516137486651
0.8313313313312999941, 0.0080747757777274685
0.8338338338338000533, 0.0081333028253724876
0.8363363363363000014, 0.0081951122079169936
0.8388388388387999495, 0.0082602886094573259
0.8413413413413000086, 0.0083289222031375405
0.8438438438437999567, 0.0084011089276185766
0.8463463463463000158, 0.0084769507853480943
0.8488488488487999639, 0.0085565561642930252
0.8513513513514000541, 0.0086400401849578388
0.8538538538539000022, 0.0087275250746888192
0.8563563563563999503, 0.0088191405714598877
0.8588588588589000095, 0.0089150243595516147
0.8613613613613999576, 0.0090153225397738915
0.8638638638639000167, 0.0091201901371468393
0.8663663663663999648, 0.0092297916492483367
0.8688688688689000239, 0.0093443016387612550
0.8713713713713999720, 0.0094639053741162570
0.8738738738739000311, 0.0095887995225279413
0.8763763763763999792, 0.0097191929001714059
0.8788788788789000384, 0.0098553072847471276
0.8813813813813999865, 0.0099973782962410902
0.8838838838839000456, 0.0101456563523139465
0.8863863863863999937, 0.0103004077054535178
0.8888888888889000528, 0.0104619155698121268
0.8913913913914000009, 0.0106304813465340556
0.8938938938938999490, 0.0108064259573720563
0.8963963963964000081, 0.0109900912975125133
0.8988988988988999562, 0.0111818418197919753
0.9014014014014000153, 0.0113820662639153893
0.9039039039038999634, 0.0115911795459023997
0.9064064064064000226, 0.0118096248248182982
0.9089089089088999707, 0.0120378757659258713
0.9114114114114000298, 0.0122764390217571240
0.9139139139138999779, 0.0125258569552962398
0.9164164164164000370, 0.0127867106325371682
0.9189189189188999851, 0.0130596231151887919
0.9214214214214000442, 0.0133452630883221651
0.9239239239238999923, 0.0136443488623650029
0.9264264264264000515, 0.0139576527941497920
0.9289289289288999996, 0.0142860061778274684
0.9314314314313999477, 0.0146303046635022256
0.9339339339339000068, 0.0149915142695921481
0.9364364364363999549, 0.0153706780643609684
0.9389389389389000140, 0.0157689236030332976
0.9414414414413999621, 0.0161874712196733161
0.9439439439439000212, 0.0166276432879019637
0.9464464464463999693, 0.0170908745819554966
0.9489489489489000285, 0.0175787238900198504
0.9514514514515000076, 0.0180928870557984615
0.9539539539539999558, 0.0186352116525905984
0.9564564564565000149, 0.0192077135276283312
0.9589589589589999630, 0.0198125954941039857
0.9614614614615000221, 0.0204522684954947867
0.9639639639639999702, 0.0211293756230542459
0.9664664664665000293, 0.0218468194346492367
0.9689689689689999774, 0.0226077931039063915
0.9714714714715000365, 0.0234158160259324843
0.9739739739739999846, 0.0242747746234643590
0.9764764764765000438, 0.0251889692399519319
0.9789789789789999919, 0.0261631681797779951
0.9814814814815000510, 0.0272026701681620381
0.9839839839839999991, 0.0283133767639727509
0.9864864864864999472, 0.0295018765800403870
0.9889889889890000063, 0.0307755435635459693
0.9914914914914999544, 0.0321426520842420377
0.9939939939940000135, 0.0336125121973736909
0.9964964964964999616, 0.0351956292262355572
0.9989989989990000208, 0.0369038927923421439
1.0015015015019999023, 0.0387508016702331343
1.0040040040039999170, 0.0407517324402973946
1.0065065065070000205, 0.0429242619659451277
1.0090090090090000352, 0.0452885563787981671
1.0115115115119999167, 0.0478678427188857364
1.0140140140139999314, 0.0506889839233502920
1.0165165165170000350, 0.0537831838713787175
1.0190190190190000497, 0.0571868572133189326
1.0215215215219999312, 0.0609427094992493201
1.0240240240239999459, 0.0651010877636832852
1.0265265265270000494, 0.0697216817885829704
1.0290290290290000641, 0.0748756840503065485
1.0315315315319999456, 0.0806485552513943882
1.0340340340339999603, 0.0871435974336189356
1.0365365365370000639, 0.0944866157031167553
1.0390390390390000785, 0.1028320645224917035
1.0415415415419999601, 0.1123712441004357521
1.0440440440439999747, 0.1233433666203460205
1.0465465465470000783, 0.1360506997443088339
1.0490490490490000930, 0.1508795972733620316
1.0515515515519999745, 0.1683301823548560838
1.0540540540539999892, 0.1890589985735814660
1.0565565565570000928, 0.2139415215883686272
1.0590590590590001074, 0.2441658291879154619
1.0615615615619999890, 0.2813764916702150565
1.0640640640640000036, 0.3279019076987756964
1.0665665665670001072, 0.3871251733612200985
1.0690690690689998998, 0.4641118328581769203
1.0715715715720000034, 0.5667189918337116605
1.0740740740740000181, 0.7076563445440816613
1.0765765765769998996, 0.9085539411103823459
1.0790790790789999143, 1.2085994036199194657
1.0815815815820000179, 1.6846118353500967313
1.0840840840840000325, 2.5033265400174826709
1.0865865865869999141, 4.0789757695843826824
1.0890890890889999287, 7.6437021211914562002
1.0915915915920000323, 17.6738411174471856668
1.0940940940940000470, 44.4509243910446514292
1.0965965965969999285, 34.9531852081838891877
1.0990990990989999432, 13.3489686497577988433
1.1016016016020000468, 6.1977082747177636435
1.1041041041040000614, 3.4744139279796519837
1.1066066066069999430, 2.2018803604707137822
1.1091091091089999576, 1.5148146540919220637
1.1116116116120000612, 1.1043607382531219763
1.1141141141140000759, 0.8404324072207908225
1.1166166166169999574, 0.6610261902163767633
1.1191191191189999721, 0.5336781124579301760
1.1216216216220000756, 0.4400983038888864884
1.1241241241240000903, 0.3693608322692600865
1.1266266266269999718, 0.3146190801744612742
1.1291291291289999865, 0.2714087138410107847
1.1316316316320000901, 0.2367194721503845245
1.1341341341340001048, 0.2084625277129619481
1.1366366366369999863, 0.1851520792779999258
1.1391391391390000010, 0.1657081727814154193
1.1416416416420001045, 0.1493307814555691615
1.1441441441439998972, 0.1354171887128718388
1.1466466466470000007, 0.1235064684449704298
1.1491491491490000154, 0.1132413697017601861
1.1516516516519998969, 0.1043416437417757914
1.1541541541539999116, 0.0965850533662002131
1.1566566566570000152, 0.0897936390323808287
1.1591591591590000299, 0.0838236448395110884
1.1616616616619999114, 0.0785580332954989580
1.1641641641639999261, 0.0739008581739965947
1.1666666666670000296, 0.0697729892065090118
1.1691691691690000443, 0.0661088328503354195
1.1716716716719999258, 0.0628537958812587644
1.1741741741739999405, 0.0599623094132312115
1.1766766766770000441, 0.0573962806063858244
1.1791791791790000588, 0.0551238746002783095
1.1816816816819999403, 0.0531185546055682536
1.1841841841839999550, 0.0513583266288819285
1.1866866866870000585, 0.0498251490550690457
1.1891891891890000732, 0.0485044776991571877
1.1916916916919999547, 0.0473849249797677757
1.1941941941939999694, 0.0464580182932769828
1.1966966966970000730, 0.0457180480410152718
1.1991991991990000876, 0.0451620005277619876
1.2017017017019999692, 0.0447895754993922757
1.2042042042039999838, 0.0446032928006341936
1.2067067067070000874, 0.0446086979254739363
1.2092092092090001021, 0.0448146826064789797
1.2117117117119999836, 0.0452339447085134544
1.2142142142139999983, 0.0458836224820685298
1.2167167167170001019, 0.0467861530338471998
1.2192192192189998945, 0.0479704256909568236
1.2217217217219999981, 0.0494733308303203778
1.2242242242240000127, 0.0513418484864190117
1.2267267267269998943, 0.0536358862193167529
1.2292292292289999089, 0.0564321746141999842
1.2317317317320000125, 0.0598296817526193792
1.2342342342340000272, 0.0639572495365189342
1.2367367367369999087, 0.0689845447554537916
1.2392392392389999234, 0.0751380631282114325
1.2417417417420000270, 0.0827250216523338078
1.2442442442440000416, 0.0921698966739335351
1.2467467467469999232, 0.1040718479386336937
1.2492492492489999378, 0.1192978246215962435
1.2517517517520000414, 0.1391390351279802040
1.2542542542540000561, 0.1655850815180819613
1.2567567567569999376, 0.2018283135706392395
1.2592592592589999523, 0.2532473758829835164
1.2617617617620000559, 0.3294651880654253517
1.2642642642640000705, 0.4490452968741373008
1.2667667667669999521, 0.6514431888175862273
1.2692692692689999667, 1.0319678328852246452
1.2717717717720000703, 1.8638348225026104554
1.2742742742740000850, 4.1091005940655671580
1.2767767767769999665, 10.7067526291851571330
1.2792792792789999812, 11.2870765555928649349
1.2817817817820000847, 4.3662254456897473531
1.2842842842840000994, 1.9495074002452303930
1.2867867867869999809, 1.0673980474104656224
1.2892892892889999956, 0.6686265023587545375
1.2917917917920000992, 0.4581925690868381418
1.2942942942939998918, 0.3345178821178683704
1.2967967967969999954, 0.2559634021913752555
1.2992992992990000101, 0.2030821420402355582
1.3018018018019998916, 0.1658501632233574108
1.3043043043039999063, 0.1386897100125424886
1.3068068068070000098, 0.1183022956296531092
1.3093093093090000245, 0.1026384418190743886
1.3118118118119999060, 0.0903716129841476146
1.3143143143139999207, 0.0806132988500796732
1.3168168168170000243, 0.0727508869851749285
1.3193193193190000390, 0.0663514506498468770
1.3218218218219999205, 0.0611025566381506041
1.3243243243239999352, 0.0567746942521801107
1.3268268268270000387, 0.0531967721432837146
1.3293293293290000534, 0.0502397571078234476
1.3318318318319999349, 0.0478055263530165198
1.3343343343339999496, 0.0458191428922672117
1.3368368368370000532, 0.0442234325086368896
1.3393393393390000679, 0.0429751449403011423
1.3418418418419999494, 0.0420422328520071095
1.3443443443439999641, 0.0414019421065931342
1.3468468468470000676, 0.0410395118245565488
1.3493493493490000823, 0.0409473541274412850
1.3518518518519999638, 0.0411246345044128381
1.3543543543539999785, 0.0415772129793307021
1.3568568568570000821, 0.0423179396989147860
1.3593593593590000967, 0.0433673310138307094
1.3618618618619999783, 0.0447546881722796774
1.3643643643639999929, 0.0465197656971760715
1.3668668668670000965, 0.0487151575289112987
1.3693693693689998891, 0.0514096567486256664
1.3718718718719999927, 0.0546929760398766063
1.3743743743740000074, 0.0586824188512610895
1.3768768768770001110, 0.0635324129016442279
1.3793793793789999036, 0.0694483413235716107
1.3818818818820000072, 0.0767069824089356977
1.3843843843840000218, 0.0856873762616518764
1.3868868868869999034, 0.0969186154773631070
1.3893893893889999180, 0.1111559906204903775
1.3918918918920000216, 0.1295063815569322541
1.3943943943940000363, 0.1536427801143262495
1.3968968968969999178, 0.1861880448583876912
1.3993993993989999325, 0.2314385675163776468
1.4019019019020000361, 0.2968180058198505167
1.4044044044040000507, 0.3960316393018813441
1.4069069069069999323, 0.5565988689962577673
1.4094094094089999469, 0.8401624614871379126
1.4119119119120000505, 1.4064697311958129777
1.4144144144140000652, 2.7571481879379935442
1.4169169169169999467, 6.7594062832131864837
1.4194194194189999614, 14.6470704119679595578
1.4219219219220000650, 8.0492332350007664843
1.4244244244240000796, 3.1694845830229452233
1.4269269269269999612, 1.5600328252516120209
1.4294294294289999758, 0.9099096158602630879
1.4319319319320000794, 0.5926934053232792987
1.4344344344340000941, 0.4161690995552271843
1.4369369369369999756, 0.3083703178349333496
1.4394394394389999903, 0.2378830519466199056
1.4419419419420000938, 0.1893258473850897294
1.4444444444440001085, 0.1544758674959612610
1.4469469469469999900, 0.1286232928449345947
1.4494494494490000047, 0.1089165921047656610
1.4519519519520001083, 0.0935489136323162107
1.4544544544539999009, 0.0813310088908764661
1.4569569569570000045, 0.0714545161438133181
1.4594594594590000192, 0.0633545844185984253
1.4619619619619999007, 0.0566269510629543726
1.4644644644639999154, 0.0509761560559324201
1.4669669669670000189, 0.0461822256579967338
1.4694694694690000336, 0.0420786694615449680
1.4719719719719999151, 0.0385376071999550471
1.4744744744739999298, 0.0354595038532024842
1.4769769769770000334, 0.0327659515693479592
1.4794794794790000481, 0.0303945075644122958
1.4819819819819999296, 0.0282949452811897227
1.4844844844839999443, 0.0264264934939942193
1.4869869869870000478, 0.0247557767455773778
1.4894894894890000625, 0.0232552607271546280
1.4919919919919999440, 0.0219020659602368849
1.4944944944939999587, 0.0206770533590186108
1.4969969969970000623, 0.0195641127399348858
1.4994994994990000770, 0.0185496043964980331
1.5020020020019999585, 0.0176219172349682054
1.5045045045050000621, 0.0167711164742884999
1.5070070070070000767, 0.0159886607482512058
1.5095095095099999583, 0.0152671734130412802
1.5120120120119999729, 0.0146002565064119912
1.5145145145150000765, 0.0139823385028751655
1.5170170170170000912, 0.0134085490251794250
1.5195195195199999727, 0.0128746151910285600
1.5220220220219999874, 0.0123767754270997857
1.5245245245250000909, 0.0119117074644398656
1.5270270270270001056, 0.0114764679087445906
1.5295295295299999871, 0.0110684413058844255
1.5320320320320000018, 0.0106852970341756500
1.5345345345350001054, 0.0103249526776779173
1.5370370370369998980, 0.0099855427896552353
1.5395395395400000016, 0.0096653921576775170
1.5420420420420000163, 0.0093629928433206378
1.5445445445449998978, 0.0090769843989377385
1.5470470470469999125, 0.0088061367683564262
1.5495495495500000160, 0.0085493354628573687
1.5520520520520000307, 0.0083055686725050926
1.5545545545549999122, 0.0080739160290127995
1.5570570570569999269, 0.0078535387823239333
1.5595595595600000305, 0.0076436711909600389
1.5620620620620000452, 0.0074436129574626843
1.5645645645649999267, 0.0072527225661933523
1.5670670670669999414, 0.0070704114023335237
1.5695695695700000449, 0.0068961385489374298
1.5720720720720000596, 0.0067294061739768107
1.5745745745749999411, 0.0065697554319867572
1.5770770770769999558, 0.0064167628155992543
1.5795795795800000594, 0.0062700369012738556
1.5820820820820000741, 0.0061292154411785229
1.5845845845849999556, 0.0059939627596718101
1.5870870870869999703, 0.0058639674183702129
1.5895895895900000738, 0.0057389401185117305
1.5920920920920000885, 0.0056186118133740633
1.5945945945949999700, 0.0055027320069778608
1.5970970970969999847, 0.0053910672182947636
1.5995995996000000883, 0.0052833995927547006
1.6021021021020001029, 0.0051795256450730669
1.6046046046049999845, 0.0050792551193459771
1.6071071071069999991, 0.0049824099540328832
1.6096096096100001027, 0.0048888233409009278
1.6121121121119998953, 0.0047983388682706924
1.6146146146149999989, 0.0047108097400087312
1.6171171171170000136, 0.0046260980626784470
1.6196196196199998951, 0.0045440741941072975
1.6221221221219999098, 0.0044646161473710418
1.6246246246250000134, 0.0043876090448484659
1.6271271271270000280, 0.0043129446175748116
1.6296296296299999096, 0.0042405207456288419
1.6321321321319999242, 0.0041702410357361752
1.6346346346350000278, 0.0041020144326674038
1.6371371371370000425, 0.0040357548613603198
1.6396396396399999240, 0.0039713808970067623
1.6421421421419999387, 0.0039088154606211310
1.6446446446450000423, 0.0038479855378535655
1.6471471471470000569, 0.0037888219190300443
1.6496496496499999385, 0.0037312589585971178
1.6521521521519999531, 0.0036752343523237078
1.6546546546550000567, 0.0036206889307686292
1.6571571571570000714, 0.0035675664676623744
1.6596596596599999529, 0.0035158135019771851
1.6621621621619999676, 0.0034653791725720367
1.6646646646650000712, 0.0034162150644003767
1.6671671671670000858, 0.0033682750653595403
1.6696696696699999674, 0.0033215152329428019
1.6721721721719999820, 0.0032758936699290139
1.6746746746750000856, 0.0032313704084115402
1.6771771771770001003, 0.0031879073015286074
1.6796796796799999818, 0.0031454679223117373
1.6821821821819999965, 0.0031040174691184109
1.6846846846850001000, 0.0030635226771599192
1.6871871871869998927, 0.0030239517356760283
1.6896896896899999962, 0.0029852742103450118
1.6921921921920000109, 0.0029474609705512026
1.6946946946949998924, 0.0029104841211627210
1.6971971971969999071, 0.0028743169384999314
1.6996996997000000107, 0.0028389338102004563
1.7022022022020000254, 0.0028043101787097787
1.7047047047049999069, 0.0027704224881475708
1.7072072072069999216, 0.0027372481343191676
1.7097097097100000251, 0.0027047654176593156
1.7122122122120000398, 0.0026729534989114317
1.7147147147149999213, 0.0026417923573604555
1.7172172172169999360, 0.0026112627514509467
1.7197197197200000396, 0.0025813461816345104
1.7222222222220000543, 0.0025520248553020930
1.7247247247249999358, 0.0025232816536672033
1.7272272272269999505, 0.0024951001004757459
1.7297297297300000540, 0.0024674643324270776
1.7322322322320000687, 0.0024403590711990710
1.7347347347349999502, 0.0024137695969775170
1.7372372372369999649, 0.0023876817233971443
1.7397397397400000685, 0.0023620817738079758
1.7422422422420000832, 0.0023369565587866604
1.7447447447449999647, 0.0023122933548178700
1.7472472472469999794, 0.0022880798840759641
1.7497497497500000829, 0.0022643042952417711
1.7522522522520000976, 0.0022409551452936766
1.7547547547549999791, 0.0022180213822162449
1.7572572572569999938, 0.0021954923285732969
1.7597597597600000974, 0.0021733576658958453
1.7622622622619998900, 0.0021516074198384659
1.7647647647649999936, 0.0021302319460606792
1.7672672672670000082, 0.0021092219167926692
1.7697697697699998898, 0.0020885683080472304
1.7722722722719999044, 0.0020682623874422358
1.7747747747750000080, 0.0020482957026001290
1.7772772772770000227, 0.0020286600700930150
1.7797797797799999042, 0.0020093475649038514
1.7822822822819999189, 0.0019903505103760540
1.7847847847850000225, 0.0019716614686254657
1.7872872872870000371, 0.0019532732313902478
1.7897897897899999187, 0.0019351788112956796
1.7922922922919999333, 0.0019173714335122215
1.7947947947950000369, 0.0018998445277864746
1.7972972972970000516, 0.0018825917208258566
1.7997997997999999331, 0.0018656068290189179
1.8023023023019999478, 0.0018488838514742834
1.8048048048050000514, 0.0018324169633621495
1.8073073073070000660, 0.0018162005095432080
1.8098098098099999476, 0.0018002289984707005
1.8123123123119999622, 0.0017844970963521265
1.8148148148150000658, 0.0017689996215578619
1.8173173173170000805, 0.0017537315392646634
1.8198198198199999620, 0.0017386879563226880
1.8223223223219999767, 0.0017238641163352805
1.8248248248250000803, 0.0017092553949413665
1.8273273273270000949, 0.0016948572952908340
1.8298298298299999765, 0.0016806654437037964
1.8323323323319999911, 0.0016666755855051379
1.8348348348350000947, 0.0016528835810261568
1.8373373373370001094, 0.0016392854017656011
1.8398398398399999909, 0.0016258771267027435
1.8423423423420000056, 0.0016126549387555770
1.8448448448450001091, 0.0015996151213775144
1.8473473473469999018, 0.0015867540552863650
1.8498498498500000053, 0.0015740682153196446
1.8523523523520000200, 0.0015615541674105855
1.8548548548549999015, 0.0015492085656795174
1.8573573573569999162, 0.0015370281496355129
1.8598598598600000198, 0.0015250097414834934
1.8623623623620000345, 0.0015131502435321990
1.8648648648649999160, 0.0015014466356986543
1.8673673673669999307, 0.0014898959731050004
1.8698698698700000342, 0.0014784953837637164
1.8723723723720000489, 0.0014672420663475075
1.8748748748749999304, 0.0014561332880402541
1.8773773773769999451, 0.0014451663824656430
1.8798798798800000487, 0.0014343387476902138
1.8823823823820000634, 0.0014236478442977520
1.8848848848849999449, 0.0014130911935320636
1.8873873873869999596, 0.0014026663755053455
1.8898898898900000631, 0.0013923710274694580
1.8923923923920000778, 0.0013822028421475508
1.8948948948949999593, 0.0013721595661236154
1.8973973973969999740, 0.0013622389982876229
1.8998998999000000776, 0.0013524389883340475
1.9024024024020000923, 0.0013427574353116404
1.9049049049049999738, 0.0013331922862224389
1.9074074074069999885, 0.0013237415346680800
1.9099099099100000920, 0.0013144032195415629
1.9124124124120001067, 0.0013051754237627059
1.9149149149149999882, 0.0012960562730556010
1.9174174174170000029, 0.0012870439347664520
1.9199199199200001065, 0.0012781366167202675
1.9224224224219998991, 0.0012693325661149099
1.9249249249250000027, 0.0012606300684511050
1.9274274274270000173, 0.0012520274464970474
1.9299299299299998989, 0.0012435230592863231
1.9324324324319999135, 0.0012351153011478837
1.9349349349350000171, 0.0012268026007669129
1.9374374374370000318, 0.0012185834202754300
1.9399399399399999133, 0.0012104562543715390
1.9424424424419999280, 0.0012024196294662935
1.9449449449450000316, 0.0011944721028571560
1.9474474474470000462, 0.0011866122619271129
1.9499499499499999278, 0.0011788387233684981
1.9524524524519999424, 0.0011711501324306668
1.9549549549550000460, 0.0011635451621906580
1.9574574574570000607, 0.0011560225128460291
1.9599599599599999422, 0.0011485809110290944
1.9624624624619999569, 0.0011412191091418064
1.9649649649650000605, 0.0011339358847105635
1.9674674674670000751, 0.0011267300397602555
1.9699699699699999567, 0.0011196004002068775
1.9724724724719999713, 0.0011125458152680795
1.9749749749750000749, 0.0011055651568910305
1.9774774774770000896, 0.0010986573191970198
1.9799799799799999711, 0.0010918212179422131
1.9824824824819999858, 0.0010850557899940343
1.9849849849850000894, 0.0010783599928226354
1.9874874874870001040, 0.0010717328040069588
1.9899899899899999856, 0.0010651732207549039
1.9924924924920000002, 0.0010586802594371343
1.9949949949950001038, 0.0010522529551340665
1.9974974974969998964, 0.0010458903611956232
2.0000000000000000000, 0.0010395915488133213
