# Delta1: 0.46
# Delta2: 1.17
# Delta3: 1.34
# Dq: 0.08800000000000002
# Ds: -0.09000000000000001
# Dt: -0.01999999999999998
# k1_lab: [1, 0, 0]
# k2_lab: [-0.8660254037844387, 0.49999999999999994, 0.0]
# k1_cf: [-0.9961946980917455, -0.08715574274765808, 0.0]
# k2_cf: [0.90630778703665, -0.42261826174069944, 0.0]
# pol1_lab: [(0, 1, 0), (0, 0, 1)]
# pol2_lab: [array([-0.5      , -0.8660254,  0.       ]), array([0., 0., 1.])]
# pol1_cf: [array([ 0.08715574, -0.9961947 ,  0.        ]), array([0., 0., 1.])]
# pol2_cf: [array([0.42261826, 0.90630779, 0.        ]), array([0., 0., 1.])]
# cf: [array([-0.9961947 ,  0.08715574,  0.        ]), array([-0.08715574, -0.9961947 ,  0.        ]), array([0., 0., 1.])]
# th: 130
-0.5000000000000000000, 0.0017179595012964445
-0.4974974974974999964, 0.0017321576225435044
-0.4949949949949999928, 0.0017465508948586346
-0.4924924924924999892, 0.0017611430991616886
-0.4899899899899999856, 0.0017759381107461205
-0.4874874874874999819, 0.0017909399021559321
-0.4849849849849999783, 0.0018061525461661124
-0.4824824824824999747, 0.0018215802188708626
-0.4799799799800000266, 0.0018372272028840996
-0.4774774774775000230, 0.0018530978906569459
-0.4749749749750000194, 0.0018691967879171274
-0.4724724724725000158, 0.0018855285172354390
-0.4699699699700000122, 0.0019020978217247036
-0.4674674674675000086, 0.0019189095688768784
-0.4649649649650000049, 0.0019359687545442649
-0.4624624624625000013, 0.0019532805070710570
-0.4599599599599999977, 0.0019708500915817592
-0.4574574574574999941, 0.0019886829144333687
-0.4549549549549999905, 0.0020067845278384775
-0.4524524524524999869, 0.0020251606346669156
-0.4499499499499000077, 0.0020438170934338213
-0.4474474474474000041, 0.0020627599234825326
-0.4449449449449000005, 0.0020819953103710228
-0.4424424424423999969, 0.0021015296114711337
-0.4399399399398999932, 0.0021213693617902446
-0.4374374374373999896, 0.0021415212800256142
-0.4349349349348999860, 0.0021619922748620656
-0.4324324324323999824, 0.0021827894515243076
-0.4299299299298999788, 0.0022039201185957520
-0.4274274274273999752, 0.0022253917951163141
-0.4249249249249000271, 0.0022472122179723500
-0.4224224224224000235, 0.0022693893495925855
-0.4199199199199000199, 0.0022919313859646366
-0.4174174174174000163, 0.0023148467649875110
-0.4149149149149000126, 0.0023381441751763191
-0.4124124124124000090, 0.0023618325647362919
-0.4099099099099000054, 0.0023859211510241949
-0.4074074074074000018, 0.0024104194304161515
-0.4049049049048999982, 0.0024353371886020317
-0.4024024024023999946, 0.0024606845113276246
-0.3998998998998999910, 0.0024864717956070656
-0.3973973973973999874, 0.0025127097614292097
-0.3948948948948999838, 0.0025394094639830580
-0.3923923923923999801, 0.0025665823064287222
-0.3898898898898999765, 0.0025942400532420209
-0.3873873873873999729, 0.0026223948441623660
-0.3848848848849000248, 0.0026510592087753775
-0.3823823823824000212, 0.0026802460817635159
-0.3798798798799000176, 0.0027099688188600033
-0.3773773773774000140, 0.0027402412135433983
-0.3748748748749000104, 0.0027710775145124459
-0.3723723723724000068, 0.0028024924439832479
-0.3698698698699000031, 0.0028345012168533327
-0.3673673673673999995, 0.0028671195607799676
-0.3648648648648999959, 0.0029003637372229771
-0.3623623623623999923, 0.0029342505635054682
-0.3598598598598999887, 0.0029687974359492051
-0.3573573573573999851, 0.0030040223541449749
-0.3548548548548999815, 0.0030399439464221288
-0.3523523523523999779, 0.0030765814965855618
-0.3498498498497999987, 0.0031139549719928650
-0.3473473473472999951, 0.0031520850530490528
-0.3448448448447999914, 0.0031909931642013813
-0.3423423423422999878, 0.0032307015065221774
-0.3398398398397999842, 0.0032712330919734993
-0.3373373373372999806, 0.0033126117794536735
-0.3348348348347999770, 0.0033548623127325448
-0.3323323323322999734, 0.0033980103603895202
-0.3298298298298000253, 0.0034420825578763085
-0.3273273273273000217, 0.0034871065518346615
-0.3248248248248000181, 0.0035331110468085347
-0.3223223223223000145, 0.0035801258544997565
-0.3198198198198000108, 0.0036281819457269614
-0.3173173173173000072, 0.0036773115052588139
-0.3148148148148000036, 0.0037275479897048783
-0.3123123123123000000, 0.0037789261886607643
-0.3098098098097999964, 0.0038314822893184713
-0.3073073073072999928, 0.0038852539447684241
-0.3048048048047999892, 0.0039402803462365030
-0.3023023023022999856, 0.0039966022995174249
-0.2997997997997999819, 0.0040542623058857927
-0.2972972972972999783, 0.0041133046477872118
-0.2947947947947999747, 0.0041737754796353456
-0.2922922922923000266, 0.0042357229240658194
-0.2897897897898000230, 0.0042991971740252571
-0.2872872872873000194, 0.0043642506011036522
-0.2847847847848000158, 0.0044309378705505000
-0.2822822822823000122, 0.0044993160634504963
-0.2797797797798000086, 0.0045694448065731240
-0.2772772772773000050, 0.0046413864104521809
-0.2747747747748000013, 0.0047152060162973658
-0.2722722722722999977, 0.0047909717523897735
-0.2697697697697999941, 0.0048687549006679494
-0.2672672672672999905, 0.0049486300742709799
-0.2647647647647999869, 0.0050306754068704211
-0.2622622622622999833, 0.0051149727546947804
-0.2597597597597999797, 0.0052016079122288780
-0.2572572572572999761, 0.0052906708426567152
-0.2547547547547999724, 0.0053822559242116350
-0.2522522522523000243, 0.0054764622137015813
-0.2497497497496999896, 0.0055733937285923968
-0.2472472472472000138, 0.0056731597491585300
-0.2447447447447000102, 0.0057758751423500707
-0.2422422422422000066, 0.0058816607091790700
-0.2397397397397000030, 0.0059906435575983290
-0.2372372372371999993, 0.0061029575030339001
-0.2347347347346999957, 0.0062187434989412291
-0.2322322322321999921, 0.0063381500999854330
-0.2297297297296999885, 0.0064613339607027444
-0.2272272272272000126, 0.0065884603727845870
-0.2247247247247000090, 0.0067197038444422302
-0.2222222222222000054, 0.0068552487256622148
-0.2197197197197000018, 0.0069952898835553175
-0.2172172172171999982, 0.0071400334324398830
-0.2147147147146999946, 0.0072896975237897099
-0.2122122122121999910, 0.0074445132017240279
-0.2097097097096999874, 0.0076047253303302264
-0.2072072072072000115, 0.0077705935997973820
-0.2047047047047000079, 0.0079423936191107374
-0.2022022022022000043, 0.0081204181039252789
-0.1996996996997000007, 0.0083049781692140310
-0.1971971971971999971, 0.0084964047373889632
-0.1946946946946999935, 0.0086950500738369810
-0.1921921921921999898, 0.0089012894632213013
-0.1896896896896999862, 0.0091155230414928963
-0.1871871871872000104, 0.0093381778003657472
-0.1846846846847000068, 0.0095697097830650599
-0.1821821821822000032, 0.0098106064924973393
-0.1796796796796999995, 0.0100613895356585301
-0.1771771771771999959, 0.0103226175311430246
-0.1746746746746999923, 0.0105948893101022804
-0.1721721721721999887, 0.0108788474449972722
-0.1696696696697000128, 0.0111751821450779068
-0.1671671671672000092, 0.0114846355628029639
-0.1646646646647000056, 0.0118080065615019970
-0.1621621621622000020, 0.0121461560016148107
-0.1596596596596999984, 0.0125000126109879907
-0.1571571571571999948, 0.0128705795141576748
-0.1546546546546999912, 0.0132589415065378444
-0.1521521521521999876, 0.0136662731722423953
-0.1496496496496000084, 0.0140938479592380012
-0.1471471471471000048, 0.0145430483430555556
-0.1446446446446000011, 0.0150153772308757854
-0.1421421421420999975, 0.0155124707820441642
-0.1396396396395999939, 0.0160361128496856950
-0.1371371371370999903, 0.0165882512819707784
-0.1346346346345999867, 0.0171710163618077304
-0.1321321321321000108, 0.0177867417116439955
-0.1296296296296000072, 0.0184379880472872147
-0.1271271271271000036, 0.0191275702332439866
-0.1246246246246000000, 0.0198585881745519180
-0.1221221221220999964, 0.0206344621796013053
-0.1196196196196000067, 0.0214589735489657540
-0.1171171171171000031, 0.0223363112917657550
-0.1146146146145999994, 0.0232711260498676513
-0.1121121121120999958, 0.0242685925292715592
-0.1096096096096000061, 0.0253344820075720109
-0.1071071071071000025, 0.0264752468194747251
-0.1046046046045999989, 0.0276981191359165629
-0.1021021021020999953, 0.0290112268682582788
-0.0995995995996000055, 0.0304237301758769479
-0.0970970970971000019, 0.0319459828707656518
-0.0945945945945900063, 0.0335897240459642893
-0.0920920920920900027, 0.0353683065716248052
-0.0895895895895899991, 0.0372969707913661935
-0.0870870870870899955, 0.0393931739311254650
-0.0845845845845799998, 0.0416769885644230759
-0.0820820820820799962, 0.0441715871830097168
-0.0795795795795800065, 0.0469038348058461868
-0.0770770770770800029, 0.0499050180482798755
-0.0745745745745699934, 0.0532117477667013380
-0.0720720720720700037, 0.0568670841442352054
-0.0695695695695700000, 0.0609219491149322612
-0.0670670670670699964, 0.0654369131174735164
-0.0645645645645600008, 0.0704844739430139089
-0.0620620620620599972, 0.0761519887973592657
-0.0595595595595600005, 0.0825454825304291484
-0.0570570570570599969, 0.0897946443359414759
-0.0545545545545500013, 0.0980594561762597183
-0.0520520520520499977, 0.1075390910663723137
-0.0495495495495500010, 0.1184840142062128093
-0.0470470470470499974, 0.1312126741765268778
-0.0445445445445400018, 0.1461348850384004971
-0.0420420420420399982, 0.1637851457466757976
-0.0395395395395400015, 0.1848710263745676485
-0.0370370370370399979, 0.2103449283314290930
-0.0345345345345300023, 0.2415130468214478632
-0.0320320320320299987, 0.2802052747794224197
-0.0295295295295299985, 0.3290482458276808853
-0.0270270270270299984, 0.3919195576003782211
-0.0245245245245199993, 0.4747342338327201761
-0.0220220220220199991, 0.5868716955357796694
-0.0195195195195199990, 0.7439126637394384289
-0.0170170170170199989, 0.9732513059574450232
-0.0145145145145099998, 1.3265853568221084302
-0.0120120120120099996, 1.9107092699079988307
-0.0095095095095099995, 2.9740023798742489802
-0.0070070070070070000, 5.1934182477920405319
-0.0045045045045049997, 10.8282410277147747024
-0.0020020020020019998, 28.0126509577468851830
0.0005005005005005000, 44.2037323401517809884
0.0030030030030029999, 18.8213724900770564830
0.0055055055055059999, 7.8612349163553041365
0.0080080080080079993, 4.0848695951658902104
0.0105105105105099995, 2.4639056325482862064
0.0130130130130099997, 1.6386175209912496875
0.0155155155155200005, 1.1656211134790859241
0.0180180180180199989, 0.8706053661138442035
0.0205205205205199991, 0.6746615733562413286
0.0230230230230199992, 0.5380725467407418972
0.0255255255255299983, 0.4391450105292188932
0.0280280280280299984, 0.3652390811742350918
0.0305305305305299986, 0.3085945520392031072
0.0330330330330299987, 0.2642370492114736180
0.0355355355355400013, 0.2288604982058647097
0.0380380380380399979, 0.2001989842243323825
0.0405405405405400016, 0.1766578481949148127
0.0430430430430399982, 0.1570887117376786601
0.0455455455455500008, 0.1406477166870049034
0.0480480480480499975, 0.1267036043041415705
0.0505505505505500011, 0.1147765849821188178
0.0530530530530499977, 0.1044967595802229060
0.0555555555555600003, 0.0955752636063286753
0.0580580580580599970, 0.0877838745022547218
0.0605605605605600006, 0.0809403612530870398
0.0630630630630600042, 0.0748978009537407952
0.0655655655655699998, 0.0695366811442846289
0.0680680680680700034, 0.0647589879886210085
0.0705705705705699932, 0.0604837296985177089
0.0730730730730699968, 0.0566435105154089458
0.0755755755755800063, 0.0531818827481539552
0.0780780780780799960, 0.0500512813546831054
0.0805805805805799996, 0.0472113991213068823
0.0830830830830800032, 0.0446278982404349281
0.0855855855855899988, 0.0422713810051340150
0.0880880880880900025, 0.0401165617484531001
0.0905905905905900061, 0.0381415962972414535
0.0930930930930899958, 0.0363275356148861223
0.0955955955956000053, 0.0346578780330511552
0.0980980980980999950, 0.0331182002586619326
0.1006006006005999986, 0.0316958517113877861
0.1031031031031000023, 0.0303797000713172602
0.1056056056056000059, 0.0291599184646315554
0.1081081081080999956, 0.0280278066816916221
0.1106106106105999992, 0.0269756403497476982
0.1131131131131000028, 0.0259965431767945794
0.1156156156156000064, 0.0250843783222738093
0.1181181181180999962, 0.0242336556930563829
0.1206206206205999998, 0.0234394525536917517
0.1231231231231000034, 0.0226973453118865243
0.1256256256256000070, 0.0220033507192486343
0.1281281281281000106, 0.0213538750332261697
0.1306306306305999865, 0.0207456699341283107
0.1331331331330999901, 0.0201757941929839348
0.1356356356355999937, 0.0196415802510225106
0.1381381381380999973, 0.0191406050070149977
0.1406406406406000009, 0.0186706642203175004
0.1431431431431000045, 0.0182297500297565473
0.1456456456456000081, 0.0178160311650954195
0.1481481481481000118, 0.0174278354916134123
0.1506506506506999910, 0.0170636345816323615
0.1531531531531999946, 0.0167220300515058644
0.1556556556556999982, 0.0164017414401560063
0.1581581581582000018, 0.0161015954369284273
0.1606606606607000054, 0.0158205162933378399
0.1631631631632000090, 0.0155575172760106500
0.1656656656657000126, 0.0153116930374694107
0.1681681681681999885, 0.0150822127978976553
0.1706706706706999921, 0.0148683142451290894
0.1731731731731999957, 0.0146692980721987755
0.1756756756756999993, 0.0144845230821915548
0.1781781781782000029, 0.0143134017990825847
0.1806806806807000065, 0.0141553965310081097
0.1831831831832000101, 0.0140100158391123150
0.1856856856857000138, 0.0138768113709426058
0.1881881881881999896, 0.0137553750224411638
0.1906906906906999932, 0.0136453363970132149
0.1931931931931999968, 0.0135463605340368446
0.1956956956957000004, 0.0134581458825924899
0.1981981981982000041, 0.0133804224992008346
0.2007007007007000077, 0.0133129504510232800
0.2032032032032000113, 0.0132555184083482346
0.2057057057056999871, 0.0132079424123026975
0.2082082082081999908, 0.0131700648056283093
0.2107107107106999944, 0.0131417533160767784
0.2132132132131999980, 0.0131229002835393585
0.2157157157157000016, 0.0131134220234538322
0.2182182182182000052, 0.0131132583203522508
0.2207207207207000088, 0.0131223720466436874
0.2232232232232000124, 0.0131407489028858189
0.2257257257256999883, 0.0131683972769050528
0.2282282282281999919, 0.0132053482201911314
0.2307307307306999955, 0.0132516555410347615
0.2332332332331999991, 0.0133073960149093923
0.2357357357357000027, 0.0133726697136344868
0.2382382382382000063, 0.0134476004559122841
0.2407407407407000099, 0.0135323363829169124
0.2432432432432000136, 0.0136270506637486532
0.2457457457456999894, 0.0137319423367632931
0.2482482482481999930, 0.0138472372940638497
0.2507507507508000000, 0.0139731894178170349
0.2532532532533000036, 0.0141100818785520870
0.2557557557558000072, 0.0142582286072351801
0.2582582582583000108, 0.0144179759547166594
0.2607607607608000144, 0.0145897045541481425
0.2632632632633000180, 0.0147738314041958273
0.2657657657658000216, 0.0149708121933737372
0.2682682682683000253, 0.0151811438886283630
0.2707707707707999734, 0.0154053676144773593
0.2732732732732999770, 0.0156440718525958748
0.2757757757757999806, 0.0158978959958256151
0.2782782782782999842, 0.0161675342952340671
0.2807807807807999878, 0.0164537402441666952
0.2832832832832999914, 0.0167573314493282277
0.2857857857857999950, 0.0170791950459281139
0.2882882882882999986, 0.0174202937219857662
0.2907907907908000023, 0.0177816724262001014
0.2932932932933000059, 0.0181644658445585735
0.2957957957958000095, 0.0185699067433609498
0.2982982982983000131, 0.0189993352908700147
0.3008008008008000167, 0.0194542094867517744
0.3033033033033000203, 0.0199361168482848385
0.3058058058058000239, 0.0204467875255414794
0.3083083083083000275, 0.0209881090450362018
0.3108108108107999756, 0.0215621429134972009
0.3133133133132999792, 0.0221711433514161192
0.3158158158157999829, 0.0228175784710678911
0.3183183183182999865, 0.0235041542672162866
0.3208208208207999901, 0.0242338418525396247
0.3233233233232999937, 0.0250099084461370517
0.3258258258257999973, 0.0258359527150635766
0.3283283283283000009, 0.0267159451791235021
0.3308308308308000045, 0.0276542745223981312
0.3333333333333000081, 0.0286558008165870431
0.3358358358358000118, 0.0297259168579644996
0.3383383383383000154, 0.0308706190601907848
0.3408408408408000190, 0.0320965896402954642
0.3433433433433000226, 0.0334112921988298922
0.3458458458458000262, 0.0348230832454502273
0.3483483483482999743, 0.0363413427812369974
0.3508508508509000090, 0.0379766277490756476
0.3533533533534000126, 0.0397408530428655440
0.3558558558559000162, 0.0416475058770873832
0.3583583583584000198, 0.0437119007290826186
0.3608608608609000235, 0.0459514838688602698
0.3633633633634000271, 0.0483861988083392897
0.3658658658658999752, 0.0510389269999629303
0.3683683683683999788, 0.0539360220202730056
0.3708708708708999824, 0.0571079605989046196
0.3733733733733999860, 0.0605901406294672915
0.3758758758758999896, 0.0644238653303196712
0.3783783783783999932, 0.0686575648642020059
0.3808808808808999968, 0.0733483231949362130
0.3833833833834000004, 0.0785638005161006236
0.3858858858859000041, 0.0843846727991145601
0.3883883883884000077, 0.0909077536735632408
0.3908908908909000113, 0.0982500256589068782
0.3933933933934000149, 0.1065538963567198155
0.3958958958959000185, 0.1159941239204281827
0.3983983983984000221, 0.1267870458568000347
0.4009009009009000257, 0.1392030293616614844
0.4034034034033999738, 0.1535834942689079385
0.4059059059058999774, 0.1703645315397917526
0.4084084084083999810, 0.1901102044097592592
0.4109109109108999847, 0.2135603430573640438
0.4134134134133999883, 0.2417005054178512635
0.4159159159158999919, 0.2758666594597168897
0.4184184184183999955, 0.3179057307534610688
0.4209209209208999991, 0.3704287914504433288
0.4234234234234000027, 0.4372232404827551266
0.4259259259259000063, 0.5239487908672143535
0.4284284284284000099, 0.6393636652942840115
0.4309309309309000136, 0.7975955619702581600
0.4334334334334000172, 1.0226057307468965352
0.4359359359359000208, 1.3576210453133825684
0.4384384384384000244, 1.8869208045389551653
0.4409409409408999725, 2.7921405240908123702
0.4434434434433999761, 4.5202695670613231016
0.4459459459458999797, 8.3844717276483518020
0.4484484484483999833, 19.1102715679268193583
0.4509509509510000180, 48.9252380321251436612
0.4534534534535000216, 42.3393167001225094737
0.4559559559560000253, 16.1643757198010149523
0.4584584584584999734, 7.3987706410763385279
0.4609609609609999770, 4.1074155305199147037
0.4634634634634999806, 2.5858164587289835801
0.4659659659659999842, 1.7702970375806581504
0.4684684684684999878, 1.2856246777483260058
0.4709709709709999914, 0.9751452690360383757
0.4734734734734999950, 0.7646850698742191366
0.4759759759759999986, 0.6156052766131792087
0.4784784784785000022, 0.5062244907795270255
0.4809809809810000059, 0.4236326637855729049
0.4834834834835000095, 0.3597613357151333013
0.4859859859860000131, 0.3093610891349465875
0.4884884884885000167, 0.2688988436977130525
0.4909909909910000203, 0.2359268061141555906
0.4934934934935000239, 0.2087061116732294719
0.4959959959960000275, 0.1859742278629339940
0.4984984984984999756, 0.1667966774201627977
0.5010010010009999792, 0.1504699019921858782
0.5035035035035000384, 0.1364560730870383876
0.5060060060059999865, 0.1243383908822743716
0.5085085085085000456, 0.1137898337873512189
0.5110110110109999937, 0.1045509270312887234
0.5135135135135000528, 0.0964136751895579153
0.5160160160160000009, 0.0892097810457723461
0.5185185185184999490, 0.0828018926590334686
0.5210210210210000081, 0.0770770210391724525
0.5235235235234999562, 0.0719415345931313788
0.5260260260260000154, 0.0673173131503601863
0.5285285285284999635, 0.0631387645286647786
0.5310310310310000226, 0.0593504895130856983
0.5335335335334999707, 0.0559054391005789630
0.5360360360360000298, 0.0527634489151368596
0.5385385385384999779, 0.0498900651022330319
0.5410410410410000370, 0.0472555973019680373
0.5435435435434999851, 0.0448343498728865086
0.5460460460460000442, 0.0426039940377198820
0.5485485485484999924, 0.0405450521900715122
0.5510510510510999715, 0.0386404720387156925
0.5535535535536000307, 0.0368752731420313312
0.5560560560560999788, 0.0352362521059194841
0.5585585585586000379, 0.0337117355783297795
0.5610610610610999860, 0.0322913723864114571
0.5635635635636000451, 0.0309659578856797540
0.5660660660660999932, 0.0297272849409624292
0.5685685685686000523, 0.0285680170231700989
0.5710710710711000004, 0.0274815797493968804
0.5735735735735999485, 0.0264620678658682579
0.5760760760761000077, 0.0255041652113780909
0.5785785785785999558, 0.0246030756318590983
0.5810810810811000149, 0.0237544631667652023
0.5835835835835999630, 0.0229544001121647114
0.5860860860861000221, 0.0221993217972103370
0.5885885885885999702, 0.0214859871004184182
0.5910910910911000293, 0.0208114438881784498
0.5935935935935999774, 0.0201729986866220554
0.5960960960961000366, 0.0195681900045651287
0.5985985985985999847, 0.0189947648138098189
0.6011011011011000438, 0.0184506577669466265
0.6036036036035999919, 0.0179339727945777294
0.6061061061061000510, 0.0174429667757259009
0.6086086086085999991, 0.0169760350188301462
0.6111111111110999472, 0.0165316983275652397
0.6136136136136000063, 0.0161085914569062266
0.6161161161160999544, 0.0157054527913296042
0.6186186186186000135, 0.0153211150995727248
0.6211211211210999616, 0.0149544972395972246
0.6236236236236000208, 0.0146045967038473737
0.6261261261260999689, 0.0142704829089952846
0.6286286286286000280, 0.0139512911464843084
0.6311311311310999761, 0.0136462171206222106
0.6336336336336000352, 0.0133545120099885645
0.6361361361360999833, 0.0130754779957187282
0.6386386386386000424, 0.0128084642069867041
0.6411411411410999905, 0.0125528630398821298
0.6436436436436000497, 0.0123081068109879913
0.6461461461460999978, 0.0120736647114232116
0.6486486486485999459, 0.0118490400310088777
0.6511511511512000361, 0.0116337676256254609
0.6536536536536999842, 0.0114274116038171319
0.6561561561562000433, 0.0112295632113243102
0.6586586586586999914, 0.0110398388945348921
0.6611611611612000505, 0.0108578785258798671
0.6636636636636999986, 0.0106833437759948670
0.6661661661661999467, 0.0105159166190573715
0.6686686686687000059, 0.0103552979591145546
0.6711711711711999540, 0.0102012063664635305
0.6736736736737000131, 0.0100533769142519963
0.6761761761761999612, 0.0099115601064516581
0.6786786786787000203, 0.0097755208892327770
0.6811811811811999684, 0.0096450377385496125
0.6836836836837000275, 0.0095199018174439605
0.6861861861861999756, 0.0093999161971976795
0.6886886886887000347, 0.0092848951370233124
0.6911911911911999828, 0.0091746634174823122
0.6936936936937000420, 0.0090690557232693779
0.6961961961961999901, 0.0089679160714050132
0.6986986986987000492, 0.0088710972812413441
0.7012012012011999973, 0.0087784604830132788
0.7037037037036999454, 0.0086898746619621069
0.7062062062062000045, 0.0086052162353248141
0.7087087087086999526, 0.0085243686597232249
0.7112112112112000117, 0.0084472220667050502
0.7137137137136999598, 0.0083736729243864289
0.7162162162162000190, 0.0083036237233247833
0.7187187187186999671, 0.0082369826849137406
0.7212212212212000262, 0.0081736634907400452
0.7237237237236999743, 0.0081135850314773411
0.7262262262262000334, 0.0080566711740150364
0.7287287287286999815, 0.0080028505456328589
0.7312312312312000406, 0.0079520563341348403
0.7337337337336999887, 0.0079042261029508183
0.7362362362362000479, 0.0078593016203002998
0.7387387387386999960, 0.0078172287015932512
0.7412412412412000551, 0.0077779570643159018
0.7437437437437000032, 0.0077414401947177112
0.7462462462461999513, 0.0077076352256782730
0.7487487487487000104, 0.0076765028251916502
0.7512512512512999896, 0.0076480070949597710
0.7537537537538000487, 0.0076221154786373646
0.7562562562562999968, 0.0075987986793184786
0.7587587587587999449, 0.0075780305858993667
0.7612612612613000040, 0.0075597882079946896
0.7637637637637999521, 0.0075440516191240614
0.7662662662663000113, 0.0075308039079241152
0.7687687687687999594, 0.0075200311371776711
0.7712712712713000185, 0.0075117223104868187
0.7737737737737999666, 0.0075058693464506235
0.7762762762763000257, 0.0075024670602413142
0.7787787787787999738, 0.0075015131525051886
0.7812812812813000329, 0.0075030082055464161
0.7837837837837999810, 0.0075069556867836534
0.7862862862863000402, 0.0075133619595010356
0.7887887887887999883, 0.0075222363009469270
0.7912912912913000474, 0.0075335909278661170
0.7937937937937999955, 0.0075474410295839241
0.7962962962963000546, 0.0075638048087943444
0.7987987987988000027, 0.0075827035302391960
0.8013013013012999508, 0.0076041615775011076
0.8038038038038000099, 0.0076282065181709317
0.8063063063062999580, 0.0076548691776894742
0.8088088088088000172, 0.0076841837222050265
0.8113113113112999653, 0.0077161877508321276
0.8138138138138000244, 0.0077509223977436960
0.8163163163162999725, 0.0077884324445785186
0.8188188188188000316, 0.0078287664436994253
0.8213213213212999797, 0.0078719768528947923
0.8238238238238000388, 0.0079181201821777129
0.8263263263262999869, 0.0079672571534038627
0.8288288288288000460, 0.0080194528735012208
0.8313313313312999941, 0.0080747770221831459
0.8338338338338000533, 0.0081333040551014799
0.8363363363363000014, 0.0081951134234891296
0.8388388388387999495, 0.0082602898114428683
0.8413413413413000086, 0.0083289233921080008
0.8438438438437999567, 0.0084011101041475394
0.8463463463463000158, 0.0084769519500120898
0.8488488488487999639, 0.0085565573176724051
0.8513513513514000541, 0.0086400413276376837
0.8538538538539000022, 0.0087275262072598961
0.8563563563563999503, 0.0088191416945196041
0.8588588588589000095, 0.0089150254737050717
0.8613613613613999576, 0.0090153236456349262
0.8638638638639000167, 0.0091201912353391385
0.8663663663663999648, 0.0092297927404065977
0.8688688688689000239, 0.0093443027235324272
0.8713713713713999720, 0.0094639064531607912
0.8738738738739000311, 0.0095888005965211742
0.8763763763763999792, 0.0097191939698049630
0.8788788788789000384, 0.0098553083507304552
0.8813813813813999865, 0.0099973793593030463
0.8838838838839000456, 0.0101456574132044834
0.8863863863863999937, 0.0103004087649455015
0.8888888888889000528, 0.0104619166287032474
0.8913913913914000009, 0.0106304824056488948
0.8938938938938999490, 0.0108064270175642334
0.8963963963964000081, 0.0109900923596670634
0.8988988988988999562, 0.0111818428848278299
0.9014014014014000153, 0.0113820673327880550
0.9039039039038999634, 0.0115911806196068480
0.9064064064064000226, 0.0118096259043920775
0.9089089089088999707, 0.0120378768524524189
0.9114114114114000298, 0.0122764401163693825
0.9139139139138999779, 0.0125258580591805398
0.9164164164164000370, 0.0127867117469374191
0.9189189189188999851, 0.0130596242414110601
0.9214214214214000442, 0.0133452642277395676
0.9239239239238999923, 0.0136443500164230794
0.9264264264264000515, 0.0139576539643723289
0.9289289289288999996, 0.0142860073658228458
0.9314314314313999477, 0.0146303058709702921
0.9339339339339000068, 0.0149915154983317808
0.9364364364363999549, 0.0153706793162783299
0.9389389389389000140, 0.0157689248801508447
0.9414414414413999621, 0.0161874725241396983
0.9439439439439000212, 0.0166276446220028871
0.9464464464463999693, 0.0170908759481257083
0.9489489489489000285, 0.0175787252908562799
0.9514514514515000076, 0.0180928884940747686
0.9539539539539999558, 0.0186352131312732226
0.9564564564565000149, 0.0192077150498943111
0.9589589589589999630, 0.0198125970633606721
0.9614614614615000221, 0.0204522701154017800
0.9639639639639999702, 0.0211293772975478036
0.9664664664665000293, 0.0218468211679695434
0.9689689689689999774, 0.0226077949006279963
0.9714714714715000365, 0.0234158178909984437
0.9739739739739999846, 0.0242747765622245010
0.9764764764765000438, 0.0251889712582060443
0.9789789789789999919, 0.0261631702838244148
0.9814814814815000510, 0.0272026723648526557
0.9839839839839999991, 0.0283133790607753566
0.9864864864864999472, 0.0295018789851095448
0.9889889889890000063, 0.0307755460858038024
0.9914914914914999544, 0.0321426547334705826
0.9939939939940000135, 0.0336125149843207877
0.9964964964964999616, 0.0351956321627366620
0.9989989989990000208, 0.0369038958914609388
1.0015015015019999023, 0.0387508049464243276
1.0040040040039999170, 0.0407517359095960208
1.0065065065070000205, 0.0429242656461873706
1.0090090090090000352, 0.0452885602898800976
1.0115115115119999167, 0.0478678468830677842
1.0140140140139999314, 0.0506889883656170825
1.0165165165170000350, 0.0537831886198663137
1.0190190190190000497, 0.0571868622998248227
1.0215215215219999312, 0.0609427149598442824
1.0240240240239999459, 0.0651010936394497974
1.0265265265270000494, 0.0697216881265113053
1.0290290290290000641, 0.0748756909043900576
1.0315315315319999456, 0.0806485626839759245
1.0340340340339999603, 0.0871436055170604768
1.0365365365370000639, 0.0944866245218829448
1.0390390390390000785, 0.1028320741757751539
1.0415415415419999601, 0.1123712547054924737
1.0440440440439999747, 0.1233433783167763448
1.0465465465470000783, 0.1360507126996092775
1.0490490490490000930, 0.1508796116902092477
1.0515515515519999745, 0.1683301984807828444
1.0540540540539999892, 0.1890590167140076272
1.0565565565570000928, 0.2139415421244132975
1.0590590590590001074, 0.2441658526011477315
1.0615615615619999890, 0.2813765185776703759
1.0640640640640000036, 0.3279019389034880660
1.0665665665670001072, 0.3871252099267517566
1.0690690690689998998, 0.4641118762211944304
1.0715715715720000034, 0.5667190439784668410
1.0740740740740000181, 0.7076564082802275779
1.0765765765769998996, 0.9085540205269559966
1.0790790790789999143, 1.2085995048412092601
1.0815815815820000179, 1.6846119677837592121
1.0840840840840000325, 2.5033267181907485899
1.0865865865869999141, 4.0789760140681305955
1.0890890890889999287, 7.6437024446073538186
1.0915915915920000323, 17.6738414358262261317
1.0940940940940000470, 44.4509267374837335751
1.0965965965969999285, 34.9531926092504789949
1.0990990990989999432, 13.3489714333105737865
1.1016016016020000468, 6.1977094208087404326
1.1041041041040000614, 3.4744145150775254116
1.1066066066069999430, 2.2018807090932766002
1.1091091091089999576, 1.5148148824249014766
1.1116116116120000612, 1.1043608983226327336
1.1141141141140000759, 0.8404325251031596888
1.1166166166169999574, 0.6610262803050303004
1.1191191191189999721, 0.5336781833057802071
1.1216216216220000756, 0.4400983608814529324
1.1241241241240000903, 0.3693608789593830211
1.1266266266269999718, 0.3146191189972464275
1.1291291291289999865, 0.2714087465195032522
1.1316316316320000901, 0.2367194999370791364
1.1341341341340001048, 0.2084625515395438222
1.1366366366369999863, 0.1851520998514708527
1.1391391391390000010, 0.1657081906476891575
1.1416416416420001045, 0.1493307970426666909
1.1441441441439998972, 0.1354172023609477860
1.1466466466470000007, 0.1235064804276199690
1.1491491491490000154, 0.1132413802414181520
1.1516516516519998969, 0.1043416530210323490
1.1541541541539999116, 0.0965850615362400244
1.1566566566570000152, 0.0897936462193629770
1.1591591591590000299, 0.0838236511494520192
1.1616616616619999114, 0.0785580388180521227
1.1641641641639999261, 0.0739008629854082666
1.1666666666670000296, 0.0697729933719523493
1.1691691691690000443, 0.0661088364257690353
1.1716716716719999258, 0.0628537989149194204
1.1741741741739999405, 0.0599623119468412277
1.1766766766770000441, 0.0573962826761366188
1.1791791791790000588, 0.0551238762376367181
1.1816816816819999403, 0.0531185558379413530
1.1841841841839999550, 0.0513583274801683032
1.1866866866870000585, 0.0498251495461180527
1.1891891891890000732, 0.0485044778481533573
1.1916916916919999547, 0.0473849248025537823
1.1941941941939999694, 0.0464580178036260449
1.1966966966970000730, 0.0457180472508615168
1.1991991991990000876, 0.0451619994473958855
1.2017017017019999692, 0.0447895741376264644
1.2042042042039999838, 0.0446032911649448457
1.2067067067070000874, 0.0446086960221207321
1.2092092092090001021, 0.0448146804406073032
1.2117117117119999836, 0.0452339422842411160
1.2142142142139999983, 0.0458836198025591238
1.2167167167170001019, 0.0467861501013718262
1.2192192192189998945, 0.0479704225069456369
1.2217217217219999981, 0.0494733273954050812
1.2242242242240000127, 0.0513418448004673983
1.2267267267269998943, 0.0536358822814598721
1.2292292292289999089, 0.0564321704228528467
1.2317317317320000125, 0.0598296773054954670
1.2342342342340000272, 0.0639572448306391372
1.2367367367369999087, 0.0689845397871499677
1.2392392392389999234, 0.0751380578931249155
1.2417417417420000270, 0.0827250161454088639
1.2442442442440000416, 0.0921698908894060670
1.2467467467469999232, 0.1040718418700148917
1.2492492492489999378, 0.1192978182616515614
1.2517517517520000414, 0.1391390284687031298
1.2542542542540000561, 0.1655850745506626254
1.2567567567569999376, 0.2018283062854276388
1.2592592592589999523, 0.2532473682694467709
1.2617617617620000559, 0.3294651801120988543
1.2642642642640000705, 0.4490452885685692896
1.2667667667669999521, 0.6514431801462748917
1.2692692692689999667, 1.0319678238335465714
1.2717717717720000703, 1.8638348130547401915
1.2742742742740000850, 4.1091005842043788476
1.2767767767769999665, 10.7067526188921249286
1.2792792792789999812, 11.2870765448482153204
1.2817817817820000847, 4.3662254344716533438
1.2842842842840000994, 1.9495073885303260131
1.2867867867869999809, 1.0673980351734719818
1.2892892892889999956, 0.6686264895722855428
1.2917917917920000992, 0.4581925557212174205
1.2942942942939998918, 0.3345178681409103350
1.2967967967969999954, 0.2559633875681386339
1.2992992992990000101, 0.2030821267327432844
1.3018018018019998916, 0.1658501471902825153
1.3043043043039999063, 0.1386896932088501622
1.3068068068070000098, 0.1183022780061954438
1.3093093093090000245, 0.1026384233221294406
1.3118118118119999060, 0.0903715935548935478
1.3143143143139999207, 0.0806132784239931843
1.3168168168170000243, 0.0727508654913416042
1.3193193193190000390, 0.0663514280101674542
1.3218218218219999205, 0.0611025327664248760
1.3243243243239999352, 0.0567746690530459980
1.3268268268270000387, 0.0531967455109838838
1.3293293293290000534, 0.0502397289247662332
1.3318318318319999349, 0.0478054964880900435
1.3343343343339999496, 0.0458191111988558442
1.3368368368370000532, 0.0442233988222770907
1.3393393393390000679, 0.0429751090758979520
1.3418418418419999494, 0.0420421946005122282
1.3443443443439999641, 0.0414019012310191115
1.3468468468470000676, 0.0410394680551672830
1.3493493493490000823, 0.0409473071559132706
1.3518518518519999638, 0.0411245839767009902
1.3543543543539999785, 0.0415771584868909749
1.3568568568570000821, 0.0423178807678246879
1.3593593593590000967, 0.0433672670911969954
1.3618618618619999783, 0.0447546186091103138
1.3643643643639999929, 0.0465196897265964665
1.3668668668670000965, 0.0487150742381801810
1.3693693693689998891, 0.0514095650427923018
1.3718718718719999927, 0.0546928745940187255
1.3743743743740000074, 0.0586823060468937771
1.3768768768770001110, 0.0635322867408344705
1.3793793793789999036, 0.0694481993110948881
1.3818818818820000072, 0.0767068213877212107
1.3843843843840000218, 0.0856871921784535251
1.3868868868869999034, 0.0969184030416396503
1.3893893893889999180, 0.1111557427952918620
1.3918918918920000216, 0.1295060887771359581
1.3943943943940000363, 0.1536424290462494180
1.3968968968969999178, 0.1861876163553363994
1.3993993993989999325, 0.2314380330945256525
1.4019019019020000361, 0.2968173212503982250
1.4044044044040000507, 0.3960307321826526117
1.4069069069069999323, 0.5565976126552188985
1.4094094094089999469, 0.8401606144763416051
1.4119119119120000505, 1.4064667782143178698
1.4144144144140000652, 2.7571428468283123436
1.4169169169169999467, 6.7593944549254967313
1.4194194194189999614, 14.6470341878261152146
1.4219219219220000650, 8.0492050762207991710
1.4244244244240000796, 3.1694739973553192058
1.4269269269269999612, 1.5600279094234150712
1.4294294294289999758, 0.9099068643889898222
1.4319319319320000794, 0.5926916659594080317
1.4344344344340000941, 0.4161679063064852024
1.4369369369369999756, 0.3083694504760083888
1.4394394394389999903, 0.2378823938937782989
1.4419419419420000938, 0.1893253314555313205
1.4444444444440001085, 0.1544754523581570171
1.4469469469469999900, 0.1286229517198073657
1.4494494494490000047, 0.1089163068985577465
1.4519519519520001083, 0.0935486716887710956
1.4544544544539999009, 0.0813308010960794858
1.4569569569570000045, 0.0714543357704222615
1.4594594594590000192, 0.0633544263940619690
1.4619619619619999007, 0.0566268114910017661
1.4644644644639999154, 0.0509760318947904967
1.4669669669670000189, 0.0461821144986226950
1.4694694694690000336, 0.0420785693714359754
1.4719719719719999151, 0.0385375166109983153
1.4744744744739999298, 0.0354594214797428267
1.4769769769770000334, 0.0327658763473906434
1.4794794794790000481, 0.0303944386058682403
1.4819819819819999296, 0.0282948818389959569
1.4844844844839999443, 0.0264264349352111988
1.4869869869870000478, 0.0247557225304142897
1.4894894894890000625, 0.0232552103924536860
1.4919919919919999440, 0.0219020191063491396
1.4944944944939999587, 0.0206770096392861792
1.4969969969970000623, 0.0195640718521952542
1.4994994994990000770, 0.0185495660761712394
1.5020020020019999585, 0.0176218812493933903
1.5045045045050000621, 0.0167710826180541145
1.5070070070070000767, 0.0159886288393214192
1.5095095095099999583, 0.0152671432895246199
1.5120120120119999729, 0.0146002280238513964
1.5145145145150000765, 0.0139823115319638348
1.5170170170170000912, 0.0134085234498265184
1.5195195195199999727, 0.0128745909067137752
1.5220220220219999874, 0.0123767523394676289
1.5245245245250000909, 0.0119116854880940357
1.5270270270270001056, 0.0114764469662098443
1.5295295295299999871, 0.0110684213267095450
1.5320320320320000018, 0.0106852779541555202
1.5345345345350001054, 0.0103249344381767111
1.5370370370369998980, 0.0099855253370157819
1.5395395395400000016, 0.0096653754427041810
1.5420420420420000163, 0.0093629768208253524
1.5445445445449998978, 0.0090769690273403338
1.5470470470469999125, 0.0088061220093318508
1.5495495495500000160, 0.0085493212810234913
1.5520520520520000307, 0.0083055550351457414
1.5545545545549999122, 0.0080739029058315044
1.5570570570569999269, 0.0078535261452244536
1.5595595595600000305, 0.0076436590138503503
1.5620620620620000452, 0.0074436012160795390
1.5645645645649999267, 0.0072527112379449530
1.5670670670669999414, 0.0070704004661581556
1.5695695695700000449, 0.0068961279851761986
1.5720720720720000596, 0.0067293959642588655
1.5745745745749999411, 0.0065697455591256070
1.5770770770769999558, 0.0064167532634989248
1.5795795795800000594, 0.0062700276548438346
1.5820820820820000741, 0.0061292064862565419
1.5845845845849999556, 0.0059939540829536276
1.5870870870869999703, 0.0058639590073456781
1.5895895895900000738, 0.0057389319614064693
1.5920920920920000885, 0.0056186038990962408
1.5945945945949999700, 0.0055027243250694840
1.5970970970969999847, 0.0053910597588871061
1.5995995996000000883, 0.0052833923465274218
1.6021021021020001029, 0.0051795186032166981
1.6046046046049999845, 0.0050792482735274366
1.6071071071069999991, 0.0049824032963637485
1.6096096096100001027, 0.0048888168639082121
1.6121121121119998953, 0.0047983325648698893
1.6146146146149999989, 0.0047108036034789339
1.6171171171170000136, 0.0046260920866393537
1.6196196196199998951, 0.0045440683724979397
1.6221221221219999098, 0.0044646104744300811
1.6246246246250000134, 0.0043876035150959419
1.6271271271270000280, 0.0043129392257951951
1.6296296296299999096, 0.0042405154868553055
1.6321321321319999242, 0.0041702359052359708
1.6346346346350000278, 0.0041020094259282582
1.6371371371370000425, 0.0040357499740777680
1.6396396396399999240, 0.0039713761250723444
1.6421421421419999387, 0.0039088108001113795
1.6446446446450000423, 0.0038479809850197376
1.6471471471470000569, 0.0037888174702885150
1.6496496496499999385, 0.0037312546105204118
1.6521521521519999531, 0.0036752301016321019
1.6546546546550000567, 0.0036206847743222954
1.6571571571570000714, 0.0035675624024540144
1.6596596596599999529, 0.0035158095251251269
1.6621621621619999676, 0.0034653752813137602
1.6646646646650000712, 0.0034162112560864274
1.6671671671670000858, 0.0033682713374478257
1.6696696696699999674, 0.0033215115829932150
1.6721721721719999820, 0.0032758900955983830
1.6746746746750000856, 0.0032313669074488785
1.6771771771770001003, 0.0031879038717706329
1.6796796796799999818, 0.0031454645616786534
1.6821821821819999965, 0.0031040141756099307
1.6846846846850001000, 0.0030635194488515113
1.6871871871869998927, 0.0030239485707153737
1.6896896896899999962, 0.0029852711069486603
1.6921921921920000109, 0.0029474579270014067
1.6946946946949998924, 0.0029104811358044522
1.6971971971969999071, 0.0028743140097380487
1.6996996997000000107, 0.0028389309364970296
1.7022022022020000254, 0.0028043073585815592
1.7047047047049999069, 0.0027704197201635812
1.7072072072069999216, 0.0027372454170984392
1.7097097097100000251, 0.0027047627498687186
1.7122122122120000398, 0.0026729508792636336
1.7147147147149999213, 0.0026417897846119781
1.7172172172169999360, 0.0026112602244003193
1.7197197197200000396, 0.0025813436991205165
1.7222222222220000543, 0.0025520224162021068
1.7247247247249999358, 0.0025232792568956053
1.7272272272269999505, 0.0024950977449824116
1.7297297297300000540, 0.0024674620171959488
1.7322322322320000687, 0.0024403567952467915
1.7347347347349999502, 0.0024137673593521269
1.7372372372369999649, 0.0023876795231768458
1.7397397397400000685, 0.0023620796100999549
1.7422422422420000832, 0.0023369544307259545
1.7447447447449999647, 0.0023122912615662983
1.7472472472469999794, 0.0022880778248211059
1.7497497497500000829, 0.0022643022691959834
1.7522522522520000976, 0.0022409531516931619
1.7547547547549999791, 0.0022180194203201605
1.7572572572569999938, 0.0021954903976629022
1.7597597597600000974, 0.0021733557652736865
1.7622622622619998900, 0.0021516055488275975
1.7647647647649999936, 0.0021302301040039204
1.7672672672670000082, 0.0021092201030518893
1.7697697697699998898, 0.0020885665220026668
1.7722722722719999044, 0.0020682606284918425
1.7747747747750000080, 0.0020482939701589502
1.7772772772770000227, 0.0020286583635925818
1.7797797797799999042, 0.0020093458837916172
1.7822822822819999189, 0.0019903488541148338
1.7847847847850000225, 0.0019716598366929143
1.7872872872870000371, 0.0019532716232783503
1.7897897897899999187, 0.0019351772265102701
1.7922922922919999333, 0.0019173698715725105
1.7947947947950000369, 0.0018998429882246082
1.7972972972970000516, 0.0018825902031864815
1.7997997997999999331, 0.0018656053328587724
1.8023023023019999478, 0.0018488823763617985
1.8048048048050000514, 0.0018324155088770690
1.8073073073070000660, 0.0018161990752762224
1.8098098098099999476, 0.0018002275840230935
1.8123123123119999622, 0.0017844957013354390
1.8148148148150000658, 0.0017689982455935636
1.8173173173170000805, 0.0017537301819838397
1.8198198198199999620, 0.0017386866173657390
1.8223223223219999767, 0.0017238627953516325
1.8248248248250000803, 0.0017092540915891880
1.8273273273270000949, 0.0016948560092367685
1.8298298298299999765, 0.0016806641746227055
1.8323323323319999911, 0.0016666743330798462
1.8348348348350000947, 0.0016528823449472149
1.8373373373370001094, 0.0016392841817310505
1.8398398398399999909, 0.0016258759224178966
1.8423423423420000056, 0.0016126537499327959
1.8448448448450001091, 0.0015996139477360062
1.8473473473469999018, 0.0015867528965519805
1.8498498498500000053, 0.0015740670712246804
1.8523523523520000200, 0.0015615530376936041
1.8548548548549999015, 0.0015492074500851583
1.8573573573569999162, 0.0015370270479143238
1.8598598598600000198, 0.0015250086533917591
1.8623623623620000345, 0.0015131491688317770
1.8648648648649999160, 0.0015014455741568229
1.8673673673669999307, 0.0014898949244942995
1.8698698698700000342, 0.0014784943478618065
1.8723723723720000489, 0.0014672410429370224
1.8748748748749999304, 0.0014561322769086676
1.8773773773769999451, 0.0014451653834051340
1.8798798798800000487, 0.0014343377604975390
1.8823823823820000634, 0.0014236468687741184
1.8848848848849999449, 0.0014130902294830121
1.8873873873869999596, 0.0014026654227406324
1.8898898898900000631, 0.0013923700858029416
1.8923923923920000778, 0.0013822019113970841
1.8948948948949999593, 0.0013721586461109374
1.8973973973969999740, 0.0013622380888382605
1.8998998999000000776, 0.0013524380892772120
1.9024024024020000923, 0.0013427565464801334
1.9049049049049999738, 0.0013331914074525600
1.9074074074069999885, 0.0013237406657995350
1.9099099099100000920, 0.0013144023604173775
1.9124124124120001067, 0.0013051745742291400
1.9149149149149999882, 0.0012960554329620650
1.9174174174170000029, 0.0012870431039654325
1.9199199199200001065, 0.0012781357950672435
1.9224224224219998991, 0.0012693317534682815
1.9249249249250000027, 0.0012606292646721185
1.9274274274270000173, 0.0012520266514497286
1.9299299299299998989, 0.0012435222728374024
1.9324324324319999135, 0.0012351145231667365
1.9349349349350000171, 0.0012268018311254909
1.9374374374370000318, 0.0012185826588481975
1.9399399399399999133, 0.0012104555010354159
1.9424424424419999280, 0.0012024188841005929
1.9449449449450000316, 0.0011944713653435290
1.9474474474470000462, 0.0011866115321494904
1.9499499499499999278, 0.0011788380012130385
1.9524524524519999424, 0.0011711494177857030
1.9549549549550000460, 0.0011635444549466453
1.9574574574570000607, 0.0011560218128954971
1.9599599599599999422, 0.0011485802182665964
1.9624624624619999569, 0.0011412184234638745
1.9649649649650000605, 0.0011339352060156611
1.9674674674670000751, 0.0011267293679487339
1.9699699699699999567, 0.0011195997351809330
1.9724724724719999713, 0.0011125451569317095
1.9749749749750000749, 0.0011055645051499946
1.9774774774770000896, 0.0010986566739587986
1.9799799799799999711, 0.0010918205791159712
1.9824824824819999858, 0.0010850551574905797
1.9849849849850000894, 0.0010783593665543848
1.9874874874870001040, 0.0010717321838879022
1.9899899899899999856, 0.0010651726067005696
1.9924924924920000002, 0.0010586796513645520
1.9949949949950001038, 0.0010522523529617391
1.9974974974969998964, 0.0010458897648434914
2.0000000000000000000, 0.0010395909582027341
