# Delta1: 0.46
# Delta2: 1.17
# Delta3: 1.34
# Dq: 0.08800000000000002
# Ds: -0.09000000000000001
# Dt: -0.01999999999999998
# k1_lab: [1, 0, 0]
# k2_lab: [-0.8660254037844387, 0.49999999999999994, 0.0]
# k1_cf: [-0.08715574274765808, -0.9961946980917455, 0.0]
# k2_cf: [0.5735764363510459, 0.8191520442889919, 0.0]
# pol1_lab: [(0, 1, 0), (0, 0, 1)]
# pol2_lab: "[array([-0.5      , -0.8660254,  0.       ]), array([0., 0., 1.])]"
# pol1_cf: "[array([ 0.9961947 , -0.08715574,  0.        ]), array([0., 0., 1.])]"
# pol2_cf: "[array([-0.81915204,  0.57357644,  0.        ]), array([0., 0., 1.])]"
# cf: "[array([-0.08715574,  0.9961947 ,  0.        ]), array([-0.9961947 , -0.08715574,  0.        ]), array([0., 0., 1.])]"
# th: 50
-0.5000000000000000000, 0.0016462643571577460
-0.4974974974974999964, 0.0016600092028431605
-0.4949949949949999928, 0.0016739452686868675
-0.4924924924924999892, 0.0016880762919027560
-0.4899899899899999856, 0.0017024061034819960
-0.4874874874874999819, 0.0017169386310602985
-0.4849849849849999783, 0.0017316779018884956
-0.4824824824824999747, 0.0017466280459107161
-0.4799799799800000266, 0.0017617932989546510
-0.4774774774775000230, 0.0017771780060386025
-0.4749749749750000194, 0.0017927866248002545
-0.4724724724725000158, 0.0018086237290522969
-0.4699699699700000122, 0.0018246940124703440
-0.4674674674675000086, 0.0018410022924187760
-0.4649649649650000049, 0.0018575535139204839
-0.4624624624625000013, 0.0018743527537767122
-0.4599599599599999977, 0.0018914052248435655
-0.4574574574574999941, 0.0019087162804720214
-0.4549549549549999905, 0.0019262914191186589
-0.4524524524524999869, 0.0019441362891346500
-0.4499499499499000077, 0.0019622566937409647
-0.4474474474474000041, 0.0019806585961981184
-0.4449449449449000005, 0.0019993481251792209
-0.4424424424423999969, 0.0020183315803555431
-0.4399399399398999932, 0.0020376154382042732
-0.4374374374373999896, 0.0020572063580486391
-0.4349349349348999860, 0.0020771111883411157
-0.4324324324323999824, 0.0020973369732009651
-0.4299299299298999788, 0.0021178909592179818
-0.4274274274273999752, 0.0021387806025349202
-0.4249249249249000271, 0.0021600135762217436
-0.4224224224224000235, 0.0021815977779555493
-0.4199199199199000199, 0.0022035413380207727
-0.4174174174174000163, 0.0022258526276450188
-0.4149149149149000126, 0.0022485402676867827
-0.4124124124124000090, 0.0022716131376921238
-0.4099099099099000054, 0.0022950803853383772
-0.4074074074074000018, 0.0023189514362839149
-0.4049049049048999982, 0.0023432360044440990
-0.4024024024023999946, 0.0023679441027146396
-0.3998998998998999910, 0.0023930860541648107
-0.3973973973973999874, 0.0024186725037242218
-0.3948948948948999838, 0.0024447144303882300
-0.3923923923923999801, 0.0024712231599684723
-0.3898898898898999765, 0.0024982103784165969
-0.3873873873873999729, 0.0025256881457508514
-0.3848848848849000248, 0.0025536689106169515
-0.3823823823824000212, 0.0025821655255165027
-0.3798798798799000176, 0.0026111912627382384
-0.3773773773774000140, 0.0026407598310294335
-0.3748748748749000104, 0.0026708853930470988
-0.3723723723724000068, 0.0027015825836309874
-0.3698698698699000031, 0.0027328665289429784
-0.3673673673673999995, 0.0027647528665201782
-0.3648648648648999959, 0.0027972577662919800
-0.3623623623623999923, 0.0028303979526144714
-0.3598598598598999887, 0.0028641907273789201
-0.3573573573573999851, 0.0028986539942546692
-0.3548548548548999815, 0.0029338062841305916
-0.3523523523523999779, 0.0029696667818233909
-0.3498498498497999987, 0.0030062553541254254
-0.3473473473472999951, 0.0030435925792694678
-0.3448448448447999914, 0.0030816997778928845
-0.3423423423422999878, 0.0031205990455891604
-0.3398398398397999842, 0.0031603132871405423
-0.3373373373372999806, 0.0032008662525318532
-0.3348348348347999770, 0.0032422825748522812
-0.3323323323322999734, 0.0032845878101992118
-0.3298298298298000253, 0.0033278084797059861
-0.3273273273273000217, 0.0033719721138238644
-0.3248248248248000181, 0.0034171072989976001
-0.3223223223223000145, 0.0034632437268836908
-0.3198198198198000108, 0.0035104122462710332
-0.3173173173173000072, 0.0035586449178750014
-0.3148148148148000036, 0.0036079750721882513
-0.3123123123123000000, 0.0036584373705849061
-0.3098098098097999964, 0.0037100678698889630
-0.3073073073072999928, 0.0037629040906334383
-0.3048048048047999892, 0.0038169850892534954
-0.3023023023022999856, 0.0038723515344749092
-0.2997997997997999819, 0.0039290457881791313
-0.2972972972972999783, 0.0039871119910473568
-0.2947947947947999747, 0.0040465961533094081
-0.2922922922923000266, 0.0041075462509483239
-0.2897897897898000230, 0.0041700123277389270
-0.2872872872873000194, 0.0042340466035285023
-0.2847847847848000158, 0.0042997035892000110
-0.2822822822823000122, 0.0043670402087936031
-0.2797797797798000086, 0.0044361159293007033
-0.2772772772773000050, 0.0045069928986867062
-0.2747747747748000013, 0.0045797360927443452
-0.2722722722722999977, 0.0046544134714295669
-0.2697697697697999941, 0.0047310961453864856
-0.2672672672672999905, 0.0048098585534278983
-0.2647647647647999869, 0.0048907786518031012
-0.2622622622622999833, 0.0049739381161566527
-0.2597597597597999797, 0.0050594225571604229
-0.2572572572572999761, 0.0051473217508874519
-0.2547547547547999724, 0.0052377298850913934
-0.2522522522523000243, 0.0053307458226592823
-0.2497497497496999896, 0.0054264733836205305
-0.2472472472472000138, 0.0055250216472214446
-0.2447447447447000102, 0.0056265052757141637
-0.2422422422422000066, 0.0057310448616628845
-0.2397397397397000030, 0.0058387673007405279
-0.2372372372371999993, 0.0059498061921770201
-0.2347347347346999957, 0.0060643022692290311
-0.2322322322321999921, 0.0061824038622716642
-0.2297297297296999885, 0.0063042673973689907
-0.2272272272272000126, 0.0064300579334648769
-0.2247247247247000090, 0.0065599497416519610
-0.2222222222222000054, 0.0066941269303288850
-0.2197197197197000018, 0.0068327841204485215
-0.2172172172171999982, 0.0069761271754978978
-0.2147147147146999946, 0.0071243739913399379
-0.2122122122121999910, 0.0072777553515945134
-0.2097097097096999874, 0.0074365158548492950
-0.2072072072072000115, 0.0076009149206784764
-0.2047047047047000079, 0.0077712278822193205
-0.2022022022022000043, 0.0079477471739246540
-0.1996996996997000007, 0.0081307836240868247
-0.1971971971971999971, 0.0083206678628308575
-0.1946946946946999935, 0.0085177518575192453
-0.1921921921921999898, 0.0087224105889185458
-0.1896896896896999862, 0.0089350438830723359
-0.1871871871872000104, 0.0091560784156341397
-0.1846846846847000068, 0.0093859699074694582
-0.1821821821822000032, 0.0096252055326755161
-0.1796796796796999995, 0.0098743065628349048
-0.1771771771771999959, 0.0101338312743658385
-0.1746746746746999923, 0.0104043781493174878
-0.1721721721721999887, 0.0106865894039545294
-0.1696696696697000128, 0.0109811548840640233
-0.1671671671672000092, 0.0112888163711977602
-0.1646646646647000056, 0.0116103723501516116
-0.1621621621622000020, 0.0119466832950171718
-0.1596596596596999984, 0.0122986775392850585
-0.1571571571571999948, 0.0126673578049289193
-0.1546546546546999912, 0.0130538084763890984
-0.1521521521521999876, 0.0134592037181842060
-0.1496496496496000084, 0.0138848165498473008
-0.1471471471471000048, 0.0143320290094142849
-0.1446446446446000011, 0.0148023435572798654
-0.1421421421420999975, 0.0152973958964760549
-0.1396396396395999939, 0.0158189694140435343
-0.1371371371370999903, 0.0163690114820467317
-0.1346346346345999867, 0.0169496518970081202
-0.1321321321321000108, 0.0175632237844434436
-0.1296296296296000072, 0.0182122873524086688
-0.1271271271271000036, 0.0188996569465563445
-0.1246246246246000000, 0.0196284319416767244
-0.1221221221220999964, 0.0204020321042194148
-0.1196196196196000067, 0.0212242381808148903
-0.1171171171171000031, 0.0220992386143193838
-0.1146146146145999994, 0.0230316834676852107
-0.1121121121120999958, 0.0240267468550098597
-0.1096096096096000061, 0.0250901994486471339
-0.1071071071071000025, 0.0262284929643635326
-0.1046046046045999989, 0.0274488589400862792
-0.1021021021020999953, 0.0287594246397125108
-0.0995995995996000055, 0.0301693495603057374
-0.0970970970971000019, 0.0316889868362870281
-0.0945945945945900063, 0.0333300748674440275
-0.0920920920920900027, 0.0351059658145609910
-0.0895895895895899991, 0.0370318992953241333
-0.0870870870870899955, 0.0391253317927086064
-0.0845845845845799998, 0.0414063351197644786
-0.0820820820820799962, 0.0438980809897683844
-0.0795795795795800065, 0.0466274336246920024
-0.0770770770770800029, 0.0496256788238498697
-0.0745745745745699934, 0.0529294266080098455
-0.0720720720720700037, 0.0565817363045195421
-0.0695695695695700000, 0.0606335289709148684
-0.0670670670670699964, 0.0651453741480207960
-0.0645645645645600008, 0.0701897687071712240
-0.0620620620620599972, 0.0758540689117408184
-0.0595595595595600005, 0.0822442986459403502
-0.0570570570570599969, 0.0894901461138111198
-0.0545545545545500013, 0.0977515922633577922
-0.0520520520520499977, 0.1072278090697881547
-0.0495495495495500010, 0.1181692606670687318
-0.0470470470470499974, 0.1308943945429988376
-0.0445445445445400018, 0.1458130236379190925
-0.0420420420420399982, 0.1634596457572780048
-0.0395395395395400015, 0.1845418297953679843
-0.0370370370370399979, 0.2100119759521801854
-0.0345345345345300023, 0.2411762781911560849
-0.0320320320320299987, 0.2798646281739857189
-0.0295295295295299985, 0.3287036582165104859
-0.0270270270270299984, 0.3915709646119712728
-0.0245245245245199993, 0.4743815697191392511
-0.0220220220220199991, 0.5865148931360030238
-0.0195195195195199990, 0.7435516544415372575
-0.0170170170170199989, 0.9728860196595430221
-0.0145145145145099998, 1.3262157218920780366
-0.0120120120120099996, 1.9103352131418485094
-0.0095095095095099995, 2.9736238264531449360
-0.0070070070070070000, 5.1930351212379148862
-0.0045045045045049997, 10.8278532498444413079
-0.0020020020020019998, 28.0122584486246104518
0.0005005005005005000, 44.2033350180414998931
0.0030030030030029999, 18.8209702713889193149
0.0055055055055059999, 7.8608277155957768656
0.0080080080080079993, 4.0844573248833029311
0.0105105105105099995, 2.4634882032764817694
0.0130130130130099997, 1.6381948411917863773
0.0155155155155200005, 1.1651930894814015449
0.0180180180180199989, 0.8701719020533094096
0.0205205205205199991, 0.6742225711100497954
0.0230230230230199992, 0.5376279058615435202
0.0255255255255299983, 0.4386946281764038114
0.0280280280280299984, 0.3647828520427731647
0.0305305305305299986, 0.3081323682859364310
0.0330330330330299987, 0.2637688003787551638
0.0355355355355400013, 0.2283860711424309797
0.0380380380380399979, 0.1997182630032929285
0.0405405405405400016, 0.1761707140287346873
0.0430430430430399982, 0.1565950428900260982
0.0455455455455500008, 0.1401473883813265930
0.0480480480480499975, 0.1261964886288246823
0.0505505505505500011, 0.1142625507920893846
0.0530530530530499977, 0.1039756723948243033
0.0555555555555600003, 0.0950469855033143352
0.0580580580580599970, 0.0872482640077225646
0.0605605605605600006, 0.0803972732271727164
0.0630630630630600042, 0.0743470864718779739
0.0655655655655699998, 0.0689781873738313650
0.0680680680680700034, 0.0641925580606391433
0.0705705705705699932, 0.0599092025744823314
0.0730730730730699968, 0.0560607208486127023
0.0755755755755800063, 0.0525906607395581413
0.0780780780780799960, 0.0494514526029546514
0.0805805805805799996, 0.0466027844667659050
0.0830830830830800032, 0.0440103136026226555
0.0855855855855899988, 0.0416446372136949350
0.0880880880880900025, 0.0394804643670081806
0.0905905905905900061, 0.0374959454399117764
0.0930930930930899958, 0.0356721257551063861
0.0955955955956000053, 0.0339924978042930800
0.0980980980980999950, 0.0324426322466653261
0.1006006006005999986, 0.0310098722374744715
0.1031031031031000023, 0.0296830789663382749
0.1056056056056000059, 0.0284524188330723543
0.1081081081080999956, 0.0273091846554317369
0.1106106106105999992, 0.0262456448309421816
0.1131131131131000028, 0.0252549155693125790
0.1156156156156000064, 0.0243308522510961543
0.1181181181180999962, 0.0234679567109978456
0.1206206206205999998, 0.0226612978347754471
0.1231231231231000034, 0.0219064433306565276
0.1256256256256000070, 0.0211994009152631641
0.1281281281281000106, 0.0205365674599265191
0.1306306306305999865, 0.0199146848912285027
0.1331331331330999901, 0.0193308018414721020
0.1356356356355999937, 0.0187822402098072709
0.1381381381380999973, 0.0182665659301882374
0.1406406406406000009, 0.0177815633539384621
0.1431431431431000045, 0.0173252127469910346
0.1456456456456000081, 0.0168956704784672743
0.1481481481481000118, 0.0164912515410431809
0.1506506506506999910, 0.0161104140968498719
0.1531531531531999946, 0.0157517457873281239
0.1556556556556999982, 0.0154139515830196850
0.1581581581582000018, 0.0150958429809558495
0.1606606606607000054, 0.0147963283840968143
0.1631631631632000090, 0.0145144045200002493
0.1656656656657000126, 0.0142491487752257444
0.1681681681681999885, 0.0139997123384644866
0.1706706706706999921, 0.0137653140594768252
0.1731731731731999957, 0.0135452349430014891
0.1756756756756999993, 0.0133388132071826961
0.1781781781782000029, 0.0131454398450062855
0.1806806806807000065, 0.0129645546349618553
0.1831831831832000101, 0.0127956425538368352
0.1856856856857000138, 0.0126382305503551350
0.1881881881881999896, 0.0124918846434253460
0.1906906906906999932, 0.0123562073131726589
0.1931931931931999968, 0.0122308351567852747
0.1956956956957000004, 0.0121154367845904345
0.1981981981982000041, 0.0120097109347535487
0.2007007007007000077, 0.0119133847876231602
0.2032032032032000113, 0.0118262124630749109
0.2057057057056999871, 0.0117479736862805099
0.2082082082081999908, 0.0116784726091794938
0.2107107107106999944, 0.0116175367765951366
0.2132132132131999980, 0.0115650162274369781
0.2157157157157000016, 0.0115207827227971418
0.2182182182182000052, 0.0114847290939960964
0.2207207207207000088, 0.0114567687047852119
0.2232232232232000124, 0.0114368350229857585
0.2257257257256999883, 0.0114248812978517238
0.2282282282281999919, 0.0114208803404023396
0.2307307307306999955, 0.0114248244048914607
0.2332332332331999991, 0.0114367251704790042
0.2357357357357000027, 0.0114566138230558102
0.2382382382382000063, 0.0114845412380593440
0.2407407407407000099, 0.0115205782660170140
0.2432432432432000136, 0.0115648161234767829
0.2457457457456999894, 0.0116173668929455513
0.2482482482481999930, 0.0116783641364674763
0.2507507507508000000, 0.0117479636285505763
0.2532532532533000036, 0.0118263442153088393
0.2557557557558000072, 0.0119137088079420556
0.2582582582583000108, 0.0120102855200512528
0.2607607607608000144, 0.0121163289598010607
0.2632632632633000180, 0.0122321216896190722
0.2657657657658000216, 0.0123579758679952696
0.2682682682683000253, 0.0124942350900408908
0.2707707707707999734, 0.0126412764458284210
0.2732732732732999770, 0.0127995128182021266
0.2757757757757999806, 0.0129693954447737542
0.2782782782782999842, 0.0131514167722632143
0.2807807807807999878, 0.0133461136352720656
0.2832832832832999914, 0.0135540707960786610
0.2857857857857999950, 0.0137759248872076894
0.2882882882882999986, 0.0140123688044703123
0.2907907907908000023, 0.0142641566050326230
0.2932932932933000059, 0.0145321089730034141
0.2957957957958000095, 0.0148171193242387748
0.2982982982983000131, 0.0151201606327631653
0.3008008008008000167, 0.0154422930736827189
0.3033033033033000203, 0.0157846725920524483
0.3058058058058000239, 0.0161485605242456011
0.3083083083083000275, 0.0165353344184568443
0.3108108108107999756, 0.0169465002246303037
0.3133133133132999792, 0.0173837060520582141
0.3158158158157999829, 0.0178487577260275261
0.3183183183182999865, 0.0183436364142615695
0.3208208208207999901, 0.0188705186408491508
0.3233233233232999937, 0.0194317990614948054
0.3258258258257999973, 0.0200301164412892800
0.3283283283283000009, 0.0206683833573174450
0.3308308308308000045, 0.0213498202464227800
0.3333333333333000081, 0.0220779945373127534
0.3358358358358000118, 0.0228568657508782108
0.3383383383383000154, 0.0236908376294442460
0.3408408408408000190, 0.0245848185727020087
0.3433433433433000226, 0.0255442919255544597
0.3458458458458000262, 0.0265753979942824070
0.3483483483482999743, 0.0276850300793450681
0.3508508508509000090, 0.0288809473279922728
0.3533533533534000126, 0.0301719078566942342
0.3558558558559000162, 0.0315678264103512116
0.3583583583584000198, 0.0330799618629048497
0.3608608608609000235, 0.0347211411896706026
0.3633633633634000271, 0.0365060282459200094
0.3658658658658999752, 0.0384514478912795291
0.3683683683683999788, 0.0405767788720893530
0.3708708708708999824, 0.0429044326431890569
0.3733733733733999860, 0.0454604402943027328
0.3758758758758999896, 0.0482751763888446123
0.3783783783783999932, 0.0513842574525729470
0.3808808808808999968, 0.0548296649625431912
0.3833833833834000004, 0.0586611592771424384
0.3858858858859000041, 0.0629380739046064286
0.3883883883884000077, 0.0677316116230619047
0.3908908908909000113, 0.0731278094233255016
0.3933933933934000149, 0.0792314044030912323
0.3958958958959000185, 0.0861709274050027479
0.3983983983984000221, 0.0941054907417385733
0.4009009009009000257, 0.1032339453405708984
0.4034034034033999738, 0.1138074010180465667
0.4059059059058999774, 0.1261465977355619439
0.4084084084083999810, 0.1406663983922950834
0.4109109109108999847, 0.1579109415178177600
0.4134134134133999883, 0.1786050970328141307
0.4159159159158999919, 0.2037314594401388179
0.4184184184183999955, 0.2346484296072769982
0.4209209209208999991, 0.2732764337571258473
0.4234234234234000027, 0.3224010795600672497
0.4259259259259000063, 0.3861850506703870534
0.4284284284284000099, 0.4710699663173438245
0.4309309309309000136, 0.5874466632344087502
0.4334334334334000172, 0.7529384972318741154
0.4359359359359000208, 0.9993385765019389133
0.4384384384384000244, 1.3886338252217993450
0.4409409409408999725, 2.0544160897541785538
0.4434434434433999761, 3.3254434048452865547
0.4459459459458999797, 6.1675399929430279045
0.4484484484483999833, 14.0563013205008591200
0.4509509509510000180, 35.9850314636180641514
0.4534534534535000216, 31.1411217219458542615
0.4559559559560000253, 11.8896083133885817062
0.4584584584584999734, 5.4425575345222032553
0.4609609609609999770, 3.0217848923065231403
0.4634634634634999806, 1.9026573228984255959
0.4659659659659999842, 1.3028472145611709188
0.4684684684684999878, 0.9463732422885431372
0.4709709709709999914, 0.7180172437749018366
0.4734734734734999950, 0.5632248745213876973
0.4759759759759999986, 0.4535775245204241024
0.4784784784785000022, 0.3731286540206873448
0.4809809809810000059, 0.3123829987843634304
0.4834834834835000095, 0.2654062541878131620
0.4859859859860000131, 0.2283375045759159505
0.4884884884885000167, 0.1985781900240345954
0.4909909909910000203, 0.1743279728075081692
0.4934934934935000239, 0.1543079279845313567
0.4959959959960000275, 0.1375894701460929626
0.4984984984984999756, 0.1234852966029422738
0.5010010010009999792, 0.1114779441873898075
0.5035035035035000384, 0.1011718430955857589
0.5060060060059999865, 0.0922604394275059331
0.5085085085085000456, 0.0845032106760630758
0.5110110110109999937, 0.0777093146555791064
0.5135135135135000528, 0.0717257719708536273
0.5160160160160000009, 0.0664288010599663054
0.5185185185184999490, 0.0617173804643247823
0.5210210210210000081, 0.0575084075679188692
0.5235235235234999562, 0.0537330170423860470
0.5260260260260000154, 0.0503337521555662012
0.5285285285284999635, 0.0472623704734525529
0.5310310310310000226, 0.0444781264660956965
0.5335335335334999707, 0.0419464161721056217
0.5360360360360000298, 0.0396376992697973218
0.5385385385384999779, 0.0375266355296759585
0.5410410410410000370, 0.0355913882819859015
0.5435435435434999851, 0.0338130589865995937
0.5460460460460000442, 0.0321752254501760232
0.5485485485484999924, 0.0306635625370572304
0.5510510510510999715, 0.0292655289552278194
0.5535535535536000307, 0.0279701072848209630
0.5560560560560999788, 0.0267675871533010826
0.5585585585586000379, 0.0256493835648020363
0.5610610610610999860, 0.0246078840186672032
0.5635635635636000451, 0.0236363193197701889
0.5660660660660999932, 0.0227286539763870490
0.5685685685686000523, 0.0218794928641615170
0.5710710710711000004, 0.0210840014550668226
0.5735735735735999485, 0.0203378374045276381
0.5760760760761000077, 0.0196370916856528945
0.5785785785785999558, 0.0189782377780014604
0.5810810810811000149, 0.0183580876757507214
0.5835835835835999630, 0.0177737536891802578
0.5860860860861000221, 0.0172226151838465943
0.5885885885885999702, 0.0167022895413969259
0.5910910910911000293, 0.0162106067406986055
0.5935935935935999774, 0.0157455870526252220
0.5960960960961000366, 0.0153054214202324179
0.5985985985985999847, 0.0148884541612018546
0.6011011011011000438, 0.0144931676837503250
0.6036036036035999919, 0.0141181689526407896
0.6061061061061000510, 0.0137621774800624659
0.6086086086085999991, 0.0134240146482419113
0.6111111111110999472, 0.0131025941977396566
0.6136136136136000063, 0.0127969137383228317
0.6161161161160999544, 0.0125060471587730808
0.6186186186186000135, 0.0122291378285599595
0.6211211211210999616, 0.0119653924984493513
0.6236236236236000208, 0.0117140758192117982
0.6261261261260999689, 0.0114745054079670294
0.6286286286286000280, 0.0112460474006149738
0.6311311311310999761, 0.0110281124364821660
0.6336336336336000352, 0.0108201520279417821
0.6361361361360999833, 0.0106216552735008182
0.6386386386386000424, 0.0104321458778201034
0.6411411411410999905, 0.0102511794464525460
0.6436436436436000497, 0.0100783410268443386
0.6461461461460999978, 0.0099132428704229100
0.6486486486485999459, 0.0097555223934597986
0.6511511511512000361, 0.0096048403169038711
0.6536536536536999842, 0.0094608789675789083
0.6561561561562000433, 0.0093233407250702689
0.6586586586586999914, 0.0091919466003243782
0.6611611611612000505, 0.0090664349334816288
0.6636636636636999986, 0.0089465601997847297
0.6661661661661999467, 0.0088320919135726414
0.6686686686687000059, 0.0087228136214044065
0.6711711711711999540, 0.0086185219762741523
0.6736736736737000131, 0.0085190258856929352
0.6761761761761999612, 0.0084241457271371049
0.6786786786787000203, 0.0083337126250078598
0.6811811811811999684, 0.0082475677838214859
0.6836836836837000275, 0.0081655618728634638
0.6861861861861999756, 0.0080875544579986913
0.6886886886887000347, 0.0080134134767410794
0.6911911911911999828, 0.0079430147530545302
0.6936936936937000420, 0.0078762415486878807
0.6961961961961999901, 0.0078129841481440476
0.6986986986987000492, 0.0077531394746510416
0.7012012012011999973, 0.0076966107347438929
0.7037037037036999454, 0.0076433070892839650
0.7062062062062000045, 0.0075931433489389777
0.7087087087086999526, 0.0075460396923248433
0.7112112112112000117, 0.0075019214051716228
0.7137137137136999598, 0.0074607186390221250
0.7162162162162000190, 0.0074223661881045247
0.7187187187186999671, 0.0073868032831411710
0.7212212212212000262, 0.0073539734009659486
0.7237237237236999743, 0.0073238240889230161
0.7262262262262000334, 0.0072963068031116681
0.7287287287286999815, 0.0072713767596261844
0.7312312312312000406, 0.0072489927980168133
0.7337337337336999887, 0.0072291172562690088
0.7362362362362000479, 0.0072117158566635071
0.7387387387386999960, 0.0071967576019402926
0.7412412412412000551, 0.0071842146812455213
0.7437437437437000032, 0.0071740623853924438
0.7462462462461999513, 0.0071662790310159114
0.7487487487487000104, 0.0071608458932453101
0.7512512512512999896, 0.0071577471465633438
0.7537537537538000487, 0.0071569698135581054
0.7562562562562999968, 0.0071585037213138273
0.7587587587587999449, 0.0071623414652217422
0.7612612612613000040, 0.0071684783800269273
0.7637637637637999521, 0.0071769125179600469
0.7662662662663000113, 0.0071876446338349619
0.7687687687687999594, 0.0072006781770241413
0.7712712712713000185, 0.0072160192902542639
0.7737737737737999666, 0.0072336768151942572
0.7762762762763000257, 0.0072536623048376752
0.7787787787787999738, 0.0072759900427108466
0.7812812812813000329, 0.0073006770689678984
0.7837837837837999810, 0.0073277432134637357
0.7862862862863000402, 0.0073572111359265788
0.7887887887887999883, 0.0073891063733828571
0.7912912912913000474, 0.0074234573950193988
0.7937937937937999955, 0.0074602956647012095
0.7962962962963000546, 0.0074996557113977454
0.7987987987988000027, 0.0075415752078069349
0.8013013013012999508, 0.0075860950575043530
0.8038038038038000099, 0.0076332594909853026
0.8063063063062999580, 0.0076831161710103121
0.8088088088088000172, 0.0077357163077101197
0.8113113113112999653, 0.0077911147839548490
0.8138138138138000244, 0.0078493702915442328
0.8163163163162999725, 0.0079105454788317743
0.8188188188188000316, 0.0079747071104561053
0.8213213213212999797, 0.0080419262399180555
0.8238238238238000388, 0.0081122783958125205
0.8263263263262999869, 0.0081858437826008851
0.8288288288288000460, 0.0082627074968929272
0.8313313313312999941, 0.0083429597602978980
0.8338338338338000533, 0.0084266961700032658
0.8363363363363000014, 0.0085140179683476785
0.8388388388387999495, 0.0086050323327727940
0.8413413413413000086, 0.0086998526876682879
0.8438438438437999567, 0.0087985990397659742
0.8463463463463000158, 0.0089013983388954686
0.8488488488487999639, 0.0090083848660850487
0.8513513513514000541, 0.0091197006511804391
0.8538538538539000022, 0.0092354959223628283
0.8563563563563999503, 0.0093559295901769167
0.8588588588589000095, 0.0094811697689347208
0.8613613613613999576, 0.0096113943386416309
0.8638638638639000167, 0.0097467915509031125
0.8663663663663999648, 0.0098875606826165086
0.8688688688689000239, 0.0100339127416355853
0.8713713713713999720, 0.0101860712290234596
0.8738738738739000311, 0.0103442729629839060
0.8763763763763999792, 0.0105087689700915487
0.8788788788789000384, 0.0106798254500324943
0.8813813813813999865, 0.0108577248207274261
0.8838838838839000456, 0.0110427668514493302
0.8863863863863999937, 0.0112352698923754782
0.8888888888889000528, 0.0114355722099432414
0.8913913913914000009, 0.0116440334384233721
0.8938938938938999490, 0.0118610361592982570
0.8963963963964000081, 0.0120869876213570426
0.8988988988988999562, 0.0123223216159114319
0.9014014014014000153, 0.0125675005232236490
0.9039039039038999634, 0.0128230175481469783
0.9064064064064000226, 0.0130893991651425453
0.9089089089088999707, 0.0133672077952934360
0.9114114114114000298, 0.0136570447407295611
0.9139139139138999779, 0.0139595534050584291
0.9164164164164000370, 0.0142754228320276198
0.9189189189188999851, 0.0146053915987924242
0.9214214214214000442, 0.0149502521049150600
0.9239239239238999923, 0.0153108553036708471
0.9264264264264000515, 0.0156881159285022290
0.9289289289288999996, 0.0160830182746776011
0.9314314314313999477, 0.0164966226045361909
0.9339339339339000068, 0.0169300722543325941
0.9364364364363999549, 0.0173846015318512188
0.9389389389389000140, 0.0178615445069238744
0.9414414414413999621, 0.0183623448120733106
0.9439439439439000212, 0.0188885665881105939
0.9464464464463999693, 0.0194419067301120456
0.9489489489489000285, 0.0200242086133501293
0.9514514514515000076, 0.0206374775071463991
0.9539539539539999558, 0.0212838979180856869
0.9564564564565000149, 0.0219658531435912435
0.9589589589589999630, 0.0226859473637639718
0.9614614614615000221, 0.0234470306551460804
0.9639639639639999702, 0.0242522273765685345
0.9664664664665000293, 0.0251049684567968799
0.9689689689689999774, 0.0260090282091721449
0.9714714714715000365, 0.0269685664134473140
0.9739739739739999846, 0.0279881765440047267
0.9764764764765000438, 0.0290729411922410995
0.9789789789789999919, 0.0302284959362094999
0.9814814814815000510, 0.0314611031615851799
0.9839839839839999991, 0.0327777376461271114
0.9864864864864999472, 0.0341861860996437381
0.9889889889890000063, 0.0356951633218667019
0.9914914914914999544, 0.0373144482259087085
0.9939939939940000135, 0.0390550437067377354
0.9964964964964999616, 0.0409293652537316074
0.9989989989990000208, 0.0429514643682758490
1.0015015015019999023, 0.0451372943236673860
1.0040040040039999170, 0.0475050276913979441
1.0065065065070000205, 0.0500754374843568398
1.0090090090090000352, 0.0528723569083225722
1.0115115115119999167, 0.0559232368065604377
1.0140140140139999314, 0.0592598252560758848
1.0165165165170000350, 0.0629190008825375319
1.0190190190190000497, 0.0669438009403720835
1.0215215215219999312, 0.0713846979545359334
1.0240240240239999459, 0.0763011960258177108
1.0265265265270000494, 0.0817638416178358141
1.0290290290290000641, 0.0878567764824107339
1.0315315315319999456, 0.0946810063520843181
1.0340340340339999603, 0.1023586241484489429
1.0365365365370000639, 0.1110383198692768691
1.0390390390390000785, 0.1209026451514153139
1.0415415415419999601, 0.1321777009355674104
1.0440440440439999747, 0.1451462171225184061
1.0465465465470000783, 0.1601654513445488759
1.0490490490490000930, 0.1776920460323245798
1.0515515515519999745, 0.1983171123180825501
1.0540540540539999892, 0.2228166412672858421
1.0565565565570000928, 0.2522253891883701193
1.0590590590590001074, 0.2879475904902807915
1.0615615615619999890, 0.3319270282176728926
1.0640640640640000036, 0.3869157325802048963
1.0665665665670001072, 0.4569123278856459525
1.0690690690689998998, 0.5479039995271448582
1.0715715715720000034, 0.6691774053167347525
1.0740740740740000181, 0.8357546969701130646
1.0765765765769998996, 1.0732013987218520512
1.0790790790789999143, 1.4278351247553375813
1.0815815815820000179, 1.9904518427163295780
1.0840840840840000325, 2.9581235532820460143
1.0865865865869999141, 4.8204501150965377576
1.0890890890889999287, 9.0337566652798209077
1.0915915915920000323, 20.8888268399168524070
1.0940940940940000470, 52.5378715655415149399
1.0965965965969999285, 41.3120638067266696680
1.0990990990989999432, 15.7770479171360982207
1.1016016016020000468, 7.3246394071008769089
1.1041041041040000614, 4.1058455229888233262
1.1066066066069999430, 2.6017713910040924929
1.1091091091089999576, 1.7896877868460860928
1.1116116116120000612, 1.3045435961043192474
1.1141141141140000759, 0.9925839608489769317
1.1166166166169999574, 0.7805241090074693799
1.1191191191189999721, 0.6299933417522856072
1.1216216216220000756, 0.5193739765663825114
1.1241241241240000903, 0.4357521001358235502
1.1266266266269999718, 0.3710353222857848410
1.1291291291289999865, 0.3199469770342783792
1.1316316316320000901, 0.2789290271441274838
1.1341341341340001048, 0.2455125132951052058
1.1366366366369999863, 0.2179412129410833732
1.1391391391390000010, 0.1949385847256560889
1.1416416416420001045, 0.1755589371244973274
1.1441441441439998972, 0.1590897784881551980
1.1466466466470000007, 0.1449861946157396109
1.1491491491490000154, 0.1328257971973187679
1.1516516516519998969, 0.1222771963300648829
1.1541541541539999116, 0.1130775528588246204
1.1566566566570000152, 0.1050163436913081061
1.1591591591590000299, 0.0979234525874477513
1.1616616616619999114, 0.0916603204003948319
1.1641641641639999261, 0.0861132910705754151
1.1666666666670000296, 0.0811885549327161782
1.1691691691690000443, 0.0768082687581400358
1.1716716716719999258, 0.0729075530945300088
1.1741741741739999405, 0.0694321511863090074
1.1766766766770000441, 0.0663365924233491333
1.1791791791790000588, 0.0635827449221552932
1.1816816816819999403, 0.0611386718135439322
1.1841841841839999550, 0.0589777276660424510
1.1866866866870000585, 0.0570778476489127301
1.1891891891890000732, 0.0554209942186636301
1.1916916916919999547, 0.0539927354881657995
1.1941941941939999694, 0.0527819368692089771
1.1966966966970000730, 0.0517805537133050747
1.1991991991990000876, 0.0509835180224768383
1.2017017017019999692, 0.0503887172981074757
1.2042042042039999838, 0.0499970686548674853
1.2067067067070000874, 0.0498126968877781323
1.2092092092090001021, 0.0498432317654436269
1.2117117117119999836, 0.0501002481082596027
1.2142142142139999983, 0.0505998831322377191
1.2167167167170001019, 0.0513636804468025343
1.2192192192189998945, 0.0524197309980136694
1.2217217217219999981, 0.0538042112118813920
1.2242242242240000127, 0.0555634623889427401
1.2267267267269998943, 0.0577568206148210417
1.2292292292289999089, 0.0604605053773056705
1.2317317317320000125, 0.0637730280794251286
1.2342342342340000272, 0.0678228232036078571
1.2367367367369999087, 0.0727791949118263837
1.2392392392389999234, 0.0788683172244947217
1.2417417417420000270, 0.0863971230374553922
1.2442442442440000416, 0.0957898393273226567
1.2467467467469999232, 0.1076454087540867910
1.2492492492489999378, 0.1228305936157418482
1.2517517517520000414, 0.1426364439105937687
1.2542542542540000561, 0.1690524303323714117
1.2567567567569999376, 0.2052707971882799520
1.2592592592589999523, 0.2566701086205220861
1.2617617617620000559, 0.3328732281752465605
1.2642642642640000705, 0.4524436705541649562
1.2667667667669999521, 0.6548369140790654130
1.2692692692689999667, 1.0353619435172052299
1.2717717717720000703, 1.8672343923751322237
1.2742742742740000850, 4.1125107620211620585
1.2767767767769999665, 10.7101786247803225649
1.2792792792789999812, 11.2905237259680060191
1.2817817817820000847, 4.3696992838686643523
1.2842842842840000994, 1.9530135751923873855
1.2867867867869999809, 1.0709424362104533746
1.2892892892889999956, 0.6722152249242701050
1.2917917917920000992, 0.4618320258537755851
1.2942942942939998918, 0.3382147952488572251
1.2967967967969999954, 0.2597248608847318452
1.2992992992990000101, 0.2069156526323388534
1.3018018018019998916, 0.1697637048820779815
1.3043043043039999063, 0.1426917969514768791
1.3068068068070000098, 0.1224020469324875460
1.3093093093090000245, 0.1068456601565957037
1.3118118118119999060, 0.0946968737410286698
1.3143143143139999207, 0.0850680514644512609
1.3168168168170000243, 0.0773475706536855545
1.3193193193190000390, 0.0711036269804163346
1.3218218218219999205, 0.0660250623625180527
1.3243243243239999352, 0.0618838177672081172
1.3268268268270000387, 0.0585104584683600049
1.3293293293290000534, 0.0557778468708006320
1.3318318318319999349, 0.0535900357084733991
1.3343343343339999496, 0.0518745929124189223
1.3368368368370000532, 0.0505772386744609004
1.3393393393390000679, 0.0496580800404717443
1.3418418418419999494, 0.0490889800629914913
1.3443443443439999641, 0.0488517595431030918
1.3468468468470000676, 0.0489370357810103990
1.3493493493490000823, 0.0493435760886505800
1.3518518518519999638, 0.0500780975078205098
1.3543543543539999785, 0.0511554870899839503
1.3568568568570000821, 0.0525994556970237892
1.3593593593590000967, 0.0544436780657729519
1.3618618618619999783, 0.0567335184813622315
1.3643643643639999929, 0.0595285017601332664
1.3668668668670000965, 0.0629057730745670590
1.3693693693689998891, 0.0669649122450529932
1.3718718718719999927, 0.0718346521155658613
1.3743743743740000074, 0.0776823356701991374
1.3768768768770001110, 0.0847273993952470938
1.3793793793789999036, 0.0932609081440453763
1.3818818818820000072, 0.1036744009039912151
1.3843843843840000218, 0.1165034316294659839
1.3868868868869999034, 0.1324949656846047263
1.3893893893889999180, 0.1527147477462766356
1.3918918918920000216, 0.1787240940359197117
1.3943943943940000363, 0.2128823400494583851
1.3968968968969999178, 0.2588878706036929489
1.3993993993989999325, 0.3227983572769096976
1.4019019019020000361, 0.4150802454929416463
1.4044044044040000507, 0.5550557866581919964
1.4069069069069999323, 0.7815223976435128339
1.4094094094089999469, 1.1813847372770471811
1.4119119119120000505, 1.9798557080475396308
1.4144144144140000652, 3.8841326727449283496
1.4169169169169999467, 9.5266160215231519004
1.4194194194189999614, 20.6467432592858202156
1.4219219219220000650, 11.3451482210183769439
1.4244244244240000796, 4.4657376962539974130
1.4269269269269999612, 2.1967951955334532599
1.4294294294289999758, 1.2803130685674588563
1.4319319319320000794, 0.8331612418957701216
1.4344344344340000941, 0.5843546356571519551
1.4369369369369999756, 0.4324350312955073106
1.4394394394389999903, 0.3331150231381714288
1.4419419419420000938, 0.2647099275358905102
1.4444444444440001085, 0.2156272887905799629
1.4469469469469999900, 0.1792273033862097353
1.4494494494490000047, 0.1514899794370911379
1.4519519519520001083, 0.1298681100699191626
1.4544544544539999009, 0.1126851803192771007
1.4569569569570000045, 0.0988016443749014928
1.4594594594590000192, 0.0874212529574228681
1.4619619619619999007, 0.0779741494713807048
1.4644644644639999154, 0.0700438628007633707
1.4669669669670000189, 0.0633203381937708504
1.4694694694690000336, 0.0575689177785347825
1.4719719719719999151, 0.0526093726030272268
1.4744744744739999298, 0.0483014314379114004
1.4769769769770000334, 0.0445346049650191325
1.4794794794790000481, 0.0412209084682750859
1.4819819819819999296, 0.0382895769214291332
1.4844844844839999443, 0.0356831728669655610
1.4869869869870000478, 0.0333546830189532101
1.4894894894890000625, 0.0312653267214679439
1.4919919919919999440, 0.0293828836266298611
1.4944944944939999587, 0.0276804046585095581
1.4969969969970000623, 0.0261352090815028734
1.4994994994990000770, 0.0247280973505223794
1.5020020020019999585, 0.0234427282798166173
1.5045045045050000621, 0.0222651224713726857
1.5070070070070000767, 0.0211832635791300398
1.5095095095099999583, 0.0201867759850884870
1.5120120120119999729, 0.0192666625993970948
1.5145145145150000765, 0.0184150903002834494
1.5170170170170000912, 0.0176252133716418569
1.5195195195199999727, 0.0168910274370923548
1.5220220220219999874, 0.0162072480149363651
1.5245245245250000909, 0.0155692090618711199
1.5270270270270001056, 0.0149727778311508700
1.5295295295299999871, 0.0144142831136187984
1.5320320320320000018, 0.0138904545096284748
1.5345345345350001054, 0.0133983708349080591
1.5370370370369998980, 0.0129354161226960754
1.5395395395400000016, 0.0124992419697169781
1.5420420420420000163, 0.0120877352012038908
1.5445445445449998978, 0.0116989900127494745
1.5470470470469999125, 0.0113312838939095516
1.5495495495500000160, 0.0109830567576002028
1.5520520520520000307, 0.0106528927961920157
1.5545545545549999122, 0.0103395046642996563
1.5570570570569999269, 0.0100417196531071787
1.5595595595600000305, 0.0097584675744448492
1.5620620620620000452, 0.0094887701169213863
1.5645645645649999267, 0.0092317314729724077
1.5670670670669999414, 0.0089865300661002585
1.5695695695700000449, 0.0087524112329649718
1.5720720720720000596, 0.0085286807362494454
1.5745745745749999411, 0.0083146990020788684
1.5770770770769999558, 0.0081098759908223225
1.5795795795800000594, 0.0079136666228206039
1.5820820820820000741, 0.0077255666913560858
1.5845845845849999556, 0.0075451092043376921
1.5870870870869999703, 0.0073718611039705487
1.5895895895900000738, 0.0072054203203410494
1.5920920920920000885, 0.0070454131205511632
1.5945945945949999700, 0.0068914917199278808
1.5970970970969999847, 0.0067433321260454886
1.5995995996000000883, 0.0066006321899259261
1.6021021021020001029, 0.0064631098419187828
1.6046046046049999845, 0.0063305014924779504
1.6071071071069999991, 0.0062025605804060559
1.6096096096100001027, 0.0060790562531874634
1.6121121121119998953, 0.0059597721658128655
1.6146146146149999989, 0.0058445053860558763
1.6171171171170000136, 0.0057330653955228079
1.6196196196199998951, 0.0056252731769888455
1.6221221221219999098, 0.0055209603795797479
1.6246246246250000134, 0.0054199685542773695
1.6271271271270000280, 0.0053221484530365740
1.6296296296299999096, 0.0052273593855146150
1.6321321321319999242, 0.0051354686280442692
1.6346346346350000278, 0.0050463508800393641
1.6371371371370000425, 0.0049598877635151535
1.6396396396399999240, 0.0048759673618439994
1.6421421421419999387, 0.0047944837942560138
1.6446446446450000423, 0.0047153368229404715
1.6471471471470000569, 0.0046384314899123018
1.6496496496499999385, 0.0045636777810830510
1.6521521521519999531, 0.0044909903152214716
1.6546546546550000567, 0.0044202880557086977
1.6571571571570000714, 0.0043514940431897704
1.6596596596599999529, 0.0042845351473997104
1.6621621621619999676, 0.0042193418366007762
1.6646646646650000712, 0.0041558479632098173
1.6671671671670000858, 0.0040939905643227600
1.6696696696699999674, 0.0040337096759585694
1.6721721721719999820, 0.0039749481599490565
1.6746746746750000856, 0.0039176515424947794
1.6771771771770001003, 0.0038617678634921236
1.6796796796799999818, 0.0038072475358133786
1.6821821821819999965, 0.0037540432137911119
1.6846846846850001000, 0.0037021096702211332
1.6871871871869998927, 0.0036514036812554259
1.6896896896899999962, 0.0036018839186083727
1.6921921921920000109, 0.0035535108485466958
1.6946946946949998924, 0.0035062466371764871
1.6971971971969999071, 0.0034600550615797279
1.6996996997000000107, 0.0034149014263883393
1.7022022022020000254, 0.0033707524854162613
1.7047047047049999069, 0.0033275763679997219
1.7072072072069999216, 0.0032853425097229567
1.7097097097100000251, 0.0032440215872313869
1.7122122122120000398, 0.0032035854568569977
1.7147147147149999213, 0.0031640070968013655
1.7172172172169999360, 0.0031252605526408761
1.7197197197200000396, 0.0030873208859360964
1.7222222222220000543, 0.0030501641257433413
1.7247247247249999358, 0.0030137672228411697
1.7272272272269999505, 0.0029781080064981186
1.7297297297300000540, 0.0029431651436204196
1.7322322322320000687, 0.0029089181001299364
1.7347347347349999502, 0.0028753471044331239
1.7372372372369999649, 0.0028424331128515485
1.7397397397400000685, 0.0028101577768935159
1.7422422422420000832, 0.0027785034122546357
1.7447447447449999647, 0.0027474529694428394
1.7472472472469999794, 0.0027169900059304322
1.7497497497500000829, 0.0026870986597423421
1.7522522522520000976, 0.0026577636243957821
1.7547547547549999791, 0.0026289701251121468
1.7572572572569999938, 0.0026007038962272224
1.7597597597600000974, 0.0025729511597305417
1.7622622622619998900, 0.0025456986048692761
1.7647647647649999936, 0.0025189333687561390
1.7672672672670000082, 0.0024926430179247035
1.7697697697699998898, 0.0024668155307790767
1.7722722722719999044, 0.0024414392808882338
1.7747747747750000080, 0.0024165030210784137
1.7772772772770000227, 0.0023919958682798734
1.7797797797799999042, 0.0023679072890869747
1.7822822822819999189, 0.0023442270859931023
1.7847847847850000225, 0.0023209453842642442
1.7872872872870000371, 0.0022980526194172264
1.7897897897899999187, 0.0022755395252706755
1.7922922922919999333, 0.0022533971225386171
1.7947947947950000369, 0.0022316167079384644
1.7972972972970000516, 0.0022101898437867466
1.7997997997999999331, 0.0021891083480575172
1.8023023023019999478, 0.0021683642848798206
1.8048048048050000514, 0.0021479499554519456
1.8073073073070000660, 0.0021278578893514839
1.8098098098099999476, 0.0021080808362213760
1.8123123123119999622, 0.0020886117578132720
1.8148148148150000658, 0.0020694438203705521
1.8173173173170000805, 0.0020505703873343606
1.8198198198199999620, 0.0020319850123568985
1.8223223223219999767, 0.0020136814326071105
1.8248248248250000803, 0.0019956535623547014
1.8273273273270000949, 0.0019778954868191609
1.8298298298299999765, 0.0019604014562712452
1.8323323323319999911, 0.0019431658803749675
1.8348348348350000947, 0.0019261833227588441
1.8373373373370001094, 0.0019094484958056990
1.8398398398399999909, 0.0018929562556509135
1.8423423423420000056, 0.0018767015973795225
1.8448448448450001091, 0.0018606796504130674
1.8473473473469999018, 0.0018448856740775734
1.8498498498500000053, 0.0018293150533444749
1.8523523523520000200, 0.0018139632947367155
1.8548548548549999015, 0.0017988260223926519
1.8573573573569999162, 0.0017838989742807614
1.8598598598600000198, 0.0017691779985584974
1.8623623623620000345, 0.0017546590500689785
1.8648648648649999160, 0.0017403381869694964
1.8673673673669999307, 0.0017262115674861350
1.8698698698700000342, 0.0017122754467890659
1.8723723723720000489, 0.0016985261739833560
1.8748748748749999304, 0.0016849601892103595
1.8773773773769999451, 0.0016715740208550209
1.8798798798800000487, 0.0016583642828546265
1.8823823823820000634, 0.0016453276721047571
1.8848848848849999449, 0.0016324609659583984
1.8873873873869999596, 0.0016197610198143545
1.8898898898900000631, 0.0016072247647912793
1.8923923923920000778, 0.0015948492054838426
1.8948948948949999593, 0.0015826314177976605
1.8973973973969999740, 0.0015705685468598240
1.8998998999000000776, 0.0015586578050019765
1.9024024024020000923, 0.0015468964698130225
1.9049049049049999738, 0.0015352818822587215
1.9074074074069999885, 0.0015238114448654894
1.9099099099100000920, 0.0015124826199658971
1.9124124124120001067, 0.0015012929280034440
1.9149149149149999882, 0.0014902399458942917
1.9174174174170000029, 0.0014793213054437571
1.9199199199200001065, 0.0014685346918154485
1.9224224224219998991, 0.0014578778420510231
1.9249249249250000027, 0.0014473485436386441
1.9274274274270000173, 0.0014369446331282737
1.9299299299299998989, 0.0014266639947920505
1.9324324324319999135, 0.0014165045593280403
1.9349349349350000171, 0.0014064643026057526
1.9374374374370000318, 0.0013965412444518601
1.9399399399399999133, 0.0013867334474746400
1.9424424424419999280, 0.0013770390159257096
1.9449449449450000316, 0.0013674560945976882
1.9474474474470000462, 0.0013579828677564765
1.9499499499499999278, 0.0013486175581069021
1.9524524524519999424, 0.0013393584257905219
1.9549549549550000460, 0.0013302037674144279
1.9574574574570000607, 0.0013211519151099531
1.9599599599599999422, 0.0013122012356202076
1.9624624624619999569, 0.0013033501294154280
1.9649649649650000605, 0.0012945970298351645
1.9674674674670000751, 0.0012859404022563569
1.9699699699699999567, 0.0012773787432864029
1.9724724724719999713, 0.0012689105799803509
1.9749749749750000749, 0.0012605344690813825
1.9774774774770000896, 0.0012522489962837815
1.9799799799799999711, 0.0012440527755176250
1.9824824824819999858, 0.0012359444482544571
1.9849849849850000894, 0.0012279226828332251
1.9874874874870001040, 0.0012199861738058054
1.9899899899899999856, 0.0012121336413014566
1.9924924924920000002, 0.0012043638304095662
1.9949949949950001038, 0.0011966755105800816
1.9974974974969998964, 0.0011890674750410445
2.0000000000000000000, 0.0011815385402326600
