# Delta1: 0.46
# Delta2: 1.17
# Delta3: 1.34
# Dq: 0.08800000000000002
# Ds: -0.09000000000000001
# Dt: -0.01999999999999998
# k1_lab: [1, 0, 0]
# k2_lab: [-0.8660254037844387, 0.49999999999999994, 0.0]
# k1_cf: [-0.7071067811865476, -0.7071067811865476, 0.0]
# k2_cf: [0.9659258262890683, 0.25881904510252085, 0.0]
# pol1_lab: [(0, 1, 0), (0, 0, 1)]
# pol2_lab: [array([-0.5      , -0.8660254,  0.       ]), array([0., 0., 1.])]
# pol1_cf: [array([ 0.70710678, -0.70710678,  0.        ]), array([0., 0., 1.])]
# pol2_cf: [array([-0.25881905,  0.96592583,  0.        ]), array([0., 0., 1.])]
# cf: [array([-0.70710678,  0.70710678,  0.        ]), array([-0.70710678, -0.70710678,  0.        ]), array([0., 0., 1.])]
# th: 90
-0.5000000000000000000, 0.0015647353410228292
-0.4974974974974999964, 0.0015779647388878969
-0.4949949949949999928, 0.0015913808868297874
-0.4924924924924999892, 0.0016049874723616324
-0.4899899899899999856, 0.0016187882760957241
-0.4874874874874999819, 0.0016327871745997736
-0.4849849849849999783, 0.0016469881433562735
-0.4824824824824999747, 0.0016613952598292449
-0.4799799799800000266, 0.0016760127066428581
-0.4774774774775000230, 0.0016908447748766198
-0.4749749749750000194, 0.0017058958674820426
-0.4724724724725000158, 0.0017211705028259560
-0.4699699699700000122, 0.0017366733183658556
-0.4674674674675000086, 0.0017524090744629526
-0.4649649649650000049, 0.0017683826583388602
-0.4624624624625000013, 0.0017845990881821434
-0.4599599599599999977, 0.0018010635174112665
-0.4574574574574999941, 0.0018177812391007820
-0.4549549549549999905, 0.0018347576905779692
-0.4524524524524999869, 0.0018519984581974597
-0.4499499499499000077, 0.0018695092823017955
-0.4474474474474000041, 0.0018872960623762386
-0.4449449449449000005, 0.0019053648624065924
-0.4424424424423999969, 0.0019237219164492396
-0.4399399399398999932, 0.0019423736344230539
-0.4374374374373999896, 0.0019613266081333776
-0.4349349349348999860, 0.0019805876175387465
-0.4324324324323999824, 0.0020001636372716344
-0.4299299299298999788, 0.0020200618434250525
-0.4274274274273999752, 0.0020402896206174925
-0.4249249249249000271, 0.0020608545693493424
-0.4224224224224000235, 0.0020817645136646168
-0.4199199199199000199, 0.0021030275091325846
-0.4174174174174000163, 0.0021246518511646717
-0.4149149149149000126, 0.0021466460836828435
-0.4124124124124000090, 0.0021690190081565595
-0.4099099099099000054, 0.0021917796930263547
-0.4074074074074000018, 0.0022149374835330688
-0.4049049049048999982, 0.0022385020119728202
-0.4024024024023999946, 0.0022624832083989791
-0.3998998998998999910, 0.0022868913117935364
-0.3973973973973999874, 0.0023117368817315866
-0.3948948948948999838, 0.0023370308105639679
-0.3923923923923999801, 0.0023627843361445750
-0.3898898898898999765, 0.0023890090551303565
-0.3873873873873999729, 0.0024157169368836870
-0.3848848848849000248, 0.0024429203380085004
-0.3823823823824000212, 0.0024706320175534573
-0.3798798798799000176, 0.0024988651529173965
-0.3773773773774000140, 0.0025276333564944000
-0.3748748748749000104, 0.0025569506930980916
-0.3723723723724000068, 0.0025868316982071630
-0.3698698698699000031, 0.0026172913970766883
-0.3673673673673999995, 0.0026483453247625579
-0.3648648648648999959, 0.0026800095471092404
-0.3623623623623999923, 0.0027123006827542650
-0.3598598598598999887, 0.0027452359262061321
-0.3573573573573999851, 0.0027788330720559641
-0.3548548548548999815, 0.0028131105403870352
-0.3523523523523999779, 0.0028480874034504415
-0.3498498498497999987, 0.0028837834136795863
-0.3473473473472999951, 0.0029202190331208524
-0.3448448448447999914, 0.0029574154643629549
-0.3423423423422999878, 0.0029953946830528497
-0.3398398398397999842, 0.0030341794720919820
-0.3373373373372999806, 0.0030737934576128816
-0.3348348348347999770, 0.0031142611468429056
-0.3323323323322999734, 0.0031556079679691670
-0.3298298298298000253, 0.0031978603121265064
-0.3273273273273000217, 0.0032410455776387789
-0.3248248248248000181, 0.0032851922166528230
-0.3223223223223000145, 0.0033303297843141509
-0.3198198198198000108, 0.0033764889906440884
-0.3173173173173000072, 0.0034237017552893232
-0.3148148148148000036, 0.0034720012653271688
-0.3123123123123000000, 0.0035214220363231504
-0.3098098098097999964, 0.0035719999768517342
-0.3073073073072999928, 0.0036237724567066980
-0.3048048048047999892, 0.0036767783790443332
-0.3023023023022999856, 0.0037310582567208275
-0.2997997997997999819, 0.0037866542931050502
-0.2972972972972999783, 0.0038436104676691039
-0.2947947947947999747, 0.0039019726266824283
-0.2922922922923000266, 0.0039617885793603314
-0.2897897897898000230, 0.0040231081998451362
-0.2872872872873000194, 0.0040859835354280965
-0.2847847847848000158, 0.0041504689214524309
-0.2822822822823000122, 0.0042166211033732044
-0.2797797797798000086, 0.0042844993664883169
-0.2772772772773000050, 0.0043541656738965637
-0.2747747747748000013, 0.0044256848132848067
-0.2722722722722999977, 0.0044991245531960317
-0.2697697697697999941, 0.0045745558094848534
-0.2672672672672999905, 0.0046520528227268505
-0.2647647647647999869, 0.0047316933474134725
-0.2622622622622999833, 0.0048135588538360963
-0.2597597597597999797, 0.0048977347436414912
-0.2572572572572999761, 0.0049843105801272436
-0.2547547547547999724, 0.0050733803344407509
-0.2522522522523000243, 0.0051650426489495771
-0.2497497497496999896, 0.0052594011191659405
-0.2472472472472000138, 0.0053565645957345991
-0.2447447447447000102, 0.0054566475081329752
-0.2422422422422000066, 0.0055597702118863040
-0.2397397397397000030, 0.0056660593612709101
-0.2372372372371999993, 0.0057756483096667050
-0.2347347347346999957, 0.0058886775399287095
-0.2322322322321999921, 0.0060052951273779579
-0.2297297297296999885, 0.0061256572382686805
-0.2272272272272000126, 0.0062499286668730837
-0.2247247247247000090, 0.0063782834146415210
-0.2222222222222000054, 0.0065109053152480802
-0.2197197197197000018, 0.0066479887097242434
-0.2172172172171999982, 0.0067897391763212071
-0.2147147147146999946, 0.0069363743202309515
-0.2122122122121999910, 0.0070881246288433866
-0.2097097097096999874, 0.0072452343988300277
-0.2072072072072000115, 0.0074079627420321134
-0.2047047047047000079, 0.0075765846779030982
-0.2022022022022000043, 0.0077513923211234266
-0.1996996996997000007, 0.0079326961739830879
-0.1971971971971999971, 0.0081208265342295194
-0.1946946946946999935, 0.0083161350303232271
-0.1921921921921999898, 0.0085189962974510473
-0.1896896896896999862, 0.0087298098092416596
-0.1871871871872000104, 0.0089490018819366919
-0.1846846846847000068, 0.0091770278698264651
-0.1821821821822000032, 0.0094143745730987834
-0.1796796796796999995, 0.0096615628819169876
-0.1771771771771999959, 0.0099191506835895615
-0.1746746746746999923, 0.0101877360631798357
-0.1721721721721999887, 0.0104679608318996621
-0.1696696696697000128, 0.0107605144222199557
-0.1671671671672000092, 0.0110661381939112201
-0.1646646646647000056, 0.0113856302013152465
-0.1621621621622000020, 0.0117198504791831484
-0.1596596596596999984, 0.0120697269125589930
-0.1571571571571999948, 0.0124362617656376580
-0.1546546546546999912, 0.0128205389555159314
-0.1521521521521999876, 0.0132237321695646767
-0.1496496496496000084, 0.0136471139401185444
-0.1471471471471000048, 0.0140920658077107897
-0.1446446446446000011, 0.0145600897246680842
-0.1421421421420999975, 0.0150528208751201757
-0.1396396396395999939, 0.0155720421160943853
-0.1371371371370999903, 0.0161197002782455592
-0.1346346346345999867, 0.0166979246049967639
-0.1321321321321000108, 0.0173090476567719052
-0.1296296296296000072, 0.0179556290642311038
-0.1271271271271000036, 0.0186404825830058588
-0.1246246246246000000, 0.0193667069849093113
-0.1221221221220999964, 0.0201377214201167686
-0.1196196196196000067, 0.0209573060053357095
-0.1171171171171000031, 0.0218296485394881973
-0.1146146146145999994, 0.0227593984272075889
-0.1121121121120999958, 0.0237517291095022329
-0.1096096096096000061, 0.0248124105704692760
-0.1071071071071000025, 0.0259478938220410807
-0.1046046046045999989, 0.0271654096823104527
-0.1021021021020999953, 0.0284730846789035645
-0.0995995995996000055, 0.0298800775557261783
-0.0970970970971000019, 0.0313967406766902657
-0.0945945945945900063, 0.0330348116532434774
-0.0920920920920900027, 0.0348076418395041054
-0.0895895895895899991, 0.0367304700276553237
-0.0870870870870899955, 0.0388207518558043169
-0.0845845845845799998, 0.0410985582722232234
-0.0820820820820799962, 0.0435870601049376943
-0.0795795795795800065, 0.0463131206696136694
-0.0770770770770800029, 0.0493080248376042557
-0.0745745745745699934, 0.0526083816794390424
-0.0720720720720700037, 0.0562572495493086355
-0.0695695695695700000, 0.0603055485080095793
-0.0670670670670699964, 0.0648138470753592266
-0.0645645645645600008, 0.0698546410767060533
-0.0620620620620599972, 0.0755152857037277858
-0.0595595595595600005, 0.0819018037424681516
-0.0570570570570599969, 0.0891438822715459045
-0.0545545545545500013, 0.0974015010854752949
-0.0520520520520499977, 0.1068738309770655287
-0.0495495495495500010, 0.1178113348681056327
-0.0470470470470499974, 0.1305324590035383259
-0.0445445445445400018, 0.1454470150492354064
-0.0420420420420399982, 0.1630894995035982453
-0.0395395395395400015, 0.1841674799202940860
-0.0370370370370399979, 0.2096333551240735504
-0.0345345345345300023, 0.2407933176674491027
-0.0320320320320299987, 0.2794772577643795941
-0.0295295295295299985, 0.3283118062450206542
-0.0270270270270299984, 0.3911745578777755528
-0.0245245245245199993, 0.4739805334561870698
-0.0220220220220199991, 0.5861091509713387548
-0.0195195195195199990, 0.7431411283522884048
-0.0170170170170199989, 0.9724706299285253985
-0.0145145145145099998, 1.3257953870619654246
-0.0120120120120099996, 1.9099098499678488494
-0.0095095095095099995, 2.9731933498541316396
-0.0070070070070070000, 5.1925994442459497691
-0.0045045045045049997, 10.8274122835526114272
-0.0020020020020019998, 28.0118121021331099030
0.0005005005005005000, 44.2028831984023184987
0.0030030030030029999, 18.8205128835478454619
0.0055055055055059999, 7.8603646623328646825
0.0080080080080079993, 4.0839885067516759065
0.0105105105105099995, 2.4630135185385757524
0.0130130130130099997, 1.6377141857535577607
0.0155155155155200005, 1.1647063568242466136
0.0180180180180199989, 0.8696789831636202450
0.0205205205205199991, 0.6737233544063084834
0.0230230230230199992, 0.5371222771188494116
0.0255255255255299983, 0.4381824704483324728
0.0280280280280299984, 0.3642640455804557753
0.0305305305305299986, 0.3076067904542423292
0.0330330330330299987, 0.2632363255694563087
0.0355355355355400013, 0.2278465706842212612
0.0380380380380399979, 0.1991716050685291006
0.0405405405405400016, 0.1756167635367580915
0.0430430430430399982, 0.1560336614069184058
0.0455455455455500008, 0.1395784340159454129
0.0480480480480499975, 0.1256198159249574120
0.0505505505505500011, 0.1136780106165549559
0.0530530530530499977, 0.1033831118213440065
0.0555555555555600003, 0.0944462476919648297
0.0580580580580599970, 0.0866391880797731107
0.0605605605605600006, 0.0797796941350999156
0.0630630630630600042, 0.0737208348643398625
0.0655655655655699998, 0.0683430894553712504
0.0680680680680700034, 0.0635484354458781681
0.0705705705705699932, 0.0592558721365466293
0.0730730730730699968, 0.0553979945615275110
0.0755755755755800063, 0.0519183455143272590
0.0780780780780799960, 0.0487693501170281957
0.0805805805805799996, 0.0459106909865834301
0.0830830830830800032, 0.0433080197989015453
0.0855855855855899988, 0.0409319279691160026
0.0880880880880900025, 0.0387571185759312056
0.0905905905905900061, 0.0367617357997329086
0.0930930930930899958, 0.0349268185488483679
0.0955955955956000053, 0.0332358526739953627
0.0980980980980999950, 0.0316744019571172097
0.1006006006005999986, 0.0302298024298079879
0.1031031031031000023, 0.0288909079009695494
0.1056056056056000059, 0.0276478771214509964
0.1081081081080999956, 0.0264919949800257737
0.1106106106105999992, 0.0254155216528526018
0.1131131131131000028, 0.0244115648228755387
0.1156156156156000064, 0.0234739710247925878
0.1181181181180999962, 0.0225972329139492376
0.1206206206205999998, 0.0217764098480608612
0.1231231231231000034, 0.0210070596426391656
0.1256256256256000070, 0.0202851797400647738
0.1281281281281000106, 0.0196071563381345765
0.1306306306305999865, 0.0189697202718637076
0.1331331331330999901, 0.0183699086441826559
0.1356356356355999937, 0.0178050313661905005
0.1381381381380999973, 0.0172726419030699158
0.1406406406406000009, 0.0167705116333646299
0.1431431431431000045, 0.0162966073216059999
0.1456456456456000081, 0.0158490712808645948
0.1481481481481000118, 0.0154262038655827612
0.1506506506506999910, 0.0150264479883340258
0.1531531531531999946, 0.0146483753988211549
0.1556556556556999982, 0.0142906745009792144
0.1581581581582000018, 0.0139521395157188970
0.1606606606607000054, 0.0136316608236284713
0.1631631631632000090, 0.0133282163446672552
0.1656656656657000126, 0.0130408638312000651
0.1681681681681999885, 0.0127687339671924555
0.1706706706706999921, 0.0125110241804660856
0.1731731731731999957, 0.0122669930869797050
0.1756756756756999993, 0.0120359554964679007
0.1781781781782000029, 0.0118172779176964251
0.1806806806807000065, 0.0116103745092996612
0.1831831831832000101, 0.0114147034288338244
0.1856856856857000138, 0.0112297635384623444
0.1881881881881999896, 0.0110550914307179001
0.1906906906906999932, 0.0108902587421657315
0.1931931931931999968, 0.0107348697266200811
0.1956956956957000004, 0.0105885590629157846
0.1981981981982000041, 0.0104509898751786491
0.2007007007007000077, 0.0103218519461274697
0.2032032032032000113, 0.0102008601062258154
0.2057057057056999871, 0.0100877527835255762
0.2082082082081999908, 0.0099822907008422397
0.2107107107106999944, 0.0098842557085048431
0.2132132132131999980, 0.0097934497423592462
0.2157157157157000016, 0.0097096938979943613
0.2182182182182000052, 0.0096328276133285061
0.2207207207207000088, 0.0095627079527550677
0.2232232232232000124, 0.0094992089870187691
0.2257257257256999883, 0.0094422212638911734
0.2282282282281999919, 0.0093916513655488178
0.2307307307306999955, 0.0093474215493414732
0.2332332332331999991, 0.0093094694693830783
0.2357357357357000027, 0.0092777479771125240
0.2382382382382000063, 0.0092522249996673731
0.2407407407407000099, 0.0092328834955981084
0.2432432432432000136, 0.0092197214881343838
0.2457457457456999894, 0.0092127521769066745
0.2482482482481999930, 0.0092120041297358915
0.2507507507508000000, 0.0092175215568406285
0.2532532532533000036, 0.0092293646705866629
0.2557557557558000072, 0.0092476101347275727
0.2582582582583000108, 0.0092723516079716711
0.2607607607608000144, 0.0093037003876722743
0.2632632632633000180, 0.0093417861604910609
0.2657657657658000216, 0.0093867578680457385
0.2682682682683000253, 0.0094387846968426552
0.2707707707707999734, 0.0094980572032358958
0.2732732732732999770, 0.0095647885857723779
0.2757757757757999806, 0.0096392161191082137
0.2782782782782999842, 0.0097216027657510418
0.2807807807807999878, 0.0098122389842368127
0.2832832832832999914, 0.0099114447550369879
0.2857857857857999950, 0.0100195718485706388
0.2882882882882999986, 0.0101370063632324238
0.2907907907908000023, 0.0102641715654237763
0.2932932932933000059, 0.0104015310682842102
0.2957957957958000095, 0.0105495923912783326
0.2982982982983000131, 0.0107089109491364694
0.3008008008008000167, 0.0108800945260362630
0.3033033033033000203, 0.0110638082995465001
0.3058058058058000239, 0.0112607804889673282
0.3083083083083000275, 0.0114718087145818486
0.3108108108107999756, 0.0116977671683291679
0.3133133133132999792, 0.0119396147129415629
0.3158158158157999829, 0.0121984040461788276
0.3183183183182999865, 0.0124752920900719332
0.3208208208207999901, 0.0127715517928411581
0.3233233233232999937, 0.0130885855643437243
0.3258258258257999973, 0.0134279406057287356
0.3283283283283000009, 0.0137913264419261463
0.3308308308308000045, 0.0141806350235275797
0.3333333333333000081, 0.0145979638348741701
0.3358358358358000118, 0.0150456425306902727
0.3383383383383000154, 0.0155262637281285577
0.3408408408408000190, 0.0160427187093698936
0.3433433433433000226, 0.0165982389480219816
0.3458458458458000262, 0.0171964445682985662
0.3483483483482999743, 0.0178414010894219349
0.3508508508509000090, 0.0185376861119989425
0.3533533533534000126, 0.0192904679854261490
0.3558558558559000162, 0.0201055989782401023
0.3583583583584000198, 0.0209897260866289369
0.3608608608609000235, 0.0219504233998691622
0.3633633633634000271, 0.0229963509487128050
0.3658658658658999752, 0.0241374462660201086
0.3683683683683999788, 0.0253851565867531485
0.3708708708708999824, 0.0267527218422709823
0.3733733733733999860, 0.0282555215494529229
0.3758758758758999896, 0.0299115026212615834
0.3783783783783999932, 0.0317417104031294875
0.3808808808808999968, 0.0337709523988676125
0.3833833833834000004, 0.0360286339553714807
0.3858858858859000041, 0.0385498187437363984
0.3883883883884000077, 0.0413765858560895330
0.3908908908909000113, 0.0445597822051446227
0.3933933933934000149, 0.0481613074242639508
0.3958958958959000185, 0.0522571244161287446
0.3983983983984000221, 0.0569412711784259284
0.4009009009009000257, 0.0623312730564507048
0.4034034034033999738, 0.0685755427474225021
0.4059059059058999774, 0.0758636474389389193
0.4084084084083999810, 0.0844407850759668760
0.4109109109108999847, 0.0946285610773953539
0.4134134134133999883, 0.1068554008521286902
0.4159159159158999919, 0.1217020560112839628
0.4184184184183999955, 0.1399713956669015602
0.4209209209208999991, 0.1627984696874621995
0.4234234234234000027, 0.1918296866993233207
0.4259259259259000063, 0.2295253652880500095
0.4284284284284000099, 0.2796927709453893018
0.4309309309309000136, 0.3484733229240912777
0.4334334334334000172, 0.4462831634992634466
0.4359359359359000208, 0.5919133544164796312
0.4384384384384000244, 0.8220007717182152840
0.4409409409408999725, 1.2155038085692770888
0.4434434434433999761, 1.9667322695017537271
0.4459459459458999797, 3.6465288036026821672
0.4484484484483999833, 8.3091161140396785356
0.4509509509510000180, 21.2699164579781374584
0.4534534534535000216, 18.4069681527728690185
0.4559559559560000253, 7.0285084695867938720
0.4584584584584999734, 3.2180275014415533619
0.4609609609609999770, 1.7872475269248684349
0.4634634634634999806, 1.1257950098641860137
0.4659659659659999842, 0.7712812203296296465
0.4684684684684999878, 0.5605895219206211699
0.4709709709709999914, 0.4256211092182767830
0.4734734734734999950, 0.3341320584393714377
0.4759759759759999986, 0.2693257696753493802
0.4784784784785000022, 0.2217771636132875868
0.4809809809810000059, 0.1858741373631306315
0.4834834834835000095, 0.1581092656300348565
0.4859859859860000131, 0.1362005836188553420
0.4884884884885000167, 0.1186122321336598867
0.4909909909910000203, 0.1042801350597565985
0.4934934934935000239, 0.0924483933091864440
0.4959959959960000275, 0.0825681733065773138
0.4984984984984999756, 0.0742332498081316877
0.5010010010009999792, 0.0671377799551866189
0.5035035035035000384, 0.0610479650707716828
0.5060060060059999865, 0.0557826186926799542
0.5085085085085000456, 0.0511995817571272993
0.5110110110109999937, 0.0471860584251116572
0.5135135135135000528, 0.0436516314226591748
0.5160160160160000009, 0.0405231406852472054
0.5185185185184999490, 0.0377408783875718828
0.5210210210210000081, 0.0352557275540365395
0.5235235235234999562, 0.0330269861043611321
0.5260260260260000154, 0.0310206949775506044
0.5285285285284999635, 0.0292083412091776323
0.5310310310310000226, 0.0275658428790730436
0.5335335335334999707, 0.0260727480509725350
0.5360360360360000298, 0.0247115976712433093
0.5385385385384999779, 0.0234674151760761729
0.5410410410410000370, 0.0223272948116760919
0.5435435435434999851, 0.0212800674415164343
0.5460460460460000442, 0.0203160276135519770
0.5485485485484999924, 0.0194267093847617298
0.5510510510510999715, 0.0186047011988923101
0.5535535535536000307, 0.0178434922328436843
0.5560560560560999788, 0.0171373442446129086
0.5585585585586000379, 0.0164811841988794054
0.5610610610610999860, 0.0158705139082763180
0.5635635635636000451, 0.0153013336775578695
0.5660660660660999932, 0.0147700775248909046
0.5685685685686000523, 0.0142735580171497282
0.5710710710711000004, 0.0138089191227532219
0.5735735735735999485, 0.0133735957777119073
0.5760760760761000077, 0.0129652790944798993
0.5785785785785999558, 0.0125818863314363337
0.5810810810811000149, 0.0122215348929837660
0.5835835835835999630, 0.0118825197538040897
0.5860860860861000221, 0.0115632938015635019
0.5885885885885999702, 0.0112624506748513677
0.5910910910911000293, 0.0109787097409473778
0.5935935935935999774, 0.0107109029139621018
0.5960960960961000366, 0.0104579630602290967
0.5985985985985999847, 0.0102189137763307441
0.6011011011011000438, 0.0099928603572443549
0.6036036036035999919, 0.0097789817989524398
0.6061061061061000510, 0.0095765237023973868
0.6086086086085999991, 0.0093847919646307051
0.6111111111110999472, 0.0092031471590198217
0.6136136136136000063, 0.0090309995199315818
0.6161161161160999544, 0.0088678044588189741
0.6186186186186000135, 0.0087130585484315806
0.6211211211210999616, 0.0085662959202274444
0.6236236236236000208, 0.0084270850272133088
0.6261261261260999689, 0.0082950257305700187
0.6286286286286000280, 0.0081697466736887943
0.6311311311310999761, 0.0080509029117827313
0.6336336336336000352, 0.0079381737691562072
0.6361361361360999833, 0.0078312608996049839
0.6386386386386000424, 0.0077298865283588133
0.6411411411410999905, 0.0076337918565317058
0.6436436436436000497, 0.0075427356112673181
0.6461461461460999978, 0.0074564927267051582
0.6486486486485999459, 0.0073748531425866775
0.6511511511512000361, 0.0072976207088025560
0.6536536536536999842, 0.0072246121854821783
0.6561561561562000433, 0.0071556563293680127
0.6586586586586999914, 0.0070905930582218961
0.6611611611612000505, 0.0070292726858956177
0.6636636636636999986, 0.0069715552214795039
0.6661661661661999467, 0.0069173097266336074
0.6686686686687000059, 0.0068664137258178069
0.6711711711711999540, 0.0068187526646796785
0.6736736736737000131, 0.0067742194123407802
0.6761761761761999612, 0.0067327138037506012
0.6786786786787000203, 0.0066941422186591283
0.6811811811811999684, 0.0066584171940995297
0.6836836836837000275, 0.0066254570675766400
0.6861861861861999756, 0.0065951856484290179
0.6886886886887000347, 0.0065675319150760875
0.6911911911911999828, 0.0065424297360805747
0.6936936936937000420, 0.0065198176131527931
0.6961961961961999901, 0.0064996384444001177
0.6986986986987000492, 0.0064818393062840715
0.7012012012011999973, 0.0064663712528911302
0.7037037037036999454, 0.0064531891312530534
0.7062062062062000045, 0.0064422514115699981
0.7087087087086999526, 0.0064335200312960542
0.7112112112112000117, 0.0064269602521434769
0.7137137137136999598, 0.0064225405291497336
0.7162162162162000190, 0.0064202323910315219
0.7187187187186999671, 0.0064200103311229922
0.7212212212212000262, 0.0064218517082622207
0.7237237237236999743, 0.0064257366570512550
0.7262262262262000334, 0.0064316480069713713
0.7287287287286999815, 0.0064395712098869861
0.7312312312312000406, 0.0064494942755196731
0.7337337337336999887, 0.0064614077145180322
0.7362362362362000479, 0.0064753044887905301
0.7387387387386999960, 0.0064911799688068868
0.7412412412412000551, 0.0065090318976096647
0.7437437437437000032, 0.0065288603613117028
0.7462462462461999513, 0.0065506677658870192
0.7487487487487000104, 0.0065744588200933370
0.7512512512512999896, 0.0066002405243934100
0.7537537537538000487, 0.0066280221657702282
0.7562562562562999968, 0.0066578153183581429
0.7587587587587999449, 0.0066896338498381152
0.7612612612613000040, 0.0067234939335708861
0.7637637637637999521, 0.0067594140664670342
0.7662662662663000113, 0.0067974150926178936
0.7687687687687999594, 0.0068375202327361270
0.7712712712713000185, 0.0068797551194797841
0.7737737737737999666, 0.0069241478387589272
0.7762762762763000257, 0.0069707289771495798
0.7787787787787999738, 0.0070195316755660604
0.7812812812813000329, 0.0070705916893698435
0.7837837837837999810, 0.0071239474551210887
0.7862862862863000402, 0.0071796401642081707
0.7887887887887999883, 0.0072377138436210582
0.7912912912913000474, 0.0072982154441664105
0.7937937937937999955, 0.0073611949364561259
0.7962962962963000546, 0.0074267054150368595
0.7987987987988000027, 0.0074948032110661571
0.8013013013012999508, 0.0075655480139814194
0.8038038038038000099, 0.0076390030026513948
0.8063063063062999580, 0.0077152349865464553
0.8088088088088000172, 0.0077943145575140446
0.8113113113112999653, 0.0078763162527996419
0.8138138138138000244, 0.0079613187300119140
0.8163163163162999725, 0.0080494049547938061
0.8188188188188000316, 0.0081406624020296751
0.8213213213212999797, 0.0082351832714928647
0.8238238238238000388, 0.0083330647189187833
0.8263263263262999869, 0.0084344091035765383
0.8288288288288000460, 0.0085393242535079881
0.8313313313312999941, 0.0086479237497078445
0.8338338338338000533, 0.0087603272306328341
0.8363363363363000014, 0.0088766607185533954
0.8388388388387999495, 0.0089970569693984589
0.8413413413413000086, 0.0091216558478950799
0.8438438438437999567, 0.0092506047299694416
0.8463463463463000158, 0.0093840589345587332
0.8488488488487999639, 0.0095221821871831827
0.8513513513514000541, 0.0096651471178487245
0.8538538538539000022, 0.0098131357960947931
0.8563563563563999503, 0.0099663403062704298
0.8588588588589000095, 0.0101249633664205266
0.8613613613613999576, 0.0102892189944930393
0.8638638638639000167, 0.0104593332259438447
0.8663663663663999648, 0.0106355448872213973
0.8688688688689000239, 0.0108181064300634476
0.8713713713713999720, 0.0110072848320396325
0.8738738738739000311, 0.0112033625693312034
0.8763763763763999792, 0.0114066386683611236
0.8788788788789000384, 0.0116174298435824507
0.8813813813813999865, 0.0118360717295078154
0.8838838838839000456, 0.0120629202159322942
0.8863863863863999937, 0.0122983528962737690
0.8888888888889000528, 0.0125427706400468193
0.8913913913914000009, 0.0127965993017129104
0.8938938938938999490, 0.0130602915795282534
0.8963963963964000081, 0.0133343290395665243
0.8988988988988999562, 0.0136192243218465556
0.9014014014014000153, 0.0139155235474771755
0.9039039039038999634, 0.0142238089479748558
0.9064064064064000226, 0.0145447017404506038
0.9089089089088999707, 0.0148788652752502269
0.9114114114114000298, 0.0152270084859125951
0.9139139139138999779, 0.0155898896750489464
0.9164164164164000370, 0.0159683206740119724
0.9189189189188999851, 0.0163631714190970168
0.9214214214214000442, 0.0167753749926017708
0.9239239239238999923, 0.0172059331834739648
0.9264264264264000515, 0.0176559226296378845
0.9289289289288999996, 0.0181265016125695400
0.9314314314313999477, 0.0186189175844718169
0.9339339339339000068, 0.0191345155197180095
0.9364364364363999549, 0.0196747471953426512
0.9389389389389000140, 0.0202411815205891382
0.9414414414413999621, 0.0208355160532549682
0.9439439439439000212, 0.0214595898612612232
0.9464464464463999693, 0.0221153979120765204
0.9489489489489000285, 0.0228051072010005962
0.9514514514515000076, 0.0235310748626763738
0.9539539539539999558, 0.0242958685495290455
0.9564564564565000149, 0.0251022894073156880
0.9589589589589999630, 0.0259533980330821298
0.9614614614615000221, 0.0268525438663409013
0.9639639639639999702, 0.0278033985424226866
0.9664664664665000293, 0.0288099938304348380
0.9689689689689999774, 0.0298767648904556919
0.9714714714715000365, 0.0310085997197279764
0.9739739739739999846, 0.0322108958209279261
0.9764764764765000438, 0.0334896253237007557
0.9789789789789999919, 0.0348514100318932929
0.9814814814815000510, 0.0363036081638244482
0.9839839839839999991, 0.0378544149149724271
0.9864864864864999472, 0.0395129794187826580
0.9889889889890000063, 0.0412895412340386486
0.9914914914914999544, 0.0431955901749594556
0.9939939939940000135, 0.0452440541600379192
0.9964964964964999616, 0.0474495208362443882
0.9989989989990000208, 0.0498285001005102993
1.0015015015019999023, 0.0523997363751296519
1.0040040040039999170, 0.0551845817108135017
1.0065065065070000205, 0.0582074436423504760
1.0090090090090000352, 0.0614963254124579056
1.0115115115119999167, 0.0650834809894134669
1.0140140140139999314, 0.0690062136184630970
1.0165165165170000350, 0.0733078549998026213
1.0190190190190000497, 0.0780389733248072343
1.0215215215219999312, 0.0832588733840780582
1.0240240240239999459, 0.0890374722955348530
1.0265265265270000494, 0.0954576622686462012
1.0290290290290000641, 0.1026183104078064179
1.0315315315319999456, 0.1106380995774039339
1.0340340340339999603, 0.1196604908702978837
1.0365365365370000639, 0.1298601979879891732
1.0390390390390000785, 0.1414517234525830558
1.0415415415419999601, 0.1547007420850661508
1.0440440440439999747, 0.1699394702442095506
1.0465465465470000783, 0.1875876977688387681
1.0490490490490000930, 0.2081819962688072900
1.0515515515519999745, 0.2324169444659880956
1.0540540540539999892, 0.2612043639224805869
1.0565565565570000928, 0.2957601380004827307
1.0590590590590001074, 0.3377343050588821893
1.0615615615619999890, 0.3894108999335903487
1.0640640640640000036, 0.4540236883185088113
1.0665665665670001072, 0.5362712466372345776
1.0690690690689998998, 0.6431888109030742262
1.0715715715720000034, 0.7856886640964764190
1.0740740740740000181, 0.9814225851546709567
1.0765765765769998996, 1.2604313506679873935
1.0790790790789999143, 1.6771404968152920922
1.0815815815820000179, 2.3382398855151129702
1.0840840840840000325, 3.4752991216382564943
1.0865865865869999141, 5.6636229265166750935
1.0890890890889999287, 10.6144674385079333945
1.0915915915920000323, 24.5447727943413838148
1.0940940940940000470, 61.7340018288250647061
1.0965965965969999285, 48.5430924364756890554
1.0990990990989999432, 18.5381497691928771587
1.1016016016020000468, 8.6061349077129065677
1.1041041041040000614, 4.8238813491263492494
1.1066066066069999430, 3.0565096887213609733
1.1091091091089999576, 2.1022613229944182578
1.1116116116120000612, 1.5321826819993185076
1.1141141141140000759, 1.1656039843230892039
1.1166166166169999574, 0.9164118690351665819
1.1191191191189999721, 0.7395187753712804124
1.1216216216220000756, 0.6095227812308220416
1.1241241241240000903, 0.5112493299100595578
1.1266266266269999718, 0.4351893939503713726
1.1291291291289999865, 0.3751425593045249474
1.1316316316320000901, 0.3269278820713663047
1.1341341341340001048, 0.2876441337722641101
1.1366366366369999863, 0.2552275807571017241
1.1391391391390000010, 0.2281781313127692334
1.1416416416420001045, 0.2053844504048091546
1.1441441441439998972, 0.1860092150422964496
1.1466466466470000007, 0.1694120034810800979
1.1491491491490000154, 0.1550963560859368595
1.1516516516519998969, 0.1426727274858159422
1.1541541541539999116, 0.1318321077747995063
1.1566566566570000152, 0.1223269440302900968
1.1591591591590000299, 0.1139571441984220529
1.1616616616619999114, 0.1065596756566652981
1.1641641641639999261, 0.1000007435047639559
1.1666666666670000296, 0.0941698453152219062
1.1691691691690000443, 0.0889752080569666537
1.1716716716719999258, 0.0843402552329035188
1.1741741741739999405, 0.0802008506255047632
1.1766766766770000441, 0.0765031339497793672
1.1791791791790000588, 0.0732018126254294355
1.1816816816819999403, 0.0702588090507367258
1.1841841841839999550, 0.0676421883840871430
1.1866866866870000585, 0.0653253107715595499
1.1891891891890000732, 0.0632861661766007388
1.1916916916919999547, 0.0615068608620557081
1.1941941941939999694, 0.0599732331484913034
1.1966966966970000730, 0.0586745830720337425
1.1991991991990000876, 0.0576035065725370929
1.2017017017019999692, 0.0567558303472403131
1.2042042042039999838, 0.0561306489572873310
1.2067067067070000874, 0.0557304716419479221
1.2092092092090001021, 0.0555614931205644647
1.2117117117119999836, 0.0556340111374418675
1.2142142142139999983, 0.0559630245769300733
1.2167167167170001019, 0.0565690610034072366
1.2192192192189998945, 0.0574793034799248592
1.2217217217219999981, 0.0587291165597698256
1.2242242242240000127, 0.0603641152042372203
1.2267267267269998943, 0.0624429856443152673
1.2292292292289999089, 0.0650413661713395985
1.2317317317320000125, 0.0682572488747042738
1.2342342342340000272, 0.0722186049384531265
1.2367367367369999087, 0.0770943261616706399
1.2392392392389999234, 0.0831102207448664171
1.2417417417420000270, 0.0905728985173576695
1.2442442442440000416, 0.0999063028852677365
1.2467467467469999232, 0.1117091296500002107
1.2492492492489999378, 0.1268479286028219577
1.2517517517520000414, 0.1466135696106343755
1.2542542542540000561, 0.1729953739849309780
1.2567567567569999376, 0.2091854660975343005
1.2592592592589999523, 0.2605623186029921157
1.2617617617620000559, 0.3367487312963222679
1.2642642642640000705, 0.4563081824310891710
1.2667667667669999521, 0.6586961410225533609
1.2692692692689999667, 1.0392216097830468957
1.2717717717720000703, 1.8711002678009629463
1.2742742742740000850, 4.1163886903322017830
1.2767767767769999665, 10.7140745528618133164
1.2792792792789999812, 11.2944437344232238019
1.2817817817820000847, 4.3736496191941718337
1.2842842842840000994, 1.9570006839641842511
1.2867867867869999809, 1.0749730016755492112
1.2892892892889999956, 0.6762962064695157149
1.2917917917920000992, 0.4659707018717915705
1.2942942942939998918, 0.3424188099936221752
1.2967967967969999954, 0.2640022759957397769
1.2992992992990000101, 0.2112750041097246623
1.3018018018019998916, 0.1742140664197566191
1.3043043043039999063, 0.1472428506855888997
1.3068068068070000098, 0.1270641628439038440
1.3093093093090000245, 0.1116299855859269469
1.3118118118119999060, 0.0996154347413800989
1.3143143143139999207, 0.0901338680422640037
1.3168168168170000243, 0.0825747883456620230
1.3193193193190000390, 0.0765076677029510599
1.3218218218219999205, 0.0716227980726377028
1.3243243243239999352, 0.0676937712209903231
1.3268268268270000387, 0.0645530362934422924
1.3293293293290000534, 0.0620756113353076039
1.3318318318319999349, 0.0601680230371731198
1.3343343343339999496, 0.0587606878619570047
1.3368368368370000532, 0.0578026174530766185
1.3393393393390000679, 0.0572577367052590561
1.3418418418419999494, 0.0571023554689437107
1.3443443443439999641, 0.0573234970534803184
1.3468468468470000676, 0.0579178946936765512
1.3493493493490000823, 0.0588915426684455678
1.3518518518519999638, 0.0602597454600431459
1.3543543543539999785, 0.0620476554338977027
1.3568568568570000821, 0.0642913339897375896
1.3593593593590000967, 0.0670394192564409408
1.3618618618619999783, 0.0703555420074770954
1.3643643643639999929, 0.0743217093467923862
1.3668668668670000965, 0.0790429854979007029
1.3693693693689998891, 0.0846539601939852449
1.3718718718719999927, 0.0913277390304397529
1.3743743743740000074, 0.0992885686968755232
1.3768768768770001110, 0.1088298120148859932
1.3793793793789999036, 0.1203399689276011403
1.3818818818820000072, 0.1343410813759964018
1.3843843843840000218, 0.1515466868787233023
1.3868868868869999034, 0.1729515101335211413
1.3893893893889999180, 0.1999743362366724897
1.3918918918920000216, 0.2346932546457513868
1.3943943943940000363, 0.2802480929302006984
1.3968968968969999178, 0.3415602959711704356
1.3993993993989999325, 0.4266904157800162634
1.4019019019020000361, 0.5495650736126219682
1.4044044044040000507, 0.7358939867382254807
1.4069069069069999323, 1.0372996147052231386
1.4094094094089999469, 1.5694137107624390737
1.4119119119120000505, 2.6318946859114999981
1.4144144144140000652, 5.1657075226439941318
1.4169169169169999467, 12.6734048892074966375
1.4194194194189999614, 27.4694237938601588667
1.4219219219220000650, 15.0932055350822871276
1.4244244244240000796, 5.9398128294299485930
1.4269269269269999612, 2.9209088006899395218
1.4294294294289999758, 1.7015282563673339578
1.4319319319320000794, 1.1066161845402919806
1.4344344344340000941, 0.7756116065078397792
1.4369369369369999756, 0.5735187154709716628
1.4394394394389999903, 0.4414107198792565079
1.4419419419420000938, 0.3504350261235854580
1.4444444444440001085, 0.2851673146740470455
1.4469469469469999900, 0.2367730431918609879
1.4494494494490000047, 0.1999034704614569558
1.4519519519520001083, 0.1711694730485016636
1.4544544544539999009, 0.1483404268495170930
1.4569569569570000045, 0.1299001705494670922
1.4594594594590000192, 0.1147893136585326213
1.4619619619619999007, 0.1022496897099911678
1.4644644644639999154, 0.0917272163874082447
1.4669669669670000189, 0.0828094007695274192
1.4694694694690000336, 0.0751840664321041380
1.4719719719719999151, 0.0686114546452621793
1.4744744744739999298, 0.0629049698583158817
1.4769769769770000334, 0.0579176404175104700
1.4794794794790000481, 0.0535324358867638600
1.4819819819819999296, 0.0496552353485007827
1.4844844844839999443, 0.0462096488770351588
1.4869869869870000478, 0.0431331545516545414
1.4894894894890000625, 0.0403741826216791611
1.4919919919919999440, 0.0378898905116099791
1.4944944944939999587, 0.0356444477998539358
1.4969969969970000623, 0.0336077018665917396
1.4994994994990000770, 0.0317541306433420448
1.5020020020019999585, 0.0300620139902727859
1.5045045045050000621, 0.0285127730622090278
1.5070070070070000767, 0.0270904398444949540
1.5095095095099999583, 0.0257812283535128230
1.5120120120119999729, 0.0245731858303524751
1.5145145145150000765, 0.0234559073172142564
1.5170170170170000912, 0.0224203007874735974
1.5195195195199999727, 0.0214583928490115206
1.5220220220219999874, 0.0205631672033532407
1.5245245245250000909, 0.0197284296975900851
1.5270270270270001056, 0.0189486950804740942
1.5295295295299999871, 0.0182190915623033495
1.5320320320320000018, 0.0175352800493778979
1.5345345345350001054, 0.0168933855292356938
1.5370370370369998980, 0.0162899385608967218
1.5395395395400000016, 0.0157218252038548341
1.5420420420420000163, 0.0151862440224289682
1.5445445445449998978, 0.0146806690449969978
1.5470470470469999125, 0.0142028177534062466
1.5495495495500000160, 0.0137506233363349183
1.5520520520520000307, 0.0133222105692504065
1.5545545545549999122, 0.0129158747888411026
1.5570570570569999269, 0.0125300635160665967
1.5595595595600000305, 0.0121633603529827331
1.5620620620620000452, 0.0118144708371527556
1.5645645645649999267, 0.0114822099860908671
1.5670670670669999414, 0.0111654913046466894
1.5695695695700000449, 0.0108633170620097332
1.5720720720720000596, 0.0105747696733003230
1.5745745745749999411, 0.0102990040444685699
1.5770770770769999558, 0.0100352407592414206
1.5795795795800000594, 0.0097827600037733095
1.5820820820820000741, 0.0095408961389853858
1.5845845845849999556, 0.0093090328427591577
1.5870870870869999703, 0.0090865987545214865
1.5895895895900000738, 0.0088730635636181422
1.5920920920920000885, 0.0086679344904591372
1.5945945945949999700, 0.0084707531159259313
1.5970970970969999847, 0.0082810925201326369
1.5995995996000000883, 0.0080985546964581837
1.6021021021020001029, 0.0079227682109375783
1.6046046046049999845, 0.0077533860807119468
1.6071071071069999991, 0.0075900838483679046
1.6096096096100001027, 0.0074325578317223761
1.6121121121119998953, 0.0072805235309793591
1.6146146146149999989, 0.0071337141772559601
1.6171171171170000136, 0.0069918794082845610
1.6196196196199998951, 0.0068547840586830758
1.6221221221219999098, 0.0067222070535758694
1.6246246246250000134, 0.0065939403955701586
1.6271271271270000280, 0.0064697882361685740
1.6296296296299999096, 0.0063495660236472396
1.6321321321319999242, 0.0062330997202665172
1.6346346346350000278, 0.0061202250824225323
1.6371371371370000425, 0.0060107869980040134
1.6396396396399999240, 0.0059046388758012044
1.6421421421419999387, 0.0058016420823308948
1.6446446446450000423, 0.0057016654219018033
1.6471471471470000569, 0.0056045846561544209
1.6496496496499999385, 0.0055102820596751156
1.6521521521519999531, 0.0054186460086108595
1.6546546546550000567, 0.0053295705995030111
1.6571571571570000714, 0.0052429552958201328
1.6596596596599999529, 0.0051587045999042271
1.6621621621619999676, 0.0050767277482552491
1.6646646646650000712, 0.0049969384282678728
1.6671671671670000858, 0.0049192545147045547
1.6696696696699999674, 0.0048435978243422306
1.6721721721719999820, 0.0047698938873680929
1.6746746746750000856, 0.0046980717342246011
1.6771771771770001003, 0.0046280636967165447
1.6796796796799999818, 0.0045598052222949109
1.6821821821819999965, 0.0044932347005245199
1.6846846846850001000, 0.0044282933008260713
1.6871871871869998927, 0.0043649248206590625
1.6896896896899999962, 0.0043030755433809192
1.6921921921920000109, 0.0042426941050803220
1.6946946946949998924, 0.0041837313697395979
1.6971971971969999071, 0.0041261403121329622
1.6996996997000000107, 0.0040698759079146165
1.7022022022020000254, 0.0040148950303938212
1.7047047047049999069, 0.0039611563535334182
1.7072072072069999216, 0.0039086202607442151
1.7097097097100000251, 0.0038572487590805347
1.7122122122120000398, 0.0038070053984722869
1.7147147147149999213, 0.0037578551956565266
1.7172172172169999360, 0.0037097645624966464
1.7197197197200000396, 0.0036627012384005744
1.7222222222220000543, 0.0036166342265705961
1.7247247247249999358, 0.0035715337338369209
1.7272272272269999505, 0.0035273711138451326
1.7297297297300000540, 0.0034841188133841344
1.7322322322320000687, 0.0034417503216564180
1.7347347347349999502, 0.0034002401223065266
1.7372372372369999649, 0.0033595636480364547
1.7397397397400000685, 0.0033196972376486745
1.7422422422420000832, 0.0032806180953684700
1.7447447447449999647, 0.0032423042523074125
1.7472472472469999794, 0.0032047345299392044
1.7497497497500000829, 0.0031678885054678150
1.7522522522520000976, 0.0031317464789758450
1.7547547547549999791, 0.0030962894422485246
1.7572572572569999938, 0.0030614990491756246
1.7597597597600000974, 0.0030273575876399719
1.7622622622619998900, 0.0029938479528071656
1.7647647647649999936, 0.0029609536217366289
1.7672672672670000082, 0.0029286586292392022
1.7697697697699998898, 0.0028969475449112728
1.7722722722719999044, 0.0028658054512798277
1.7747747747750000080, 0.0028352179229969143
1.7772772772770000227, 0.0028051710070258699
1.7797797797799999042, 0.0027756512037651524
1.7822822822819999189, 0.0027466454490590198
1.7847847847850000225, 0.0027181410970473206
1.7872872872870000371, 0.0026901259038095756
1.7897897897899999187, 0.0026625880117612253
1.7922922922919999333, 0.0026355159347624122
1.7947947947950000369, 0.0026088985439020104
1.7972972972970000516, 0.0025827250539218497
1.7997997997999999331, 0.0025569850102480519
1.8023023023019999478, 0.0025316682765983986
1.8048048048050000514, 0.0025067650231363810
1.8073073073070000660, 0.0024822657151442936
1.8098098098099999476, 0.0024581611021892934
1.8123123123119999622, 0.0024344422077578216
1.8148148148150000658, 0.0024111003193351692
1.8173173173170000805, 0.0023881269789082556
1.8198198198199999620, 0.0023655139738709145
1.8223223223219999767, 0.0023432533283121162
1.8248248248250000803, 0.0023213372946686173
1.8273273273270000949, 0.0022997583457245534
1.8298298298299999765, 0.0022785091669414292
1.8323323323319999911, 0.0022575826491028216
1.8348348348350000947, 0.0022369718812590054
1.8373373373370001094, 0.0022166701439574350
1.8398398398399999909, 0.0021966709027457934
1.8423423423420000056, 0.0021769678019350116
1.8448448448450001091, 0.0021575546586102973
1.8473473473469999018, 0.0021384254568788631
1.8498498498500000053, 0.0021195743423435974
1.8523523523520000200, 0.0021009956167924800
1.8548548548549999015, 0.0020826837330940782
1.8573573573569999162, 0.0020646332902899182
1.8598598598600000198, 0.0020468390288750225
1.8623623623620000345, 0.0020292958262583065
1.8648648648649999160, 0.0020119986923949683
1.8673673673669999307, 0.0019949427655833697
1.8698698698700000342, 0.0019781233084192940
1.8723723723720000489, 0.0019615357039008095
1.8748748748749999304, 0.0019451754516772769
1.8773773773769999451, 0.0019290381644363809
1.8798798798800000487, 0.0019131195644233410
1.8823823823820000634, 0.0018974154800867355
1.8848848848849999449, 0.0018819218428456474
1.8873873873869999596, 0.0018666346839730751
1.8898898898900000631, 0.0018515501315908111
1.8923923923920000778, 0.0018366644077711851
1.8948948948949999593, 0.0018219738257413114
1.8973973973969999740, 0.0018074747871856672
1.8998998999000000776, 0.0017931637796430064
1.9024024024020000923, 0.0017790373739938405
1.9049049049049999738, 0.0017650922220348282
1.9074074074069999885, 0.0017513250541366346
1.9099099099100000920, 0.0017377326769819456
1.9124124124120001067, 0.0017243119713804750
1.9149149149149999882, 0.0017110598901579610
1.9174174174170000029, 0.0016979734561162431
1.9199199199200001065, 0.0016850497600616895
1.9224224224219998991, 0.0016722859588993205
1.9249249249250000027, 0.0016596792737901065
1.9274274274270000173, 0.0016472269883690432
1.9299299299299998989, 0.0016349264470216730
1.9324324324319999135, 0.0016227750532168636
1.9349349349350000171, 0.0016107702678937160
1.9374374374370000318, 0.0015989096079005844
1.9399399399399999133, 0.0015871906444842585
1.9424424424419999280, 0.0015756110018274650
1.9449449449450000316, 0.0015641683556328900
1.9474474474470000462, 0.0015528604317520331
1.9499499499499999278, 0.0015416850048572475
1.9524524524519999424, 0.0015306398971553976
1.9549549549550000460, 0.0015197229771416374
1.9574574574570000607, 0.0015089321583918614
1.9599599599599999422, 0.0014982653983924461
1.9624624624619999569, 0.0014877206974059541
1.9649649649650000605, 0.0014772960973715270
1.9674674674670000751, 0.0014669896808387464
1.9699699699699999567, 0.0014567995699337794
1.9724724724719999713, 0.0014467239253566930
1.9749749749750000749, 0.0014367609454088446
1.9774774774770000896, 0.0014269088650493136
1.9799799799799999711, 0.0014171659549793670
1.9824824824819999858, 0.0014075305207540121
1.9849849849850000894, 0.0013980009019196895
1.9874874874870001040, 0.0013885754711772445
1.9899899899899999856, 0.0013792526335693021
1.9924924924920000002, 0.0013700308256912354
1.9949949949950001038, 0.0013609085149249320
1.9974974974969998964, 0.0013518841986946020
2.0000000000000000000, 0.0013429564037438925
