# Delta1: 0.465
# Delta2: 1.17
# Delta3: 1.355
# Dq: 0.1355
# Ds: 0.04
# Dt: 0.061000000000000006
# k1_lab: [1, 0, 0]
# k2_lab: [-0.8660254037844387, 0.49999999999999994, 0.0]
# k1_cf: [-0.35355339059327373, -0.35355339059327373, 0.8660254037844387]
# k2_cf: [0.6123724356957945, 0.6123724356957945, -0.5000000000000002]
# pol1_lab: [(0, 1, 0), (0, 0, 1)]
# pol2_lab: [array([-0.5      , -0.8660254,  0.       ]), array([0., 0., 1.])]
# pol1_cf: [array([0.61237244, 0.61237244, 0.5       ]), array([-0.70710678,  0.70710678,  0.        ])]
# pol2_cf: [array([-0.35355339, -0.35355339, -0.8660254 ]), array([-0.70710678,  0.70710678,  0.        ])]
# cf: [array([-0.35355339,  0.61237244, -0.70710678]), array([-0.35355339,  0.61237244,  0.70710678]), array([0.8660254, 0.5      , 0.       ])]
# th: 30
-0.5000000000000000000, 0.0058172619254570528
-0.4974974974974999964, 0.0058699039799517396
-0.4949949949949999928, 0.0059233116468674048
-0.4924924924924999892, 0.0059775002343310860
-0.4899899899899999856, 0.0060324854390492689
-0.4874874874874999819, 0.0060882833582585130
-0.4849849849849999783, 0.0061449105021079585
-0.4824824824824999747, 0.0062023838064916787
-0.4799799799800000266, 0.0062607206463496561
-0.4774774774775000230, 0.0063199388494570644
-0.4749749749750000194, 0.0063800567107224950
-0.4724724724725000158, 0.0064410930070166791
-0.4699699699700000122, 0.0065030670125543937
-0.4674674674675000086, 0.0065659985148532329
-0.4649649649650000049, 0.0066299078312942036
-0.4624624624625000013, 0.0066948158263101321
-0.4599599599599999977, 0.0067607439292293580
-0.4574574574574999941, 0.0068277141528034092
-0.4549549549549999905, 0.0068957491124487583
-0.4524524524524999869, 0.0069648720462344221
-0.4499499499499000077, 0.0070351068356485861
-0.4474474474474000041, 0.0071064780271791368
-0.4449449449449000005, 0.0071790108547449263
-0.4424424424423999969, 0.0072527312630161853
-0.4399399399398999932, 0.0073276659316647503
-0.4374374374373999896, 0.0074038423005866822
-0.4349349349348999860, 0.0074812885961421400
-0.4324324324323999824, 0.0075600338584597250
-0.4299299299298999788, 0.0076401079698549370
-0.4274274274273999752, 0.0077215416844150665
-0.4249249249249000271, 0.0078043666588055796
-0.4224224224224000235, 0.0078886154843560412
-0.4199199199199000199, 0.0079743217204866646
-0.4174174174174000163, 0.0080615199295400175
-0.4149149149149000126, 0.0081502457130857610
-0.4124124124124000090, 0.0082405357497701021
-0.4099099099099000054, 0.0083324278347856797
-0.4074074074074000018, 0.0084259609210415483
-0.4049049049048999982, 0.0085211751621176671
-0.4024024024023999946, 0.0086181119570927969
-0.3998998998998999910, 0.0087168139973398777
-0.3973973973973999874, 0.0088173253153882407
-0.3948948948948999838, 0.0089196913359576840
-0.3923923923923999801, 0.0090239589292755353
-0.3898898898898999765, 0.0091301764667942268
-0.3873873873873999729, 0.0092383938794337647
-0.3848848848849000248, 0.0093486627184807564
-0.3823823823824000212, 0.0094610362192835088
-0.3798798798799000176, 0.0095755693678908922
-0.3773773773774000140, 0.0096923189707916260
-0.3748748748749000104, 0.0098113437279199779
-0.3723723723724000068, 0.0099327043091040276
-0.3698698698699000031, 0.0100564634341433201
-0.3673673673673999995, 0.0101826859567142915
-0.3648648648648999959, 0.0103114389523141226
-0.3623623623623999923, 0.0104427918104667318
-0.3598598598598999887, 0.0105768163314288073
-0.3573573573573999851, 0.0107135868276486863
-0.3548548548548999815, 0.0108531802302470389
-0.3523523523523999779, 0.0109956762008055920
-0.3498498498497999987, 0.0111411572487685739
-0.3473473473472999951, 0.0112897088547813731
-0.3448448448447999914, 0.0114414196003121745
-0.3423423423422999878, 0.0115963813039252610
-0.3398398398397999842, 0.0117546891645989564
-0.3373373373372999806, 0.0119164419125078157
-0.3348348348347999770, 0.0120817419677166221
-0.3323323323322999734, 0.0122506956072646143
-0.3298298298298000253, 0.0124234131411507347
-0.3273273273273000217, 0.0126000090977662401
-0.3248248248248000181, 0.0127806024193590009
-0.3223223223223000145, 0.0129653166681545466
-0.3198198198198000108, 0.0131542802438034262
-0.3173173173173000072, 0.0133476266128720045
-0.3148148148148000036, 0.0135454945511451694
-0.3123123123123000000, 0.0137480283995653520
-0.3098098098097999964, 0.0139553783346920666
-0.3073073073072999928, 0.0141677006546314724
-0.3048048048047999892, 0.0143851580814560020
-0.3023023023022999856, 0.0146079200812097264
-0.2997997997997999819, 0.0148361632026788020
-0.2972972972972999783, 0.0150700714361949872
-0.2947947947947999747, 0.0153098365938381577
-0.2922922922923000266, 0.0155556587125093605
-0.2897897897898000230, 0.0158077464814600603
-0.2872872872873000194, 0.0160663176959893426
-0.2847847847848000158, 0.0163315997391553676
-0.2822822822823000122, 0.0166038300934962212
-0.2797797797798000086, 0.0168832568849163894
-0.2772772772773000050, 0.0171701394610704744
-0.2747747747748000013, 0.0174647490067685006
-0.2722722722722999977, 0.0177673691991361675
-0.2697697697697999941, 0.0180782969054927752
-0.2672672672672999905, 0.0183978429271606514
-0.2647647647647999869, 0.0187263327926939400
-0.2622622622622999833, 0.0190641076043157123
-0.2597597597597999797, 0.0194115249416826480
-0.2572572572572999761, 0.0197689598274578167
-0.2547547547547999724, 0.0201368057595715522
-0.2522522522523000243, 0.0205154758154863712
-0.2497497497496999896, 0.0209054038342647852
-0.2472472472472000138, 0.0213070456827690567
-0.2447447447447000102, 0.0217208806129069315
-0.2422422422422000066, 0.0221474127174836645
-0.2397397397397000030, 0.0225871724929341787
-0.2372372372371999993, 0.0230407185179978893
-0.2347347347346999957, 0.0235086392582740597
-0.2322322322321999921, 0.0239915550075619419
-0.2297297297296999885, 0.0244901199779663237
-0.2272272272272000126, 0.0250050245519412677
-0.2247247247247000090, 0.0255369977107724883
-0.2222222222222000054, 0.0260868096554755721
-0.2197197197197000018, 0.0266552746377336711
-0.2172172172171999982, 0.0272432540203353772
-0.2147147147146999946, 0.0278516595886251876
-0.2122122122121999910, 0.0284814571367750305
-0.2097097097096999874, 0.0291336703552554192
-0.2072072072072000115, 0.0298093850487684657
-0.2047047047047000079, 0.0305097537171417771
-0.2022022022022000043, 0.0312360005353229248
-0.1996996996997000007, 0.0319894267727129089
-0.1971971971971999971, 0.0327714166966993556
-0.1946946946946999935, 0.0335834440104694903
-0.1921921921921999898, 0.0344270788810864953
-0.1896896896896999862, 0.0353039956204993025
-0.1871871871872000104, 0.0362159810897414586
-0.1846846846847000068, 0.0371649439051950775
-0.1821821821822000032, 0.0381529245356064112
-0.1796796796796999995, 0.0391821063897261693
-0.1771771771771999959, 0.0402548280072232423
-0.1746746746746999923, 0.0413735964801381431
-0.1721721721721999887, 0.0425411022488988017
-0.1696696696697000128, 0.0437602354361643353
-0.1671671671672000092, 0.0450341039039058241
-0.1646646646647000056, 0.0463660532446635645
-0.1621621621622000020, 0.0477596889474174030
-0.1596596596596999984, 0.0492189010126588902
-0.1571571571571999948, 0.0507478913308813812
-0.1546546546546999912, 0.0523512041847912432
-0.1521521521521999876, 0.0540337602892586588
-0.1496496496496000084, 0.0558008948457979354
-0.1471471471471000048, 0.0576584001618834913
-0.1446446446446000011, 0.0596125734717424180
-0.1421421421420999975, 0.0616702706969154760
-0.1396396396395999939, 0.0638389670048762348
-0.1371371371370999903, 0.0661268251660781514
-0.1346346346345999867, 0.0685427728784831769
-0.1321321321321000108, 0.0710965904295198237
-0.1296296296296000072, 0.0737990103054136787
-0.1271271271271000036, 0.0766618306454518866
-0.1246246246246000000, 0.0796980447846175888
-0.1221221221220999964, 0.0829219895453729844
-0.1196196196196000067, 0.0863495154447872920
-0.1171171171171000031, 0.0899981825975788297
-0.1146146146145999994, 0.0938874868453522388
-0.1121121121120999958, 0.0980391215609117961
-0.1096096096096000061, 0.1024772817068159425
-0.1071071071071000025, 0.1072290181242008672
-0.1046046046045999989, 0.1123246517621972057
-0.1021021021020999953, 0.1177982597218017041
-0.0995995995996000055, 0.1236882477006817360
-0.0970970970971000019, 0.1300380268443034337
-0.0945945945945900063, 0.1368968173415976153
-0.0920920920920900027, 0.1443206066261790987
-0.0895895895895899991, 0.1523732971263943303
-0.0870870870870899955, 0.1611280876474929791
-0.0845845845845799998, 0.1706691443441065159
-0.0820820820820799962, 0.1810936327784612165
-0.0795795795795800065, 0.1925142030409179583
-0.0770770770770800029, 0.2050620471209047002
-0.0745745745745699934, 0.2188906841724697350
-0.0720720720720700037, 0.2341806785938509994
-0.0695695695695700000, 0.2511455630708417375
-0.0670670670670699964, 0.2700393313837776144
-0.0645645645645600008, 0.2911659948282054877
-0.0620620620620599972, 0.3148918779123680567
-0.0595595595595600005, 0.3416615882924687875
-0.0570570570570599969, 0.3720189705989487283
-0.0545545545545500013, 0.4066349029587982278
-0.0520520520520499977, 0.4463446122509227565
-0.0495495495495500010, 0.4921984206173048992
-0.0470470470470499974, 0.5455317405652335694
-0.0445445445445400018, 0.6080631286068013397
-0.0420420420420399982, 0.6820340113700328333
-0.0395395395395400015, 0.7704115949073123693
-0.0370370370370399979, 0.8771897936580033139
-0.0345345345345300023, 1.0078461683040731423
-0.0320320320320299987, 1.1700544238325589763
-0.0295295295295299985, 1.3748294246760353055
-0.0270270270270299984, 1.6384319960355295809
-0.0245245245245199993, 1.9856669800390553959
-0.0220220220220199991, 2.4558672890663060251
-0.0195195195195199990, 3.1143712027447518764
-0.0170170170170199989, 4.0760570996767144791
-0.0145145145145099998, 5.5577212135039912866
-0.0120120120120099996, 8.0072097880353343413
-0.0095095095095099995, 12.4661101988876534818
-0.0070070070070070000, 21.7732507735383862268
-0.0045045045045049997, 45.4030183202253141417
-0.0020020020020019998, 117.4663812343676028149
0.0005005005005005000, 185.3641844136133158827
0.0030030030030029999, 78.9223123311592758000
0.0055055055055059999, 32.9605322740211121868
0.0080080080080079993, 17.1241498907976286148
0.0105105105105099995, 10.3265169987157001685
0.0130130130130099997, 6.8655773860953726029
0.0155155155155200005, 4.8819841876955134552
0.0180180180180199989, 3.6447579517542210148
0.0205205205205199991, 2.8229922499718567153
0.0230230230230199992, 2.2501316435775922109
0.0255255255255299983, 1.8352045981669622421
0.0280280280280299984, 1.5252052937152276169
0.0305305305305299986, 1.2875910042989355819
0.0330330330330299987, 1.1015014896059120986
0.0355355355355400013, 0.9530725801337955883
0.0380380380380399979, 0.8328020512948217657
0.0405405405405400016, 0.7340026117811275785
0.0430430430430399982, 0.6518584628930537139
0.0455455455455500008, 0.5828308210041264203
0.0480480480480499975, 0.5242724445002709954
0.0505505505505500011, 0.4741712817187634932
0.0530530530530499977, 0.4309761093245082497
0.0555555555555600003, 0.3934755243898027666
0.0580580580580599970, 0.3607124267892535263
0.0605605605605600006, 0.3319225822280734706
0.0630630630630600042, 0.3064898208414700287
0.0655655655655699998, 0.2839129180100190553
0.0680680680680700034, 0.2637808028758699130
0.0705705705705699932, 0.2457537856077500749
0.0730730730730699968, 0.2295491902138731555
0.0755755755755800063, 0.2149302501567685875
0.0780780780780799960, 0.2016974468832111456
0.0805805805805799996, 0.1896816960126560536
0.0830830830830800032, 0.1787389442208125456
0.0855855855855899988, 0.1687458527352174720
0.0880880880880900025, 0.1595963247540676533
0.0905905905905900061, 0.1511986934036812225
0.0930930930930899958, 0.1434734304824155926
0.0955955955956000053, 0.1363512686366668281
0.0980980980980999950, 0.1297716538790258389
0.1006006006005999986, 0.1236814636802463369
0.1031031031031000023, 0.1180339398078223967
0.1056056056056000059, 0.1127877957695494066
0.1081081081080999956, 0.1079064669674669880
0.1106106106105999992, 0.1033574780744199173
0.1131131131131000028, 0.0991119071538466567
0.1156156156156000064, 0.0951439299818581802
0.1181181181180999962, 0.0914304311453176255
0.1206206206205999998, 0.0879506709661039693
0.1231231231231000034, 0.0846859992809683021
0.1256256256256000070, 0.0816196086960109812
0.1281281281281000106, 0.0787363212175497540
0.1306306306305999865, 0.0760224032009303302
0.1331331331330999901, 0.0734654044053335703
0.1356356356355999937, 0.0710540176346434321
0.1381381381380999973, 0.0687779560124207739
0.1406406406406000009, 0.0666278454069954562
0.1431431431431000045, 0.0645951299096824277
0.1456456456456000081, 0.0626719885902938950
0.1481481481481000118, 0.0608512620215704014
0.1506506506506999910, 0.0591263872876110416
0.1531531531531999946, 0.0574913403786770846
0.1556556556556999982, 0.0559405850322096873
0.1581581581582000018, 0.0544690272126906461
0.1606606606607000054, 0.0530719745352685318
0.1631631631632000090, 0.0517451000333058256
0.1656656656657000126, 0.0504844097509827977
0.1681681681681999885, 0.0492862137111358817
0.1706706706706999921, 0.0481470998675241624
0.1731731731731999957, 0.0470639107012840383
0.1756756756756999993, 0.0460337221647733399
0.1781781781782000029, 0.0450538247134011846
0.1806806806807000065, 0.0441217061983194617
0.1831831831832000101, 0.0432350364207687229
0.1856856856857000138, 0.0423916531730742091
0.1881881881881999896, 0.0415895496123190878
0.1906906906906999932, 0.0408268628310330048
0.1931931931931999968, 0.0401018635052180217
0.1956956956957000004, 0.0394129465140151403
0.1981981981982000041, 0.0387586224375712080
0.2007007007007000077, 0.0381375098504406415
0.2032032032032000113, 0.0375483283373456989
0.2057057057056999871, 0.0369898921665039182
0.2082082082081999908, 0.0364611045631574177
0.2107107107106999944, 0.0359609525325360613
0.2132132132131999980, 0.0354885021873690490
0.2157157157157000016, 0.0350428945403198494
0.2182182182182000052, 0.0346233417264473764
0.2207207207207000088, 0.0342291236250606354
0.2232232232232000124, 0.0338595848542046496
0.2257257257256999883, 0.0335141321145455418
0.2282282282281999919, 0.0331922318626670931
0.2307307307306999955, 0.0328934082967935193
0.2332332332331999991, 0.0326172416407578408
0.2357357357357000027, 0.0323633667146774259
0.2382382382382000063, 0.0321314717833182245
0.2407407407407000099, 0.0319212976755558209
0.2432432432432000136, 0.0317326371707117097
0.2457457457456999894, 0.0315653346498854792
0.2482482482481999930, 0.0314192860127521650
0.2507507507508000000, 0.0312944388626792136
0.2532532532533000036, 0.0311907929654737445
0.2557557557558000072, 0.0311084009896330851
0.2582582582583000108, 0.0310473695386770873
0.2607607607608000144, 0.0310078604890317369
0.2632632632633000180, 0.0309900926500537612
0.2657657657658000216, 0.0309943437661878915
0.2682682682683000253, 0.0310209528849872684
0.2707707707707999734, 0.0310703231188705770
0.2732732732732999770, 0.0311429248331094310
0.2757757757757999806, 0.0312392992977230180
0.2782782782782999842, 0.0313600628468063275
0.2807807807807999878, 0.0315059115954451213
0.2832832832832999914, 0.0316776267719181340
0.2857857857857999950, 0.0318760807315101521
0.2882882882882999986, 0.0321022437281509310
0.2907907907908000023, 0.0323571915314809014
0.2932932932933000059, 0.0326421139900865062
0.2957957957958000095, 0.0329583246568722066
0.2982982982983000131, 0.0333072716102173969
0.3008008008008000167, 0.0336905496251621236
0.3033033033033000203, 0.0341099138729308166
0.3058058058058000239, 0.0345672953552922380
0.3083083083083000275, 0.0350648183133787095
0.3108108108107999756, 0.0356048198896192145
0.3133133133132999792, 0.0361898723675660311
0.3158158158157999829, 0.0368228083690772326
0.3183183183182999865, 0.0375067494533262019
0.3208208208207999901, 0.0382451386396588239
0.3233233233232999937, 0.0390417774691123598
0.3258258258257999973, 0.0399008683308235412
0.3283283283283000009, 0.0408270629137914565
0.3308308308308000045, 0.0418255178067628228
0.3333333333333000081, 0.0429019584659953851
0.3358358358358000118, 0.0440627530106360576
0.3383383383383000154, 0.0453149975990032386
0.3408408408408000190, 0.0466666154996360424
0.3433433433433000226, 0.0481264724157792201
0.3458458458458000262, 0.0497045111732072609
0.3483483483482999743, 0.0514119095676067103
0.3508508508509000090, 0.0532612660264896939
0.3533533533534000126, 0.0552668188206675570
0.3558558558559000162, 0.0574447059260293005
0.3583583583584000198, 0.0598132743731372013
0.3608608608609000235, 0.0623934501438652700
0.3633633633634000271, 0.0652091825341942627
0.3658658658658999752, 0.0682879806078580398
0.3683683683683999788, 0.0716615642001356551
0.3708708708708999824, 0.0753666582849062128
0.3733733733733999860, 0.0794459679329616864
0.3758758758758999896, 0.0839493823253227994
0.3783783783783999932, 0.0889354714176036065
0.3808808808808999968, 0.0944733594193052917
0.3833833833834000004, 0.1006450874818079211
0.3858858858859000041, 0.1075486171397840029
0.3883883883884000077, 0.1153016809540659965
0.3908908908909000113, 0.1240467647182000588
0.3933933933934000149, 0.1339576175796552138
0.3958958958959000185, 0.1452478496167123323
0.3983983983984000221, 0.1581824177605777315
0.4009009009009000257, 0.1730931636606744262
0.4034034034033999738, 0.1904001217555801873
0.4059059059058999774, 0.2106411802662852550
0.4084084084083999810, 0.2345140533523163984
0.4109109109108999847, 0.2629367619055377747
0.4134134134133999883, 0.2971365586967482653
0.4159159159158999919, 0.3387836511909461112
0.4184184184183999955, 0.3901974418939803679
0.4209209209208999991, 0.4546738563162561753
0.4234234234234000027, 0.5370221236314089985
0.4259259259259000063, 0.6444788479491319055
0.4284284284284000099, 0.7883344234617754021
0.4309309309309000136, 0.9869807278196292000
0.4334334334334000172, 1.2719871143476402242
0.4359359359359000208, 1.7011619659306975727
0.4384384384384000244, 2.3893812078385012754
0.4409409409408999725, 3.5904787208097168616
0.4434434434433999761, 5.9503563201040972075
0.4459459459458999797, 11.4507453146538331623
0.4484484484483999833, 27.4217256083998499605
0.4509509509510000180, 64.3062624782910319254
0.4534534534535000216, 40.6276152384109252580
0.4559559559560000253, 15.7126448841184664929
0.4584584584584999734, 7.5427577890564254659
0.4609609609609999770, 4.3231794094566691200
0.4634634634634999806, 2.7801392327404519378
0.4659659659659999842, 1.9322406789294086504
0.4684684684684999878, 1.4192518279652905910
0.4709709709709999914, 1.0862372487617601990
0.4734734734734999950, 0.8581772086230309293
0.4759759759759999986, 0.6953122034109443517
0.4784784784785000022, 0.5750253380067247289
0.4809809809810000059, 0.4836999001922819286
0.4834834834835000095, 0.4127478362714905868
0.4859859859860000131, 0.3565387837759800282
0.4884884884885000167, 0.3112585443764587234
0.4909909909910000203, 0.2742497268298125790
0.4934934934935000239, 0.2436153603524671141
0.4959959959960000275, 0.2179722205964932380
0.4984984984984999756, 0.1962926229390820065
0.5010010010009999792, 0.1778002251670587897
0.5035035035035000384, 0.1618997661125488596
0.5060060060059999865, 0.1481286805181080135
0.5085085085085000456, 0.1361231430832892664
0.5110110110109999937, 0.1255938282747353640
0.5135135135135000528, 0.1163083355717330486
0.5160160160160000009, 0.1080782658829043813
0.5185185185184999490, 0.1007495943605833111
0.5210210210210000081, 0.0941954129582697336
0.5235235235234999562, 0.0883103990448142334
0.5260260260260000154, 0.0830065565407891032
0.5285285285284999635, 0.0782099057895592892
0.5310310310310000226, 0.0738578881670127890
0.5335335335334999707, 0.0698973143952413278
0.5360360360360000298, 0.0662827302163881416
0.5385385385384999779, 0.0629751051689688146
0.5410410410410000370, 0.0599407734924366359
0.5435435435434999851, 0.0571505732512639919
0.5460460460460000442, 0.0545791423959712391
0.5485485485484999924, 0.0522043399031016514
0.5510510510510999715, 0.0500067672297990484
0.5535535535536000307, 0.0479693707001073583
0.5560560560560999788, 0.0460771095531177718
0.5585585585586000379, 0.0443166775489114012
0.5610610610610999860, 0.0426762684813550980
0.5635635635636000451, 0.0411453778597853925
0.5660660660660999932, 0.0397146345224370229
0.5685685685686000523, 0.0383756571287403175
0.5710710710711000004, 0.0371209314172399052
0.5735735735735999485, 0.0359437048653314939
0.5760760760761000077, 0.0348378959877701719
0.5785785785785999558, 0.0337980159947861153
0.5810810810811000149, 0.0328191009221801278
0.5835835835835999630, 0.0318966526639851491
0.5860860860861000221, 0.0310265875979918587
0.5885885885885999702, 0.0302051917072653740
0.5910910910911000293, 0.0294290812758670091
0.5935935935935999774, 0.0286951683815744665
0.5960960960961000366, 0.0280006305282116293
0.5985985985985999847, 0.0273428838598411342
0.6011011011011000438, 0.0267195594822142099
0.6036036036035999919, 0.0261284824864688459
0.6061061061061000510, 0.0255676533285083621
0.6086086086085999991, 0.0250352312667118486
0.6111111111110999472, 0.0245295196022036373
0.6136136136136000063, 0.0240489525011243557
0.6161161161160999544, 0.0235920832082571093
0.6186186186186000135, 0.0231575734868338795
0.6211211211210999616, 0.0227441841410930407
0.6236236236236000208, 0.0223507664967713751
0.6261261261260999689, 0.0219762547306807977
0.6286286286286000280, 0.0216196589542500366
0.6311311311310999761, 0.0212800589677453016
0.6336336336336000352, 0.0209565986121036454
0.6361361361360999833, 0.0206484806541598342
0.6386386386386000424, 0.0203549621487199052
0.6411411411410999905, 0.0200753502276030601
0.6436436436436000497, 0.0198089982715800653
0.6461461461460999978, 0.0195553024262022472
0.6486486486485999459, 0.0193136984269427110
0.6511511511512000361, 0.0190836587029487095
0.6536536536536999842, 0.0188646897321046031
0.6561561561562000433, 0.0186563296230932429
0.6586586586586999914, 0.0184581459027732021
0.6611611611612000505, 0.0182697334895081109
0.6636636636636999986, 0.0180907128351313201
0.6661661661661999467, 0.0179207282200395841
0.6686686686687000059, 0.0177594461875130241
0.6711711711711999540, 0.0176065541047809720
0.6736736736737000131, 0.0174617588396170122
0.6761761761761999612, 0.0173247855423704980
0.6786786786787000203, 0.0171953765243434628
0.6811811811811999684, 0.0170732902243152761
0.6836836836837000275, 0.0169583002558157080
0.6861861861861999756, 0.0168501945284610342
0.6886886886887000347, 0.0167487744373078229
0.6911911911911999828, 0.0166538541147526857
0.6936936936937000420, 0.0165652597400219592
0.6961961961961999901, 0.0164828289017588947
0.6986986986987000492, 0.0164064100096337553
0.7012012012011999973, 0.0163358617512786922
0.7037037037036999454, 0.0162710525911899245
0.7062062062062000045, 0.0162118603085471859
0.7087087087086999526, 0.0161581715711794846
0.7112112112112000117, 0.0161098815431591040
0.7137137137136999598, 0.0160668935237356508
0.7162162162162000190, 0.0160291186155311488
0.7187187187186999671, 0.0159964754201080382
0.7212212212212000262, 0.0159688897591961851
0.7237237237236999743, 0.0159462944200244247
0.7262262262262000334, 0.0159286289233485402
0.7287287287286999815, 0.0159158393129020734
0.7312312312312000406, 0.0159078779651201513
0.7337337337336999887, 0.0159047034181013271
0.7362362362362000479, 0.0159062802188781258
0.7387387387386999960, 0.0159125787881660326
0.7412412412412000551, 0.0159235753018523440
0.7437437437437000032, 0.0159392515885726747
0.7462462462461999513, 0.0159595950428037085
0.7487487487487000104, 0.0159845985529773540
0.7512512512512999896, 0.0160142604441938785
0.7537537537538000487, 0.0160485844351807641
0.7562562562562999968, 0.0160875796092104437
0.7587587587587999449, 0.0161312603987536149
0.7612612612613000040, 0.0161796465837071718
0.7637637637637999521, 0.0162327633030961566
0.7662662662663000113, 0.0162906410802082721
0.7687687687687999594, 0.0163533158611787396
0.7712712712713000185, 0.0164208290671012495
0.7737737737737999666, 0.0164932276597997418
0.7762762762763000257, 0.0165705642214545729
0.7787787787787999738, 0.0166528970483368621
0.7812812812813000329, 0.0167402902589659543
0.7837837837837999810, 0.0168328139170680693
0.7862862862863000402, 0.0169305441697793699
0.7887887887887999883, 0.0170335634016043035
0.7912912912913000474, 0.0171419604047110749
0.7937937937937999955, 0.0172558305662201018
0.7962962962963000546, 0.0173752760732199321
0.7987987987988000027, 0.0175004061363279277
0.8013013013012999508, 0.0176313372327010429
0.8038038038038000099, 0.0177681933694962928
0.8063063063062999580, 0.0179111063688806721
0.8088088088088000172, 0.0180602161757985220
0.8113113113112999653, 0.0182156711898199195
0.8138138138138000244, 0.0183776286225189947
0.8163163163162999725, 0.0185462548819660261
0.8188188188188000316, 0.0187217259860634200
0.8213213213212999797, 0.0189042280066143847
0.8238238238238000388, 0.0190939575461853556
0.8263263263262999869, 0.0192911222500110092
0.8288288288288000460, 0.0194959413553948968
0.8313313313312999941, 0.0197086462812823132
0.8338338338338000533, 0.0199294812609256099
0.8363363363363000014, 0.0201587040208295390
0.8388388388387999495, 0.0203965865094565615
0.8413413413413000086, 0.0206434156794938657
0.8438438438437999567, 0.0208994943278355133
0.8463463463463000158, 0.0211651419978225661
0.8488488488487999639, 0.0214406959487104185
0.8513513513514000541, 0.0217265121978040057
0.8538538538539000022, 0.0220229666412220353
0.8563563563563999503, 0.0223304562598249171
0.8588588588589000095, 0.0226494004174780210
0.8613613613613999576, 0.0229802422595249620
0.8638638638639000167, 0.0233234502201265792
0.8663663663663999648, 0.0236795196479881662
0.8688688688689000239, 0.0240489745609593734
0.8713713713713999720, 0.0244323695410646122
0.8738738738739000311, 0.0248302917827140160
0.8763763763763999792, 0.0252433633081773703
0.8788788788789000384, 0.0256722433658912660
0.8813813813813999865, 0.0261176310288305964
0.8838838838839000456, 0.0265802680120406157
0.8863863863863999937, 0.0270609417305107576
0.8888888888889000528, 0.0275604886209164478
0.8913913913914000009, 0.0280797977533903537
0.8938938938938999490, 0.0286198147624488024
0.8963963963964000081, 0.0291815461295459912
0.8988988988988999562, 0.0297660638535021012
0.9014014014014000153, 0.0303745105493215678
0.9039039039038999634, 0.0310081050207541113
0.9064064064064000226, 0.0316681483574323339
0.9089089089088999707, 0.0323560306136545933
0.9114114114114000298, 0.0330732381329692793
0.9139139139138999779, 0.0338213615908009232
0.9164164164164000370, 0.0346021048365895700
0.9189189189188999851, 0.0354172946274706885
0.9214214214214000442, 0.0362688913576282024
0.9239239239238999923, 0.0371590009013453085
0.9264264264264000515, 0.0380898877037644940
0.9289289289288999996, 0.0390639892717984938
0.9314314314313999477, 0.0400839322389160563
0.9339339339339000068, 0.0411525502021744538
0.9364364364363999549, 0.0422729035584525278
0.9389389389389000140, 0.0434483016000781624
0.9414414414413999621, 0.0446823271687827317
0.9439439439439000212, 0.0459788642121595759
0.9464464464463999693, 0.0473421286398026178
0.9489489489489000285, 0.0487767029385082762
0.9514514514515000076, 0.0502875750791583476
0.9539539539539999558, 0.0518801823343398930
0.9564564564565000149, 0.0535604607280565984
0.9589589589589999630, 0.0553349009603376213
0.9614614614615000221, 0.0572106117941295206
0.9639639639639999702, 0.0591953920645410941
0.9664664664665000293, 0.0612978126774110579
0.9689689689689999774, 0.0635273102128783712
0.9714714714715000365, 0.0658942940496782814
0.9739739739739999846, 0.0684102692891117303
0.9764764764765000438, 0.0710879781990257920
0.9789789789789999919, 0.0739415634365987173
0.9814814814815000510, 0.0769867569682175790
0.9839839839839999991, 0.0802410994159417357
0.9864864864864999472, 0.0837241955621708389
0.9889889889890000063, 0.0874580129878517604
0.9914914914914999544, 0.0914672323704686652
0.9939939939940000135, 0.0957796599117011482
0.9964964964964999616, 0.1004267148132745313
0.9989989989990000208, 0.1054440078212126458
1.0015015015019999023, 0.1108720308102982555
1.0040040040039999170, 0.1167569824452769217
1.0065065065070000205, 0.1231517614880561773
1.0090090090090000352, 0.1301171678026684098
1.0115115115119999167, 0.1377233622016104109
1.0140140140139999314, 0.1460516508890150333
1.0165165165170000350, 0.1551966796563019890
1.0190190190190000497, 0.1652691489582980566
1.0215215215219999312, 0.1763991960759046518
1.0240240240239999459, 0.1887406383923812270
1.0265265265270000494, 0.2024763376552025929
1.0290290290290000641, 0.2178250367242630381
1.0315315315319999456, 0.2350501492708917672
1.0340340340339999603, 0.2544711666216854518
1.0365365365370000639, 0.2764786111312755867
1.0390390390390000785, 0.3015538536532315628
1.0415415415419999601, 0.3302956895928476078
1.0440440440439999747, 0.3634564396422407251
1.0465465465470000783, 0.4019916819093148908
1.0490490490490000930, 0.4471298247239083312
1.0515515515519999745, 0.5004710982339787284
1.0540540540539999892, 0.5641310690111815962
1.0565565565570000928, 0.6409530855102135716
1.0590590590590001074, 0.7348301850361831367
1.0615615615619999890, 0.8512058513622893230
1.0640640640640000036, 0.9978765822613946401
1.0665665665670001072, 1.1863228643584364796
1.0690690690689998998, 1.4340053660552272152
1.0715715715720000034, 1.7685135070719972816
1.0740740740740000181, 2.2354820424660557521
1.0765765765769998996, 2.9147247356628280812
1.0790790790789999143, 3.9558685003269462577
1.0815815815820000179, 5.6653670164199176895
1.0840840840840000325, 8.7479067801756809075
1.0865865865869999141, 15.0950889034090831586
1.0890890890889999287, 30.9085710215962983227
1.0915915915920000323, 78.9659530786637589017
1.0940940940940000470, 138.9754876348556251742
1.0965965965969999285, 62.6800219773398268330
1.0990990990989999432, 25.6870431099670355479
1.1016016016020000468, 13.1407437466529195547
1.1041041041040000614, 7.8480656096098684316
1.1066066066069999430, 5.1858356685774236183
1.1091091091089999576, 3.6729698888472723795
1.1116116116120000612, 2.7352403064388561837
1.1141141141140000759, 2.1153820499367270713
1.1166166166169999574, 1.6849225656928623618
1.1191191191189999721, 1.3741215968298818861
1.1216216216220000756, 1.1425437840177177229
1.1241241241240000903, 0.9654638727034027257
1.1266266266269999718, 0.8270858858376730627
1.1291291291289999865, 0.7169413458619947610
1.1316316316320000901, 0.6278729526505694158
1.1341341341340001048, 0.5548544774611515740
1.1366366366369999863, 0.4942732162104326310
1.1391391391390000010, 0.4434790237713976402
1.1416416416420001045, 0.4004925656654907407
1.1441441441439998972, 0.3638116905931413347
1.1466466466470000007, 0.3322799725216909472
1.1491491491490000154, 0.3049956295905622561
1.1516516516519998969, 0.2812472544073388314
1.1541541541539999116, 0.2604677077976267907
1.1566566566570000152, 0.2422005428668804472
1.1591591591590000299, 0.2260752175243882500
1.1616616616619999114, 0.2117885651825711646
1.1641641641639999261, 0.1990907844579910269
1.1666666666670000296, 0.1877747344213441805
1.1691691691690000443, 0.1776676770024863405
1.1716716716719999258, 0.1686248515748175469
1.1741741741739999405, 0.1605244359681384791
1.1766766766770000441, 0.1532635673516992980
1.1791791791790000588, 0.1467551814252394116
1.1816816816819999403, 0.1409254896879750252
1.1841841841839999550, 0.1357119593270994795
1.1866866866870000585, 0.1310616933338389634
1.1891891891890000732, 0.1269301331792870302
1.1916916916919999547, 0.1232800251252792190
1.1941941941939999694, 0.1200806056906381092
1.1966966966970000730, 0.1173069731620301759
1.1991991991990000876, 0.1149396212403664547
1.2017017017019999692, 0.1129641186480360854
1.2042042042039999838, 0.1113709253563222312
1.2067067067070000874, 0.1101553425196883096
1.2092092092090001021, 0.1093175996953550944
1.2117117117119999836, 0.1088630899815311859
1.2142142142139999983, 0.1088027719085131600
1.2167167167170001019, 0.1091537670016803768
1.2192192192189998945, 0.1099401948962754061
1.2217217217219999981, 0.1111943051114352016
1.2242242242240000127, 0.1129579880939557412
1.2267267267269998943, 0.1152847808898567750
1.2292292292289999089, 0.1182425292689794072
1.2317317317320000125, 0.1219169351815471980
1.2342342342340000272, 0.1264163167921925068
1.2367367367369999087, 0.1318780550806491481
1.2392392392389999234, 0.1384774237969901844
1.2417417417420000270, 0.1464398442485569940
1.2442442442440000416, 0.1560581506099097404
1.2467467467469999232, 0.1677173299517396576
1.2492492492489999378, 0.1819306543143580090
1.2517517517520000414, 0.1993935914560767131
1.2542542542540000561, 0.2210662048550434966
1.2567567567569999376, 0.2483025841237695985
1.2592592592589999523, 0.2830605767552823449
1.2617617617620000559, 0.3282540227761359675
1.2642642642640000705, 0.3883694059502270646
1.2667667667669999521, 0.4705993787268919482
1.2692692692689999667, 0.5870509559048515680
1.2717717717720000703, 0.7593600890202414355
1.2742742742740000850, 1.0292056282656203425
1.2767767767769999665, 1.4850119188151973404
1.2792792792789999812, 2.3398625628326850112
1.2817817817820000847, 4.2026442265552637068
1.2842842842840000994, 9.2108211320366777386
1.2867867867869999809, 24.0017842858969032704
1.2892892892889999956, 25.9693190363702797185
1.2917917917920000992, 10.0857667626198423960
1.2942942942939998918, 4.4969551787951029809
1.2967967967969999954, 2.4650315315414212947
1.2992992992990000101, 1.5496812621438071922
1.3018018018019998916, 1.0680621866606654358
1.3043043043039999063, 0.7858140134946410837
1.3068068068070000098, 0.6071070463605720002
1.3093093093090000245, 0.4872708093441050492
1.3118118118119999060, 0.4033157246224868264
1.3143143143139999207, 0.3424670576729493821
1.3168168168170000243, 0.2971807032811338845
1.3193193193190000390, 0.2627765669079617505
1.3218218218219999205, 0.2362314955936093419
1.3243243243239999352, 0.2155262010627899683
1.3268268268270000387, 0.1992740246646842461
1.3293293293290000534, 0.1865009020644947946
1.3318318318319999349, 0.1765102159143641103
1.3343343343339999496, 0.1687972303391220008
1.3368368368370000532, 0.1629935175400402669
1.3393393393390000679, 0.1588301116932007984
1.3418418418419999494, 0.1561127100843838489
1.3443443443439999641, 0.1547048568020725212
1.3468468468470000676, 0.1545165861075857572
1.3493493493490000823, 0.1554969416909973701
1.3518518518519999638, 0.1576293809754197306
1.3543543543539999785, 0.1609294654485472487
1.3568568568570000821, 0.1654445142135078095
1.3593593593590000967, 0.1712551122046113983
1.3618618618619999783, 0.1784785539985411229
1.3643643643639999929, 0.1872744991360493216
1.3668668668670000965, 0.1978533457372321225
1.3693693693689998891, 0.2104881332640207436
1.3718718718719999927, 0.2255312155076270031
1.3743743743740000074, 0.2434375831961588799
1.3768768768770001110, 0.2647976956219426636
1.3793793793789999036, 0.2903842282540906039
1.3818818818820000072, 0.3212196522657599917
1.3843843843840000218, 0.3586757398865784707
1.3868868868869999034, 0.4046232487263818900
1.3893893893889999180, 0.4616626976097631951
1.3918918918920000216, 0.5334903301586857438
1.3943943943940000363, 0.6254975326719864892
1.3968968968969999178, 0.7457900078804033939
1.3993993993989999325, 0.9069978132008961191
1.4019019019020000361, 1.1296594834040845079
1.4044044044040000507, 1.4489502423667053321
1.4069069069069999323, 1.9290968396856138511
1.4094094094089999469, 2.6972564100679141674
1.4119119119120000505, 4.0330247049285867789
1.4144144144140000652, 6.6431827280615465270
1.4169169169169999467, 12.6779418653121638272
1.4194194194189999614, 30.0590119644418898304
1.4219219219220000650, 72.1148303094278304570
1.4244244244240000796, 48.2144539621680863206
1.4269269269269999612, 18.5629666160022246402
1.4294294294289999758, 8.8368106028199733259
1.4319319319320000794, 5.0388349529436968766
1.4344344344340000941, 3.2305764354111721204
1.4369369369369999756, 2.2413936857964893434
1.4394394394389999903, 1.6447885009563263381
1.4419419419420000938, 1.2583456182334205042
1.4444444444440001085, 0.9941098674455202122
1.4469469469469999900, 0.8056170504519286624
1.4494494494490000047, 0.6665040937590317460
1.4519519519520001083, 0.5609317458922304933
1.4544544544539999009, 0.4789272195434774448
1.4569569569570000045, 0.4139616045855443183
1.4594594594590000192, 0.3616172932277710306
1.4619619619619999007, 0.3188196256547418672
1.4644644644639999154, 0.2833756752048712801
1.4669669669670000189, 0.2536876076808556313
1.4694694694690000336, 0.2285690527091958080
1.4719719719719999151, 0.2071242856661744403
1.4744744744739999298, 0.1886668320457726145
1.4769769769770000334, 0.1726634598006382970
1.4794794794790000481, 0.1586949023554271587
1.4819819819819999296, 0.1464278380979077143
1.4844844844839999443, 0.1355945867295472174
1.4869869869870000478, 0.1259781869412703870
1.4894894894890000625, 0.1174012856799424021
1.4919919919919999440, 0.1097177660214573996
1.4944944944939999587, 0.1028063687663631487
1.4969969969970000623, 0.0965657832113400311
1.4994994994990000770, 0.0909108328036375979
1.5020020020019999585, 0.0857694853112307143
1.5045045045050000621, 0.0810804899761592979
1.5070070070070000767, 0.0767914957929523301
1.5095095095099999583, 0.0728575421374785259
1.5120120120119999729, 0.0692398398700901641
1.5145145145150000765, 0.0659047807444267941
1.5170170170170000912, 0.0628231275287715329
1.5195195195199999727, 0.0599693481227043454
1.5220220220219999874, 0.0573210651352441397
1.5245245245250000909, 0.0548585985968942785
1.5270270270270001056, 0.0525645842200790359
1.5295295295299999871, 0.0504236532714709071
1.5320320320320000018, 0.0484221629464877679
1.5345345345350001054, 0.0465479683401245278
1.5370370370369998980, 0.0447902288369001061
1.5395395395400000016, 0.0431392431064493709
1.5420420420420000163, 0.0415863079731036075
1.5445445445449998978, 0.0401235972904682645
1.5470470470469999125, 0.0387440576434314524
1.5495495495500000160, 0.0374413182568197334
1.5520520520520000307, 0.0362096129403919401
1.5545545545549999122, 0.0350437122659169459
1.5570570570569999269, 0.0339388644707845077
1.5595595595600000305, 0.0328907438273707622
1.5620620620620000452, 0.0318954054186972105
1.5645645645649999267, 0.0309492454271561857
1.5670670670669999414, 0.0300489661808240813
1.5695695695700000449, 0.0291915453164137625
1.5720720720720000596, 0.0283742085134914106
1.5745745745749999411, 0.0275944053345624392
1.5770770770769999558, 0.0268497877727938705
1.5795795795800000594, 0.0261381911657046356
1.5820820820820000741, 0.0254576171809186048
1.5845845845849999556, 0.0248062186205477049
1.5870870870869999703, 0.0241822858251298928
1.5895895895900000738, 0.0235842344873130640
1.5920920920920000885, 0.0230105947104604601
1.5945945945949999700, 0.0224600011687279139
1.5970970970969999847, 0.0219311842435132402
1.5995995996000000883, 0.0214229620269436247
1.6021021021020001029, 0.0209342330966621124
1.6046046046049999845, 0.0204639699779152820
1.6071071071069999991, 0.0200112132191008485
1.6096096096100001027, 0.0195750660157530537
1.6121121121119998953, 0.0191546893255978984
1.6146146146149999989, 0.0187492974239821669
1.6171171171170000136, 0.0183581538547975508
1.6196196196199998951, 0.0179805677371070172
1.6221221221219999098, 0.0176158903921331753
1.6246246246250000134, 0.0172635122591739409
1.6271271271270000280, 0.0169228600724427546
1.6296296296299999096, 0.0165933942738504328
1.6321321321319999242, 0.0162746066394082248
1.6346346346350000278, 0.0159660180992820325
1.6371371371370000425, 0.0156671767336065762
1.6396396396399999240, 0.0153776559280086149
1.6421421421419999387, 0.0150970526744212599
1.6446446446450000423, 0.0148249860042211114
1.6471471471470000569, 0.0145610955420098116
1.6496496496499999385, 0.0143050401695099805
1.6521521521519999531, 0.0140564967900699556
1.6546546546550000567, 0.0138151591851863632
1.6571571571570000714, 0.0135807369552715107
1.6596596596599999529, 0.0133529545376246395
1.6621621621619999676, 0.0131315502952224199
1.6646646646650000712, 0.0129162756705329847
1.6671671671670000858, 0.0127068943990869352
1.6696696696699999674, 0.0125031817780146305
1.6721721721719999820, 0.0123049239851877913
1.6746746746750000856, 0.0121119174449895901
1.6771771771770001003, 0.0119239682370862361
1.6796796796799999818, 0.0117408915448879644
1.6821821821819999965, 0.0115625111406721763
1.6846846846850001000, 0.0113886589045992977
1.6871871871869998927, 0.0112191743750856467
1.6896896896899999962, 0.0110539043282094455
1.6921921921920000109, 0.0108927023840185225
1.6946946946949998924, 0.0107354286377830937
1.6971971971969999071, 0.0105819493143960545
1.6996996997000000107, 0.0104321364442679729
1.7022022022020000254, 0.0102858675591958465
1.7047047047049999069, 0.0101430254068050375
1.7072072072069999216, 0.0100034976822736439
1.7097097097100000251, 0.0098671767761487044
1.7122122122120000398, 0.0097339595371555964
1.7147147147149999213, 0.0096037470489856690
1.7172172172169999360, 0.0094764444201241339
1.7197197197200000396, 0.0093519605858505619
1.7222222222220000543, 0.0092302081216090633
1.7247247247249999358, 0.0091111030670042951
1.7272272272269999505, 0.0089945647597341020
1.7297297297300000540, 0.0088805156788194818
1.7322322322320000687, 0.0087688812965387077
1.7347347347349999502, 0.0086595899385147248
1.7372372372369999649, 0.0085525726514440702
1.7397397397400000685, 0.0084477630779914246
1.7422422422420000832, 0.0083450973384071835
1.7447447447449999647, 0.0082445139184560163
1.7472472472469999794, 0.0081459535632726742
1.7497497497500000829, 0.0080493591767874396
1.7522522522520000976, 0.0079546757263878037
1.7547547547549999791, 0.0078618501525053001
1.7572572572569999938, 0.0077708312828371519
1.7597597597600000974, 0.0076815697509315384
1.7622622622619998900, 0.0075940179188831395
1.7647647647649999936, 0.0075081298039020149
1.7672672672670000082, 0.0074238610085342726
1.7697697697699998898, 0.0073411686543271241
1.7722722722719999044, 0.0072600113187441884
1.7747747747750000080, 0.0071803489751491086
1.7772772772770000227, 0.0071021429356870622
1.7797797797799999042, 0.0070253557969042549
1.7822822822819999189, 0.0069499513879554787
1.7847847847850000225, 0.0068758947212589627
1.7872872872870000371, 0.0068031519454663731
1.7897897897899999187, 0.0067316903006238151
1.7922922922919999333, 0.0066614780754071295
1.7947947947950000369, 0.0065924845663218219
1.7972972972970000516, 0.0065246800387643925
1.7997997997999999331, 0.0064580356898479852
1.8023023023019999478, 0.0063925236129009182
1.8048048048050000514, 0.0063281167635520028
1.8073073073070000660, 0.0062647889273215185
1.8098098098099999476, 0.0062025146886413793
1.8123123123119999622, 0.0061412694012323871
1.8148148148150000658, 0.0060810291597705388
1.8173173173170000805, 0.0060217707727782096
1.8198198198199999620, 0.0059634717366795972
1.8223223223219999767, 0.0059061102109632131
1.8248248248250000803, 0.0058496649943973380
1.8273273273270000949, 0.0057941155022473287
1.8298298298299999765, 0.0057394417444464833
1.8323323323319999911, 0.0056856243046747405
1.8348348348350000947, 0.0056326443203019976
1.8373373373370001094, 0.0055804834631551217
1.8398398398399999909, 0.0055291239210698874
1.8423423423420000056, 0.0054785483801911804
1.8448448448450001091, 0.0054287400079866674
1.8473473473469999018, 0.0053796824369410131
1.8498498498500000053, 0.0053313597488993600
1.8523523523520000200, 0.0052837564600305090
1.8548548548549999015, 0.0052368575063816165
1.8573573573569999162, 0.0051906482299978081
1.8598598598600000198, 0.0051451143655813448
1.8623623623620000345, 0.0051002420276663012
1.8648648648649999160, 0.0050560176982859424
1.8673673673669999307, 0.0050124282151110845
1.8698698698700000342, 0.0049694607600387995
1.8723723723720000489, 0.0049271028482118871
1.8748748748749999304, 0.0048853423174504487
1.8773773773769999451, 0.0048441673180778227
1.8798798798800000487, 0.0048035663031240116
1.8823823823820000634, 0.0047635280188905275
1.8848848848849999449, 0.0047240414958613624
1.8873873873869999596, 0.0046850960399455162
1.8898898898900000631, 0.0046466812240372052
1.8923923923920000778, 0.0046087868798805210
1.8948948948949999593, 0.0045714030902259534
1.8973973973969999740, 0.0045345201812667327
1.8998998999000000776, 0.0044981287153435748
1.9024024024020000923, 0.0044622194839068485
1.9049049049049999738, 0.0044267835007257769
1.9074074074069999885, 0.0043918119953346973
1.9099099099100000920, 0.0043572964067068905
1.9124124124120001067, 0.0043232283771468946
1.9149149149149999882, 0.0042895997463926541
1.9174174174170000029, 0.0042564025459192129
1.9199199199200001065, 0.0042236289934360401
1.9224224224219998991, 0.0041912714875704544
1.9249249249250000027, 0.0041593226027298782
1.9274274274270000173, 0.0041277750841360473
1.9299299299299998989, 0.0040966218430245468
1.9324324324319999135, 0.0040658559520033548
1.9349349349350000171, 0.0040354706405643422
1.9374374374370000318, 0.0040054592907419369
1.9399399399399999133, 0.0039758154329134106
1.9424424424419999280, 0.0039465327417354786
1.9449449449450000316, 0.0039176050322121203
1.9474474474470000462, 0.0038890262558887710
1.9499499499499999278, 0.0038607904971681853
1.9524524524519999424, 0.0038328919697435365
1.9549549549550000460, 0.0038053250131444396
1.9574574574570000607, 0.0037780840893917901
1.9599599599599999422, 0.0037511637797574965
1.9624624624619999569, 0.0037245587816252959
1.9649649649650000605, 0.0036982639054490554
1.9674674674670000751, 0.0036722740718050620
1.9699699699699999567, 0.0036465843085349589
1.9724724724719999713, 0.0036211897479761414
1.9749749749750000749, 0.0035960856242765100
1.9774774774770000896, 0.0035712672707906455
1.9799799799799999711, 0.0035467301175545517
1.9824824824819999858, 0.0035224696888362514
1.9849849849850000894, 0.0034984816007596065
1.9874874874870001040, 0.0034747615589988449
1.9899899899899999856, 0.0034513053565413789
1.9924924924920000002, 0.0034281088715165829
1.9949949949950001038, 0.0034051680650882951
1.9974974974969998964, 0.0033824789794088968
2.0000000000000000000, 0.0033600377356328773
