# Delta1: 0.465
# Delta2: 1.17
# Delta3: 1.355
# Dq: 0.1355
# Ds: 0.04
# Dt: 0.061000000000000006
# k1_lab: [1, 0, 0]
# k2_lab: [-0.8660254037844387, 0.49999999999999994, 0.0]
# k1_cf: [-0.6123724356957946, -0.6123724356957946, 0.5000000000000001]
# k2_cf: [0.7071067811865476, 0.7071067811865476, 0.0]
# pol1_lab: [(0, 1, 0), (0, 0, 1)]
# pol2_lab: [array([-0.5      , -0.8660254,  0.       ]), array([0., 0., 1.])]
# pol1_cf: [array([0.35355339, 0.35355339, 0.8660254 ]), array([-0.70710678,  0.70710678,  0.        ])]
# pol2_cf: [array([ 0.,  0., -1.]), array([-0.70710678,  0.70710678,  0.        ])]
# cf: [array([-0.61237244,  0.35355339, -0.70710678]), array([-0.61237244,  0.35355339,  0.70710678]), array([0.5      , 0.8660254, 0.       ])]
# th: 60
-0.5000000000000000000, 0.0055000048797385513
-0.4974974974974999964, 0.0055493358659217708
-0.4949949949949999928, 0.0055993815587457377
-0.4924924924924999892, 0.0056501562261923877
-0.4899899899899999856, 0.0057016744981881994
-0.4874874874874999819, 0.0057539513777326266
-0.4849849849849999783, 0.0058070022524286538
-0.4824824824824999747, 0.0058608429064322103
-0.4799799799800000266, 0.0059154895328378939
-0.4774774774775000230, 0.0059709587465193474
-0.4749749749750000194, 0.0060272675974435315
-0.4724724724725000158, 0.0060844335844788917
-0.4699699699700000122, 0.0061424746697185889
-0.4674674674675000086, 0.0062014092933408878
-0.4649649649650000049, 0.0062612563890297917
-0.4624624624625000013, 0.0063220353999802938
-0.4599599599599999977, 0.0063837662955137098
-0.4574574574574999941, 0.0064464695883298508
-0.4549549549549999905, 0.0065101663524240487
-0.4524524524524999869, 0.0065748782416986092
-0.4499499499499000077, 0.0066406275092995709
-0.4474474474474000041, 0.0067074370277113212
-0.4449449449449000005, 0.0067753303096431908
-0.4424424424423999969, 0.0068443315297439860
-0.4399399399398999932, 0.0069144655471821779
-0.4374374374373999896, 0.0069857579291314649
-0.4349349349348999860, 0.0070582349752034302
-0.4324324324323999824, 0.0071319237428712975
-0.4299299299298999788, 0.0072068520739309617
-0.4274274274273999752, 0.0072830486220480089
-0.4249249249249000271, 0.0073605428814420707
-0.4224224224224000235, 0.0074393652167623709
-0.4199199199199000199, 0.0075195468942115852
-0.4174174174174000163, 0.0076011201139778205
-0.4149149149149000126, 0.0076841180440381709
-0.4124124124124000090, 0.0077685748554003637
-0.4099099099099000054, 0.0078545257588531533
-0.4074074074074000018, 0.0079420070432995298
-0.4049049049048999982, 0.0080310561157513616
-0.4024024024023999946, 0.0081217115430682885
-0.3998998998998999910, 0.0082140130955283032
-0.3973973973973999874, 0.0083080017923227514
-0.3948948948948999838, 0.0084037199490732736
-0.3923923923923999801, 0.0085012112274743326
-0.3898898898898999765, 0.0086005206871706923
-0.3873873873873999729, 0.0087016948399856100
-0.3848848848849000248, 0.0088047817066223399
-0.3823823823824000212, 0.0089098308759688796
-0.3798798798799000176, 0.0090168935671433876
-0.3773773773774000140, 0.0091260226944261894
-0.3748748748749000104, 0.0092372729352328629
-0.3723723723724000068, 0.0093507008012924126
-0.3698698698699000031, 0.0094663647132044778
-0.3673673673673999995, 0.0095843250785602775
-0.3648648648648999959, 0.0097046443738233474
-0.3623623623623999923, 0.0098273872301784596
-0.3598598598598999887, 0.0099526205235700646
-0.3573573573573999851, 0.0100804134691657773
-0.3548548548548999815, 0.0102108377204951500
-0.3523523523523999779, 0.0103439674735303477
-0.3498498498497999987, 0.0104798795759922913
-0.3473473473472999951, 0.0106186536421844138
-0.3448448448447999914, 0.0107603721736759354
-0.3423423423422999878, 0.0109051206861778723
-0.3398398398397999842, 0.0110529878429776983
-0.3373373373372999806, 0.0112040655953231771
-0.3348348348347999770, 0.0113584493301722694
-0.3323323323322999734, 0.0115162380257542649
-0.3298298298298000253, 0.0116775344154178874
-0.3273273273273000217, 0.0118424451602748594
-0.3248248248248000181, 0.0120110810311830716
-0.3223223223223000145, 0.0121835571006511344
-0.3198198198198000108, 0.0123599929452878378
-0.3173173173173000072, 0.0125405128594639724
-0.3148148148148000036, 0.0127252460809020793
-0.3123123123123000000, 0.0129143270289616870
-0.3098098098097999964, 0.0131078955564429746
-0.3073073073072999928, 0.0133060972157931987
-0.3048048048047999892, 0.0135090835406651601
-0.3023023023022999856, 0.0137170123438481242
-0.2997997997997999819, 0.0139300480326688784
-0.2972972972972999783, 0.0141483619430434991
-0.2947947947947999747, 0.0143721326934515958
-0.2922922922923000266, 0.0146015465602028563
-0.2897897897898000230, 0.0148367978754722074
-0.2872872872873000194, 0.0150780894496972441
-0.2847847847848000158, 0.0153256330200567600
-0.2822822822823000122, 0.0155796497268877888
-0.2797797797798000086, 0.0158403706200487618
-0.2772772772773000050, 0.0161080371973992380
-0.2747747747748000013, 0.0163829019777465557
-0.2722722722722999977, 0.0166652291108040258
-0.2697697697697999941, 0.0169552950269189102
-0.2672672672672999905, 0.0172533891295623167
-0.2647647647647999869, 0.0175598145338280442
-0.2622622622622999833, 0.0178748888544679775
-0.2597597597597999797, 0.0181989450472988153
-0.2572572572572999761, 0.0185323323081516902
-0.2547547547547999724, 0.0188754170339076911
-0.2522522522523000243, 0.0192285838505683974
-0.2497497497496999896, 0.0195922367137602547
-0.2472472472472000138, 0.0199668000875646914
-0.2447447447447000102, 0.0203527202081112898
-0.2422422422422000066, 0.0207504664389721975
-0.2397397397397000030, 0.0211605327260607524
-0.2372372372371999993, 0.0215834391604715035
-0.2347347347346999957, 0.0220197336585134136
-0.2322322322321999921, 0.0224699937690882104
-0.2297297297296999885, 0.0229348286195674156
-0.2272272272272000126, 0.0234148810124319984
-0.2247247247247000090, 0.0239108296861740843
-0.2222222222222000054, 0.0244233917553354531
-0.2197197197197000018, 0.0249533253460901723
-0.2172172172171999982, 0.0255014324454888308
-0.2147147147146999946, 0.0260685619843923494
-0.2122122122121999910, 0.0266556131762604905
-0.2097097097096999874, 0.0272635391363532376
-0.2072072072072000115, 0.0278933508085877739
-0.2047047047047000079, 0.0285461212303070554
-0.2022022022022000043, 0.0292229901686056337
-0.1996996996997000007, 0.0299251691656739725
-0.1971971971971999971, 0.0306539470349260074
-0.1946946946946999935, 0.0314106958545337031
-0.1921921921921999898, 0.0321968775104885668
-0.1896896896896999862, 0.0330140508475347816
-0.1871871871872000104, 0.0338638794933812451
-0.1846846846847000068, 0.0347481404296245272
-0.1821821821822000032, 0.0356687333919488911
-0.1796796796796999995, 0.0366276911925834670
-0.1771771771771999959, 0.0376271910698909862
-0.1746746746746999923, 0.0386695671835709590
-0.1721721721721999887, 0.0397573243895602557
-0.1696696696697000128, 0.0408931534466287633
-0.1671671671672000092, 0.0420799478272833455
-0.1646646646647000056, 0.0433208223293612693
-0.1621621621622000020, 0.0446191337121560477
-0.1596596596596999984, 0.0459785036127136823
-0.1571571571571999948, 0.0474028440348294167
-0.1546546546546999912, 0.0488963857461822485
-0.1521521521521999876, 0.0504637099690514387
-0.1496496496496000084, 0.0521097838084996767
-0.1471471471471000048, 0.0538399999303490681
-0.1446446446446000011, 0.0556602210816532980
-0.1421421421420999975, 0.0575768301410039401
-0.1396396396395999939, 0.0595967864977254430
-0.1371371371370999903, 0.0617276896912883760
-0.1346346346345999867, 0.0639778513993109477
-0.1321321321321000108, 0.0663563770495495808
-0.1296296296296000072, 0.0688732585547114085
-0.1271271271271000036, 0.0715394799366877027
-0.1246246246246000000, 0.0743671379288146639
-0.1221221221220999964, 0.0773695800333033534
-0.1196196196196000067, 0.0805615629815206874
-0.1171171171171000031, 0.0839594351167720632
-0.1146146146145999994, 0.0875813469172076059
-0.1121121121120999958, 0.0914474947316770842
-0.1096096096096000061, 0.0955804038536335054
-0.1071071071071000025, 0.1000052583586456961
-0.1046046046045999989, 0.1047502867456815145
-0.1021021021020999953, 0.1098472144365431752
-0.0995995995996000055, 0.1153317967132430066
-0.0970970970971000019, 0.1212444488560585065
-0.0945945945945900063, 0.1276309942788014795
-0.0920920920920900027, 0.1345435565994765326
-0.0895895895895899991, 0.1420416281779794676
-0.0870870870870899955, 0.1501933561617051494
-0.0845845845845799998, 0.1590770981352686020
-0.0820820820820799962, 0.1687833139354823209
-0.0795795795795800065, 0.1794168792603789142
-0.0770770770770800029, 0.1910999320345296848
-0.0745745745745699934, 0.2039753964330376645
-0.0720720720720700037, 0.2182113753410031276
-0.0695695695695700000, 0.2340066646157096253
-0.0670670670670699964, 0.2515977287745465030
-0.0645645645645600008, 0.2712675978754581774
-0.0620620620620599972, 0.2933573146218829142
-0.0595595595595600005, 0.3182808021264255660
-0.0570570570570599969, 0.3465443716002310492
-0.0545545545545500013, 0.3787726004868785523
-0.0520520520520499977, 0.4157430723900083502
-0.0495495495495500010, 0.4584336212930307797
-0.0470470470470499974, 0.5080874959203759422
-0.0445445445445400018, 0.5663046461643698182
-0.0420420420420399982, 0.6351718059407585049
-0.0395395395395400015, 0.7174513986268268306
-0.0370370370370399979, 0.8168616972864476411
-0.0345345345345300023, 0.9385022267693541309
-0.0320320320320299987, 1.0895170884230833686
-0.0295295295295299985, 1.2801609515365142133
-0.0270270270270299984, 1.5255723940058172339
-0.0245245245245199993, 1.8488443417728561702
-0.0220220220220199991, 2.2865951302158360470
-0.0195195195195199990, 2.8996536907098597879
-0.0170170170170199989, 3.7949700230350678076
-0.0145145145145099998, 5.1743780787761277651
-0.0120120120120099996, 7.4548158069425278782
-0.0095095095095099995, 11.6059849966825385792
-0.0070070070070070000, 20.2707910556427179927
-0.0045045045045049997, 42.2697420380172417254
-0.0020020020020019998, 109.3596236378905075526
0.0005005005005005000, 172.5714333706392835666
0.0030030030030029999, 73.4756932154372179866
0.0055055055055059999, 30.6859863434267019500
0.0080080080080079993, 15.9425602950266736002
0.0105105105105099995, 9.6140706991769491196
0.0130130130130099997, 6.3919911302061249714
0.0155155155155200005, 4.5452983221010985204
0.0180180180180199989, 3.3934616750963115805
0.0205205205205199991, 2.6284124064687479638
0.0230230230230199992, 2.0950899710063310977
0.0255255255255299983, 1.7088012732200066335
0.0280280280280299984, 1.4201987124162640530
0.0305305305305299986, 1.1989855130517550474
0.0330330330330299987, 1.0257411135980278871
0.0355355355355400013, 0.8875581866112103313
0.0380380380380399979, 0.7755903081338368921
0.0405405405405400016, 0.6836117137134740673
0.0430430430430399982, 0.6071389696828339844
0.0455455455455500008, 0.5428775237402818643
0.0480480480480499975, 0.4883628354737186150
0.0505505505505500011, 0.4417217165446209459
0.0530530530530499977, 0.4015100027052421194
0.0555555555555600003, 0.3665998972912515863
0.0580580580580599970, 0.3361003556506726997
0.0605605605605600006, 0.3092998882712912345
0.0630630630630600042, 0.2856248513683236068
0.0655655655655699998, 0.2646086134351095520
0.0680680680680700034, 0.2458684747549362559
0.0705705705705699932, 0.2290881902752534283
0.0730730730730699968, 0.2140045939791168916
0.0755755755755800063, 0.2003972608749716999
0.0780780780780799960, 0.1880804433027871703
0.0805805805805799996, 0.1768967273818336516
0.0830830830830800032, 0.1667120027939463234
0.0855855855855899988, 0.1574114441858740499
0.0880880880880900025, 0.1488962782512403271
0.0905905905905900061, 0.1410811657638560423
0.0930930930930899958, 0.1338920684552711293
0.0955955955956000053, 0.1272645007913013049
0.0980980980980999950, 0.1211420892920939268
0.1006006006005999986, 0.1154753790974100136
0.1031031031031000023, 0.1102208404577829370
0.1056056056056000059, 0.1053400377803261623
0.1081081081080999956, 0.1007989315358132631
0.1106106106105999992, 0.0965672892983204245
0.1131131131131000028, 0.0926181868514424772
0.1156156156156000064, 0.0889275839617317265
0.1181181181180999962, 0.0854739623196973247
0.1206206206205999998, 0.0822380154542652481
0.1231231231231000034, 0.0792023822692228124
0.1256256256256000070, 0.0763514173300878229
0.1281281281281000106, 0.0736709922240532250
0.1306306306305999865, 0.0711483232836811474
0.1331331331330999901, 0.0687718217531005510
0.1356356356355999937, 0.0665309631197151252
0.1381381381380999973, 0.0644161728632094699
0.1406406406406000009, 0.0624187263093144637
0.1431431431431000045, 0.0605306606360763236
0.1456456456456000081, 0.0587446973793786034
0.1481481481481000118, 0.0570541740334570696
0.1506506506506999910, 0.0554529835501876428
0.1531531531531999946, 0.0539355207152924440
0.1556556556556999982, 0.0524966345262146625
0.1581581581582000018, 0.0511315858200333123
0.1606606606607000054, 0.0498360095043376208
0.1631631631632000090, 0.0486058808326422093
0.1656656656657000126, 0.0474374852413176132
0.1681681681681999885, 0.0463273913292902850
0.1706706706706999921, 0.0452724266167116030
0.1731731731731999957, 0.0442696557658748477
0.1756756756756999993, 0.0433163609881048878
0.1781781781782000029, 0.0424100243951633371
0.1806806806807000065, 0.0415483120837670042
0.1831831831832000101, 0.0407290597678115762
0.1856856856857000138, 0.0399502597954297239
0.1881881881881999896, 0.0392100494075972167
0.1906906906906999932, 0.0385067001120528996
0.1931931931931999968, 0.0378386080611853581
0.1956956956957000004, 0.0372042853355613809
0.1981981981982000041, 0.0366023520461888560
0.2007007007007000077, 0.0360315291786453828
0.2032032032032000113, 0.0354906321110468118
0.2057057057056999871, 0.0349785647456450355
0.2082082082081999908, 0.0344943142007683931
0.2107107107106999944, 0.0340369460159708620
0.2132132132131999980, 0.0336055998287458149
0.2157157157157000016, 0.0331994854860703723
0.2182182182182000052, 0.0328178795584639291
0.2207207207207000088, 0.0324601222282312196
0.2232232232232000124, 0.0321256145271818366
0.2257257257256999883, 0.0318138159024265732
0.2282282282281999919, 0.0315242420918932856
0.2307307307306999955, 0.0312564632940272452
0.2332332332331999991, 0.0310101026187796017
0.2357357357357000027, 0.0307848348094808960
0.2382382382382000063, 0.0305803852275770109
0.2407407407407000099, 0.0303965290945058149
0.2432432432432000136, 0.0302330909872431455
0.2457457457456999894, 0.0300899445862792339
0.2482482482481999930, 0.0299670126770289341
0.2507507507508000000, 0.0298642674079644815
0.2532532532533000036, 0.0297817308111178493
0.2557557557558000072, 0.0297194755930668686
0.2582582582583000108, 0.0296776262071300340
0.2607607607608000144, 0.0296563602202903343
0.2632632632633000180, 0.0296559099913916921
0.2657657657658000216, 0.0296765646804524018
0.2682682682683000253, 0.0297186726125738404
0.2707707707707999734, 0.0297826440239529339
0.2732732732732999770, 0.0298689542220067356
0.2757757757757999806, 0.0299781471966699686
0.2782782782782999842, 0.0301108397256311736
0.2807807807807999878, 0.0302677260227413904
0.2832832832832999914, 0.0304495829861976403
0.2857857857857999950, 0.0306572761115269862
0.2882882882882999986, 0.0308917661440607227
0.2907907907908000023, 0.0311541165567159745
0.2932932932933000059, 0.0314455019517480699
0.2957957957958000095, 0.0317672175000206780
0.2982982982983000131, 0.0321206895486282271
0.3008008008008000167, 0.0325074875478455136
0.3033033033033000203, 0.0329293374719129145
0.3058058058058000239, 0.0333881369357342250
0.3083083083083000275, 0.0338859722419621659
0.3108108108107999756, 0.0344251376311213581
0.3133133133132999792, 0.0350081570525352451
0.3158158158157999829, 0.0356378088273084370
0.3183183183182999865, 0.0363171536382059096
0.3208208208207999901, 0.0370495663571249398
0.3233233233232999937, 0.0378387723116251837
0.3258258258257999973, 0.0386888887009633614
0.3283283283283000009, 0.0396044720033906852
0.3308308308308000045, 0.0405905723752328224
0.3333333333333000081, 0.0416527962349664480
0.3358358358358000118, 0.0427973784602554280
0.3383383383383000154, 0.0440312659130643047
0.3408408408408000190, 0.0453622143606815381
0.3433433433433000226, 0.0467989012955968495
0.3458458458458000262, 0.0483510576963997601
0.3483483483482999743, 0.0500296224432250844
0.3508508508509000090, 0.0518469239413132318
0.3533533533534000126, 0.0538168945627736789
0.3558558558559000162, 0.0559553248525965219
0.3583583583584000198, 0.0582801661438815538
0.3608608608609000235, 0.0608118924005566289
0.3633633633634000271, 0.0635739349034302736
0.3658658658658999752, 0.0665932070202620158
0.3683683683683999788, 0.0699007410297911441
0.3708708708708999824, 0.0735324651850417510
0.3733733733733999860, 0.0775301574327482423
0.3758758758758999896, 0.0819426231966754182
0.3783783783783999932, 0.0868271594351901349
0.3808808808808999968, 0.0922513873031194781
0.3833833833834000004, 0.0982955633627154157
0.3858858858859000041, 0.1050555175864347629
0.3883883883884000077, 0.1126464201012591371
0.3908908908909000113, 0.1212076548407976517
0.3933933933934000149, 0.1309091878200171477
0.3958958958959000185, 0.1419599773817371013
0.3983983983984000221, 0.1546192098537755022
0.4009009009009000257, 0.1692114988609533799
0.4034034034033999738, 0.1861477291150367142
0.4059059059058999774, 0.2059540711242188737
0.4084084084083999810, 0.2293130388161909172
0.4109109109108999847, 0.2571226525122077833
0.4134134134133999883, 0.2905834264769655007
0.4159159159158999919, 0.3313291780361056205
0.4184184184183999955, 0.3816287741331556571
0.4209209209208999991, 0.4447063271130388129
0.4234234234234000027, 0.5252662794143725389
0.4259259259259000063, 0.6303875580522058097
0.4284284284284000099, 0.7711145516411227474
0.4309309309309000136, 0.9654383972704987382
0.4334334334334000172, 1.2442405823081090777
0.4359359359359000208, 1.6640698987541613363
0.4384384384384000244, 2.3372992304463657831
0.4409409409408999725, 3.5122316475436545780
0.4434434434433999761, 5.8206953462885193673
0.4459459459458999797, 11.2012414906861206276
0.4484484484483999833, 26.8242341190290112252
0.4509509509510000180, 62.9050955994630669466
0.4534534534535000216, 39.7423908008211483889
0.4559559559560000253, 15.3703007257315409362
0.4584584584584999734, 7.3784336625775024388
0.4609609609609999770, 4.2290125585051407953
0.4634634634634999806, 2.7195993931403101840
0.4659659659659999842, 1.8901813308925374812
0.4684684684684999878, 1.3883755810360882688
0.4709709709709999914, 1.0626226170930392900
0.4734734734734999950, 0.8395373201430222920
0.4759759759759999986, 0.6802265112849184003
0.4784784784785000022, 0.5625660986536227259
0.4809809809810000059, 0.4732360674122896294
0.4834834834835000095, 0.4038354913049584938
0.4859859859860000131, 0.3488566898715163012
0.4884884884885000167, 0.3045685742052933187
0.4909909909910000203, 0.2683716566965526074
0.4934934934935000239, 0.2384103013139360350
0.4959959959960000275, 0.2133314243860934822
0.4984984984984999756, 0.1921297350737086462
0.5010010010009999792, 0.1740458084205438183
0.5035035035035000384, 0.1584973549218543498
0.5060060060059999865, 0.1450318896589441742
0.5085085085085000456, 0.1332935162162969811
0.5110110110109999937, 0.1229992146644993400
0.5135135135135000528, 0.1139216497447927273
0.5160160160160000009, 0.1058765288799327353
0.5185185185184999490, 0.0987131847571991461
0.5210210210210000081, 0.0923074760199173172
0.5235235235234999562, 0.0865563764064918445
0.5260260260260000154, 0.0813738086845168379
0.5285285285284999635, 0.0766874066475165955
0.5310310310310000226, 0.0724359762768390508
0.5335335335334999707, 0.0685674887606866484
0.5360360360360000298, 0.0650374817794193705
0.5385385385384999779, 0.0618077768532281982
0.5410410410410000370, 0.0588454433244147077
0.5435435435434999851, 0.0561219562401731459
0.5460460460460000442, 0.0536125077528172775
0.5485485485484999924, 0.0512954408736087109
0.5510510510510999715, 0.0491517813554374836
0.5535535535536000307, 0.0471648487438107861
0.5560560560560999788, 0.0453199316589935550
0.5585585585586000379, 0.0436040154689865261
0.5610610610610999860, 0.0420055529126859145
0.5635635635636000451, 0.0405142701038645539
0.5660660660660999932, 0.0391210018147336580
0.5685685685686000523, 0.0378175510963089934
0.5710710710711000004, 0.0365965692119588001
0.5735735735735999485, 0.0354514525936262606
0.5760760760761000077, 0.0343762541178858003
0.5785785785785999558, 0.0333656064723312218
0.5810810810811000149, 0.0324146557657999310
0.5835835835835999630, 0.0315190038472167658
0.5860860860861000221, 0.0306746580518948431
0.5885885885885999702, 0.0298779873023216416
0.5910910910911000293, 0.0291256836617315995
0.5935935935935999774, 0.0284147285801946217
0.5960960960961000366, 0.0277423631901578954
0.5985985985985999847, 0.0271060621058489271
0.6011011011011000438, 0.0265035102622777699
0.6036036036035999919, 0.0259325823976563029
0.6061061061061000510, 0.0253913248402207054
0.6086086086085999991, 0.0248779393085896763
0.6111111111110999472, 0.0243907684754612504
0.6136136136136000063, 0.0239282830788992047
0.6161161161160999544, 0.0234890703947193760
0.6186186186186000135, 0.0230718239084025875
0.6211211211210999616, 0.0226753340462337305
0.6236236236236000208, 0.0222984798435728153
0.6261261261260999689, 0.0219402214437831866
0.6286286286286000280, 0.0215995933347735251
0.6311311311310999761, 0.0212756982416854451
0.6336336336336000352, 0.0209677016042567367
0.6361361361360999833, 0.0206748265760437339
0.6386386386386000424, 0.0203963494901927105
0.6411411411410999905, 0.0201315957429726543
0.6436436436436000497, 0.0198799360519627197
0.6461461461460999978, 0.0196407830507428320
0.6486486486485999459, 0.0194135881862676288
0.6511511511512000361, 0.0191978388888968676
0.6536536536536999842, 0.0189930559883819614
0.6561561561562000433, 0.0187987913520319821
0.6586586586586999914, 0.0186146257238552319
0.6611611611612000505, 0.0184401667457407339
0.6636636636636999986, 0.0182750471437469336
0.6661661661661999467, 0.0181189230643362537
0.6686686686687000059, 0.0179714725469630777
0.6711711711711999540, 0.0178323941208145265
0.6736736736737000131, 0.0177014055147399277
0.6761761761761999612, 0.0175782424705048582
0.6786786786787000203, 0.0174626576504858938
0.6811811811811999684, 0.0173544196317966734
0.6836836836837000275, 0.0172533119796172488
0.6861861861861999756, 0.0171591323931978429
0.6886886886887000347, 0.0170716919186346128
0.6911911911911999828, 0.0169908142230768000
0.6936936936937000420, 0.0169163349255300015
0.6961961961961999901, 0.0168481009798741796
0.6986986986987000492, 0.0167859701061247382
0.7012012012011999973, 0.0167298102663340081
0.7037037037036999454, 0.0166794991818645134
0.7062062062062000045, 0.0166349238890672116
0.7087087087086999526, 0.0165959803306716079
0.7112112112112000117, 0.0165625729804433700
0.7137137137136999598, 0.0165346144988907373
0.7162162162162000190, 0.0165120254180071424
0.7187187187186999671, 0.0164947338532251686
0.7212212212212000262, 0.0164826752409288416
0.7237237237236999743, 0.0164757921000287660
0.7262262262262000334, 0.0164740338162491576
0.7287287287286999815, 0.0164773564479090522
0.7312312312312000406, 0.0164857225521031076
0.7337337337336999887, 0.0164991010303009826
0.7362362362362000479, 0.0165174669924904489
0.7387387387386999960, 0.0165408016390877835
0.7412412412412000551, 0.0165690921599313951
0.7437437437437000032, 0.0166023316497613226
0.7462462462461999513, 0.0166405190396692118
0.7487487487487000104, 0.0166836590440807668
0.7512512512512999896, 0.0167317621229069596
0.7537537537538000487, 0.0167848444585708897
0.7562562562562999968, 0.0168429279476857569
0.7587587587587999449, 0.0169060402072256574
0.7612612612613000040, 0.0169742145950953528
0.7637637637637999521, 0.0170474902450691995
0.7662662662663000113, 0.0171259121161316738
0.7687687687687999594, 0.0172095310563149216
0.7712712712713000185, 0.0172984038811912592
0.7737737737737999666, 0.0173925934672416807
0.7762762762763000257, 0.0174921688603858448
0.7787787787787999738, 0.0175972054000244141
0.7812812812813000329, 0.0177077848590121573
0.7837837837837999810, 0.0178239956000497898
0.7862862862863000402, 0.0179459327490551629
0.7887887887887999883, 0.0180736983861498786
0.7912912912913000474, 0.0182074017549769540
0.7937937937937999955, 0.0183471594911489254
0.7962962962963000546, 0.0184930958707141962
0.7987987987988000027, 0.0186453430796238752
0.8013013013012999508, 0.0188040415052814179
0.8038038038038000099, 0.0189693400513647782
0.8063063063062999580, 0.0191413964772258367
0.8088088088088000172, 0.0193203777632954023
0.8113113113112999653, 0.0195064605040554152
0.8138138138138000244, 0.0196998313302837111
0.8163163163162999725, 0.0199006873624324593
0.8188188188188000316, 0.0201092366971700534
0.8213213213212999797, 0.0203256989292992726
0.8238238238238000388, 0.0205503057114640973
0.8263263263262999869, 0.0207833013542741557
0.8288288288288000460, 0.0210249434697128285
0.8313313313312999941, 0.0212755036609532516
0.8338338338338000533, 0.0215352682619894681
0.8363363363363000014, 0.0218045391307993691
0.8388388388387999495, 0.0220836345000955635
0.8413413413413000086, 0.0223728898900933289
0.8438438438437999567, 0.0226726590881329917
0.8463463463463000158, 0.0229833152004464379
0.8488488488487999639, 0.0233052517818518497
0.8513513513514000541, 0.0236388840497087672
0.8538538538539000022, 0.0239846501890697873
0.8563563563563999503, 0.0243430127566312965
0.8588588588589000095, 0.0247144601918258613
0.8613613613613999576, 0.0250995084442153273
0.8638638638639000167, 0.0254987027272512781
0.8663663663663999648, 0.0259126194094767663
0.8688688688689000239, 0.0263418680553608731
0.8713713713713999720, 0.0267870936292049985
0.8738738738739000311, 0.0272489788769454053
0.8763763763763999792, 0.0277282469022248866
0.8788788788789000384, 0.0282256639548354935
0.8813813813813999865, 0.0287420424515651279
0.8838838838839000456, 0.0292782442516475137
0.8863863863863999937, 0.0298351842114397137
0.8888888888889000528, 0.0304138340456758666
0.8913913913914000009, 0.0310152265257096701
0.8938938938938999490, 0.0316404600486032278
0.8963963963964000081, 0.0322907036148102553
0.8988988988988999562, 0.0329672022565880851
0.9014014014014000153, 0.0336712829642362779
0.9039039039038999634, 0.0344043611628813417
0.9064064064064000226, 0.0351679477988990283
0.9089089089088999707, 0.0359636571023122242
0.9114114114114000298, 0.0367932150997422394
0.9139139139138999779, 0.0376584689618876672
0.9164164164164000370, 0.0385613972802361649
0.9189189189188999851, 0.0395041213799845886
0.9214214214214000442, 0.0404889177902151981
0.9239239239238999923, 0.0415182320085234272
0.9264264264264000515, 0.0425946937158780681
0.9289289289288999996, 0.0437211336189175792
0.9314314314313999477, 0.0449006021216270673
0.9339339339339000068, 0.0461363900569918550
0.9364364364363999549, 0.0474320517424496324
0.9389389389389000140, 0.0487914306616034354
0.9414414414413999621, 0.0502186881196895682
0.9439439439439000212, 0.0517183352728907766
0.9464464464463999693, 0.0532952689931938534
0.9489489489489000285, 0.0549548121028056308
0.9514514514515000076, 0.0567027585972737919
0.9539539539539999558, 0.0585454245769409728
0.9564564564565000149, 0.0604897057252817144
0.9589589589589999630, 0.0625431423138533837
0.9614614614615000221, 0.0647139928816657384
0.9639639639639999702, 0.0670113179375131096
0.9664664664665000293, 0.0694450752743308725
0.9689689689689999774, 0.0720262287737576667
0.9714714714715000365, 0.0747668729278808397
0.9739739739739999846, 0.0776803757273792500
0.9764764764765000438, 0.0807815430783916516
0.9789789789789999919, 0.0840868085363778717
0.9814814814815000510, 0.0876144529118936394
0.9839839839839999991, 0.0913848592462105230
0.9864864864864999472, 0.0954208098196654142
0.9889889889890000063, 0.0997478333014221175
0.9914914914914999544, 0.1043946119522359828
0.9939939939940000135, 0.1093934610512573569
0.9964964964964999616, 0.1147808955644191581
0.9989989989990000208, 0.1205983026776072525
1.0015015015019999023, 0.1268927434114824337
1.0040040040039999170, 0.1337179124224869564
1.0065065065070000205, 0.1411352926887521619
1.0090090090090000352, 0.1492155516404109761
1.0115115115119999167, 0.1580402381879185969
1.0140140140139999314, 0.1677038570880224899
1.0165165165170000350, 0.1783164196394446677
1.0190190190190000497, 0.1900065998927894517
1.0215215215219999312, 0.2029256663369248814
1.0240240240239999459, 0.2172524146152573221
1.0265265265270000494, 0.2331994033689916146
1.0290290290290000641, 0.2510209018215699417
1.0315315315319999456, 0.2710231076368078140
1.0340340340339999603, 0.2935774071660358642
1.0365365365370000639, 0.3191377584790314748
1.0390390390390000785, 0.3482637288327770642
1.0415415415419999601, 0.3816513888864835891
1.0440440440439999747, 0.4201752792124655023
1.0465465465470000783, 0.4649462230925432427
1.0490490490490000930, 0.5173922037974147958
1.0515515515519999745, 0.5793734407596545788
1.0540540540539999892, 0.6533492230659821987
1.0565565565570000928, 0.7426248740173843066
1.0590590590590001074, 0.8517259630276393656
1.0615615615619999890, 0.9869804286854116926
1.0640640640640000036, 1.1574515512586240895
1.0665665665670001072, 1.3764851906897108691
1.0690690690689998998, 1.6643790759553920289
1.0715715715720000034, 2.0532054541439626050
1.0740740740740000181, 2.5960139992106823215
1.0765765765769998996, 3.3855869620860947755
1.0790790790789999143, 4.5958633200712437628
1.0815815815820000179, 6.5830907857852274390
1.0840840840840000325, 10.1664566791546366886
1.0865865865869999141, 17.5449185585271649757
1.0890890890889999287, 35.9278093264359768000
1.0915915915920000323, 91.7937434791619750740
1.0940940940940000470, 161.5538720717345313460
1.0965965965969999285, 72.8615032992322397831
1.0990990990989999432, 29.8576785659581602772
1.1016016016020000468, 15.2727461990204940179
1.1041041041040000614, 9.1200367749684403407
1.1066066066069999430, 6.0251817280647887998
1.1091091091089999576, 4.2664432618539667175
1.1116116116120000612, 3.1762899962939710186
1.1141141141140000759, 2.4556553317926037572
1.1166166166169999574, 1.9551917782930798850
1.1191191191189999721, 1.5938272433797362471
1.1216216216220000756, 1.3245561266223357944
1.1241241241240000903, 1.1186355786494064368
1.1266266266269999718, 0.9577028916705793149
1.1291291291289999865, 0.8295884864652981472
1.1316316316320000901, 0.7259719677892378931
1.1341341341340001048, 0.6410102681181235607
1.1366366366369999863, 0.5705035094909309823
1.1391391391390000010, 0.5113707616358303953
1.1416416416420001045, 0.4613108877760399573
1.1441441441439998972, 0.4185774542782330632
1.1466466466470000007, 0.3818259113046666431
1.1491491491490000154, 0.3500077107158458545
1.1516516516519998969, 0.3222955915942092298
1.1541541541539999116, 0.2980299802613420868
1.1566566566570000152, 0.2766799563096069559
1.1591591591590000299, 0.2578144347608526399
1.1616616616619999114, 0.2410806228806262608
1.1641641641639999261, 0.2261877298240891898
1.1666666666670000296, 0.2128945184210660480
1.1691691691690000443, 0.2009997011443844239
1.1716716716719999258, 0.1903344652590515940
1.1741741741739999405, 0.1807566088507023827
1.1766766766770000441, 0.1721459079663974212
1.1791791791790000588, 0.1644004338767690032
1.1816816816819999403, 0.1574336107282108821
1.1841841841839999550, 0.1511718558528936385
1.1866866866870000585, 0.1455526833846899626
1.1891891891890000732, 0.1405231804965645370
1.1916916916919999547, 0.1360387872700849488
1.1941941941939999694, 0.1320623278813851664
1.1966966966970000730, 0.1285632538528593272
1.1991991991990000876, 0.1255170706224739696
1.2017017017019999692, 0.1229049274226452632
1.2042042042039999838, 0.1207133580784739285
1.2067067067070000874, 0.1189341673787030207
1.2092092092090001021, 0.1175644646539366761
1.2117117117119999836, 0.1166068536453094689
1.2142142142139999983, 0.1160697962697610774
1.2167167167170001019, 0.1159681782427744862
1.2192192192189998945, 0.1163241177143095606
1.2217217217219999981, 0.1171680755141460972
1.2242242242240000127, 0.1185403493124502633
1.2267267267269998943, 0.1204930669657349740
1.2292292292289999089, 0.1230928410331253997
1.2317317317320000125, 0.1264243138081181383
1.2342342342340000272, 0.1305949209844241565
1.2367367367369999087, 0.1357413493886279465
1.2392392392389999234, 0.1420383878460416138
1.2417417417420000270, 0.1497112162004815006
1.2442442442440000416, 0.1590527236972658076
1.2467467467469999232, 0.1704483296106332479
1.2492492492489999378, 0.1844122373481828503
1.2517517517520000414, 0.2016415314278938997
1.2542542542540000561, 0.2230988661699315756
1.2567567567569999376, 0.2501423535820100907
1.2592592592589999523, 0.2847360404416048318
1.2617617617620000559, 0.3298033988613504608
1.2642642642640000705, 0.3898461805683741122
1.2667667667669999521, 0.4720819962510217627
1.2692692692689999667, 0.5886604127414707399
1.2717717717720000703, 0.7612940497980074106
1.2742742742740000850, 1.0318101942154744854
1.2767767767769999665, 1.4889490313358864082
1.2792792792789999812, 2.3465564663098881226
1.2817817817820000847, 4.2156990873262891739
1.2842842842840000994, 9.2414959392048334763
1.2867867867869999809, 24.0851103066682767917
1.2892892892889999956, 26.0593571280813840474
1.2917917917920000992, 10.1185688888594640389
1.2942942942939998918, 4.5093827154411973979
1.2967967967969999954, 2.4698113300625816890
1.2992992992990000101, 1.5507981461451612049
1.3018018018019998916, 1.0670536095333775783
1.3043043043039999063, 0.7833762502805479144
1.3068068068070000098, 0.6035912033539994059
1.3093093093090000245, 0.4828658689141709370
1.3118118118119999060, 0.3981259786470536799
1.3143143143139999207, 0.3365484401547015336
1.3168168168170000243, 0.2905592330039121762
1.3193193193190000390, 0.2554582692621538698
1.3218218218219999205, 0.2282079490842027214
1.3243243243239999352, 0.2067776834814706866
1.3268268268270000387, 0.1897712571705546525
1.3293293293290000534, 0.1762059190452417434
1.3318318318319999349, 0.1653766479265769973
1.3343343343339999496, 0.1567701571166820185
1.3368368368370000532, 0.1500089730180584890
1.3393393393390000679, 0.1448142764355772050
1.3418418418419999494, 0.1409807946104967014
1.3443443443439999641, 0.1383596544601314871
1.3468468468470000676, 0.1368466517157843620
1.3493493493490000823, 0.1363743289302025152
1.3518518518519999638, 0.1369068447315731907
1.3543543543539999785, 0.1384370021390190497
1.3568568568570000821, 0.1409850701694757014
1.3593593593590000967, 0.1445992328658687043
1.3618618618619999783, 0.1493576685925737946
1.3643643643639999929, 0.1553724273161773972
1.3668668668670000965, 0.1627954604129174532
1.3693693693689998891, 0.1718273963829086981
1.3718718718719999927, 0.1827299880140711985
1.3743743743740000074, 0.1958436449401939616
1.3768768768770001110, 0.2116122120331146439
1.3793793793789999036, 0.2306183303655475747
1.3818818818820000072, 0.2536346226097315748
1.3843843843840000218, 0.2816991157218852737
1.3868868868869999034, 0.3162287462972170338
1.3893893893889999180, 0.3591943992107375916
1.3918918918920000216, 0.4133985199113882625
1.3943943943940000363, 0.4829298526998995200
1.3968968968969999178, 0.5739366489095008017
1.3993993993989999325, 0.6959999003734919087
1.4019019019020000361, 0.8647008183965437800
1.4044044044040000507, 1.1067254421575949408
1.4069069069069999323, 1.4708010137843618992
1.4094094094089999469, 2.0533995117504506567
1.4119119119120000505, 3.0666466251976585156
1.4144144144140000652, 5.0467692237202914640
1.4169169169169999467, 9.6251101974273609585
1.4194194194189999614, 22.8117897004351490864
1.4219219219220000650, 54.7189570654621775248
1.4244244244240000796, 36.5858368804776290517
1.4269269269269999612, 14.0894134935092161243
1.4294294294289999758, 6.7101423606488417306
1.4319319319320000794, 3.8285269679918445540
1.4344344344340000941, 2.4564949611781892180
1.4369369369369999756, 1.7058923273988835234
1.4394394394389999903, 1.2531389299222470690
1.4419419419420000938, 0.9598378995048076900
1.4444444444440001085, 0.7592582985550486718
1.4469469469469999900, 0.6161479861173085881
1.4494494494490000047, 0.5105053564856181225
1.4519519519520001083, 0.4303131356195672996
1.4544544544539999009, 0.3680048897956033627
1.4569569569570000045, 0.3186270323279909444
1.4594594594590000192, 0.2788278115366697452
1.4619619619619999007, 0.2462743671625319264
1.4644644644639999154, 0.2193028105205754585
1.4669669669670000189, 0.1967007523534191060
1.4694694694690000336, 0.1775679849516256514
1.4719719719719999151, 0.1612248180768988126
1.4744744744739999298, 0.1471503243490190072
1.4769769769770000334, 0.1349398462816215338
1.4794794794790000481, 0.1242751967554789339
1.4819819819819999296, 0.1149033997087786085
1.4844844844839999443, 0.1066212855678077276
1.4869869869870000478, 0.0992641694682011300
1.4894894894890000625, 0.0926974213218805243
1.4919919919919999440, 0.0868101136646032279
1.4944944944939999587, 0.0815101821455239406
1.4969969969970000623, 0.0767207006881901465
1.4994994994990000770, 0.0723769873486561910
1.5020020020019999585, 0.0684243357439602157
1.5045045045050000621, 0.0648162221833497032
1.5070070070070000767, 0.0615128778396802217
1.5095095095099999583, 0.0584801434333970041
1.5120120120119999729, 0.0556885443092781998
1.5145145145150000765, 0.0531125387381210512
1.5170170170170000912, 0.0507299033339620731
1.5195195195199999727, 0.0485212277289164551
1.5220220220219999874, 0.0464694968565064342
1.5245245245250000909, 0.0445597439030225306
1.5270270270270001056, 0.0427787605842938692
1.5295295295299999871, 0.0411148541737734741
1.5320320320320000018, 0.0395576428525484386
1.5345345345350001054, 0.0380978826240016000
1.5370370370369998980, 0.0367273203473779952
1.5395395395400000016, 0.0354385684792143316
1.5420420420420000163, 0.0342249979323862030
1.5445445445449998978, 0.0330806461170564878
1.5470470470469999125, 0.0320001377524159331
1.5495495495500000160, 0.0309786164605585015
1.5520520520520000307, 0.0300116854956302276
1.5545545545549999122, 0.0290953562391337711
1.5570570570569999269, 0.0282260033189150050
1.5595595595600000305, 0.0274003253950825150
1.5620620620620000452, 0.0266153108088650545
1.5645645645649999267, 0.0258682074165473841
1.5670670670669999414, 0.0251564960351474270
1.5695695695700000449, 0.0244778670134024740
1.5720720720720000596, 0.0238301995141558809
1.5745745745749999411, 0.0232115431549245153
1.5770770770769999558, 0.0226201017043938662
1.5795795795800000594, 0.0220542185755103239
1.5820820820820000741, 0.0215123638920863142
1.5845845845849999556, 0.0209931229365474363
1.5870870870869999703, 0.0204951858125242622
1.5895895895900000738, 0.0200173381782018933
1.5920920920920000885, 0.0195584529253014019
1.5945945945949999700, 0.0191174826947897725
1.5970970970969999847, 0.0186934531343415991
1.5995995996000000883, 0.0182854568145415577
1.6021021021020001029, 0.0178926477311353652
1.6046046046049999845, 0.0175142363295486894
1.6071071071069999991, 0.0171494849956025722
1.6096096096100001027, 0.0167977039630484611
1.6121121121119998953, 0.0164582475943559070
1.6146146146149999989, 0.0161305109962507978
1.6171171171170000136, 0.0158139269359182447
1.6196196196199998951, 0.0155079630276450647
1.6221221221219999098, 0.0152121191630572548
1.6246246246250000134, 0.0149259251610732446
1.6271271271270000280, 0.0146489386162989288
1.6296296296299999096, 0.0143807429268839604
1.6321321321319999242, 0.0141209454848799792
1.6346346346350000278, 0.0138691760139265895
1.6371371371370000425, 0.0136250850406691455
1.6396396396399999240, 0.0133883424877103644
1.6421421421419999387, 0.0131586363771375760
1.6446446446450000423, 0.0129356716347687299
1.6471471471470000569, 0.0127191689862398306
1.6496496496499999385, 0.0125088639369285853
1.6521521521519999531, 0.0123045058284876902
1.6546546546550000567, 0.0121058569654554950
1.6571571571570000714, 0.0119126918060333542
1.6596596596599999529, 0.0117247962116753708
1.6621621621619999676, 0.0115419667506344494
1.6646646646650000712, 0.0113640100510565400
1.6671671671670000858, 0.0111907421996167052
1.6696696696699999674, 0.0110219881820523939
1.6721721721719999820, 0.0108575813622751750
1.6746746746750000856, 0.0106973629970355099
1.6771771771770001003, 0.0105411817833805689
1.6796796796799999818, 0.0103888934363840953
1.6821821821819999965, 0.0102403602948440871
1.6846846846850001000, 0.0100954509528402171
1.6871871871869998927, 0.0099540399152201371
1.6896896896899999962, 0.0098160072752454496
1.6921921921920000109, 0.0096812384127740372
1.6946946946949998924, 0.0095496237114886078
1.6971971971969999071, 0.0094210582938022078
1.6996996997000000107, 0.0092954417721816032
1.7022022022020000254, 0.0091726780157296642
1.7047047047049999069, 0.0090526749309595908
1.7072072072069999216, 0.0089353442557771577
1.7097097097100000251, 0.0088206013657636737
1.7122122122120000398, 0.0087083650919219744
1.7147147147149999213, 0.0085985575491117437
1.7172172172169999360, 0.0084911039744588728
1.7197197197200000396, 0.0083859325750772241
1.7222222222220000543, 0.0082829743844902610
1.7247247247249999358, 0.0081821631271852460
1.7272272272269999505, 0.0080834350907740202
1.7297297297300000540, 0.0079867290052726379
1.7322322322320000687, 0.0078919859290470760
1.7347347347349999502, 0.0077991491410045587
1.7372372372369999649, 0.0077081640386397884
1.7397397397400000685, 0.0076189780415727238
1.7422422422420000832, 0.0075315405002398840
1.7447447447449999647, 0.0074458026094244636
1.7472472472469999794, 0.0073617173263321135
1.7497497497500000829, 0.0072792392929391415
1.7522522522520000976, 0.0071983247623583716
1.7547547547549999791, 0.0071189315289848579
1.7572572572569999938, 0.0070410188621995249
1.7597597597600000974, 0.0069645474434234071
1.7622622622619998900, 0.0068894793063286833
1.7647647647649999936, 0.0068157777800253519
1.7672672672670000082, 0.0067434074350540066
1.7697697697699998898, 0.0066723340320260591
1.7722722722719999044, 0.0066025244727628126
1.7747747747750000080, 0.0065339467537941474
1.7772772772770000227, 0.0064665699220863250
1.7797797797799999042, 0.0064003640328764936
1.7822822822819999189, 0.0063353001094990586
1.7847847847850000225, 0.0062713501050960848
1.7872872872870000371, 0.0062084868661104967
1.7897897897899999187, 0.0061466840974669246
1.7922922922919999333, 0.0060859163293507622
1.7947947947950000369, 0.0060261588855013495
1.7972972972970000516, 0.0059673878529401311
1.7997997997999999331, 0.0059095800530593262
1.8023023023019999478, 0.0058527130140009903
1.8048048048050000514, 0.0057967649442603776
1.8073073073070000660, 0.0057417147074513676
1.8098098098099999476, 0.0056875417981752524
1.8123123123119999622, 0.0056342263189375240
1.8148148148150000658, 0.0055817489580604210
1.8173173173170000805, 0.0055300909685419355
1.8198198198199999620, 0.0054792341478147174
1.8223223223219999767, 0.0054291608183609109
1.8248248248250000803, 0.0053798538091413368
1.8273273273270000949, 0.0053312964377997540
1.8298298298299999765, 0.0052834724936050449
1.8323323323319999911, 0.0052363662210961615
1.8348348348350000947, 0.0051899623043965924
1.8373373373370001094, 0.0051442458521668410
1.8398398398399999909, 0.0050992023831650992
1.8423423423420000056, 0.0050548178123878754
1.8448448448450001091, 0.0050110784377637987
1.8473473473469999018, 0.0049679709273752030
1.8498498498500000053, 0.0049254823071834646
1.8523523523520000200, 0.0048835999492352119
1.8548548548549999015, 0.0048423115603277844
1.8573573573569999162, 0.0048016051711133557
1.8598598598600000198, 0.0047614691256221975
1.8623623623620000345, 0.0047218920711865446
1.8648648648649999160, 0.0046828629487474325
1.8673673673669999307, 0.0046443709835277628
1.8698698698700000342, 0.0046064056760556915
1.8723723723720000489, 0.0045689567935231629
1.8748748748749999304, 0.0045320143614652232
1.8773773773769999451, 0.0044955686557464000
1.8798798798800000487, 0.0044596101948410922
1.8823823823820000634, 0.0044241297323955606
1.8848848848849999449, 0.0043891182500596987
1.8873873873869999596, 0.0043545669505773042
1.8898898898900000631, 0.0043204672511241299
1.8923923923920000778, 0.0042868107768834702
1.8948948948949999593, 0.0042535893548495381
1.8973973973969999740, 0.0042207950078493239
1.8998998999000000776, 0.0041884199487740581
1.9024024024020000923, 0.0041564565750118318
1.9049049049049999738, 0.0041248974630732635
1.9074074074069999885, 0.0040937353634025201
1.9099099099100000920, 0.0040629631953663266
1.9124124124120001067, 0.0040325740424139089
1.9149149149149999882, 0.0040025611474011754
1.9174174174170000029, 0.0039729179080726928
1.9199199199200001065, 0.0039436378726953325
1.9224224224219998991, 0.0039147147358377038
1.9249249249250000027, 0.0038861423342897794
1.9274274274270000173, 0.0038579146431173216
1.9299299299299998989, 0.0038300257718460037
1.9324324324319999135, 0.0038024699607702769
1.9349349349350000171, 0.0037752415773823081
1.9374374374370000318, 0.0037483351129164663
1.9399399399399999133, 0.0037217451790050550
1.9424424424419999280, 0.0036954665044411491
1.9449449449450000316, 0.0036694939320445963
1.9474474474470000462, 0.0036438224156273664
1.9499499499499999278, 0.0036184470170546367
1.9524524524519999424, 0.0035933629033981168
1.9549549549550000460, 0.0035685653441782832
1.9574574574570000607, 0.0035440497086922885
1.9599599599599999422, 0.0035198114634245282
1.9624624624619999569, 0.0034958461695368541
1.9649649649650000605, 0.0034721494804356543
1.9674674674670000751, 0.0034487171394130493
1.9699699699699999567, 0.0034255449773596212
1.9724724724719999713, 0.0034026289105461554
1.9749749749750000749, 0.0033799649384720011
1.9774774774770000896, 0.0033575491417777367
1.9799799799799999711, 0.0033353776802199152
1.9824824824819999858, 0.0033134467907057772
1.9849849849850000894, 0.0032917527853858512
1.9874874874870001040, 0.0032702920498024991
1.9899899899899999856, 0.0032490610410925015
1.9924924924920000002, 0.0032280562862418531
1.9949949949950001038, 0.0032072743803910307
1.9974974974969998964, 0.0031867119851890406
2.0000000000000000000, 0.0031663658271946240
