# Delta1: 0.465
# Delta2: 1.17
# Delta3: 1.355
# Dq: 0.1355
# Ds: 0.04
# Dt: 0.061000000000000006
# k1_lab: [1, 0, 0]
# k2_lab: [-0.8660254037844387, 0.49999999999999994, 0.0]
# k1_cf: [0.0, 0.0, 1.0]
# k2_cf: [0.35355339059327373, 0.35355339059327373, -0.8660254037844387]
# pol1_lab: [(0, 1, 0), (0, 0, 1)]
# pol2_lab: "[array([-0.5      , -0.8660254,  0.       ]), array([0., 0., 1.])]"
# pol1_cf: "[array([0.70710678, 0.70710678, 0.        ]), array([-0.70710678,  0.70710678,  0.        ])]"
# pol2_cf: "[array([-0.61237244, -0.61237244, -0.5       ]), array([-0.70710678,  0.70710678,  0.        ])]"
# cf: "[array([ 0.        ,  0.70710678, -0.70710678]), array([0.        , 0.70710678, 0.70710678]), array([1., 0., 0.])]"
# th: 0
-0.5000000000000000000, 0.0064517760168940367
-0.4974974974974999964, 0.0065110402080116600
-0.4949949949949999928, 0.0065711718231107243
-0.4924924924924999892, 0.0066321882506084652
-0.4899899899899999856, 0.0066941073207713898
-0.4874874874874999819, 0.0067569473193102685
-0.4849849849849999783, 0.0068207270014665478
-0.4824824824824999747, 0.0068854656066105937
-0.4799799799800000266, 0.0069511828733731622
-0.4774774774775000230, 0.0070178990553324775
-0.4749749749750000194, 0.0070856349372804090
-0.4724724724725000158, 0.0071544118520922486
-0.4699699699700000122, 0.0072242516982259824
-0.4674674674675000086, 0.0072951769578779042
-0.4649649649650000049, 0.0073672107158230101
-0.4624624624625000013, 0.0074403766789697895
-0.4599599599599999977, 0.0075146991966606336
-0.4574574574574999941, 0.0075902032817505051
-0.4549549549549999905, 0.0076669146324981558
-0.4524524524524999869, 0.0077448596553060418
-0.4499499499499000077, 0.0078240654883465974
-0.4474474474474000041, 0.0079045600261147507
-0.4449449449449000005, 0.0079863719449483773
-0.4424424424423999969, 0.0080695307295605596
-0.4399399399398999932, 0.0081540667006298716
-0.4374374374373999896, 0.0082400110434970950
-0.4349349349348999860, 0.0083273958380195353
-0.4324324324323999824, 0.0084162540896365566
-0.4299299299298999788, 0.0085066197617028709
-0.4274274274273999752, 0.0085985278091491590
-0.4249249249249000271, 0.0086920142135325836
-0.4224224224224000235, 0.0087871160195433524
-0.4199199199199000199, 0.0088838713730368078
-0.4174174174174000163, 0.0089823195606643924
-0.4149149149149000126, 0.0090825010511809308
-0.4124124124124000090, 0.0091844575385095651
-0.4099099099099000054, 0.0092882319866507169
-0.4074074074074000018, 0.0093938686765255679
-0.4049049049048999982, 0.0095014132548502488
-0.4024024024023999946, 0.0096109127851417946
-0.3998998998998999910, 0.0097224158009629955
-0.3973973973973999874, 0.0098359723615191914
-0.3948948948948999838, 0.0099516341097264857
-0.3923923923923999801, 0.0100694543328779251
-0.3898898898898999765, 0.0101894880260412768
-0.3873873873873999729, 0.0103117919583300514
-0.3848848848849000248, 0.0104364247421975705
-0.3823823823824000212, 0.0105634469059127500
-0.3798798798799000176, 0.0106929209693858839
-0.3773773773774000140, 0.0108249115235224732
-0.3748748748749000104, 0.0109594853132941889
-0.3723723723724000068, 0.0110967113247272490
-0.3698698698699000031, 0.0112366608760209874
-0.3673673673673999995, 0.0113794077130223072
-0.3648648648648999959, 0.0115250281092956555
-0.3623623623623999923, 0.0116736009710432607
-0.3598598598598999887, 0.0118252079471462754
-0.3573573573573999851, 0.0119799335446144906
-0.3548548548548999815, 0.0121378652497507959
-0.3523523523523999779, 0.0122990936553560599
-0.3498498498497999987, 0.0124637125943211288
-0.3473473473472999951, 0.0126318192799752746
-0.3448448448447999914, 0.0128035144535846353
-0.3423423423422999878, 0.0129789025394200022
-0.3398398398397999842, 0.0131580918078414606
-0.3373373373372999806, 0.0133411945468770807
-0.3348348348347999770, 0.0135283272428053207
-0.3323323323322999734, 0.0137196107702852940
-0.3298298298298000253, 0.0139151705926164222
-0.3273273273273000217, 0.0141151369727489876
-0.3248248248248000181, 0.0143196451957108631
-0.3223223223223000145, 0.0145288358031613555
-0.3198198198198000108, 0.0147428548408345857
-0.3173173173173000072, 0.0149618541196880617
-0.3148148148148000036, 0.0151859914916313253
-0.3123123123123000000, 0.0154154311407726664
-0.3098098098097999964, 0.0156503438911902264
-0.3073073073072999928, 0.0158909075323080233
-0.3048048048047999892, 0.0161373071630376876
-0.3023023023022999856, 0.0163897355559329133
-0.2997997997997999819, 0.0166483935426986404
-0.2972972972972999783, 0.0169134904224979427
-0.2947947947947999747, 0.0171852443946112661
-0.2922922922923000266, 0.0174638830171223586
-0.2897897897898000230, 0.0177496436934357626
-0.2872872872873000194, 0.0180427741885735224
-0.2847847847848000158, 0.0183435331773525792
-0.2822822822823000122, 0.0186521908267130720
-0.2797797797798000086, 0.0189690294146516378
-0.2772772772773000050, 0.0192943439884129368
-0.2747747747748000013, 0.0196284430648123731
-0.2722722722722999977, 0.0199716493758004612
-0.2697697697697999941, 0.0203243006626405084
-0.2672672672672999905, 0.0206867505223573313
-0.2647647647647999869, 0.0210593693104257212
-0.2622622622622999833, 0.0214425451040111924
-0.2597597597597999797, 0.0218366847304503203
-0.2572572572572999761, 0.0222422148660700800
-0.2547547547547999724, 0.0226595832108992951
-0.2522522522523000243, 0.0230892597453223186
-0.2497497497496999896, 0.0235317380752738704
-0.2472472472472000138, 0.0239875368731778046
-0.2447447447447000102, 0.0244572014224982252
-0.2422422422422000066, 0.0249413052745066227
-0.2397397397397000030, 0.0254404520266810416
-0.2372372372371999993, 0.0259552772330506887
-0.2347347347346999957, 0.0264864504577953762
-0.2322322322321999921, 0.0270346774845094499
-0.2297297297296999885, 0.0276007026947641676
-0.2272272272272000126, 0.0281853116309598306
-0.2247247247247000090, 0.0287893337599693447
-0.2222222222222000054, 0.0294136454557558553
-0.2197197197197000018, 0.0300591732210207310
-0.2172172172171999982, 0.0307268971700285186
-0.2147147147146999946, 0.0314178547970909022
-0.2122122122121999910, 0.0321331450578041591
-0.2097097097096999874, 0.0328739327930598346
-0.2072072072072000115, 0.0336414535291299152
-0.2047047047047000079, 0.0344370186908112899
-0.2022022022022000043, 0.0352620212687575763
-0.1996996996997000007, 0.0361179419867908649
-0.1971971971971999971, 0.0370063560202461561
-0.1946946946946999935, 0.0379289403223411481
-0.1921921921921999898, 0.0388874816222824563
-0.1896896896896999862, 0.0398838851664284483
-0.1871871871872000104, 0.0409201842824620174
-0.1846846846847000068, 0.0419985508563363100
-0.1821821821822000032, 0.0431213068229215971
-0.1796796796796999995, 0.0442909367840117127
-0.1771771771771999959, 0.0455101018818879002
-0.1746746746746999923, 0.0467816550732726641
-0.1721721721721999887, 0.0481086579675760739
-0.1696696696697000128, 0.0494943994152356667
-0.1671671671672000092, 0.0509424160571509688
-0.1646646646647000056, 0.0524565150752683562
-0.1621621621622000020, 0.0540407994179403148
-0.1596596596596999984, 0.0556996958125495489
-0.1571571571571999948, 0.0574379859229855530
-0.1546546546546999912, 0.0592608410620095102
-0.1521521521521999876, 0.0611738609296734112
-0.1496496496496000084, 0.0631831169203948551
-0.1471471471471000048, 0.0652952006249526845
-0.1446446446446000011, 0.0675172782519209980
-0.1421421421420999975, 0.0698571518087389848
-0.1396396396395999939, 0.0723233280191782207
-0.1371371371370999903, 0.0749250961156581186
-0.1346346346345999867, 0.0776726158368281627
-0.1321321321321000108, 0.0805770171894608228
-0.1296296296296000072, 0.0836505138068188436
-0.1271271271271000036, 0.0869065320629807680
-0.1246246246246000000, 0.0903598584962240631
-0.1221221221220999964, 0.0940268085695129402
-0.1196196196196000067, 0.0979254203713212784
-0.1171171171171000031, 0.1020756775591933063
-0.1146146146145999994, 0.1064997667016424066
-0.1121121121120999958, 0.1112223752193822329
-0.1096096096096000061, 0.1162710374131818852
-0.1071071071071000025, 0.1216765376553122224
-0.1046046046045999989, 0.1274733817952299619
-0.1021021021020999953, 0.1337003502923201637
-0.0995995995996000055, 0.1404011496755606658
-0.0970970970971000019, 0.1476251828207947869
-0.0945945945945900063, 0.1554284634671915521
-0.0920920920920900027, 0.1638747066795862017
-0.0895895895895899991, 0.1730366350232260264
-0.0870870870870899955, 0.1829975506190709145
-0.0845845845845799998, 0.1938532367617850360
-0.0820820820820799962, 0.2057142704644219222
-0.0795795795795800065, 0.2187088506019992939
-0.0770770770770800029, 0.2329862772936584503
-0.0745745745745699934, 0.2487212596513378171
-0.0720720720720700037, 0.2661192850995512948
-0.0695695695695700000, 0.2854233599811109579
-0.0670670670670699964, 0.3069225366022455548
-0.0645645645645600008, 0.3309627887337067698
-0.0620620620620599972, 0.3579610044933457247
-0.0595595595595600005, 0.3884231606245635016
-0.0570570570570599969, 0.4229681685963939675
-0.0545545545545500013, 0.4623595079026486809
-0.0520520520520499977, 0.5075476919727646141
-0.0495495495495500010, 0.5597280192658684594
-0.0470470470470499974, 0.6204202298549678085
-0.0445445445445400018, 0.6915800934916846998
-0.0420420420420399982, 0.7757584222286073583
-0.0395395395395400015, 0.8763319874683139776
-0.0370370370370399979, 0.9978459864011531844
-0.0345345345345300023, 1.1465340513735577943
-0.0320320320320299987, 1.3311290946515696998
-0.0295295295295299985, 1.5641663709551543171
-0.0270270270270299984, 1.8641512000950539729
-0.0245245245245199993, 2.2593122565715892947
-0.0220220220220199991, 2.7944116067674329429
-0.0195195195195199990, 3.5438062268148065037
-0.0170170170170199989, 4.6382312529604163842
-0.0145145145145099998, 6.3244074829603658117
-0.0120120120120099996, 9.1119977502220770305
-0.0095095095095099995, 14.1863606033000699824
-0.0070070070070070000, 24.7781702093347142579
-0.0045045045045049997, 51.6695708846554708771
-0.0020020020020019998, 133.6798964273635590416
0.0005005005005005000, 210.9496864995336409265
0.0030030030030029999, 89.8155505625742023312
0.0055055055055059999, 37.5096241352005321801
0.0080080080080079993, 19.4873290823358260582
0.0105105105105099995, 11.7514095977914188040
0.0130130130130099997, 7.8127498978728784351
0.0155155155155200005, 5.5553559188837411398
0.0180180180180199989, 4.1473505050696486407
0.0205205205205199991, 3.2121519369778055442
0.0230230230230199992, 2.5602149887199208145
0.0255255255255299983, 2.0880112480607309067
0.0280280280280299984, 1.7352184563130452766
0.0305305305305299986, 1.4648019867932102756
0.0330330330330299987, 1.2530222416216127979
0.0355355355355400013, 1.0841013671789097028
0.0380380380380399979, 0.9472255376167457719
0.0405405405405400016, 0.8347844079163966313
0.0430430430430399982, 0.7412974493134611986
0.0455455455455500008, 0.6627374155317876658
0.0480480480480499975, 0.5960916625533522195
0.0505505505505500011, 0.5390704120670282151
0.0530530530530499977, 0.4899083225630229133
0.0555555555555600003, 0.4472267785868895840
0.0580580580580599970, 0.4099365690664013573
0.0605605605605600006, 0.3771679701416258967
0.0630630630630600042, 0.3482197597877519923
0.0655655655655699998, 0.3225215271598282363
0.0680680680680700034, 0.2996054591177283455
0.0705705705705699932, 0.2790849762727353744
0.0730730730730699968, 0.2606383826833785777
0.0755755755755800063, 0.2439962287203557845
0.0780780780780799960, 0.2289314540440530454
0.0805805805805799996, 0.2152516332742953620
0.0830830830830800032, 0.2027928270745400496
0.0855855855855899988, 0.1914146698338997088
0.0880880880880900025, 0.1809964177597179757
0.0905905905905900061, 0.1714337486833276691
0.0930930930930899958, 0.1626361545367007999
0.0955955955956000053, 0.1545248043273945993
0.0980980980980999950, 0.1470307830528864712
0.1006006006005999986, 0.1400936328459159164
0.1031031031031000023, 0.1336601385078984849
0.1056056056056000059, 0.1276833117479931334
0.1081081081080999956, 0.1221215378307719812
0.1106106106105999992, 0.1169378556266167102
0.1131131131131000028, 0.1120993477586527398
0.1156156156156000064, 0.1075766220221090752
0.1181181181180999962, 0.1033433687965563397
0.1206206206205999998, 0.0993759819897796215
0.1231231231231000034, 0.0956532333044574773
0.1256256256256000070, 0.0921559914278557157
0.1281281281281000106, 0.0888669792045412854
0.1306306306305999865, 0.0857705630354272663
0.1331331331330999901, 0.0828525697097981795
0.1356356356355999937, 0.0801001266644987553
0.1381381381380999973, 0.0775015223108421192
0.1406406406406000009, 0.0750460836023562339
0.1431431431431000045, 0.0727240684568934842
0.1456456456456000081, 0.0705265710121234235
0.1481481481481000118, 0.0684454379977958854
0.1506506506506999910, 0.0664731947624568331
0.1531531531531999946, 0.0646029797054453875
0.1556556556556999982, 0.0628284860441988002
0.1581581581582000018, 0.0611439099980044323
0.1606606606607000054, 0.0595439045971294934
0.1631631631632000090, 0.0580235384346322255
0.1656656656657000126, 0.0565782587703123480
0.1681681681681999885, 0.0552038584748263117
0.1706706706706999921, 0.0538964463691485457
0.1731731731731999957, 0.0526524205721017186
0.1756756756756999993, 0.0514684445181095712
0.1781781781782000029, 0.0503414253498762065
0.1806806806807000065, 0.0492684944274237382
0.1831831831832000101, 0.0482469897266824266
0.1856856856857000138, 0.0472744399283625827
0.1881881881881999896, 0.0463485500217622470
0.1906906906906999932, 0.0454671882689926532
0.1931931931931999968, 0.0446283743932828006
0.1956956956957000004, 0.0438302688709221178
0.1981981981982000041, 0.0430711632203353845
0.2007007007007000077, 0.0423494711940306523
0.2032032032032000113, 0.0416637207899429873
0.2057057057056999871, 0.0410125470082211979
0.2082082082081999908, 0.0403946852879350296
0.2107107107106999944, 0.0398089655656660157
0.2132132132131999980, 0.0392543069046150661
0.2157157157157000016, 0.0387297126488184082
0.2182182182182000052, 0.0382342660624138270
0.2207207207207000088, 0.0377671264187190714
0.2232232232232000124, 0.0373275255082498730
0.2257257257256999883, 0.0369147645387831250
0.2282282282281999919, 0.0365282114042143197
0.2307307307306999955, 0.0361672983023257205
0.2332332332331999991, 0.0358315196847139444
0.2357357357357000027, 0.0355204305250701319
0.2382382382382000063, 0.0352336448948002839
0.2407407407407000099, 0.0349708348376555345
0.2432432432432000136, 0.0347317295376485397
0.2457457457456999894, 0.0345161147770976576
0.2482482482481999930, 0.0343238326841982938
0.2507507507508000000, 0.0341547817721083447
0.2532532532533000036, 0.0340089172741852366
0.2557557557558000072, 0.0338862517827652268
0.2582582582583000108, 0.0337868562017709165
0.2607607607608000144, 0.0337108610265142369
0.2632632632633000180, 0.0336584579673776321
0.2657657657658000216, 0.0336299019376585934
0.2682682682683000253, 0.0336255134298138400
0.2707707707707999734, 0.0336456813087056134
0.2732732732732999770, 0.0336908660553145584
0.2757757757757999806, 0.0337616034998288600
0.2782782782782999842, 0.0338585090891563717
0.2807807807807999878, 0.0339822827408523404
0.2832832832832999914, 0.0341337143433588924
0.2857857857857999950, 0.0343136899714762272
0.2882882882882999986, 0.0345231988963310976
0.2907907907908000023, 0.0347633414810105401
0.2932932932933000059, 0.0350353380667631220
0.2957957957958000095, 0.0353405389705750347
0.2982982982983000131, 0.0356804357333955491
0.3008008008008000167, 0.0360566737797951287
0.3033033033033000203, 0.0364710666749664264
0.3058058058058000239, 0.0369256121944080209
0.3083083083083000275, 0.0374225104562116023
0.3108108108107999756, 0.0379641844066147191
0.3133133133132999792, 0.0385533029976274089
0.3158158158157999829, 0.0391928074526145878
0.3183183183182999865, 0.0398859410835666200
0.3208208208207999901, 0.0406362832047264047
0.3233233233232999937, 0.0414477877840865455
0.3258258258257999973, 0.0423248275905437205
0.3283283283283000009, 0.0432722447345928254
0.3308308308308000045, 0.0442954086698226501
0.3333333333333000081, 0.0454002829280530859
0.3358358358358000118, 0.0465935021113971365
0.3383383383383000154, 0.0478824609708809398
0.3408408408408000190, 0.0492754177775449123
0.3433433433433000226, 0.0507816146561437948
0.3458458458458000262, 0.0524114181268220819
0.3483483483482999743, 0.0541764838163698165
0.3508508508509000090, 0.0560899501968424863
0.3533533533534000126, 0.0581666673364551814
0.3558558558559000162, 0.0604234680728946913
0.3583583583584000198, 0.0628794908316483575
0.3608608608609000235, 0.0655565656304824967
0.3633633633634000271, 0.0684796777957222130
0.3658658658658999752, 0.0716775277830499630
0.3683683683683999788, 0.0751832105408246215
0.3708708708708999824, 0.0790350444846350808
0.3733733733733999860, 0.0832775889333886021
0.3758758758758999896, 0.0879629005826176591
0.3783783783783999932, 0.0931520953824307163
0.3808808808808999968, 0.0989173036516770438
0.3833833833834000004, 0.1053441357199930706
0.3858858858859000041, 0.1125348162464826912
0.3883883883884000077, 0.1206122026596799374
0.3908908908909000113, 0.1297249844730052337
0.3933933933934000149, 0.1400544770989316790
0.3958958958959000185, 0.1518235940866633771
0.3983983983984000221, 0.1653088335741828285
0.4009009009009000257, 0.1808564932601172681
0.4034034034033999738, 0.1989049070366682437
0.4059059059058999774, 0.2200153985504195997
0.4084084084083999810, 0.2449160824245691093
0.4109109109108999847, 0.2745649806921999225
0.4134134134133999883, 0.3102428231363163480
0.4159159159158999919, 0.3536925975006309231
0.4184184184183999955, 0.4073347774156342860
0.4209209209208999991, 0.4746089147226969507
0.4234234234234000027, 0.5605338120654899114
0.4259259259259000063, 0.6726614277429949773
0.4284284284284000099, 0.8227741671030968096
0.4309309309309000136, 1.0300653889179129941
0.4334334334334000172, 1.3274801784267369342
0.4359359359359000208, 1.7753461002838273330
0.4384384384384000244, 2.4935451626228686273
0.4409409409408999725, 3.7469728673420199527
0.4434434434433999761, 6.2096782677356330282
0.4459459459458999797, 11.9497529625902707551
0.4484484484483999833, 28.6167085871447604006
0.4509509509510000180, 67.1085962359496335239
0.4534534534535000216, 42.3980641135851925583
0.4559559559560000253, 16.3973332008905430257
0.4584584584584999734, 7.8714060420136204854
0.4609609609609999770, 4.5115131113594317824
0.4634634634634999806, 2.9012189119405800142
0.4659659659659999842, 2.0163593750030552876
0.4684684684684999878, 1.4810043218236350615
0.4709709709709999914, 1.1334665120991604947
0.4734734734734999950, 0.8954569855830193381
0.4759759759759999986, 0.7254835876629738278
0.4784784784785000022, 0.5999438167129117483
0.4809809809810000059, 0.5046275657522536484
0.4834834834835000095, 0.4305725262045442814
0.4859859859860000131, 0.3719029715848989337
0.4884884884885000167, 0.3246384847187824274
0.4909909909910000203, 0.2860058670963265270
0.4934934934935000239, 0.2540254784295242207
0.4959959959960000275, 0.2272538130172881699
0.4984984984984999756, 0.2046183986698249524
0.5010010010009999792, 0.1853090586600854295
0.5035035035035000384, 0.1687045884939349649
0.5060060060059999865, 0.1543222622364329721
0.5085085085085000456, 0.1417823968172716165
0.5110110110109999937, 0.1307830554952053026
0.5135135135135000528, 0.1210817072256117899
0.5160160160160000009, 0.1124817398888459941
0.5185185185184999490, 0.1048224135673501700
0.5210210210210000081, 0.0979712868349731508
0.5235235235234999562, 0.0918184443214578039
0.5260260260260000154, 0.0862720522533325929
0.5285285285284999635, 0.0812549040736436773
0.5310310310310000226, 0.0767017119473592385
0.5335335335334999707, 0.0725569656643498123
0.5360360360360000298, 0.0687732270903248372
0.5385385385384999779, 0.0653097618004492009
0.5410410410410000370, 0.0621314338284797221
0.5435435435434999851, 0.0592078072734449762
0.5460460460460000442, 0.0565124116822785100
0.5485485485484999924, 0.0540221379620869149
0.5510510510510999715, 0.0517167389785215953
0.5535535535536000307, 0.0495784146126999545
0.5560560560560999788, 0.0475914653413656713
0.5585585585586000379, 0.0457420017087606517
0.5610610610610999860, 0.0440176996186929723
0.5635635635636000451, 0.0424075933716266257
0.5660660660660999932, 0.0409018999378433223
0.5685685685686000523, 0.0394918691936025634
0.5710710710711000004, 0.0381696558278017545
0.5735735735735999485, 0.0369282094087415719
0.5760760760761000077, 0.0357611797275385473
0.5785785785785999558, 0.0346628350396955415
0.5810810810811000149, 0.0336279912349401952
0.5835835835835999630, 0.0326519502975215759
0.5860860860861000221, 0.0317304466901855917
0.5885885885885999702, 0.0308596005171525509
0.5910910910911000293, 0.0300358765041375472
0.5935935935935999774, 0.0292560479843338786
0.5960960960961000366, 0.0285171652043188228
0.5985985985985999847, 0.0278165273678252709
0.6011011011011000438, 0.0271516579220868401
0.6036036036035999919, 0.0265202826640936855
0.6061061061061000510, 0.0259203103050834188
0.6086086086085999991, 0.0253498151829559606
0.6111111111110999472, 0.0248070218556882063
0.6136136136136000063, 0.0242902913455744253
0.6161161161160999544, 0.0237981088353323746
0.6186186186186000135, 0.0233290726436962761
0.6211211211210999616, 0.0228818843308114389
0.6236236236236000208, 0.0224553398031683039
0.6261261261260999689, 0.0220483213044758083
0.6286286286286000280, 0.0216597901932028825
0.6311311311310999761, 0.0212887804198648167
0.6336336336336000352, 0.0209343926277972860
0.6361361361360999833, 0.0205957888103918685
0.6386386386386000424, 0.0202721874657741455
0.6411411411410999905, 0.0199628591968637088
0.6436436436436000497, 0.0196671227108145899
0.6461461461460999978, 0.0193843411771209284
0.6486486486485999459, 0.0191139189082927194
0.6511511511512000361, 0.0188552983310522199
0.6536536536536999842, 0.0186079572195497339
0.6561561561562000433, 0.0183714061652156257
0.6586586586586999914, 0.0181451862606089934
0.6611611611612000505, 0.0179288669770427123
0.6636636636636999986, 0.0177220442178999404
0.6661661661661999467, 0.0175243385314461132
0.6686686686687000059, 0.0173353934686127815
0.6711711711711999540, 0.0171548740727137244
0.6736736736737000131, 0.0169824654893710493
0.6761761761761999612, 0.0168178716861016563
0.6786786786787000203, 0.0166608142720584725
0.6811811811811999684, 0.0165110314093523634
0.6836836836837000275, 0.0163682768082125119
0.6861861861861999756, 0.0162323187989872851
0.6886886886887000347, 0.0161029394746541252
0.6911911911911999828, 0.0159799338981043426
0.6936936936937000420, 0.0158631093690057567
0.6961961961961999901, 0.0157522847455282139
0.6986986986987000492, 0.0156472898166516751
0.7012012012011999973, 0.0155479647211679561
0.7037037037036999454, 0.0154541594098406444
0.7062062062062000045, 0.0153657331475070269
0.7087087087086999526, 0.0152825540521951183
0.7112112112112000117, 0.0152044986685904680
0.7137137137136999598, 0.0151314515734253842
0.7162162162162000190, 0.0150633050105790471
0.7187187187186999671, 0.0149999585538736629
0.7212212212212000262, 0.0149413187957307611
0.7237237237236999743, 0.0148872990600156328
0.7262262262262000334, 0.0148378191375472309
0.7287287287286999815, 0.0147928050428880221
0.7312312312312000406, 0.0147521887911541416
0.7337337337336999887, 0.0147159081937019154
0.7362362362362000479, 0.0146839066716533840
0.7387387387386999960, 0.0146561330863224318
0.7412412412412000551, 0.0146325415856941570
0.7437437437437000032, 0.0146130914661952854
0.7462462462461999513, 0.0145977470490726187
0.7487487487487000104, 0.0145864775707704401
0.7512512512512999896, 0.0145792570867676087
0.7537537537538000487, 0.0145760643884004365
0.7562562562562999968, 0.0145768829322597323
0.7587587587587999449, 0.0145817007818094396
0.7612612612613000040, 0.0145905105609307247
0.7637637637637999521, 0.0146033094191499735
0.7662662662663000113, 0.0146200990083613890
0.7687687687687999594, 0.0146408854709062855
0.7712712712713000185, 0.0146656794389211434
0.7737737737737999666, 0.0146944960449157738
0.7762762762763000257, 0.0147273549435919457
0.7787787787787999738, 0.0147642803449616715
0.7812812812813000329, 0.0148053010588734615
0.7837837837837999810, 0.0148504505511045416
0.7862862862863000402, 0.0148997670112276832
0.7887887887887999883, 0.0149532934325130682
0.7912912912913000474, 0.0150110777041792265
0.7937937937937999955, 0.0150731727163623576
0.7962962962963000546, 0.0151396364782313206
0.7987987987988000027, 0.0152105322497359391
0.8013013013012999508, 0.0152859286875402147
0.8038038038038000099, 0.0153659000057592299
0.8063063063062999580, 0.0154505261521902543
0.8088088088088000172, 0.0155398930008046696
0.8113113113112999653, 0.0156340925613488411
0.8138138138138000244, 0.0157332232069894822
0.8163163163162999725, 0.0158373899210330557
0.8188188188188000316, 0.0159467045638500629
0.8213213213212999797, 0.0160612861612445118
0.8238238238238000388, 0.0161812612156277957
0.8263263263262999869, 0.0163067640414846227
0.8288288288288000460, 0.0164379371267589364
0.8313313313312999941, 0.0165749315219403358
0.8338338338338000533, 0.0167179072587978067
0.8363363363363000014, 0.0168670338008897851
0.8388388388387999495, 0.0170224905281784536
0.8413413413413000086, 0.0171844672582948596
0.8438438438437999567, 0.0173531648072404732
0.8463463463463000158, 0.0175287955925747321
0.8488488488487999639, 0.0177115842824274589
0.8513513513514000541, 0.0179017684939943716
0.8538538538539000022, 0.0180995995455264409
0.8563563563563999503, 0.0183053432662120714
0.8588588588589000095, 0.0185192808687822431
0.8613613613613999576, 0.0187417098901441412
0.8638638638639000167, 0.0189729452058770981
0.8663663663663999648, 0.0192133201250108861
0.8688688688689000239, 0.0194631875721562875
0.8713713713713999720, 0.0197229213647837388
0.8738738738739000311, 0.0199929175942511160
0.8763763763763999792, 0.0202735961200822580
0.8788788788789000384, 0.0205654021880027002
0.8813813813813999865, 0.0208688081833614432
0.8838838838839000456, 0.0211843155328267051
0.8863863863863999937, 0.0215124567686527449
0.8888888888889000528, 0.0218537977713975165
0.8913913913914000009, 0.0222089402087516201
0.8938938938938999490, 0.0225785241901398474
0.8963963963964000081, 0.0229632311590173624
0.8988988988988999562, 0.0233637870473300154
0.9014014014014000153, 0.0237809657194920678
0.9039039039038999634, 0.0242155927364995499
0.9064064064064000226, 0.0246685494744988548
0.9089089089088999707, 0.0251407776363392239
0.9114114114114000298, 0.0256332841994232480
0.9139139139138999779, 0.0261471468486273208
0.9164164164164000370, 0.0266835199492963110
0.9189189189188999851, 0.0272436411224427702
0.9214214214214000442, 0.0278288384924540999
0.9239239239238999923, 0.0284405386869889566
0.9264264264264000515, 0.0290802756795372555
0.9289289289288999996, 0.0297497005775602154
0.9314314314313999477, 0.0304505924734939232
0.9339339339339000068, 0.0311848704925395889
0.9364364364363999549, 0.0319546071904582216
0.9389389389389000140, 0.0327620434770275054
0.9414414414413999621, 0.0336096052669689199
0.9439439439439000212, 0.0344999220906970910
0.9464464464463999693, 0.0354358479330200843
0.9489489489489000285, 0.0364204846099134422
0.9514514514515000076, 0.0374572080429274035
0.9539539539539999558, 0.0385496978491376291
0.9564564564565000149, 0.0397019707336062969
0.9589589589589999630, 0.0409184182533060617
0.9614614614615000221, 0.0422038496190569809
0.9639639639639999702, 0.0435635403185969244
0.9664664664665000293, 0.0450032874835714566
0.9689689689689999774, 0.0465294730911196275
0.9714714714715000365, 0.0481491362932730954
0.9739739739739999846, 0.0498700564125766285
0.9764764764765000438, 0.0517008484402939825
0.9789789789789999919, 0.0536510732370403254
0.9814814814815000510, 0.0557313650808653055
0.9839839839839999991, 0.0579535797554039944
0.9864864864864999472, 0.0603309670471817647
0.9889889889890000063, 0.0628783723607108797
0.9914914914914999544, 0.0656124732069339467
0.9939939939940000135, 0.0685520576325886616
0.9964964964964999616, 0.0717183533109853055
0.9989989989990000208, 0.0751354181084233630
1.0015015015019999023, 0.0788306056079299267
1.0040040040039999170, 0.0828351224908568246
1.0065065065070000205, 0.0871846990866642080
1.0090090090090000352, 0.0919204001271833188
1.0115115115119999167, 0.0970896102289940111
1.0140140140139999314, 0.1027472384910001479
1.0165165165170000350, 0.1089571996900166873
1.0190190190190000497, 0.1157942470893156273
1.0215215215219999312, 0.1233462555538645672
1.0240240240239999459, 0.1317170859466292865
1.0265265265270000494, 0.1410302062276249657
1.0290290290290000641, 0.1514333065296497305
1.0315315315319999456, 0.1631042325390603676
1.0340340340339999603, 0.1762586855329854874
1.0365365365370000639, 0.1911603164357649487
1.0390390390390000785, 0.2081341032941416702
1.0415415415419999601, 0.2275842910055768942
1.0440440440439999747, 0.2500187605017931136
1.0465465465470000783, 0.2760825995428604074
1.0490490490490000930, 0.3066050665768984551
1.0515515515519999745, 0.3426664131826303028
1.0540540540539999892, 0.3856947609015850542
1.0565565565570000928, 0.4376095084958784298
1.0590590590590001074, 0.5010386290532777842
1.0615615615619999890, 0.5796566967160542427
1.0640640640640000036, 0.6787266442669485089
1.0665665665670001072, 0.8059982116959043541
1.0690690690689998998, 0.9732579462549220128
1.0715715715720000034, 1.1991296129280992755
1.0740740740740000181, 1.5144181289768507970
1.0765765765769998996, 1.9730002828163679673
1.0790790790789999143, 2.6758788608384689311
1.0815815815820000179, 3.8299194776895100212
1.0840840840840000325, 5.9108069822181859010
1.0865865865869999141, 10.1954295931738414538
1.0890890890889999287, 20.8700944119195099802
1.0915915915920000323, 53.3103722776752491086
1.0940940940940000470, 93.8187187610937911586
1.0965965965969999285, 42.3170593335480731412
1.0990990990989999432, 17.3457721979825194580
1.1016016016020000468, 8.8767388419168842262
1.1041041041040000614, 5.3041232788922876296
1.1066066066069999430, 3.5071435496024601086
1.1091091091089999576, 2.4860231428337402626
1.1116116116120000612, 1.8531409267285343656
1.1141141141140000759, 1.4348354862249066421
1.1166166166169999574, 1.1443841404923802418
1.1191191191189999721, 0.9347103037301386363
1.1216216216220000756, 0.7785190988084539354
1.1241241241240000903, 0.6591204608113736541
1.1266266266269999718, 0.5658518741718429057
1.1291291291289999865, 0.4916470646553744439
1.1316316316320000901, 0.4316749223732210261
1.1341341341340001048, 0.3825428961471980527
1.1366366366369999863, 0.3418126296494274352
1.1391391391390000010, 0.3076955480425249134
1.1416416416420001045, 0.2788559214443859235
1.1441441441439998972, 0.2542801632229520492
1.1466466466470000007, 0.2331880949557348648
1.1491491491490000154, 0.2149714673399910625
1.1516516516519998969, 0.1991505800335943710
1.1541541541539999116, 0.1853431628701928680
1.1566566566570000152, 0.1732417159814243768
1.1591591591590000299, 0.1625967830514567225
1.1616616616619999114, 0.1532044497864585297
1.1641641641639999261, 0.1448968937257926470
1.1666666666670000296, 0.1375351664218985581
1.1691691691690000443, 0.1310036287186883974
1.1716716716719999258, 0.1252056242063479263
1.1741741741739999405, 0.1200600902030091177
1.1766766766770000441, 0.1154988861223015528
1.1791791791790000588, 0.1114646765221788405
1.1816816816819999403, 0.1079092476075020623
1.1841841841839999550, 0.1047921662755101069
1.1866866866870000585, 0.1020797132321360073
1.1891891891890000732, 0.0997440385447311284
1.1916916916919999547, 0.0977625008356670377
1.1941941941939999694, 0.0961171613091433702
1.1966966966970000730, 0.0947944117803712488
1.1991991991990000876, 0.0937847224761508280
1.2017017017019999692, 0.0930825010988172996
1.2042042042039999838, 0.0926860599120184203
1.2067067067070000874, 0.0925976928016584849
1.2092092092090001021, 0.0928238697781915700
1.2117117117119999836, 0.0933755626539745087
1.2142142142139999983, 0.0942687231860174224
1.2167167167170001019, 0.0955249445194922830
1.2192192192189998945, 0.0971723492602071942
1.2217217217219999981, 0.0992467643060137295
1.2242242242240000127, 0.1017932656569672523
1.2267267267269998943, 0.1048682087381009598
1.2292292292289999089, 0.1085419057406881438
1.2317317317320000125, 0.1129021779284063026
1.2342342342340000272, 0.1180591084077303454
1.2367367367369999087, 0.1241514664646929944
1.2392392392389999234, 0.1313554956988891576
1.2417417417420000270, 0.1398971003447103956
1.2442442442440000416, 0.1500690044352002983
1.2467467467469999232, 0.1622553306339558632
1.2492492492489999378, 0.1769674882467124899
1.2517517517520000414, 0.1948977115124476966
1.2542542542540000561, 0.2170008822252740832
1.2567567567569999376, 0.2446230452072972461
1.2592592592589999523, 0.2797096493826488062
1.2617617617620000559, 0.3251552706057220798
1.2642642642640000705, 0.3854158567139535085
1.2667667667669999521, 0.4676341436786610739
1.2692692692689999667, 0.5838320422316551905
1.2717717717720000703, 0.7554921674647741003
1.2742742742740000850, 1.0239964963660177499
1.2767767767769999665, 1.4771376937740057222
1.2792792792789999812, 2.3264747558786540438
1.2817817817820000847, 4.1765345050141062799
1.2842842842840000994, 9.1494715177030290221
1.2867867867869999809, 23.8351322443606044033
1.2892892892889999956, 25.7892428529415980165
1.2917917917920000992, 10.0201625101374940385
1.2942942942939998918, 4.4721001055018794190
1.2967967967969999954, 2.4554719344986670748
1.2992992992990000101, 1.5474474941408820072
1.3018018018019998916, 1.0700793409151181379
1.3043043043039999063, 0.7906895399227503729
1.3068068068070000098, 0.6141387323736667847
1.3093093093090000245, 0.4960806902039383015
1.3118118118119999060, 0.4136952165733276399
1.3143143143139999207, 0.3543042927094260941
1.3168168168170000243, 0.3104236438355629235
1.3193193193190000390, 0.2774131621995661323
1.3218218218219999205, 0.2522785886124134236
1.3243243243239999352, 0.2330232362254212874
1.3268268268270000387, 0.2182795596529373272
1.3293293293290000534, 0.2070908681029959286
1.3318318318319999349, 0.1987773518899341452
1.3343343343339999496, 0.1928513767839986071
1.3368368368370000532, 0.1889626065840007418
1.3393393393390000679, 0.1868617822084455149
1.3418418418419999494, 0.1863765410321562288
1.3443443443439999641, 0.1873952614859528132
1.3468468468470000676, 0.1898564548911872985
1.3493493493490000823, 0.1937421672125861360
1.3518518518519999638, 0.1990744534631122553
1.3543543543539999785, 0.2059143920676032025
1.3568568568570000821, 0.2143634023015720258
1.3593593593590000967, 0.2245668708820970916
1.3618618618619999783, 0.2367203248104763624
1.3643643643639999929, 0.2510786427757938921
1.3668668668670000965, 0.2679691163858625158
1.3693693693689998891, 0.2878096070262465833
1.3718718718719999927, 0.3111336704947407217
1.3743743743740000074, 0.3386254597080917694
1.3768768768770001110, 0.3711686627996023113
1.3793793793789999036, 0.4099160240311812142
1.3818818818820000072, 0.4563897115778225988
1.3843843843840000218, 0.5126289882159718037
1.3868868868869999034, 0.5814122535847204842
1.3893893893889999180, 0.6665992944078258375
1.3918918918920000216, 0.7736739506532954724
1.3943943943940000363, 0.9106328926161801895
1.3968968968969999178, 1.0894967258222352235
1.3993993993989999325, 1.3289936388557412883
1.4019019019020000361, 1.6595768134192174781
1.4044044044040000507, 2.1333998427850060509
1.4069069069069999323, 2.8456884914882412119
1.4094094094089999469, 3.9849702067030454700
1.4119119119120000505, 5.9657808643908198931
1.4144144144140000652, 9.8360097367448524608
1.4169169169169999467, 18.7836052010838017168
1.4194194194189999614, 44.5534564924617697557
1.4219219219220000650, 106.9065767973660285861
1.4244244244240000796, 71.4716881255383640337
1.4269269269269999612, 27.5100728609845788242
1.4294294294289999758, 13.0901470871609308944
1.4319319319320000794, 7.4594509228468188766
1.4344344344340000941, 4.7787393838768323917
1.4369369369369999756, 3.3123964025915224596
1.4394394394389999903, 2.4280876430243698572
1.4419419419420000938, 1.8553610556905675288
1.4444444444440001085, 1.4638130052264086700
1.4469469469469999900, 1.1845551791211288428
1.4494494494490000047, 0.9785015683058285729
1.4519519519520001083, 0.8221689664375332329
1.4544544544539999009, 0.7007718790392067909
1.4569569569570000045, 0.6046307491006358559
1.4594594594590000192, 0.5271962566099610559
1.4619619619619999007, 0.4639101426391514238
1.4644644644639999154, 0.4115214045734542081
1.4669669669670000189, 0.3676613183357210213
1.4694694694690000336, 0.3305711882243295707
1.4719719719719999151, 0.2989232208447201722
1.4744744744739999298, 0.2716998474392748886
1.4769769769770000334, 0.2481106868386675490
1.4794794794790000481, 0.2275343135553197227
1.4819819819819999296, 0.2094767148761625952
1.4844844844839999443, 0.1935411890530229773
1.4869869869870000478, 0.1794062218874060977
1.4894894894890000625, 0.1668090143960636595
1.4919919919919999440, 0.1555330707351635366
1.4944944944939999587, 0.1453987420080395943
1.4969969969970000623, 0.1362559482576378989
1.4994994994990000770, 0.1279785237135987186
1.5020020020019999585, 0.1204597844457700462
1.5045045045050000621, 0.1136090255617770578
1.5070070070070000767, 0.1073487316994952007
1.5095095095099999583, 0.1016123395456403067
1.5120120120119999729, 0.0963424309917129684
1.5145145145150000765, 0.0914892647570372530
1.5170170170170000912, 0.0870095759183894396
1.5195195195199999727, 0.0828655889102791615
1.5220220220219999874, 0.0790242016927186486
1.5245245245250000909, 0.0754563079846369278
1.5270270270270001056, 0.0721362314916485364
1.5295295295299999871, 0.0690412514668650584
1.5320320320320000018, 0.0661512031343656909
1.5345345345350001054, 0.0634481397723697105
1.5370370370369998980, 0.0609160458159437243
1.5395395395400000016, 0.0585405923609188528
1.5420420420420000163, 0.0563089280545378407
1.5445445445449998978, 0.0542094996372912419
1.5470470470469999125, 0.0522318974254619706
1.5495495495500000160, 0.0503667218493417113
1.5520520520520000307, 0.0486054678299149001
1.5545545545549999122, 0.0469404243194828374
1.5570570570569999269, 0.0453645867745230622
1.5595595595600000305, 0.0438715806919468473
1.5620620620620000452, 0.0424555946383611549
1.5645645645649999267, 0.0411113214483734002
1.5670670670669999414, 0.0398339064721770428
1.5695695695700000449, 0.0386189019224359581
1.5720720720720000596, 0.0374622265121621403
1.5745745745749999411, 0.0363601296938379712
1.5770770770769999558, 0.0353091599095935738
1.5795795795800000594, 0.0343061363460929469
1.5820820820820000741, 0.0333481237585828982
1.5845845845849999556, 0.0324324099885479750
1.5870870870869999703, 0.0315564858503408693
1.5895895895900000738, 0.0307180271055351416
1.5920920920920000885, 0.0299148782807783162
1.5945945945949999700, 0.0291450381166039676
1.5970970970969999847, 0.0284066464618562831
1.5995995996000000883, 0.0276979724517475226
1.6021021021020001029, 0.0270174038277153708
1.6046046046049999845, 0.0263634372746482382
1.6071071071069999991, 0.0257346696660971930
1.6096096096100001027, 0.0251297901211620378
1.6121121121119998953, 0.0245475727880817007
1.6146146146149999989, 0.0239868702794447143
1.6171171171170000136, 0.0234466076925559583
1.6196196196199998951, 0.0229257771560307452
1.6221221221219999098, 0.0224234328502848287
1.6246246246250000134, 0.0219386864553751566
1.6271271271270000280, 0.0214707029847302361
1.6296296296299999096, 0.0210186969677832319
1.6321321321319999242, 0.0205819289484645562
1.6346346346350000278, 0.0201597022699927589
1.6371371371370000425, 0.0197513601194812746
1.6396396396399999240, 0.0193562828086049771
1.6421421421419999387, 0.0189738852689884940
1.6446446446450000423, 0.0186036147431257216
1.6471471471470000569, 0.0182449486535496246
1.6496496496499999385, 0.0178973926346726354
1.6521521521519999531, 0.0175604787132343405
1.6546546546550000567, 0.0172337636246479645
1.6571571571570000714, 0.0169168272537476953
1.6596596596599999529, 0.0166092711895230588
1.6621621621619999676, 0.0163107173843982517
1.6646646646650000712, 0.0160208069094857561
1.6671671671670000858, 0.0157391987980272686
1.6696696696699999674, 0.0154655689699389805
1.6721721721719999820, 0.0151996092310129199
1.6746746746750000856, 0.0149410263408976500
1.6771771771770001003, 0.0146895411444974561
1.6796796796799999818, 0.0144448877618956004
1.6821821821819999965, 0.0142068128323282403
1.6846846846850001000, 0.0139750748081173548
1.6871871871869998927, 0.0137494432948165653
1.6896896896899999962, 0.0135296984341373473
1.6921921921920000109, 0.0133156303265074046
1.6946946946949998924, 0.0131070384903719736
1.6971971971969999071, 0.0129037313555836509
1.6996996997000000107, 0.0127055257884406241
1.7022022022020000254, 0.0125122466461281140
1.7047047047049999069, 0.0123237263584958512
1.7072072072069999216, 0.0121398045352665313
1.7097097097100000251, 0.0119603275969186809
1.7122122122120000398, 0.0117851484276227554
1.7147147147149999213, 0.0116141260487334416
1.7172172172169999360, 0.0114471253114545660
1.7197197197200000396, 0.0112840166073971612
1.7222222222220000543, 0.0111246755958465931
1.7247247247249999358, 0.0109689829466423257
1.7272272272269999505, 0.0108168240976541929
1.7297297297300000540, 0.0106680890259130967
1.7322322322320000687, 0.0105226720315218965
1.7347347347349999502, 0.0103804715335349858
1.7372372372369999649, 0.0102413898770525660
1.7397397397400000685, 0.0101053331508287585
1.7422422422420000832, 0.0099722110147417130
1.7447447447449999647, 0.0098419365365190539
1.7472472472469999794, 0.0097144260371537297
1.7497497497500000829, 0.0095895989444839680
1.7522522522520000976, 0.0094673776544466001
1.7547547547549999791, 0.0093476873995461257
1.7572572572569999938, 0.0092304561241123399
1.7597597597600000974, 0.0091156143659477436
1.7622622622619998900, 0.0090030951439919876
1.7647647647649999936, 0.0088928338516552838
1.7672672672670000082, 0.0087847681554947474
1.7697697697699998898, 0.0086788378989291967
1.7722722722719999044, 0.0085749850107068783
1.7747747747750000080, 0.0084731534178589755
1.7772772772770000227, 0.0083732889628884803
1.7797797797799999042, 0.0082753393249597219
1.7822822822819999189, 0.0081792539448682644
1.7847847847850000225, 0.0080849839535846631
1.7872872872870000371, 0.0079924821041780711
1.7897897897899999187, 0.0079017027069375398
1.7922922922919999333, 0.0078126015675198078
1.7947947947950000369, 0.0077251359279627129
1.7972972972970000516, 0.0076392644104128658
1.7997997997999999331, 0.0075549469634252544
1.8023023023019999478, 0.0074721448107007244
1.8048048048050000514, 0.0073908204021352029
1.8073073073070000660, 0.0073109373670617690
1.8098098098099999476, 0.0072324604695735845
1.8123123123119999622, 0.0071553555658220649
1.8148148148150000658, 0.0070795895631907300
1.8173173173170000805, 0.0070051303812507116
1.8198198198199999620, 0.0069319469144093083
1.8223223223219999767, 0.0068600089961677697
1.8248248248250000803, 0.0067892873649092935
1.8273273273270000949, 0.0067197536311424336
1.8298298298299999765, 0.0066513802461293176
1.8323323323319999911, 0.0065841404718318536
1.8348348348350000947, 0.0065180083521127656
1.8373373373370001094, 0.0064529586851316406
1.8398398398399999909, 0.0063889669968794222
1.8423423423420000056, 0.0063260095157977453
1.8448448448450001091, 0.0062640631484323665
1.8473473473469999018, 0.0062031054560725898
1.8498498498500000053, 0.0061431146323311144
1.8523523523520000200, 0.0060840694816210626
1.8548548548549999015, 0.0060259493984892408
1.8573573573569999162, 0.0059687343477666773
1.8598598598600000198, 0.0059124048454996005
1.8623623623620000345, 0.0058569419406257744
1.8648648648649999160, 0.0058023271973629293
1.8673673673669999307, 0.0057485426782776933
1.8698698698700000342, 0.0056955709280049789
1.8723723723720000489, 0.0056433949575893008
1.8748748748749999304, 0.0055919982294208651
1.8773773773769999451, 0.0055413646427406307
1.8798798798800000487, 0.0054914785196898130
1.8823823823820000634, 0.0054423245918804233
1.8848848848849999449, 0.0053938879874646534
1.8873873873869999596, 0.0053461542186819064
1.8898898898900000631, 0.0052991091698633228
1.8923923923920000778, 0.0052527390858745915
1.8948948948949999593, 0.0052070305609787475
1.8973973973969999740, 0.0051619705281015201
1.8998998999000000776, 0.0051175462484825771
1.9024024024020000923, 0.0050737453016968508
1.9049049049049999738, 0.0050305555760307725
1.9074074074069999885, 0.0049879652591990186
1.9099099099100000920, 0.0049459628293879853
1.9124124124120001067, 0.0049045370466128347
1.9149149149149999882, 0.0048636769443755837
1.9174174174170000029, 0.0048233718216122217
1.9199199199200001065, 0.0047836112349174259
1.9224224224219998991, 0.0047443849910359251
1.9249249249250000027, 0.0047056831396100462
1.9274274274270000173, 0.0046674959661734666
1.9299299299299998989, 0.0046298139853816027
1.9324324324319999135, 0.0045926279344694803
1.9349349349350000171, 0.0045559287669283809
1.9374374374370000318, 0.0045197076463928485
1.9399399399399999133, 0.0044839559407300941
1.9424424424419999280, 0.0044486652163241071
1.9449449449450000316, 0.0044138272325471416
1.9474474474470000462, 0.0043794339364115545
1.9499499499499999278, 0.0043454774573952566
1.9524524524519999424, 0.0043119501024343494
1.9549549549550000460, 0.0042788443510767262
1.9574574574570000607, 0.0042461528507907681
1.9599599599599999422, 0.0042138684124234070
1.9624624624619999569, 0.0041819840058021519
1.9649649649650000605, 0.0041504927554758325
1.9674674674670000751, 0.0041193879365890619
1.9699699699699999567, 0.0040886629708856087
1.9724724724719999713, 0.0040583114228360875
1.9749749749750000749, 0.0040283269958855013
1.9774774774770000896, 0.0039987035288164378
1.9799799799799999711, 0.0039694349922237979
1.9824824824819999858, 0.0039405154850971746
1.9849849849850000894, 0.0039119392315070927
1.9874874874870001040, 0.0038837005773915113
1.9899899899899999856, 0.0038557939874391085
1.9924924924920000002, 0.0038282140420660186
1.9949949949950001038, 0.0038009554344828039
1.9974974974969998964, 0.0037740129678485836
2.0000000000000000000, 0.0037473815525093596
