# Delta1: 0.465
# Delta2: 1.17
# Delta3: 1.355
# Dq: 0.1355
# Ds: 0.04
# Dt: 0.061000000000000006
# k1_lab: [1, 0, 0]
# k2_lab: [-0.8660254037844387, 0.49999999999999994, 0.0]
# k1_cf: [-0.6644630243886748, -0.6644630243886748, -0.3420201433256687]
# k2_cf: [0.45451947767204376, 0.45451947767204376, 0.766044443118978]
# pol1_lab: [(0, 1, 0), (0, 0, 1)]
# pol2_lab: [array([-0.5      , -0.8660254,  0.       ]), array([0., 0., 1.])]
# pol1_cf: [array([-0.24184476, -0.24184476,  0.93969262]), array([-0.70710678,  0.70710678,  0.        ])]
# pol2_cf: [array([ 0.54167522,  0.54167522, -0.64278761]), array([-0.70710678,  0.70710678,  0.        ])]
# cf: [array([-0.66446302, -0.24184476, -0.70710678]), array([-0.66446302, -0.24184476,  0.70710678]), array([-0.34202014,  0.93969262,  0.        ])]
# th: 110
-0.5000000000000000000, 0.0062447011868575590
-0.4974974974974999964, 0.0063018042316205494
-0.4949949949949999928, 0.0063597414739766881
-0.4924924924924999892, 0.0064185296234367138
-0.4899899899899999856, 0.0064781858139759344
-0.4874874874874999819, 0.0065387276170925743
-0.4849849849849999783, 0.0066001730553381108
-0.4824824824824999747, 0.0066625406163392260
-0.4799799799800000266, 0.0067258492673318822
-0.4774774774775000230, 0.0067901184702290670
-0.4749749749750000194, 0.0068553681972446899
-0.4724724724725000158, 0.0069216189470973095
-0.4699699699700000122, 0.0069888917618183529
-0.4674674674675000086, 0.0070572082441908036
-0.4649649649650000049, 0.0071265905758455955
-0.4624624624625000013, 0.0071970615360441035
-0.4599599599599999977, 0.0072686445211768156
-0.4574574574574999941, 0.0073413635650094559
-0.4549549549549999905, 0.0074152433597096000
-0.4524524524524999869, 0.0074903092776883009
-0.4499499499499000077, 0.0075665873942931481
-0.4474474474474000041, 0.0076441045113908859
-0.4449449449449000005, 0.0077228881818796587
-0.4424424424423999969, 0.0078029667351731192
-0.4399399399398999932, 0.0078843693037006484
-0.4374374374373999896, 0.0079671258504703194
-0.4349349349348999860, 0.0080512671977436348
-0.4324324324323999824, 0.0081368250568735496
-0.4299299299298999788, 0.0082238320593602011
-0.4274274274273999752, 0.0083123217891813619
-0.4249249249249000271, 0.0084023288164579227
-0.4224224224224000235, 0.0084938887325177251
-0.4199199199199000199, 0.0085870381864246483
-0.4174174174174000163, 0.0086818149230433253
-0.4149149149149000126, 0.0087782578227138305
-0.4124124124124000090, 0.0088764069426145419
-0.4099099099099000054, 0.0089763035598960390
-0.4074074074074000018, 0.0090779902166730365
-0.4049049049048999982, 0.0091815107669666676
-0.4024024024023999946, 0.0092869104256942114
-0.3998998998998999910, 0.0093942358198091588
-0.3973973973973999874, 0.0095035350417001473
-0.3948948948948999838, 0.0096148577049635850
-0.3923923923923999801, 0.0097282550026714272
-0.3898898898898999765, 0.0098437797682625061
-0.3873873873873999729, 0.0099614865391934211
-0.3848848848849000248, 0.0100814316234928720
-0.3823823823824000212, 0.0102036731693718394
-0.3798798798799000176, 0.0103282712380512107
-0.3773773773774000140, 0.0104552878799778863
-0.3748748748749000104, 0.0105847872146109263
-0.3723723723724000068, 0.0107168355139701174
-0.3698698698699000031, 0.0108515012901513747
-0.3673673673673999995, 0.0109888553870255441
-0.3648648648648999959, 0.0111289710763510692
-0.3623623623623999923, 0.0112719241585448639
-0.3598598598598999887, 0.0114177930683715453
-0.3573573573573999851, 0.0115666589858271843
-0.3548548548548999815, 0.0117186059525117361
-0.3523523523523999779, 0.0118737209938027718
-0.3498498498497999987, 0.0120320942471636959
-0.3473473473472999951, 0.0121938190969410228
-0.3448448448447999914, 0.0123589923160286608
-0.3423423423422999878, 0.0125277142148021107
-0.3398398398397999842, 0.0127000887977522098
-0.3373373373372999806, 0.0128762239282768139
-0.3348348348347999770, 0.0130562315021199235
-0.3323323323322999734, 0.0132402276299808039
-0.3298298298298000253, 0.0134283328298516434
-0.3273273273273000217, 0.0136206722296807244
-0.3248248248248000181, 0.0138173757809998705
-0.3223223223223000145, 0.0140185784841992435
-0.3198198198198000108, 0.0142244206261814311
-0.3173173173173000072, 0.0144350480311784581
-0.3148148148148000036, 0.0146506123255718303
-0.3123123123123000000, 0.0148712712176164857
-0.3098098098097999964, 0.0150971887930352530
-0.3073073073072999928, 0.0153285358275213838
-0.3048048048047999892, 0.0155654901172642725
-0.3023023023022999856, 0.0158082368286957264
-0.2997997997997999819, 0.0160569688687458682
-0.2972972972972999783, 0.0163118872769945737
-0.2947947947947999747, 0.0165732016412112847
-0.2922922922923000266, 0.0168411305378916333
-0.2897897897898000230, 0.0171159019995239699
-0.2872872872873000194, 0.0173977540104566300
-0.2847847847848000158, 0.0176869350333840637
-0.2822822822823000122, 0.0179837045686322278
-0.2797797797798000086, 0.0182883337486002585
-0.2772772772773000050, 0.0186011059699065506
-0.2747747747748000013, 0.0189223175659985060
-0.2722722722722999977, 0.0192522785232133870
-0.2697697697697999941, 0.0195913132435284049
-0.2672672672672999905, 0.0199397613575128738
-0.2647647647647999869, 0.0202979785912943307
-0.2622622622622999833, 0.0206663376916802477
-0.2597597597597999797, 0.0210452294139370881
-0.2572572572572999761, 0.0214350635771244982
-0.2547547547547999724, 0.0218362701923176875
-0.2522522522523000243, 0.0222493006695287619
-0.2497497497496999896, 0.0226746291096647894
-0.2472472472472000138, 0.0231127536884401519
-0.2447447447447000102, 0.0235641981398001799
-0.2422422422422000066, 0.0240295133471193599
-0.2397397397397000030, 0.0245092790512170776
-0.2372372372371999993, 0.0250041056850964574
-0.2347347347346999957, 0.0255146363462677439
-0.2322322322321999921, 0.0260415489185748805
-0.2297297297296999885, 0.0265855583566194098
-0.2272272272272000126, 0.0271474191471797847
-0.2247247247247000090, 0.0277279279634743900
-0.2222222222222000054, 0.0283279265297314668
-0.2197197197197000018, 0.0289483047153280201
-0.2172172172171999982, 0.0295900038797680225
-0.2147147147146999946, 0.0302540204920126315
-0.2122122122121999910, 0.0309414100501846090
-0.2097097097096999874, 0.0316532913304784086
-0.2072072072072000115, 0.0323908509972588091
-0.2047047047047000079, 0.0331553486098693784
-0.2022022022022000043, 0.0339481220656504268
-0.1996996996997000007, 0.0347705935231466881
-0.1971971971971999971, 0.0356242758545366536
-0.1946946946946999935, 0.0365107796820201697
-0.1921921921921999898, 0.0374318210593536996
-0.1896896896896999862, 0.0383892298670302709
-0.1871871871872000104, 0.0393849589978925788
-0.1846846846847000068, 0.0404210944193895416
-0.1821821821822000032, 0.0414998662094088894
-0.1796796796796999995, 0.0426236606748460201
-0.1771771771771999959, 0.0437950336760316791
-0.1746746746746999923, 0.0450167252961191575
-0.1721721721721999887, 0.0462916760128448054
-0.1696696696697000128, 0.0476230445511090575
-0.1671671671672000092, 0.0490142276190267540
-0.1646646646647000056, 0.0504688817580004334
-0.1621621621622000020, 0.0519909475696097995
-0.1596596596596999984, 0.0535846766194385121
-0.1571571571571999948, 0.0552546613612716897
-0.1546546546546999912, 0.0570058684754694983
-0.1521521521521999876, 0.0588436760740324999
-0.1496496496496000084, 0.0607739152934826804
-0.1471471471471000048, 0.0628029168770359997
-0.1446446446446000011, 0.0649375634419047248
-0.1421421421420999975, 0.0671853482386711720
-0.1396396396395999939, 0.0695544413408290818
-0.1371371371370999903, 0.0720537643578825493
-0.1346346346345999867, 0.0746930749497574931
-0.1321321321321000108, 0.0774830626398588518
-0.1296296296296000072, 0.0804354576864146353
-0.1271271271271000036, 0.0835631550861119926
-0.1246246246246000000, 0.0868803561620655335
-0.1221221221220999964, 0.0904027306443058870
-0.1196196196196000067, 0.0941476027033925217
-0.1171171171171000031, 0.0981341650692519052
-0.1146146146145999994, 0.1023837261867673876
-0.1121121121120999958, 0.1069199963636612571
-0.1096096096096000061, 0.1117694201015921734
-0.1071071071071000025, 0.1169615633281414074
-0.1046046046045999989, 0.1225295661429179617
-0.1021021021020999953, 0.1285106740557259430
-0.0995995995996000055, 0.1349468636595849425
-0.0970970970971000019, 0.1418855824182109204
-0.0945945945945900063, 0.1493806269832723688
-0.0920920920920900027, 0.1574931904930735871
-0.0895895895895899991, 0.1662931170451109886
-0.0870870870870899955, 0.1758604115248508792
-0.0845845845845799998, 0.1862870659521373984
-0.0820820820820799962, 0.1976792804886063903
-0.0795795795795800065, 0.2101601796350679452
-0.0770770770770800029, 0.2238731538895322726
-0.0745745745745699934, 0.2389859969825651742
-0.0720720720720700037, 0.2556960626636373135
-0.0695695695695700000, 0.2742367384938819153
-0.0670670670670699964, 0.2948856353657142160
-0.0645645645645600008, 0.3179750325196331051
-0.0620620620620599972, 0.3439053165473503482
-0.0595595595595600005, 0.3731624362788251159
-0.0570570570570599969, 0.4063408049835197655
-0.0545545545545500013, 0.4441736815304332953
-0.0520520520520499977, 0.4875739553731461284
-0.0495495495495500010, 0.5376896116854898988
-0.0470470470470499974, 0.5959802349034932778
-0.0445445445445400018, 0.6643241798057772929
-0.0420420420420399982, 0.7451712899478202257
-0.0395395395395400015, 0.8417646743337995341
-0.0370370370370399979, 0.9584696180236587093
-0.0345345345345300023, 1.1012730079983197307
-0.0320320320320299987, 1.2785620822980914291
-0.0295295295295299985, 1.5023759135019920663
-0.0270270270270299984, 1.7904873265146670214
-0.0245245245245199993, 2.1700076219023718416
-0.0220220220220199991, 2.6839270517451803144
-0.0195195195195199990, 3.4036593241359240913
-0.0170170170170199989, 4.4547646935677684965
-0.0145145145145099998, 6.0741980217655955343
-0.0120120120120099996, 8.7514481854709043063
-0.0095095095095099995, 13.6249537489511016730
-0.0070070070070070000, 23.7975092754990384947
-0.0045045045045049997, 49.6244700355092049904
-0.0020020020020019998, 128.3885861977088609365
0.0005005005005005000, 202.5998112684836200970
0.0030030030030029999, 86.2605224146403344321
0.0055055055055059999, 36.0250197163430030400
0.0080080080080079993, 18.7161012466773044594
0.0105105105105099995, 11.2863933014539377098
0.0130130130130099997, 7.5036384225903791645
0.0155155155155200005, 5.3355998273028140133
0.0180180180180199989, 3.9833285094040786767
0.0205205205205199991, 3.0851489639448126390
0.0230230230230199992, 2.4590187239575631573
0.0255255255255299983, 2.0055073371699627671
0.0280280280280299984, 1.6666802779853013838
0.0305305305305299986, 1.4069688597187586243
0.0330330330330299987, 1.2035731680800025867
0.0355355355355400013, 1.0413398837486373960
0.0380380380380399979, 0.9098832243378763840
0.0405405405405400016, 0.8018940850896463246
0.0430430430430399982, 0.7121088731075341238
0.0455455455455500008, 0.6366597527912517540
0.0480480480480499975, 0.5726533298631896196
0.0505505505505500011, 0.5178904626100375719
0.0530530530530499977, 0.4706756873785099549
0.0555555555555600003, 0.4296849588269798792
0.0580580580580599970, 0.3938721805314697177
0.0605605605605600006, 0.3624020553438696002
0.0630630630630600042, 0.3346011181667835066
0.0655655655655699998, 0.3099215372060412088
0.0680680680680700034, 0.2879140172687407184
0.0705705705705699932, 0.2682072814586851650
0.0730730730730699968, 0.2504923680660907648
0.0755755755755800063, 0.2345104936482341196
0.0780780780780799960, 0.2200435861776794400
0.0805805805805799996, 0.2069068376520162289
0.0830830830830800032, 0.1949427985710390498
0.0855855855855899988, 0.1840166600636089222
0.0880880880880900025, 0.1740124584092261617
0.0905905905905900061, 0.1648300015178040256
0.0930930930930899958, 0.1563823646207184725
0.0955955955956000053, 0.1485938378364899670
0.0980980980980999950, 0.1413982347951147078
0.1006006006005999986, 0.1347374915302605447
0.1031031031031000023, 0.1285605000859895153
0.1056056056056000059, 0.1228221329638362197
0.1081081081080999956, 0.1174824235499382363
0.1106106106105999992, 0.1125058746644857915
0.1131131131131000028, 0.1078608728498314240
0.1156156156156000064, 0.1035191903182670209
0.1181181181180999962, 0.0994555598847340211
0.1206206206205999998, 0.0956473109164806407
0.1231231231231000034, 0.0920740564949382584
0.1256256256256000070, 0.0887174237225191870
0.1281281281281000106, 0.0855608205090532675
0.1306306306305999865, 0.0825892333090448849
0.1331331331330999901, 0.0797890512061441848
0.1356356356355999937, 0.0771479124975815861
0.1381381381380999973, 0.0746545705521087510
0.1406406406406000009, 0.0722987762264662298
0.1431431431431000045, 0.0700711745483774268
0.1456456456456000081, 0.0679632137250938545
0.1481481481481000118, 0.0659670648288364775
0.1506506506506999910, 0.0640755507547105252
0.1531531531531999946, 0.0622820832513788711
0.1556556556556999982, 0.0605806069968861938
0.1581581581582000018, 0.0589655498371574882
0.1606606606607000054, 0.0574317784274288590
0.1631631631632000090, 0.0559745586209533033
0.1656656656657000126, 0.0545895200378314280
0.1681681681681999885, 0.0532726243222761270
0.1706706706706999921, 0.0520201366611190499
0.1731731731731999957, 0.0508286001916339047
0.1756756756756999993, 0.0496948129742239147
0.1781781781782000029, 0.0486158072463929863
0.1806806806807000065, 0.0475888307096931015
0.1831831831832000101, 0.0466113296318491493
0.1856856856857000138, 0.0456809335727103513
0.1881881881881999896, 0.0447954415656565685
0.1906906906906999932, 0.0439528096060959397
0.1931931931931999968, 0.0431511393161523316
0.1956956956957000004, 0.0423886676699128384
0.1981981981982000041, 0.0416637576769945395
0.2007007007007000077, 0.0409748899339535400
0.2032032032032000113, 0.0403206549634220410
0.2057057057056999871, 0.0396997462700098003
0.2082082082081999908, 0.0391109540501095657
0.2107107107106999944, 0.0385531594999425978
0.2132132132131999980, 0.0380253296725913056
0.2157157157157000016, 0.0375265128404992931
0.2182182182182000052, 0.0370558343250643324
0.2207207207207000088, 0.0366124927595891103
0.2232232232232000124, 0.0361957567560592386
0.2257257257256999883, 0.0358049619500482308
0.2282282282281999919, 0.0354395084015645054
0.2307307307306999955, 0.0350988583329022510
0.2332332332331999991, 0.0347825341875836747
0.2357357357357000027, 0.0344901169973266669
0.2382382382382000063, 0.0342212450466754456
0.2407407407407000099, 0.0339756128275318509
0.2432432432432000136, 0.0337529702783535002
0.2457457457456999894, 0.0335531223052777522
0.2482482482481999930, 0.0333759285849204029
0.2507507507508000000, 0.0332213036511186666
0.2532532532533000036, 0.0330892172704761178
0.2557557557558000072, 0.0329796951142571973
0.2582582582583000108, 0.0328928197370131001
0.2607607607608000144, 0.0328287318753395646
0.2632632632633000180, 0.0327876320834186233
0.2657657657658000216, 0.0327697827255343244
0.2682682682683000253, 0.0327755103496328859
0.2707707707707999734, 0.0328052084702925711
0.2732732732732999770, 0.0328593407942503885
0.2757757757757999806, 0.0329384449269932850
0.2782782782782999842, 0.0330431366049642392
0.2807807807807999878, 0.0331741145047756980
0.2832832832832999914, 0.0333321656886096246
0.2857857857857999950, 0.0335181717538774043
0.2882882882882999986, 0.0337331157654088762
0.2907907907908000023, 0.0339780900601749578
0.2932932932933000059, 0.0342543050280883776
0.2957957957958000095, 0.0345630989881102330
0.2982982982983000131, 0.0349059492971009605
0.3008008008008000167, 0.0352844848500644126
0.3033033033033000203, 0.0357005001552153228
0.3058058058058000239, 0.0361559711963238758
0.3083083083083000275, 0.0366530733288977853
0.3108108108107999756, 0.0371942014969453283
0.3133133133132999792, 0.0377819931045491469
0.3158158158157999829, 0.0384193539327745345
0.3183183183182999865, 0.0391094875593581623
0.3208208208207999901, 0.0398559288184548652
0.3233233233232999937, 0.0406625819332426530
0.3258258258257999973, 0.0415337640688730192
0.3283283283283000009, 0.0424742551914387076
0.3308308308308000045, 0.0434893552856993881
0.3333333333333000081, 0.0445849501870813694
0.3358358358358000118, 0.0457675875304961038
0.3383383383383000154, 0.0470445646206953672
0.3408408408408000190, 0.0484240304000428251
0.3433433433433000226, 0.0499151041474474449
0.3458458458458000262, 0.0515280141096239597
0.3483483483482999743, 0.0532742599723110694
0.3508508508509000090, 0.0551668039630433052
0.3533533533534000126, 0.0572202964888382168
0.3558558558559000162, 0.0594513436179685828
0.3583583583584000198, 0.0618788255027457879
0.3608608608609000235, 0.0645242771271751919
0.3633633633634000271, 0.0674123457071910820
0.3658658658658999752, 0.0705713428855424263
0.3683683683683999788, 0.0740339148399284386
0.3708708708708999824, 0.0778378599633323537
0.3733733733733999860, 0.0820271324374099164
0.3758758758758999896, 0.0866530815853827213
0.3783783783783999932, 0.0917759924674164396
0.3808808808808999968, 0.0974670143530963207
0.3833833833834000004, 0.1038105927642307275
0.3858858858859000041, 0.1109075610814964641
0.3883883883884000077, 0.1188791042235139428
0.3908908908909000113, 0.1278718871084174036
0.3933933933934000149, 0.1380647558843076106
0.3958958958959000185, 0.1496775878956988493
0.3983983983984000221, 0.1629831147867102648
0.4009009009009000257, 0.1783229164979675263
0.4034034034033999738, 0.1961293548616344640
0.4059059059058999774, 0.2169561053304452924
0.4084084084083999810, 0.2415213612808788657
0.4109109109108999847, 0.2707700903006862170
0.4134134134133999883, 0.3059655698524853529
0.4159159159158999919, 0.3488270357034007896
0.4184184184183999955, 0.4017419767382109930
0.4209209209208999991, 0.4681030720834407077
0.4234234234234000027, 0.5528607296989025421
0.4259259259259000063, 0.6634639914692233020
0.4284284284284000099, 0.8115346940050711666
0.4309309309309000136, 1.0160046312538892899
0.4334334334334000172, 1.3093699158376836955
0.4359359359359000208, 1.7511359728494895194
0.4384384384384000244, 2.4595510661575810119
0.4409409409408999725, 3.6959007174367597415
0.4434434434433999761, 6.1250480775551467971
0.4459459459458999797, 11.7869009073281283406
0.4484484484483999833, 28.2267237143744864625
0.4509509509510000180, 66.1940495073525596581
0.4534534534535000216, 41.8202748968247135508
0.4559559559560000253, 16.1738839209818792142
0.4584584584584999734, 7.7641510857544888680
0.4609609609609999770, 4.4500500645367511154
0.4634634634634999806, 2.8617043379861262231
0.4659659659659999842, 1.9889070852471473216
0.4684684684684999878, 1.4608512829193589511
0.4709709709709999914, 1.1180531559415560761
0.4734734734734999950, 0.8832906624359602166
0.4759759759759999986, 0.7156371014300156874
0.4784784784785000022, 0.5918116257773822220
0.4809809809810000059, 0.4977977839595819631
0.4834834834835000095, 0.4247554061623720623
0.4859859859860000131, 0.3668888408947922897
0.4884884884885000167, 0.3202719168053586585
0.4909909909910000203, 0.2821692292967477034
0.4934934934935000239, 0.2506281174243752408
0.4959959959960000275, 0.2242247484166098870
0.4984984984984999756, 0.2019012665877613633
0.5010010010009999792, 0.1828585371660413073
0.5035035035035000384, 0.1664838223091174296
0.5060060060059999865, 0.1523009755558894507
0.5085085085085000456, 0.1399354890481417646
0.5110110110109999937, 0.1290895417353050689
0.5135135135135000528, 0.1195239086876959123
0.5160160160160000009, 0.1110446581224110718
0.5185185185184999490, 0.1034932415971891034
0.5210210210210000081, 0.0967390235144115207
0.5235235235234999562, 0.0906735873525986169
0.5260260260260000154, 0.0852063517767235046
0.5285285285284999635, 0.0802611633346319436
0.5310310310310000226, 0.0757736248742493512
0.5335335335334999707, 0.0716889836259060886
0.5360360360360000298, 0.0679604488970010079
0.5385385385384999779, 0.0645478423542438229
0.5410410410410000370, 0.0614165078356995603
0.5435435435434999851, 0.0585364252013408429
0.5460460460460000442, 0.0558814857276317689
0.5485485485484999924, 0.0534288962529037570
0.5510510510510999715, 0.0511586865821881051
0.5535535535536000307, 0.0490533001996116061
0.5560560560560999788, 0.0470972525702104960
0.5585585585586000379, 0.0452768445717786558
0.5610610610610999860, 0.0435799211224885824
0.5635635635636000451, 0.0419956670391603282
0.5660660660660999932, 0.0405144337059325857
0.5685685685686000523, 0.0391275913521247493
0.5710710710711000004, 0.0378274027052898643
0.5735735735735999485, 0.0366069145569046239
0.5760760760761000077, 0.0354598643965347640
0.5785785785785999558, 0.0343805997684011183
0.5810810810811000149, 0.0333640084073034970
0.5835835835835999630, 0.0324054575384132154
0.5860860860861000221, 0.0315007409927825707
0.5885885885885999702, 0.0306460330094951612
0.5910910910911000293, 0.0298378477756085433
0.5935935935935999774, 0.0290730039038639976
0.5960960960961000366, 0.0283485931714731153
0.5985985985985999847, 0.0276619529458585166
0.6011011011011000438, 0.0270106418088072175
0.6036036036035999919, 0.0263924179621354872
0.6061061061061000510, 0.0258052200581197627
0.6086086086085999991, 0.0252471501486131074
0.6111111111110999472, 0.0247164584895620647
0.6136136136136000063, 0.0242115299738884654
0.6161161161160999544, 0.0237308719964891245
0.6186186186186000135, 0.0232731035813257200
0.6211211211210999616, 0.0228369456229612980
0.6236236236236000208, 0.0224212121140583420
0.6261261261260999689, 0.0220248022467885753
0.6286286286286000280, 0.0216466932902382031
0.6311311311310999761, 0.0212859341580722908
0.6336336336336000352, 0.0209416395912424350
0.6361361361360999833, 0.0206129848896276953
0.6386386386386000424, 0.0202992011343966008
0.6411411411410999905, 0.0199995708497416810
0.6436436436436000497, 0.0197134240586149916
0.6461461461460999978, 0.0194401346923070151
0.6486486486485999459, 0.0191791173182690317
0.6511511511512000361, 0.0189298241545693552
0.6536536536536999842, 0.0186917423428742263
0.6561561561562000433, 0.0184643914549194842
0.6586586586586999914, 0.0182473212101460468
0.6611611611612000505, 0.0180401093845581686
0.6636636636636999986, 0.0178423598929704740
0.6661661661661999467, 0.0176537010286726831
0.6686686686687000059, 0.0174737838461912209
0.6711711711711999540, 0.0173022806742903837
0.6736736736737000131, 0.0171388837476559967
0.6761761761761999612, 0.0169833039468609281
0.6786786786787000203, 0.0168352696372421964
0.6811811811811999684, 0.0166945255982383980
0.6836836836837000275, 0.0165608320355571034
0.6861861861861999756, 0.0164339636692764669
0.6886886886887000347, 0.0163137088916426136
0.6911911911911999828, 0.0161998689889146751
0.6936936936937000420, 0.0160922574221387844
0.6961961961961999901, 0.0159906991622089240
0.6986986986987000492, 0.0158950300750012596
0.7012012012011999973, 0.0158050963527554614
0.7037037037036999454, 0.0157207539882254846
0.7062062062062000045, 0.0156418682884380336
0.7087087087086999526, 0.0155683134251824729
0.7112112112112000117, 0.0154999720196151436
0.7137137137136999598, 0.0154367347585959869
0.7162162162162000190, 0.0153785000405892835
0.7187187187186999671, 0.0153251736491549391
0.7212212212212000262, 0.0152766684522342971
0.7237237237236999743, 0.0152329041255968162
0.7262262262262000334, 0.0151938068989622786
0.7287287287286999815, 0.0151593093234496379
0.7312312312312000406, 0.0151293500591285959
0.7337337337336999887, 0.0151038736815655595
0.7362362362362000479, 0.0150828305063619612
0.7387387387386999960, 0.0150661764307816904
0.7412412412412000551, 0.0150538727916558653
0.7437437437437000032, 0.0150458862388386377
0.7462462462461999513, 0.0150421886235674405
0.7487487487487000104, 0.0150427569011558175
0.7512512512512999896, 0.0150475730475177899
0.7537537537538000487, 0.0150566239890892201
0.7562562562562999968, 0.0150699015457751544
0.7587587587587999449, 0.0150874023866129463
0.7612612612613000040, 0.0151091279978989926
0.7637637637637999521, 0.0151350846635835579
0.7662662662663000113, 0.0151652834577927290
0.7687687687687999594, 0.0151997402493902790
0.7712712712713000185, 0.0152384757185449818
0.7737737737737999666, 0.0152815153853213120
0.7762762762763000257, 0.0153288896503636918
0.7787787787787999738, 0.0153806338477968894
0.7812812812813000329, 0.0154367883105185049
0.7837837837837999810, 0.0154973984481131064
0.7862862862863000402, 0.0155625148376734527
0.7887887887887999883, 0.0156321933278708025
0.7912912912913000474, 0.0157064951566758607
0.7937937937937999955, 0.0157854870831930678
0.7962962962963000546, 0.0158692415341358736
0.7987987987988000027, 0.0159578367655381984
0.8013013013012999508, 0.0160513570403690575
0.8038038038038000099, 0.0161498928227935129
0.8063063063062999580, 0.0162535409899039265
0.8088088088088000172, 0.0163624050618322373
0.8113113113112999653, 0.0164765954512465437
0.8138138138138000244, 0.0165962297333350287
0.8163163163162999725, 0.0167214329374877901
0.8188188188188000316, 0.0168523378620027559
0.8213213213212999797, 0.0169890854132679694
0.8238238238238000388, 0.0171318249710081666
0.8263263263262999869, 0.0172807147813319253
0.8288288288288000460, 0.0174359223794765747
0.8313313313312999941, 0.0175976250443236892
0.8338338338338000533, 0.0177660102869497856
0.8363363363363000014, 0.0179412763756866891
0.8388388388387999495, 0.0181236329003953214
0.8413413413413000086, 0.0183133013789093177
0.8438438438437999567, 0.0185105159088802956
0.8463463463463000158, 0.0187155238685617412
0.8488488488487999639, 0.0189285866704024842
0.8513513513514000541, 0.0191499805716896510
0.8538538538539000022, 0.0193799975468883709
0.8563563563563999503, 0.0196189462267742157
0.8588588588589000095, 0.0198671529099526192
0.8613613613613999576, 0.0201249626529093513
0.8638638638639000167, 0.0203927404453466514
0.8663663663663999648, 0.0206708724782376820
0.8688688688689000239, 0.0209597675127835420
0.8713713713713999720, 0.0212598583592962381
0.8738738738739000311, 0.0215716034759630172
0.8763763763763999792, 0.0218954886984882822
0.8788788788789000384, 0.0222320291127722780
0.8813813813813999865, 0.0225817710840838445
0.8838838838839000456, 0.0229452944576409058
0.8863863863863999937, 0.0233232149471428313
0.8888888888889000528, 0.0237161867296295722
0.8913913913914000009, 0.0241249052671024151
0.8938938938938999490, 0.0245501103776565623
0.8963963963964000081, 0.0249925895814904903
0.8988988988988999562, 0.0254531817501051222
0.9014014014014000153, 0.0259327810903418193
0.9039039039038999634, 0.0264323414986858997
0.9064064064064000226, 0.0269528813255448252
0.9089089089088999707, 0.0274954885940803147
0.9114114114114000298, 0.0280613267237102074
0.9139139139138999779, 0.0286516408147111101
0.9164164164164000370, 0.0292677645575637017
0.9189189189188999851, 0.0299111278389278396
0.9214214214214000442, 0.0305832651255912441
0.9239239239238999923, 0.0312858247185862914
0.9264264264264000515, 0.0320205789821578907
0.9289289289288999996, 0.0327894356666613290
0.9314314314313999477, 0.0335944504610932032
0.9339339339339000068, 0.0344378409302114399
0.9364364364363999549, 0.0353220020135260118
0.9389389389389000140, 0.0362495232894068167
0.9414414414413999621, 0.0372232082378133114
0.9439439439439000212, 0.0382460957704923860
0.9464464464463999693, 0.0393214843388878174
0.9489489489489000285, 0.0404529589785958335
0.9514514514515000076, 0.0416444217064037142
0.9539539539539999558, 0.0429001257534662866
0.9564564564565000149, 0.0442247141980799674
0.9589589589589999630, 0.0456232636563792121
0.9614614614615000221, 0.0471013338022111122
0.9639639639639999702, 0.0486650236223264004
0.9664664664665000293, 0.0503210354746333605
0.9689689689689999774, 0.0520767482115265176
0.9714714714715000365, 0.0539403008646639828
0.9739739739739999846, 0.0559206886712771550
0.9764764764765000438, 0.0580278735668640633
0.9789789789789999919, 0.0602729116896977835
0.9814814814815000510, 0.0626681009577065434
0.9839839839839999991, 0.0652271524119049373
0.9864864864864999472, 0.0679653898033027171
0.9889889889890000063, 0.0708999828716706249
0.9914914914914999544, 0.0740502209759364982
0.9939939939940000135, 0.0774378352541374021
0.9964964964964999616, 0.0810873794034543544
0.9989989989990000208, 0.0850266815935379061
1.0015015015019999023, 0.0892873831128720291
1.0040040040039999170, 0.0939055833039094678
1.0065065065070000205, 0.0989226154453262119
1.0090090090090000352, 0.1043859848653112543
1.0115115115119999167, 0.1103505092334878951
1.0140140140139999314, 0.1168797123921556796
1.0165165165170000350, 0.1240475382407479760
1.0190190190190000497, 0.1319404714740085027
1.0215215215219999312, 0.1406601793733610051
1.0240240240239999459, 0.1503268262032065594
1.0265265265270000494, 0.1610832631943331372
1.0290290290290000641, 0.1731003686665081309
1.0315315315319999456, 0.1865839135739177923
1.0340340340339999603, 0.2017834712654744955
1.0365365365370000639, 0.2190040973879958386
1.0390390390390000785, 0.2386218090657323265
1.0415415415419999601, 0.2611043431089122846
1.0440440440439999747, 0.2870393538105137643
1.0465465465470000783, 0.3171732580214391417
1.0490490490490000930, 0.3524655774810908637
1.0515515515519999745, 0.3941662597218360542
1.0540540540539999892, 0.4439277752235393226
1.0565565565570000928, 0.5039710554142343701
1.0590590590590001074, 0.5773369293943860781
1.0615615615619999890, 0.6682772581878612117
1.0640640640640000036, 0.7828818081289264930
1.0665665665670001072, 0.9301178551705182596
1.0690690690689998998, 1.1236237063420175808
1.0715715715720000034, 1.3849490843890677194
1.0740740740740000181, 1.7497386511626771277
1.0765765765769998996, 2.2803337741384361870
1.0790790790789999143, 3.0936058122529992431
1.0815815815820000179, 4.4289211267509500658
1.0840840840840000325, 6.8366996714224352871
1.0865865865869999141, 11.7944423378803637803
1.0890890890889999287, 24.1461695469355603905
1.0915915915920000323, 61.6831178250914788919
1.0940940940940000470, 108.5557125737198020943
1.0965965965969999285, 48.9625493004500071947
1.0990990990989999432, 20.0679611606826071579
1.1016016016020000468, 10.2683046130146955477
1.1041041041040000614, 6.1343434944322448032
1.1066066066069999430, 4.0549877817661243995
1.1091091091089999576, 2.8733853764075796278
1.1116116116120000612, 2.1410156667758801774
1.1141141141140000759, 1.6569330974747769059
1.1166166166169999574, 1.3207898405976128409
1.1191191191189999721, 1.0781129799869761943
1.1216216216220000756, 0.8973192182007245776
1.1241241241240000903, 0.7590961915420716410
1.1266266266269999718, 0.6511060699343684810
1.1291291291289999865, 0.5651722638883771577
1.1316316316320000901, 0.4957045070923951635
1.1341341341340001048, 0.4387770947181020564
1.1366366366369999863, 0.3915684199075822325
1.1391391391390000010, 0.3520087327893625107
1.1416416416420001045, 0.3185522619484243423
1.1441441441439998972, 0.2900259767831392388
1.1466466466470000007, 0.2655269097777913645
1.1491491491490000154, 0.2443510167444740977
1.1516516516519998969, 0.2259429793229516537
1.1541541541539999116, 0.2098601950092045254
1.1566566566570000152, 0.1957465548014445944
1.1591591591590000299, 0.1833130858205490876
1.1616616616619999114, 0.1723234826057515601
1.1641641641639999261, 0.1625831687255655800
1.1666666666670000296, 0.1539309409917445082
1.1691691691690000443, 0.1462325259135448807
1.1716716716719999258, 0.1393755681823425352
1.1741741741739999405, 0.1332657031829750927
1.1766766766770000441, 0.1278234586613434809
1.1791791791790000588, 0.1229817971083473210
1.1816816816819999403, 0.1186841583770546910
1.1841841841839999550, 0.1148828970840581193
1.1866866866870000585, 0.1115380352531479824
1.1891891891890000732, 0.1086162700708381279
1.1916916916919999547, 0.1060901913890107129
1.1941941941939999694, 0.1039376750524216853
1.1966966966970000730, 0.1021414272126610484
1.1991991991990000876, 0.1006886622391245240
1.2017017017019999692, 0.0995709032169342922
1.2042042042039999838, 0.0987838997998154167
1.2067067067070000874, 0.0983276637830234890
1.2092092092090001021, 0.0982066285937276129
1.2117117117119999836, 0.0984299454207560598
1.2142142142139999983, 0.0990119364724817708
1.2167167167170001019, 0.0999727355728085298
1.2192192192189998945, 0.1013391589508055857
1.2217217217219999981, 0.1031458660202619060
1.2242242242240000127, 0.1054368931701215317
1.2267267267269998943, 0.1082676760422905393
1.2292292292289999089, 0.1117077219069131933
1.2317317317320000125, 0.1158441603858592073
1.2342342342340000272, 0.1207864985936168978
1.2367367367369999087, 0.1266730527399283490
1.2392392392389999234, 0.1336797499122295840
1.2417417417420000270, 0.1420323367407894111
1.2442442442440000416, 0.1520235732035359055
1.2467467467469999232, 0.1640378640648965936
1.2492492492489999378, 0.1785872265374302548
1.2517517517520000414, 0.1963649501250416818
1.2542542542540000561, 0.2183276076738711602
1.2567567567569999376, 0.2458238694380333600
1.2592592592589999523, 0.2808032306372134634
1.2617617617620000559, 0.3261665540234950367
1.2642642642640000705, 0.3863797528895616118
1.2667667667669999521, 0.4686018535402967644
1.2692692692689999667, 0.5848825405748351303
1.2717717717720000703, 0.7567544707130413606
1.2742742742740000850, 1.0256965060542251322
1.2767767767769999665, 1.4797074614656573477
1.2792792792789999812, 2.3308438910751423379
1.2817817817820000847, 4.1850554602196670118
1.2842842842840000994, 9.1694930761402346775
1.2867867867869999809, 23.8895194418114762414
1.2892892892889999956, 25.8480110435623018361
1.2917917917920000992, 10.0415725774878978882
1.2942942942939998918, 4.4802116039653396840
1.2967967967969999954, 2.4585917264143364314
1.2992992992990000101, 1.5481764883993043291
1.3018018018019998916, 1.0694210389482496915
1.3043043043039999063, 0.7890984029881028539
1.3068068068070000098, 0.6118439288292186751
1.3093093093090000245, 0.4932055695307940857
1.3118118118119999060, 0.4103078504602789556
1.3143143143139999207, 0.3504411894838868058
1.3168168168170000243, 0.3061017860525763190
1.3193193193190000390, 0.2726364826533992924
1.3218218218219999205, 0.2470415905625782949
1.3243243243239999352, 0.2273130469146706634
1.3268268268270000387, 0.2120770686751058953
1.3293293293290000534, 0.2003712951645549856
1.3318318318319999349, 0.1915104314861685308
1.3343343343339999496, 0.1850012622570465504
1.3368368368370000532, 0.1804875470501744461
1.3393393393390000679, 0.1777135954527551687
1.3418418418419999494, 0.1764998846515707098
1.3443443443439999641, 0.1767266883445628989
1.3468468468470000676, 0.1783232243126473549
1.3493493493490000823, 0.1812607681680763472
1.3518518518519999638, 0.1855487785300275472
1.3543543543539999785, 0.1912334792879547551
1.3568568568570000821, 0.1983986340275246951
1.3593593593590000967, 0.2071684812859187486
1.3618618618619999783, 0.2177130167700961627
1.3643643643639999929, 0.2302560442265622065
1.3668668668670000965, 0.2450867068603942434
1.3693693693689998891, 0.2625756031584652872
1.3718718718719999927, 0.2831971533135113073
1.3743743743740000074, 0.3075607227444068226
1.3768768768770001110, 0.3364543038178414713
1.3793793793789999036, 0.3709066046525829607
1.3818818818820000072, 0.4122767163964611292
1.3843843843840000218, 0.4623860650695779118
1.3868868868869999034, 0.5237168396807505566
1.3893893893889999180, 0.5997178625800391183
1.3918918918920000216, 0.6952895884103234003
1.3943943943940000363, 0.8175784482867941572
1.3968968968969999178, 0.9773274120737965864
1.3993993993989999325, 1.1912745321363293893
1.4019019019020000361, 1.4866373270828969755
1.4044044044040000507, 1.9100284683933415053
1.4069069069069999323, 2.5465571355871583492
1.4094094094089999469, 3.5647224625277060817
1.4119119119120000505, 5.3350223696248022520
1.4144144144140000652, 8.7940248240666978319
1.4169169169169999467, 16.7910108449022246191
1.4194194194189999614, 39.8231681070359613273
1.4219219219220000650, 95.5522269288762231554
1.4244244244240000796, 63.8816473738971808416
1.4269269269269999612, 24.5901684333275589722
1.4294294294289999758, 11.7020629745007305189
1.4319319319320000794, 6.6694784899004950773
1.4344344344340000941, 4.2734935843765748942
1.4369369369369999756, 2.9628727142418238572
1.4394394394389999903, 2.1724565405785525307
1.4419419419420000938, 1.6605239797154649484
1.4444444444440001085, 1.3105245302560639686
1.4469469469469999900, 1.0608880302784586824
1.4494494494490000047, 0.8766806239241710097
1.4519519519520001083, 0.7369137234513513102
1.4544544544539999009, 0.6283724701379194144
1.4569569569570000045, 0.5424055263254509152
1.4594594594590000192, 0.4731592601701648526
1.4619619619619999007, 0.4165595880180440469
1.4644644644639999154, 0.3697008122698183241
1.4669669669670000189, 0.3304657901654449725
1.4694694694690000336, 0.2972826054171021082
1.4719719719719999151, 0.2689644710609673250
1.4744744744739999298, 0.2446018715517964681
1.4769769769770000334, 0.2234883468048306510
1.4794794794790000481, 0.2050684462618999060
1.4819819819819999296, 0.1889005990435266014
1.4844844844839999443, 0.1746302097867475367
1.4869869869870000478, 0.1619698853190603138
1.4894894894890000625, 0.1506847120922200078
1.4919919919919999440, 0.1405811625511010354
1.4944944944939999587, 0.1314986433831285551
1.4969969969970000623, 0.1233029905660786157
1.4994994994990000770, 0.1158814152354543103
1.5020020020019999585, 0.1091385421059341415
1.5045045045050000621, 0.1029932786955848473
1.5070070070070000767, 0.0973763220759336634
1.5095095095099999583, 0.0922281590106687199
1.5120120120119999729, 0.0874974509892235131
1.5145145145150000765, 0.0831397217760707491
1.5170170170170000912, 0.0791162844106731017
1.5195195195199999727, 0.0753933590046775570
1.5220220220219999874, 0.0719413435268435597
1.5245245245250000909, 0.0687342079900603031
1.5270270270270001056, 0.0657489887385119265
1.5295295295299999871, 0.0629653643683334568
1.5320320320320000018, 0.0603652985608356396
1.5345345345350001054, 0.0579327380277153553
1.5370370370369998980, 0.0556533560582234202
1.5395395395400000016, 0.0535143339653347955
1.5420420420420000163, 0.0515041741614444548
1.5445445445449998978, 0.0496125397372000065
1.5470470470469999125, 0.0478301163332599394
1.5495495495500000160, 0.0461484928325318552
1.5520520520520000307, 0.0445600579973428890
1.5545545545549999122, 0.0430579106610299162
1.5570570570569999269, 0.0416357814792264747
1.5595595595600000305, 0.0402879645704503700
1.5620620620620000452, 0.0390092576423418658
1.5645645645649999267, 0.0377949094201620525
1.5670670670669999414, 0.0366405733766737990
1.5695695695700000449, 0.0355422669142769834
1.5720720720720000596, 0.0344963352769002835
1.5745745745749999411, 0.0334994195751191007
1.5770770770769999558, 0.0325484283969554727
1.5795795795800000594, 0.0316405125517566846
1.5820820820820000741, 0.0307730425578311428
1.5845845845849999556, 0.0299435885381404317
1.5870870870869999703, 0.0291499022338647662
1.5895895895900000738, 0.0283899008844322315
1.5920920920920000885, 0.0276616527557008753
1.5945945945949999700, 0.0269633641263007755
1.5970970970969999847, 0.0262933675664511479
1.5995995996000000883, 0.0256501113644538176
1.6021021021020001029, 0.0250321499740729994
1.6046046046049999845, 0.0244381353715651464
1.6071071071069999991, 0.0238668092245760341
1.6096096096100001027, 0.0233169957868044342
1.6121121121119998953, 0.0227875954424702834
1.6146146146149999989, 0.0222775788334623401
1.6171171171170000136, 0.0217859815097458456
1.6196196196199998951, 0.0213118990503463647
1.6221221221219999098, 0.0208544826081234758
1.6246246246250000134, 0.0204129348367203846
1.6271271271270000280, 0.0199865061626207235
1.6296296296299999096, 0.0195744913692428579
1.6321321321319999242, 0.0191762264635281753
1.6346346346350000278, 0.0187910857985920041
1.6371371371370000425, 0.0184184794287586620
1.6396396396399999240, 0.0180578506757390553
1.6421421421419999387, 0.0177086738868712720
1.6446446446450000423, 0.0173704523682641256
1.6471471471470000569, 0.0170427164773912891
1.6496496496499999385, 0.0167250218612041424
1.6521521521519999531, 0.0164169478271875419
1.6546546546550000567, 0.0161180958359937836
1.6571571571570000714, 0.0158280881053723538
1.6596596596599999529, 0.0155465663160825260
1.6621621621619999676, 0.0152731904113444245
1.6646646646650000712, 0.0150076374821636101
1.6671671671670000858, 0.0147496007315645293
1.6696696696699999674, 0.0144987885113983493
1.6721721721719999820, 0.0142549234259572704
1.6746746746750000856, 0.0140177414971393854
1.6771771771770001003, 0.0137869913863688659
1.6796796796799999818, 0.0135624336688934602
1.6821821821819999965, 0.0133438401564578944
1.6846846846850001000, 0.0131309932646930267
1.6871871871869998927, 0.0129236854218696788
1.6896896896899999962, 0.0127217185159463272
1.6921921921920000109, 0.0125249033770944672
1.6946946946949998924, 0.0123330592931165505
1.6971971971969999071, 0.0121460135553819095
1.6996996997000000107, 0.0119636010330973243
1.7022022022020000254, 0.0117856637739035559
1.7047047047049999069, 0.0116120506289481180
1.7072072072069999216, 0.0114426169007297053
1.7097097097100000251, 0.0112772240121424578
1.7122122122120000398, 0.0111157391952694719
1.7147147147149999213, 0.0109580351985856441
1.7172172172169999360, 0.0108039900113319435
1.7197197197200000396, 0.0106534866039158689
1.7222222222220000543, 0.0105064126832784665
1.7247247247249999358, 0.0103626604622465285
1.7272272272269999505, 0.0102221264419605391
1.7297297297300000540, 0.0100847112065350943
1.7322322322320000687, 0.0099503192291693007
1.7347347347349999502, 0.0098188586889807038
1.7372372372369999649, 0.0096902412978877740
1.7397397397400000685, 0.0095643821369135514
1.7422422422420000832, 0.0094411995013268957
1.7447447447449999647, 0.0093206147540781364
1.7472472472469999794, 0.0092025521870234064
1.7497497497500000829, 0.0090869388894663609
1.7522522522520000976, 0.0089737046235778828
1.7547547547549999791, 0.0088627817062840175
1.7572572572569999938, 0.0087541048972395834
1.7597597597600000974, 0.0086476112925302964
1.7622622622619998900, 0.0085432402237697116
1.7647647647649999936, 0.0084409331622790421
1.7672672672670000082, 0.0083406336280581091
1.7697697697699998898, 0.0082422871032744281
1.7722722722719999044, 0.0081458409500148252
1.7747747747750000080, 0.0080512443320603366
1.7772772772770000227, 0.0079584481404598728
1.7797797797799999042, 0.0078674049226925176
1.7822822822819999189, 0.0077780688152210894
1.7847847847850000225, 0.0076903954792518926
1.7872872872870000371, 0.0076043420395268463
1.7897897897899999187, 0.0075198670259847729
1.7922922922919999333, 0.0074369303181384440
1.7947947947950000369, 0.0073554930920231888
1.7972972972970000516, 0.0072755177695814407
1.7997997997999999331, 0.0071969679703556373
1.8023023023019999478, 0.0071198084653693594
1.8048048048050000514, 0.0070440051330836065
1.8073073073070000660, 0.0069695249173216548
1.8098098098099999476, 0.0068963357870621160
1.8123123123119999622, 0.0068244066980054831
1.8148148148150000658, 0.0067537075558249185
1.8173173173170000805, 0.0066842091810169913
1.8198198198199999620, 0.0066158832752728864
1.8223223223219999767, 0.0065487023892949730
1.8248248248250000803, 0.0064826398919878101
1.8273273273270000949, 0.0064176699409565566
1.8298298298299999765, 0.0063537674542494477
1.8323323323319999911, 0.0062909080832844163
1.8348348348350000947, 0.0062290681869031795
1.8373373373370001094, 0.0061682248064991660
1.8398398398399999909, 0.0061083556421685208
1.8423423423420000056, 0.0060494390298361025
1.8448448448450001091, 0.0059914539193109415
1.8473473473469999018, 0.0059343798532280126
1.8498498498500000053, 0.0058781969468354039
1.8523523523520000200, 0.0058228858685881110
1.8548548548549999015, 0.0057684278215116786
1.8573573573569999162, 0.0057148045253007547
1.8598598598600000198, 0.0056619981991194732
1.8623623623620000345, 0.0056099915450721861
1.8648648648649999160, 0.0055587677323146855
1.8673673673669999307, 0.0055083103817775512
1.8698698698700000342, 0.0054586035514746552
1.8723723723720000489, 0.0054096317223711939
1.8748748748749999304, 0.0053613797847868929
1.8773773773769999451, 0.0053138330253111920
1.8798798798800000487, 0.0052669771142083927
1.8823823823820000634, 0.0052207980932917376
1.8848848848849999449, 0.0051752823642465164
1.8873873873869999596, 0.0051304166773831154
1.8898898898900000631, 0.0050861881208019589
1.8923923923920000778, 0.0050425841099530364
1.8948948948949999593, 0.0049995923775736223
1.8973973973969999740, 0.0049572009639884795
1.8998998999000000776, 0.0049153982077576189
1.9024024024020000923, 0.0048741727366573727
1.9049049049049999738, 0.0048335134589811779
1.9074074074069999885, 0.0047934095551470995
1.9099099099100000920, 0.0047538504695997293
1.9124124124120001067, 0.0047148259029946224
1.9149149149149999882, 0.0046763258046540017
1.9174174174170000029, 0.0046383403652829570
1.9199199199200001065, 0.0046008600099358282
1.9224224224219998991, 0.0045638753912229492
1.9249249249250000027, 0.0045273773827483373
1.9274274274270000173, 0.0044913570727693509
1.9299299299299998989, 0.0044558057580697122
1.9324324324319999135, 0.0044207149380376650
1.9349349349350000171, 0.0043860763089414306
1.9374374374370000318, 0.0043518817583943960
1.9399399399399999133, 0.0043181233600028766
1.9424424424419999280, 0.0042847933681895026
1.9449449449450000316, 0.0042518842131856905
1.9474474474470000462, 0.0042193884961868183
1.9499499499499999278, 0.0041872989846640837
1.9524524524519999424, 0.0041556086078272329
1.9549549549550000460, 0.0041243104522325838
1.9574574574570000607, 0.0040933977575310365
1.9599599599599999422, 0.0040628639123509412
1.9624624624619999569, 0.0040327024503109300
1.9649649649650000605, 0.0040029070461580132
1.9674674674670000751, 0.0039734715120264292
1.9699699699699999567, 0.0039443897938129160
1.9724724724719999713, 0.0039156559676642687
1.9749749749750000749, 0.0038872642365731687
1.9774774774770000896, 0.0038592089270784993
1.9799799799799999711, 0.0038314844860664241
1.9824824824819999858, 0.0038040854776687505
1.9849849849850000894, 0.0037770065802551446
1.9874874874870001040, 0.0037502425835159751
1.9899899899899999856, 0.0037237883856326335
1.9924924924920000002, 0.0036976389905323337
1.9949949949950001038, 0.0036717895052245015
1.9974974974969998964, 0.0036462351372159637
2.0000000000000000000, 0.0036209711920022793
