# Delta1: 0.465
# Delta2: 1.17
# Delta3: 1.355
# Dq: 0.1355
# Ds: 0.04
# Dt: 0.061000000000000006
# k1_lab: [1, 0, 0]
# k2_lab: [-0.8660254037844387, 0.49999999999999994, 0.0]
# k1_cf: [-0.6123724356957946, -0.6123724356957946, -0.4999999999999998]
# k2_cf: [0.35355339059327395, 0.35355339059327395, 0.8660254037844385]
# pol1_lab: [(0, 1, 0), (0, 0, 1)]
# pol2_lab: [array([-0.5      , -0.8660254,  0.       ]), array([0., 0., 1.])]
# pol1_cf: [array([-0.35355339, -0.35355339,  0.8660254 ]), array([-0.70710678,  0.70710678,  0.        ])]
# pol2_cf: [array([ 0.61237244,  0.61237244, -0.5       ]), array([-0.70710678,  0.70710678,  0.        ])]
# cf: [array([-0.61237244, -0.35355339, -0.70710678]), array([-0.61237244, -0.35355339,  0.70710678]), array([-0.5      ,  0.8660254,  0.       ])]
# th: 120
-0.5000000000000000000, 0.0064517760168940688
-0.4974974974974999964, 0.0065110402080116921
-0.4949949949949999928, 0.0065711718231107564
-0.4924924924924999892, 0.0066321882506084973
-0.4899899899899999856, 0.0066941073207714219
-0.4874874874874999819, 0.0067569473193103032
-0.4849849849849999783, 0.0068207270014665825
-0.4824824824824999747, 0.0068854656066106284
-0.4799799799800000266, 0.0069511828733731969
-0.4774774774775000230, 0.0070178990553325165
-0.4749749749750000194, 0.0070856349372804429
-0.4724724724725000158, 0.0071544118520922833
-0.4699699699700000122, 0.0072242516982260162
-0.4674674674675000086, 0.0072951769578779441
-0.4649649649650000049, 0.0073672107158230431
-0.4624624624625000013, 0.0074403766789698242
-0.4599599599599999977, 0.0075146991966606735
-0.4574574574574999941, 0.0075902032817505433
-0.4549549549549999905, 0.0076669146324981948
-0.4524524524524999869, 0.0077448596553060817
-0.4499499499499000077, 0.0078240654883466373
-0.4474474474474000041, 0.0079045600261147923
-0.4449449449449000005, 0.0079863719449484172
-0.4424424424423999969, 0.0080695307295606065
-0.4399399399398999932, 0.0081540667006299115
-0.4374374374373999896, 0.0082400110434971349
-0.4349349349348999860, 0.0083273958380195821
-0.4324324324323999824, 0.0084162540896366017
-0.4299299299298999788, 0.0085066197617029177
-0.4274274274273999752, 0.0085985278091492041
-0.4249249249249000271, 0.0086920142135326305
-0.4224224224224000235, 0.0087871160195433975
-0.4199199199199000199, 0.0088838713730368529
-0.4174174174174000163, 0.0089823195606644392
-0.4149149149149000126, 0.0090825010511809759
-0.4124124124124000090, 0.0091844575385096119
-0.4099099099099000054, 0.0092882319866507621
-0.4074074074074000018, 0.0093938686765256199
-0.4049049049048999982, 0.0095014132548502973
-0.4024024024023999946, 0.0096109127851418449
-0.3998998998998999910, 0.0097224158009630440
-0.3973973973973999874, 0.0098359723615192435
-0.3948948948948999838, 0.0099516341097265378
-0.3923923923923999801, 0.0100694543328779772
-0.3898898898898999765, 0.0101894880260413288
-0.3873873873873999729, 0.0103117919583301087
-0.3848848848849000248, 0.0104364247421976225
-0.3823823823824000212, 0.0105634469059128037
-0.3798798798799000176, 0.0106929209693859377
-0.3773773773774000140, 0.0108249115235225304
-0.3748748748749000104, 0.0109594853132942462
-0.3723723723724000068, 0.0110967113247273028
-0.3698698698699000031, 0.0112366608760210464
-0.3673673673673999995, 0.0113794077130223662
-0.3648648648648999959, 0.0115250281092957180
-0.3623623623623999923, 0.0116736009710433249
-0.3598598598598999887, 0.0118252079471463413
-0.3573573573573999851, 0.0119799335446145495
-0.3548548548548999815, 0.0121378652497508600
-0.3523523523523999779, 0.0122990936553561241
-0.3498498498497999987, 0.0124637125943211878
-0.3473473473472999951, 0.0126318192799753405
-0.3448448448447999914, 0.0128035144535847013
-0.3423423423422999878, 0.0129789025394200733
-0.3398398398397999842, 0.0131580918078415300
-0.3373373373372999806, 0.0133411945468771519
-0.3348348348347999770, 0.0135283272428053901
-0.3323323323322999734, 0.0137196107702853651
-0.3298298298298000253, 0.0139151705926164933
-0.3273273273273000217, 0.0141151369727490657
-0.3248248248248000181, 0.0143196451957109342
-0.3223223223223000145, 0.0145288358031614336
-0.3198198198198000108, 0.0147428548408346603
-0.3173173173173000072, 0.0149618541196881449
-0.3148148148148000036, 0.0151859914916314068
-0.3123123123123000000, 0.0154154311407727496
-0.3098098098097999964, 0.0156503438911903131
-0.3073073073072999928, 0.0158909075323081066
-0.3048048048047999892, 0.0161373071630377743
-0.3023023023022999856, 0.0163897355559330035
-0.2997997997997999819, 0.0166483935426987271
-0.2972972972972999783, 0.0169134904224980363
-0.2947947947947999747, 0.0171852443946113563
-0.2922922922923000266, 0.0174638830171224523
-0.2897897897898000230, 0.0177496436934358598
-0.2872872872873000194, 0.0180427741885736195
-0.2847847847848000158, 0.0183435331773526833
-0.2822822822823000122, 0.0186521908267131692
-0.2797797797798000086, 0.0189690294146517384
-0.2772772772773000050, 0.0192943439884130444
-0.2747747747748000013, 0.0196284430648124807
-0.2722722722722999977, 0.0199716493758005653
-0.2697697697697999941, 0.0203243006626406229
-0.2672672672672999905, 0.0206867505223574423
-0.2647647647647999869, 0.0210593693104258357
-0.2622622622622999833, 0.0214425451040113069
-0.2597597597597999797, 0.0218366847304504452
-0.2572572572572999761, 0.0222422148660701979
-0.2547547547547999724, 0.0226595832108994269
-0.2522522522523000243, 0.0230892597453224435
-0.2497497497496999896, 0.0235317380752739988
-0.2472472472472000138, 0.0239875368731779400
-0.2447447447447000102, 0.0244572014224983675
-0.2422422422422000066, 0.0249413052745067650
-0.2397397397397000030, 0.0254404520266811839
-0.2372372372371999993, 0.0259552772330508275
-0.2347347347346999957, 0.0264864504577955184
-0.2322322322321999921, 0.0270346774845096061
-0.2297297297296999885, 0.0276007026947643237
-0.2272272272272000126, 0.0281853116309599902
-0.2247247247247000090, 0.0287893337599695112
-0.2222222222222000054, 0.0294136454557560184
-0.2197197197197000018, 0.0300591732210209045
-0.2172172172171999982, 0.0307268971700286921
-0.2147147147146999946, 0.0314178547970910826
-0.2122122122121999910, 0.0321331450578043465
-0.2097097097096999874, 0.0328739327930600220
-0.2072072072072000115, 0.0336414535291301095
-0.2047047047047000079, 0.0344370186908114911
-0.2022022022022000043, 0.0352620212687577844
-0.1996996996997000007, 0.0361179419867910731
-0.1971971971971999971, 0.0370063560202463712
-0.1946946946946999935, 0.0379289403223413771
-0.1921921921921999898, 0.0388874816222826852
-0.1896896896896999862, 0.0398838851664286773
-0.1871871871872000104, 0.0409201842824622533
-0.1846846846847000068, 0.0419985508563365598
-0.1821821821822000032, 0.0431213068229218469
-0.1796796796796999995, 0.0442909367840119764
-0.1771771771771999959, 0.0455101018818881778
-0.1746746746746999923, 0.0467816550732729347
-0.1721721721721999887, 0.0481086579675763654
-0.1696696696697000128, 0.0494943994152359651
-0.1671671671672000092, 0.0509424160571512741
-0.1646646646647000056, 0.0524565150752686823
-0.1621621621622000020, 0.0540407994179406548
-0.1596596596596999984, 0.0556996958125498889
-0.1571571571571999948, 0.0574379859229858999
-0.1546546546546999912, 0.0592608410620098780
-0.1521521521521999876, 0.0611738609296737929
-0.1496496496496000084, 0.0631831169203952159
-0.1471471471471000048, 0.0652952006249531008
-0.1446446446446000011, 0.0675172782519214143
-0.1421421421420999975, 0.0698571518087394566
-0.1396396396395999939, 0.0723233280191786926
-0.1371371371370999903, 0.0749250961156586320
-0.1346346346345999867, 0.0776726158368286762
-0.1321321321321000108, 0.0805770171894613502
-0.1296296296296000072, 0.0836505138068193849
-0.1271271271271000036, 0.0869065320629813509
-0.1246246246246000000, 0.0903598584962246876
-0.1221221221220999964, 0.0940268085695135786
-0.1196196196196000067, 0.0979254203713219029
-0.1171171171171000031, 0.1020756775591939863
-0.1146146146145999994, 0.1064997667016431143
-0.1121121121120999958, 0.1112223752193829962
-0.1096096096096000061, 0.1162710374131827457
-0.1071071071071000025, 0.1216765376553130829
-0.1046046046045999989, 0.1274733817952308501
-0.1021021021020999953, 0.1337003502923211629
-0.0995995995996000055, 0.1404011496755616928
-0.0970970970971000019, 0.1476251828207958694
-0.0945945945945900063, 0.1554284634671926901
-0.0920920920920900027, 0.1638747066795873952
-0.0895895895895899991, 0.1730366350232273587
-0.0870870870870899955, 0.1829975506190722745
-0.0845845845845799998, 0.1938532367617865626
-0.0820820820820799962, 0.2057142704644234765
-0.0795795795795800065, 0.2187088506020009870
-0.0770770770770800029, 0.2329862772936602822
-0.0745745745745699934, 0.2487212596513398433
-0.0720720720720700037, 0.2661192850995535153
-0.0695695695695700000, 0.2854233599811133448
-0.0670670670670699964, 0.3069225366022482748
-0.0645645645645600008, 0.3309627887337097119
-0.0620620620620599972, 0.3579610044933488888
-0.0595595595595600005, 0.3884231606245670543
-0.0570570570570599969, 0.4229681685963978532
-0.0545545545545500013, 0.4623595079026530108
-0.0520520520520499977, 0.5075476919727694991
-0.0495495495495500010, 0.5597280192658740106
-0.0470470470470499974, 0.6204202298549739147
-0.0445445445445400018, 0.6915800934916919163
-0.0420420420420399982, 0.7757584222286160180
-0.0395395395395400015, 0.8763319874683241917
-0.0370370370370399979, 0.9978459864011650637
-0.0345345345345300023, 1.1465340513735720052
-0.0320320320320299987, 1.3311290946515872413
-0.0295295295295299985, 1.5641663709551756334
-0.0270270270270299984, 1.8641512000950810624
-0.0245245245245199993, 2.2593122565716243777
-0.0220220220220199991, 2.7944116067674800163
-0.0195195195195199990, 3.5438062268148713407
-0.0170170170170199989, 4.6382312529605087548
-0.0145145145145099998, 6.3244074829605052557
-0.0120120120120099996, 9.1119977502223132859
-0.0095095095095099995, 14.1863606033005140716
-0.0070070070070070000, 24.7781702093356770433
-0.0045045045045049997, 51.6695708846580785689
-0.0020020020020019998, 133.6798964273712613249
0.0005005005005005000, 210.9496864995302303214
0.0030030030030029999, 89.8155505625698253880
0.0055055055055059999, 37.5096241351991750435
0.0080080080080079993, 19.4873290823353144674
0.0105105105105099995, 11.7514095977911878776
0.0130130130130099997, 7.8127498978727558665
0.0155155155155200005, 5.5553559188836718619
0.0180180180180199989, 4.1473505050696051200
0.0205205205205199991, 3.2121519369777784547
0.0230230230230199992, 2.5602149887199030509
0.0255255255255299983, 2.0880112480607184722
0.0280280280280299984, 1.7352184563130359507
0.0305305305305299986, 1.4648019867932038363
0.0330330330330299987, 1.2530222416216081349
0.0355355355355400013, 1.0841013671789065942
0.0380380380380399979, 0.9472255376167431073
0.0405405405405400016, 0.8347844079163949660
0.0430430430430399982, 0.7412974493134598664
0.0455455455455500008, 0.6627374155317867777
0.0480480480480499975, 0.5960916625533516644
0.0505505505505500011, 0.5390704120670277710
0.0530530530530499977, 0.4899083225630226357
0.0555555555555600003, 0.4472267785868894729
0.0580580580580599970, 0.4099365690664014128
0.0605605605605600006, 0.3771679701416258967
0.0630630630630600042, 0.3482197597877520479
0.0655655655655699998, 0.3225215271598284028
0.0680680680680700034, 0.2996054591177285120
0.0705705705705699932, 0.2790849762727355965
0.0730730730730699968, 0.2606383826833787998
0.0755755755755800063, 0.2439962287203560620
0.0780780780780799960, 0.2289314540440532397
0.0805805805805799996, 0.2152516332742955840
0.0830830830830800032, 0.2027928270745402717
0.0855855855855899988, 0.1914146698338999308
0.0880880880880900025, 0.1809964177597182533
0.0905905905905900061, 0.1714337486833279467
0.0930930930930899958, 0.1626361545367010497
0.0955955955956000053, 0.1545248043273948491
0.0980980980980999950, 0.1470307830528867488
0.1006006006005999986, 0.1400936328459162217
0.1031031031031000023, 0.1336601385078987625
0.1056056056056000059, 0.1276833117479934387
0.1081081081080999956, 0.1221215378307722310
0.1106106106105999992, 0.1169378556266169045
0.1131131131131000028, 0.1120993477586530174
0.1156156156156000064, 0.1075766220221093389
0.1181181181180999962, 0.1033433687965565340
0.1206206206205999998, 0.0993759819897798713
0.1231231231231000034, 0.0956532333044577271
0.1256256256256000070, 0.0921559914278558961
0.1281281281281000106, 0.0888669792045414936
0.1306306306305999865, 0.0857705630354274606
0.1331331331330999901, 0.0828525697097983876
0.1356356356355999937, 0.0801001266644989496
0.1381381381380999973, 0.0775015223108423135
0.1406406406406000009, 0.0750460836023564837
0.1431431431431000045, 0.0727240684568936646
0.1456456456456000081, 0.0705265710121236178
0.1481481481481000118, 0.0684454379977960659
0.1506506506506999910, 0.0664731947624570274
0.1531531531531999946, 0.0646029797054455956
0.1556556556556999982, 0.0628284860441989945
0.1581581581582000018, 0.0611439099980046127
0.1606606606607000054, 0.0595439045971296807
0.1631631631632000090, 0.0580235384346324129
0.1656656656657000126, 0.0565782587703125214
0.1681681681681999885, 0.0552038584748264921
0.1706706706706999921, 0.0538964463691487053
0.1731731731731999957, 0.0526524205721018851
0.1756756756756999993, 0.0514684445181097378
0.1781781781782000029, 0.0503414253498763731
0.1806806806807000065, 0.0492684944274238909
0.1831831831832000101, 0.0482469897266825792
0.1856856856857000138, 0.0472744399283627423
0.1881881881881999896, 0.0463485500217624066
0.1906906906906999932, 0.0454671882689927989
0.1931931931931999968, 0.0446283743932829602
0.1956956956957000004, 0.0438302688709222704
0.1981981981982000041, 0.0430711632203355302
0.2007007007007000077, 0.0423494711940307980
0.2032032032032000113, 0.0416637207899431400
0.2057057057056999871, 0.0410125470082213506
0.2082082082081999908, 0.0403946852879351753
0.2107107107106999944, 0.0398089655656661615
0.2132132132131999980, 0.0392543069046152118
0.2157157157157000016, 0.0387297126488185400
0.2182182182182000052, 0.0382342660624139727
0.2207207207207000088, 0.0377671264187192171
0.2232232232232000124, 0.0373275255082500187
0.2257257257256999883, 0.0369147645387832637
0.2282282282281999919, 0.0365282114042144584
0.2307307307306999955, 0.0361672983023258593
0.2332332332331999991, 0.0358315196847140902
0.2357357357357000027, 0.0355204305250702707
0.2382382382382000063, 0.0352336448948004227
0.2407407407407000099, 0.0349708348376556594
0.2432432432432000136, 0.0347317295376486715
0.2457457457456999894, 0.0345161147770978102
0.2482482482481999930, 0.0343238326841984326
0.2507507507508000000, 0.0341547817721084904
0.2532532532533000036, 0.0340089172741853824
0.2557557557558000072, 0.0338862517827653725
0.2582582582583000108, 0.0337868562017710553
0.2607607607608000144, 0.0337108610265143827
0.2632632632633000180, 0.0336584579673777709
0.2657657657658000216, 0.0336299019376587321
0.2682682682683000253, 0.0336255134298139857
0.2707707707707999734, 0.0336456813087057591
0.2732732732732999770, 0.0336908660553146971
0.2757757757757999806, 0.0337616034998290057
0.2782782782782999842, 0.0338585090891565244
0.2807807807807999878, 0.0339822827408524930
0.2832832832832999914, 0.0341337143433590451
0.2857857857857999950, 0.0343136899714763730
0.2882882882882999986, 0.0345231988963312572
0.2907907907908000023, 0.0347633414810107066
0.2932932932933000059, 0.0350353380667632885
0.2957957957958000095, 0.0353405389705751943
0.2982982982983000131, 0.0356804357333957087
0.3008008008008000167, 0.0360566737797953021
0.3033033033033000203, 0.0364710666749665929
0.3058058058058000239, 0.0369256121944081944
0.3083083083083000275, 0.0374225104562117827
0.3108108108107999756, 0.0379641844066148926
0.3133133133132999792, 0.0385533029976275893
0.3158158158157999829, 0.0391928074526147890
0.3183183183182999865, 0.0398859410835668143
0.3208208208207999901, 0.0406362832047266059
0.3233233233232999937, 0.0414477877840867467
0.3258258258257999973, 0.0423248275905439356
0.3283283283283000009, 0.0432722447345930405
0.3308308308308000045, 0.0442954086698228722
0.3333333333333000081, 0.0454002829280533010
0.3358358358358000118, 0.0465935021113973863
0.3383383383383000154, 0.0478824609708811758
0.3408408408408000190, 0.0492754177775451691
0.3433433433433000226, 0.0507816146561440446
0.3458458458458000262, 0.0524114181268223456
0.3483483483482999743, 0.0541764838163701010
0.3508508508509000090, 0.0560899501968427777
0.3533533533534000126, 0.0581666673364554868
0.3558558558559000162, 0.0604234680728950105
0.3583583583584000198, 0.0628794908316486906
0.3608608608609000235, 0.0655565656304828298
0.3633633633634000271, 0.0684796777957225600
0.3658658658658999752, 0.0716775277830503654
0.3683683683683999788, 0.0751832105408250240
0.3708708708708999824, 0.0790350444846354833
0.3733733733733999860, 0.0832775889333890740
0.3758758758758999896, 0.0879629005826181309
0.3783783783783999932, 0.0931520953824312437
0.3808808808808999968, 0.0989173036516775850
0.3833833833834000004, 0.1053441357199936812
0.3858858858859000041, 0.1125348162464833435
0.3883883883884000077, 0.1206122026596806174
0.3908908908909000113, 0.1297249844730059554
0.3933933933934000149, 0.1400544770989324839
0.3958958958959000185, 0.1518235940866642653
0.3983983983984000221, 0.1653088335741838000
0.4009009009009000257, 0.1808564932601182951
0.4034034034033999738, 0.1989049070366693817
0.4059059059058999774, 0.2200153985504209042
0.4084084084083999810, 0.2449160824245705526
0.4109109109108999847, 0.2745649806922016434
0.4134134134133999883, 0.3102428231363182354
0.4159159159158999919, 0.3536925975006331990
0.4184184184183999955, 0.4073347774156368395
0.4209209209208999991, 0.4746089147227000038
0.4234234234234000027, 0.5605338120654935752
0.4259259259259000063, 0.6726614277429995292
0.4284284284284000099, 0.8227741671031023607
0.4309309309309000136, 1.0300653889179200995
0.4334334334334000172, 1.3274801784267469262
0.4359359359359000208, 1.7753461002838410998
0.4384384384384000244, 2.4935451626228894995
0.4409409409408999725, 3.7469728673420532594
0.4434434434433999761, 6.2096782677356898716
0.4459459459458999797, 11.9497529625904004291
0.4484484484483999833, 28.6167085871451334356
0.4509509509510000180, 67.1085962359501877472
0.4534534534535000216, 42.3980641135850788714
0.4559559559560000253, 16.3973332008905146040
0.4584584584584999734, 7.8714060420136204854
0.4609609609609999770, 4.5115131113594379997
0.4634634634634999806, 2.9012189119405853432
0.4659659659659999842, 2.0163593750030601726
0.4684684684684999878, 1.4810043218236399465
0.4709709709709999914, 1.1334665120991638254
0.4734734734734999950, 0.8954569855830224467
0.4759759759759999986, 0.7254835876629766034
0.4784784784785000022, 0.5999438167129138577
0.4809809809810000059, 0.5046275657522555358
0.4834834834835000095, 0.4305725262045460022
0.4859859859860000131, 0.3719029715849003770
0.4884884884885000167, 0.3246384847187837042
0.4909909909910000203, 0.2860058670963277483
0.4934934934935000239, 0.2540254784295252755
0.4959959959960000275, 0.2272538130172891968
0.4984984984984999756, 0.2046183986698258128
0.5010010010009999792, 0.1853090586600862344
0.5035035035035000384, 0.1687045884939357698
0.5060060060059999865, 0.1543222622364336938
0.5085085085085000456, 0.1417823968172722271
0.5110110110109999937, 0.1307830554952058855
0.5135135135135000528, 0.1210817072256123728
0.5160160160160000009, 0.1124817398888465075
0.5185185185184999490, 0.1048224135673506557
0.5210210210210000081, 0.0979712868349735672
0.5235235235234999562, 0.0918184443214582341
0.5260260260260000154, 0.0862720522533329676
0.5285285285284999635, 0.0812549040736440520
0.5310310310310000226, 0.0767017119473596132
0.5335335335334999707, 0.0725569656643501454
0.5360360360360000298, 0.0687732270903251147
0.5385385385384999779, 0.0653097618004495339
0.5410410410410000370, 0.0621314338284800552
0.5435435435434999851, 0.0592078072734452537
0.5460460460460000442, 0.0565124116822787598
0.5485485485484999924, 0.0540221379620871786
0.5510510510510999715, 0.0517167389785218382
0.5535535535536000307, 0.0495784146127001973
0.5560560560560999788, 0.0475914653413659003
0.5585585585586000379, 0.0457420017087608530
0.5610610610610999860, 0.0440176996186931804
0.5635635635636000451, 0.0424075933716268338
0.5660660660660999932, 0.0409018999378435166
0.5685685685686000523, 0.0394918691936027508
0.5710710710711000004, 0.0381696558278019488
0.5735735735735999485, 0.0369282094087417453
0.5760760760761000077, 0.0357611797275387139
0.5785785785785999558, 0.0346628350396957011
0.5810810810811000149, 0.0336279912349403479
0.5835835835835999630, 0.0326519502975217354
0.5860860860861000221, 0.0317304466901857443
0.5885885885885999702, 0.0308596005171527001
0.5910910910911000293, 0.0300358765041376895
0.5935935935935999774, 0.0292560479843340278
0.5960960960961000366, 0.0285171652043189686
0.5985985985985999847, 0.0278165273678254096
0.6011011011011000438, 0.0271516579220869719
0.6036036036035999919, 0.0265202826640938139
0.6061061061061000510, 0.0259203103050835437
0.6086086086085999991, 0.0253498151829560925
0.6111111111110999472, 0.0248070218556883243
0.6136136136136000063, 0.0242902913455745398
0.6161161161160999544, 0.0237981088353324891
0.6186186186186000135, 0.0233290726436963802
0.6211211211210999616, 0.0228818843308115499
0.6236236236236000208, 0.0224553398031684115
0.6261261261260999689, 0.0220483213044759194
0.6286286286286000280, 0.0216597901932029831
0.6311311311310999761, 0.0212887804198649208
0.6336336336336000352, 0.0209343926277973900
0.6361361361360999833, 0.0205957888103919656
0.6386386386386000424, 0.0202721874657742461
0.6411411411410999905, 0.0199628591968638025
0.6436436436436000497, 0.0196671227108146870
0.6461461461460999978, 0.0193843411771210221
0.6486486486485999459, 0.0191139189082928165
0.6511511511512000361, 0.0188552983310523135
0.6536536536536999842, 0.0186079572195498276
0.6561561561562000433, 0.0183714061652157160
0.6586586586586999914, 0.0181451862606090836
0.6611611611612000505, 0.0179288669770427955
0.6636636636636999986, 0.0177220442179000306
0.6661661661661999467, 0.0175243385314461965
0.6686686686687000059, 0.0173353934686128648
0.6711711711711999540, 0.0171548740727138112
0.6736736736737000131, 0.0169824654893711326
0.6761761761761999612, 0.0168178716861017361
0.6786786786787000203, 0.0166608142720585557
0.6811811811811999684, 0.0165110314093524432
0.6836836836837000275, 0.0163682768082125916
0.6861861861861999756, 0.0162323187989873649
0.6886886886887000347, 0.0161029394746542015
0.6911911911911999828, 0.0159799338981044259
0.6936936936937000420, 0.0158631093690058365
0.6961961961961999901, 0.0157522847455282937
0.6986986986987000492, 0.0156472898166517549
0.7012012012011999973, 0.0155479647211680359
0.7037037037036999454, 0.0154541594098407224
0.7062062062062000045, 0.0153657331475071050
0.7087087087086999526, 0.0152825540521951964
0.7112112112112000117, 0.0152044986685905478
0.7137137137136999598, 0.0151314515734254570
0.7162162162162000190, 0.0150633050105791252
0.7187187187186999671, 0.0149999585538737410
0.7212212212212000262, 0.0149413187957308357
0.7237237237236999743, 0.0148872990600157108
0.7262262262262000334, 0.0148378191375473038
0.7287287287286999815, 0.0147928050428880933
0.7312312312312000406, 0.0147521887911542197
0.7337337337336999887, 0.0147159081937019882
0.7362362362362000479, 0.0146839066716534603
0.7387387387386999960, 0.0146561330863225047
0.7412412412412000551, 0.0146325415856942299
0.7437437437437000032, 0.0146130914661953566
0.7462462462461999513, 0.0145977470490726915
0.7487487487487000104, 0.0145864775707705181
0.7512512512512999896, 0.0145792570867676816
0.7537537537538000487, 0.0145760643884005042
0.7562562562562999968, 0.0145768829322598034
0.7587587587587999449, 0.0145817007818095108
0.7612612612613000040, 0.0145905105609307976
0.7637637637637999521, 0.0146033094191500498
0.7662662662663000113, 0.0146200990083614618
0.7687687687687999594, 0.0146408854709063618
0.7712712712713000185, 0.0146656794389212197
0.7737737737737999666, 0.0146944960449158519
0.7762762762763000257, 0.0147273549435920255
0.7787787787787999738, 0.0147642803449617478
0.7812812812813000329, 0.0148053010588735344
0.7837837837837999810, 0.0148504505511046145
0.7862862862863000402, 0.0148997670112277613
0.7887887887887999883, 0.0149532934325131463
0.7912912912913000474, 0.0150110777041793046
0.7937937937937999955, 0.0150731727163624391
0.7962962962963000546, 0.0151396364782314021
0.7987987987988000027, 0.0152105322497360206
0.8013013013012999508, 0.0152859286875402928
0.8038038038038000099, 0.0153659000057593080
0.8063063063062999580, 0.0154505261521903359
0.8088088088088000172, 0.0155398930008047564
0.8113113113112999653, 0.0156340925613489209
0.8138138138138000244, 0.0157332232069895619
0.8163163163162999725, 0.0158373899210331390
0.8188188188188000316, 0.0159467045638501427
0.8213213213212999797, 0.0160612861612445916
0.8238238238238000388, 0.0161812612156278825
0.8263263263262999869, 0.0163067640414847059
0.8288288288288000460, 0.0164379371267590196
0.8313313313312999941, 0.0165749315219404225
0.8338338338338000533, 0.0167179072587978934
0.8363363363363000014, 0.0168670338008898718
0.8388388388387999495, 0.0170224905281785438
0.8413413413413000086, 0.0171844672582949533
0.8438438438437999567, 0.0173531648072405634
0.8463463463463000158, 0.0175287955925748223
0.8488488488487999639, 0.0177115842824275525
0.8513513513514000541, 0.0179017684939944619
0.8538538538539000022, 0.0180995995455265346
0.8563563563563999503, 0.0183053432662121721
0.8588588588589000095, 0.0185192808687823403
0.8613613613613999576, 0.0187417098901442383
0.8638638638639000167, 0.0189729452058772022
0.8663663663663999648, 0.0192133201250109797
0.8688688688689000239, 0.0194631875721563950
0.8713713713713999720, 0.0197229213647838429
0.8738738738739000311, 0.0199929175942512236
0.8763763763763999792, 0.0202735961200823656
0.8788788788789000384, 0.0205654021880028182
0.8813813813813999865, 0.0208688081833615438
0.8838838838839000456, 0.0211843155328268126
0.8863863863863999937, 0.0215124567686528559
0.8888888888889000528, 0.0218537977713976345
0.8913913913914000009, 0.0222089402087517346
0.8938938938938999490, 0.0225785241901399654
0.8963963963964000081, 0.0229632311590174804
0.8988988988988999562, 0.0233637870473301333
0.9014014014014000153, 0.0237809657194921857
0.9039039039038999634, 0.0242155927364996783
0.9064064064064000226, 0.0246685494744989901
0.9089089089088999707, 0.0251407776363393592
0.9114114114114000298, 0.0256332841994233868
0.9139139139138999779, 0.0261471468486274665
0.9164164164164000370, 0.0266835199492964498
0.9189189189188999851, 0.0272436411224429124
0.9214214214214000442, 0.0278288384924542526
0.9239239239238999923, 0.0284405386869891058
0.9264264264264000515, 0.0290802756795374186
0.9289289289288999996, 0.0297497005775603715
0.9314314314313999477, 0.0304505924734940897
0.9339339339339000068, 0.0311848704925397485
0.9364364364363999549, 0.0319546071904583950
0.9389389389389000140, 0.0327620434770276789
0.9414414414413999621, 0.0336096052669691003
0.9439439439439000212, 0.0344999220906972714
0.9464464464463999693, 0.0354358479330202786
0.9489489489489000285, 0.0364204846099136365
0.9514514514515000076, 0.0374572080429276116
0.9539539539539999558, 0.0385496978491378234
0.9564564564565000149, 0.0397019707336065120
0.9589589589589999630, 0.0409184182533062768
0.9614614614615000221, 0.0422038496190572099
0.9639639639639999702, 0.0435635403185971534
0.9664664664665000293, 0.0450032874835716995
0.9689689689689999774, 0.0465294730911198634
0.9714714714715000365, 0.0481491362932733521
0.9739739739739999846, 0.0498700564125769061
0.9764764764765000438, 0.0517008484402942739
0.9789789789789999919, 0.0536510732370406099
0.9814814814815000510, 0.0557313650808656386
0.9839839839839999991, 0.0579535797554043275
0.9864864864864999472, 0.0603309670471821047
0.9889889889890000063, 0.0628783723607112682
0.9914914914914999544, 0.0656124732069343353
0.9939939939940000135, 0.0685520576325890502
0.9964964964964999616, 0.0717183533109856941
0.9989989989990000208, 0.0751354181084237932
1.0015015015019999023, 0.0788306056079303707
1.0040040040039999170, 0.0828351224908572686
1.0065065065070000205, 0.0871846990866646937
1.0090090090090000352, 0.0919204001271838600
1.0115115115119999167, 0.0970896102289945384
1.0140140140139999314, 0.1027472384910007308
1.0165165165170000350, 0.1089571996900172840
1.0190190190190000497, 0.1157942470893162656
1.0215215215219999312, 0.1233462555538652056
1.0240240240239999459, 0.1317170859466300359
1.0265265265270000494, 0.1410302062276257706
1.0290290290290000641, 0.1514333065296505354
1.0315315315319999456, 0.1631042325390612835
1.0340340340339999603, 0.1762586855329864033
1.0365365365370000639, 0.1911603164357660589
1.0390390390390000785, 0.2081341032941428359
1.0415415415419999601, 0.2275842910055781709
1.0440440440439999747, 0.2500187605017945014
1.0465465465470000783, 0.2760825995428619617
1.0490490490490000930, 0.3066050665769001760
1.0515515515519999745, 0.3426664131826322457
1.0540540540539999892, 0.3856947609015871636
1.0565565565570000928, 0.4376095084958808723
1.0590590590590001074, 0.5010386290532805598
1.0615615615619999890, 0.5796566967160574624
1.0640640640640000036, 0.6787266442669527278
1.0665665665670001072, 0.8059982116959090170
1.0690690690689998998, 0.9732579462549273419
1.0715715715720000034, 1.1991296129281061589
1.0740740740740000181, 1.5144181289768594567
1.0765765765769998996, 1.9730002828163799578
1.0790790790789999143, 2.6758788608384849184
1.0815815815820000179, 3.8299194776895326697
1.0840840840840000325, 5.9108069822182196518
1.0865865865869999141, 10.1954295931739054026
1.0890890890889999287, 20.8700944119196449833
1.0915915915920000323, 53.3103722776756114854
1.0940940940940000470, 93.8187187610942743277
1.0965965965969999285, 42.3170593335482578823
1.0990990990989999432, 17.3457721979826011705
1.1016016016020000468, 8.8767388419169286351
1.1041041041040000614, 5.3041232788923160513
1.1066066066069999430, 3.5071435496024778722
1.1091091091089999576, 2.4860231428337535853
1.1116116116120000612, 1.8531409267285439135
1.1141141141140000759, 1.4348354862249139696
1.1166166166169999574, 1.1443841404923866811
1.1191191191189999721, 0.9347103037301435213
1.1216216216220000756, 0.7785190988084584873
1.1241241241240000903, 0.6591204608113770957
1.1266266266269999718, 0.5658518741718459033
1.1291291291289999865, 0.4916470646553769419
1.1316316316320000901, 0.4316749223732234686
1.1341341341340001048, 0.3825428961472001621
1.1366366366369999863, 0.3418126296494292671
1.1391391391390000010, 0.3076955480425265788
1.1416416416420001045, 0.2788559214443874223
1.1441441441439998972, 0.2542801632229533815
1.1466466466470000007, 0.2331880949557361415
1.1491491491490000154, 0.2149714673399921727
1.1516516516519998969, 0.1991505800335954535
1.1541541541539999116, 0.1853431628701938394
1.1566566566570000152, 0.1732417159814252927
1.1591591591590000299, 0.1625967830514575552
1.1616616616619999114, 0.1532044497864593624
1.1641641641639999261, 0.1448968937257934519
1.1666666666670000296, 0.1375351664218993075
1.1691691691690000443, 0.1310036287186891468
1.1716716716719999258, 0.1252056242063486202
1.1741741741739999405, 0.1200600902030098116
1.1766766766770000441, 0.1154988861223021773
1.1791791791790000588, 0.1114646765221794789
1.1816816816819999403, 0.1079092476075027007
1.1841841841839999550, 0.1047921662755107036
1.1866866866870000585, 0.1020797132321366041
1.1891891891890000732, 0.0997440385447317390
1.1916916916919999547, 0.0977625008356676206
1.1941941941939999694, 0.0961171613091439669
1.1966966966970000730, 0.0947944117803718317
1.1991991991990000876, 0.0937847224761514109
1.2017017017019999692, 0.0930825010988178547
1.2042042042039999838, 0.0926860599120190032
1.2067067067070000874, 0.0925976928016590262
1.2092092092090001021, 0.0928238697781921807
1.2117117117119999836, 0.0933755626539750916
1.2142142142139999983, 0.0942687231860180330
1.2167167167170001019, 0.0955249445194929769
1.2192192192189998945, 0.0971723492602078603
1.2217217217219999981, 0.0992467643060144095
1.2242242242240000127, 0.1017932656569679739
1.2267267267269998943, 0.1048682087381016814
1.2292292292289999089, 0.1085419057406889487
1.2317317317320000125, 0.1129021779284072047
1.2342342342340000272, 0.1180591084077313030
1.2367367367369999087, 0.1241514664646939936
1.2392392392389999234, 0.1313554956988902400
1.2417417417420000270, 0.1398971003447116446
1.2442442442440000416, 0.1500690044352017138
1.2467467467469999232, 0.1622553306339574175
1.2492492492489999378, 0.1769674882467142107
1.2517517517520000414, 0.1948977115124496950
1.2542542542540000561, 0.2170008822252764702
1.2567567567569999376, 0.2446230452073000494
1.2592592592589999523, 0.2797096493826523034
1.2617617617620000559, 0.3251552706057264652
1.2642642642640000705, 0.3854158567139590597
1.2667667667669999521, 0.4676341436786684569
1.2692692692689999667, 0.5838320422316652936
1.2717717717720000703, 0.7554921674647887553
1.2742742742740000850, 1.0239964963660401764
1.2767767767769999665, 1.4771376937740439139
1.2792792792789999812, 2.3264747558787259862
1.2817817817820000847, 4.1765345050142714811
1.2842842842840000994, 9.1494715177034997566
1.2867867867869999809, 23.8351322443617519298
1.2892892892889999956, 25.7892428529407560234
1.2917917917920000992, 10.0201625101370730420
1.2942942942939998918, 4.4721001055017453041
1.2967967967969999954, 2.4554719344986146723
1.2992992992990000101, 1.5474474941408580264
1.3018018018019998916, 1.0700793409151054814
1.3043043043039999063, 0.7906895399227434895
1.3068068068070000098, 0.6141387323736625659
1.3093093093090000245, 0.4960806902039358590
1.3118118118119999060, 0.4136952165733260856
1.3143143143139999207, 0.3543042927094252059
1.3168168168170000243, 0.3104236438355624794
1.3193193193190000390, 0.2774131621995660213
1.3218218218219999205, 0.2522785886124134791
1.3243243243239999352, 0.2330232362254214262
1.3268268268270000387, 0.2182795596529377158
1.3293293293290000534, 0.2070908681029964005
1.3318318318319999349, 0.1987773518899347003
1.3343343343339999496, 0.1928513767839991622
1.3368368368370000532, 0.1889626065840014357
1.3393393393390000679, 0.1868617822084461810
1.3418418418419999494, 0.1863765410321570060
1.3443443443439999641, 0.1873952614859535903
1.3468468468470000676, 0.1898564548911881866
1.3493493493490000823, 0.1937421672125870797
1.3518518518519999638, 0.1990744534631132545
1.3543543543539999785, 0.2059143920676042572
1.3568568568570000821, 0.2143634023015731638
1.3593593593590000967, 0.2245668708820984238
1.3618618618619999783, 0.2367203248104776392
1.3643643643639999929, 0.2510786427757954464
1.3668668668670000965, 0.2679691163858641811
1.3693693693689998891, 0.2878096070262484152
1.3718718718719999927, 0.3111336704947427756
1.3743743743740000074, 0.3386254597080939899
1.3768768768770001110, 0.3711686627996048093
1.3793793793789999036, 0.4099160240311841563
1.3818818818820000072, 0.4563897115778258184
1.3843843843840000218, 0.5126289882159758005
1.3868868868869999034, 0.5814122535847249251
1.3893893893889999180, 0.6665992944078310556
1.3918918918920000216, 0.7736739506533021338
1.3943943943940000363, 0.9106328926161877391
1.3968968968969999178, 1.0894967258222447715
1.3993993993989999325, 1.3289936388557537228
1.4019019019020000361, 1.6595768134192339094
1.4044044044040000507, 2.1333998427850291435
1.4069069069069999323, 2.8456884914882736304
1.4094094094089999469, 3.9849702067030969843
1.4119119119120000505, 5.9657808643909069346
1.4144144144140000652, 9.8360097367450247674
1.4169169169169999467, 18.7836052010841996207
1.4194194194189999614, 44.5534564924629563620
1.4219219219220000650, 106.9065767973676202018
1.4244244244240000796, 71.4716881255371561110
1.4269269269269999612, 27.5100728609841738148
1.4294294294289999758, 13.0901470871608012203
1.4319319319320000794, 7.4594509228467709150
1.4344344344340000941, 4.7787393838768110754
1.4369369369369999756, 3.3123964025915126896
1.4394394394389999903, 2.4280876430243658604
1.4419419419420000938, 1.8553610556905659745
1.4444444444440001085, 1.4638130052264082259
1.4469469469469999900, 1.1845551791211292869
1.4494494494490000047, 0.9785015683058293501
1.4519519519520001083, 0.8221689664375335660
1.4544544544539999009, 0.7007718790392076791
1.4569569569570000045, 0.6046307491006367441
1.4594594594590000192, 0.5271962566099619441
1.4619619619619999007, 0.4639101426391523120
1.4644644644639999154, 0.4115214045734550408
1.4669669669670000189, 0.3676613183357217984
1.4694694694690000336, 0.3305711882243303479
1.4719719719719999151, 0.2989232208447208383
1.4744744744739999298, 0.2716998474392756102
1.4769769769770000334, 0.2481106868386682707
1.4794794794790000481, 0.2275343135553203333
1.4819819819819999296, 0.2094767148761632058
1.4844844844839999443, 0.1935411890530236434
1.4869869869870000478, 0.1794062218874066528
1.4894894894890000625, 0.1668090143960641869
1.4919919919919999440, 0.1555330707351640918
1.4944944944939999587, 0.1453987420080400383
1.4969969969970000623, 0.1362559482576383707
1.4994994994990000770, 0.1279785237135991904
1.5020020020019999585, 0.1204597844457705041
1.5045045045050000621, 0.1136090255617774186
1.5070070070070000767, 0.1073487316994955615
1.5095095095099999583, 0.1016123395456407230
1.5120120120119999729, 0.0963424309917132876
1.5145145145150000765, 0.0914892647570375722
1.5170170170170000912, 0.0870095759183897866
1.5195195195199999727, 0.0828655889102794807
1.5220220220219999874, 0.0790242016927189539
1.5245245245250000909, 0.0754563079846372053
1.5270270270270001056, 0.0721362314916488001
1.5295295295299999871, 0.0690412514668653221
1.5320320320320000018, 0.0661512031343659407
1.5345345345350001054, 0.0634481397723699603
1.5370370370369998980, 0.0609160458159439602
1.5395395395400000016, 0.0585405923609190748
1.5420420420420000163, 0.0563089280545380697
1.5445445445449998978, 0.0542094996372914500
1.5470470470469999125, 0.0522318974254621718
1.5495495495500000160, 0.0503667218493419055
1.5520520520520000307, 0.0486054678299150944
1.5545545545549999122, 0.0469404243194830248
1.5570570570569999269, 0.0453645867745232495
1.5595595595600000305, 0.0438715806919470139
1.5620620620620000452, 0.0424555946383613214
1.5645645645649999267, 0.0411113214483735667
1.5670670670669999414, 0.0398339064721772024
1.5695695695700000449, 0.0386189019224361177
1.5720720720720000596, 0.0374622265121622861
1.5745745745749999411, 0.0363601296938381169
1.5770770770769999558, 0.0353091599095937195
1.5795795795800000594, 0.0343061363460930926
1.5820820820820000741, 0.0333481237585830301
1.5845845845849999556, 0.0324324099885480999
1.5870870870869999703, 0.0315564858503410012
1.5895895895900000738, 0.0307180271055352630
1.5920920920920000885, 0.0299148782807784411
1.5945945945949999700, 0.0291450381166040856
1.5970970970969999847, 0.0284066464618564149
1.5995995996000000883, 0.0276979724517476336
1.6021021021020001029, 0.0270174038277154818
1.6046046046049999845, 0.0263634372746483492
1.6071071071069999991, 0.0257346696660972971
1.6096096096100001027, 0.0251297901211621419
1.6121121121119998953, 0.0245475727880818048
1.6146146146149999989, 0.0239868702794448149
1.6171171171170000136, 0.0234466076925560554
1.6196196196199998951, 0.0229257771560308424
1.6221221221219999098, 0.0224234328502849259
1.6246246246250000134, 0.0219386864553752434
1.6271271271270000280, 0.0214707029847303298
1.6296296296299999096, 0.0210186969677833187
1.6321321321319999242, 0.0205819289484646464
1.6346346346350000278, 0.0201597022699928491
1.6371371371370000425, 0.0197513601194813579
1.6396396396399999240, 0.0193562828086050534
1.6421421421419999387, 0.0189738852689885738
1.6446446446450000423, 0.0186036147431257980
1.6471471471470000569, 0.0182449486535497044
1.6496496496499999385, 0.0178973926346727118
1.6521521521519999531, 0.0175604787132344203
1.6546546546550000567, 0.0172337636246480477
1.6571571571570000714, 0.0169168272537477682
1.6596596596599999529, 0.0166092711895231351
1.6621621621619999676, 0.0163107173843983141
1.6646646646650000712, 0.0160208069094858255
1.6671671671670000858, 0.0157391987980273346
1.6696696696699999674, 0.0154655689699390517
1.6721721721719999820, 0.0151996092310129893
1.6746746746750000856, 0.0149410263408977194
1.6771771771770001003, 0.0146895411444975151
1.6796796796799999818, 0.0144448877618956611
1.6821821821819999965, 0.0142068128323283062
1.6846846846850001000, 0.0139750748081174155
1.6871871871869998927, 0.0137494432948166243
1.6896896896899999962, 0.0135296984341374063
1.6921921921920000109, 0.0133156303265074636
1.6946946946949998924, 0.0131070384903720326
1.6971971971969999071, 0.0129037313555837099
1.6996996997000000107, 0.0127055257884406796
1.7022022022020000254, 0.0125122466461281730
1.7047047047049999069, 0.0123237263584959084
1.7072072072069999216, 0.0121398045352665886
1.7097097097100000251, 0.0119603275969187330
1.7122122122120000398, 0.0117851484276228075
1.7147147147149999213, 0.0116141260487334953
1.7172172172169999360, 0.0114471253114546180
1.7197197197200000396, 0.0112840166073972133
1.7222222222220000543, 0.0111246755958466399
1.7247247247249999358, 0.0109689829466423708
1.7272272272269999505, 0.0108168240976542433
1.7297297297300000540, 0.0106680890259131488
1.7322322322320000687, 0.0105226720315219451
1.7347347347349999502, 0.0103804715335350309
1.7372372372369999649, 0.0102413898770526111
1.7397397397400000685, 0.0101053331508288054
1.7422422422420000832, 0.0099722110147417581
1.7447447447449999647, 0.0098419365365190990
1.7472472472469999794, 0.0097144260371537748
1.7497497497500000829, 0.0095895989444840131
1.7522522522520000976, 0.0094673776544466452
1.7547547547549999791, 0.0093476873995461708
1.7572572572569999938, 0.0092304561241123850
1.7597597597600000974, 0.0091156143659477835
1.7622622622619998900, 0.0090030951439920327
1.7647647647649999936, 0.0088928338516553219
1.7672672672670000082, 0.0087847681554947855
1.7697697697699998898, 0.0086788378989292349
1.7722722722719999044, 0.0085749850107069165
1.7747747747750000080, 0.0084731534178590119
1.7772772772770000227, 0.0083732889628885167
1.7797797797799999042, 0.0082753393249597618
1.7822822822819999189, 0.0081792539448683026
1.7847847847850000225, 0.0080849839535847012
1.7872872872870000371, 0.0079924821041781093
1.7897897897899999187, 0.0079017027069375780
1.7922922922919999333, 0.0078126015675198460
1.7947947947950000369, 0.0077251359279627502
1.7972972972970000516, 0.0076392644104129005
1.7997997997999999331, 0.0075549469634252873
1.8023023023019999478, 0.0074721448107007591
1.8048048048050000514, 0.0073908204021352376
1.8073073073070000660, 0.0073109373670618028
1.8098098098099999476, 0.0072324604695736157
1.8123123123119999622, 0.0071553555658220996
1.8148148148150000658, 0.0070795895631907630
1.8173173173170000805, 0.0070051303812507463
1.8198198198199999620, 0.0069319469144093395
1.8223223223219999767, 0.0068600089961678018
1.8248248248250000803, 0.0067892873649093247
1.8273273273270000949, 0.0067197536311424649
1.8298298298299999765, 0.0066513802461293479
1.8323323323319999911, 0.0065841404718318839
1.8348348348350000947, 0.0065180083521127951
1.8373373373370001094, 0.0064529586851316701
1.8398398398399999909, 0.0063889669968794516
1.8423423423420000056, 0.0063260095157977748
1.8448448448450001091, 0.0062640631484323951
1.8473473473469999018, 0.0062031054560726185
1.8498498498500000053, 0.0061431146323311422
1.8523523523520000200, 0.0060840694816210912
1.8548548548549999015, 0.0060259493984892686
1.8573573573569999162, 0.0059687343477667042
1.8598598598600000198, 0.0059124048454996274
1.8623623623620000345, 0.0058569419406258021
1.8648648648649999160, 0.0058023271973629553
1.8673673673669999307, 0.0057485426782777193
1.8698698698700000342, 0.0056955709280050049
1.8723723723720000489, 0.0056433949575893276
1.8748748748749999304, 0.0055919982294208893
1.8773773773769999451, 0.0055413646427406567
1.8798798798800000487, 0.0054914785196898391
1.8823823823820000634, 0.0054423245918804493
1.8848848848849999449, 0.0053938879874646795
1.8873873873869999596, 0.0053461542186819325
1.8898898898900000631, 0.0052991091698633480
1.8923923923920000778, 0.0052527390858746158
1.8948948948949999593, 0.0052070305609787718
1.8973973973969999740, 0.0051619705281015435
1.8998998999000000776, 0.0051175462484826014
1.9024024024020000923, 0.0050737453016968751
1.9049049049049999738, 0.0050305555760307959
1.9074074074069999885, 0.0049879652591990420
1.9099099099100000920, 0.0049459628293880087
1.9124124124120001067, 0.0049045370466128573
1.9149149149149999882, 0.0048636769443756063
1.9174174174170000029, 0.0048233718216122443
1.9199199199200001065, 0.0047836112349174493
1.9224224224219998991, 0.0047443849910359477
1.9249249249250000027, 0.0047056831396100687
1.9274274274270000173, 0.0046674959661734891
1.9299299299299998989, 0.0046298139853816244
1.9324324324319999135, 0.0045926279344695028
1.9349349349350000171, 0.0045559287669284017
1.9374374374370000318, 0.0045197076463928693
1.9399399399399999133, 0.0044839559407301149
1.9424424424419999280, 0.0044486652163241288
1.9449449449450000316, 0.0044138272325471633
1.9474474474470000462, 0.0043794339364115744
1.9499499499499999278, 0.0043454774573952774
1.9524524524519999424, 0.0043119501024343684
1.9549549549550000460, 0.0042788443510767462
1.9574574574570000607, 0.0042461528507907881
1.9599599599599999422, 0.0042138684124234270
1.9624624624619999569, 0.0041819840058021718
1.9649649649650000605, 0.0041504927554758524
1.9674674674670000751, 0.0041193879365890801
1.9699699699699999567, 0.0040886629708856278
1.9724724724719999713, 0.0040583114228361066
1.9749749749750000749, 0.0040283269958855204
1.9774774774770000896, 0.0039987035288164561
1.9799799799799999711, 0.0039694349922238161
1.9824824824819999858, 0.0039405154850971937
1.9849849849850000894, 0.0039119392315071118
1.9874874874870001040, 0.0038837005773915290
1.9899899899899999856, 0.0038557939874391267
1.9924924924920000002, 0.0038282140420660363
1.9949949949950001038, 0.0038009554344828221
1.9974974974969998964, 0.0037740129678486027
2.0000000000000000000, 0.0037473815525093769
