# Delta1: 0.465
# Delta2: 1.17
# Delta3: 1.355
# Dq: 0.1355
# Ds: 0.04
# Dt: 0.061000000000000006
# k1_lab: [1, 0, 0]
# k2_lab: [-0.8660254037844387, 0.49999999999999994, 0.0]
# k1_cf: [-0.4545194776720438, -0.4545194776720438, -0.7660444431189779]
# k2_cf: [0.12278780396897304, 0.12278780396897304, 0.9848077530122079]
# pol1_lab: [(0, 1, 0), (0, 0, 1)]
# pol2_lab: "[array([-0.5      , -0.8660254,  0.       ]), array([0., 0., 1.])]"
# pol1_cf: "[array([-0.54167522, -0.54167522,  0.64278761]), array([-0.70710678,  0.70710678,  0.        ])]"
# pol2_cf: "[array([ 0.69636424,  0.69636424, -0.17364818]), array([-0.70710678,  0.70710678,  0.        ])]"
# cf: "[array([-0.45451948, -0.54167522, -0.70710678]), array([-0.45451948, -0.54167522,  0.70710678]), array([-0.76604444,  0.64278761,  0.        ])]"
# th: 140
-0.5000000000000000000, 0.0067307671806835943
-0.4974974974974999964, 0.0067929430764081594
-0.4949949949949999928, 0.0068560311619060114
-0.4924924924924999892, 0.0069200497402826348
-0.4899899899899999856, 0.0069850175799151346
-0.4874874874874999819, 0.0070509539287702443
-0.4849849849849999783, 0.0071178785292399281
-0.4824824824824999747, 0.0071858116335160810
-0.4799799799800000266, 0.0072547740195268492
-0.4774774774775000230, 0.0073247870074581566
-0.4749749749750000194, 0.0073958724768851758
-0.4724724724725000158, 0.0074680528845395442
-0.4699699699700000122, 0.0075413512827396320
-0.4674674674675000086, 0.0076157913385120572
-0.4649649649650000049, 0.0076913973534345351
-0.4624624624625000013, 0.0077681942842311377
-0.4599599599599999977, 0.0078462077641528842
-0.4574574574574999941, 0.0079254641251780659
-0.4549549549549999905, 0.0080059904210684572
-0.4524524524524999869, 0.0080878144513193244
-0.4499499499499000077, 0.0081709647860431535
-0.4474474474474000041, 0.0082554707918288533
-0.4449449449449000005, 0.0083413626586205485
-0.4424424424423999969, 0.0084286714276620434
-0.4399399399398999932, 0.0085174290205556908
-0.4374374374373999896, 0.0086076682694866888
-0.4349349349348999860, 0.0086994229486666002
-0.4324324324323999824, 0.0087927278070526679
-0.4299299299298999788, 0.0088876186024024403
-0.4274274274273999752, 0.0089841321367264242
-0.4249249249249000271, 0.0090823062932047574
-0.4224224224224000235, 0.0091821800746374610
-0.4199199199199000199, 0.0092837936435015474
-0.4174174174174000163, 0.0093871883636922268
-0.4149149149149000126, 0.0094924068440297039
-0.4124124124124000090, 0.0095994929836174005
-0.4099099099099000054, 0.0097084920191423639
-0.4074074074074000018, 0.0098194505742134064
-0.4049049049048999982, 0.0099324167108380823
-0.4024024024023999946, 0.0100474399831451365
-0.3998998998998999910, 0.0101645714934651410
-0.3973973973973999874, 0.0102838639508883965
-0.3948948948948999838, 0.0104053717324260366
-0.3923923923923999801, 0.0105291509469075447
-0.3898898898898999765, 0.0106552595017554829
-0.3873873873873999729, 0.0107837571727865920
-0.3848848848849000248, 0.0109147056771970643
-0.3823823823824000212, 0.0110481687498992197
-0.3798798798799000176, 0.0111842122233866137
-0.3773773773774000140, 0.0113229041113153753
-0.3748748748749000104, 0.0114643146960007360
-0.3723723723724000068, 0.0116085166200398729
-0.3698698698699000031, 0.0117555849822850774
-0.3673673673673999995, 0.0119055974384049672
-0.3648648648648999959, 0.0120586343062863005
-0.3623623623623999923, 0.0122147786765445382
-0.3598598598598999887, 0.0123741165284283194
-0.3573573573573999851, 0.0125367368514208901
-0.3548548548548999815, 0.0127027317728608813
-0.3523523523523999779, 0.0128721966919255349
-0.3498498498497999987, 0.0130452304203416240
-0.3473473473472999951, 0.0132219353302129531
-0.3448448448447999914, 0.0134024175093790839
-0.3423423423422999878, 0.0135867869247469492
-0.3398398398397999842, 0.0137751575940667156
-0.3373373373372999806, 0.0139676477666546145
-0.3348348348347999770, 0.0141643801135994622
-0.3323323323322999734, 0.0143654819280261137
-0.3298298298298000253, 0.0145710853360283624
-0.3273273273273000217, 0.0147813275189260275
-0.3248248248248000181, 0.0149963509475467202
-0.3223223223223000145, 0.0152163036292815128
-0.3198198198198000108, 0.0154413393687172305
-0.3173173173173000072, 0.0156716180427048171
-0.3148148148148000036, 0.0159073058907850465
-0.3123123123123000000, 0.0161485758219598249
-0.3098098098097999964, 0.0163956077388688476
-0.3073073073072999928, 0.0166485888805100318
-0.3048048048047999892, 0.0169077141847260616
-0.3023023023022999856, 0.0171731866717709479
-0.2997997997997999819, 0.0174452178503698083
-0.2972972972972999783, 0.0177240281477921043
-0.2947947947947999747, 0.0180098473655756416
-0.2922922922923000266, 0.0183029151626651239
-0.2897897897898000230, 0.0186034815678663215
-0.2872872872873000194, 0.0189118075236673101
-0.2847847847848000158, 0.0192281654636404370
-0.2822822822823000122, 0.0195528399258162525
-0.2797797797798000086, 0.0198861282046143006
-0.2772772772773000050, 0.0202283410441255612
-0.2747747747748000013, 0.0205798033757727157
-0.2722722722722999977, 0.0209408551036245304
-0.2697697697697999941, 0.0213118519409159247
-0.2672672672672999905, 0.0216931663016262620
-0.2647647647647999869, 0.0220851882512965760
-0.2622622622622999833, 0.0224883265216279209
-0.2597597597597999797, 0.0229030095937983146
-0.2572572572572999761, 0.0233296868558695962
-0.2547547547547999724, 0.0237688298401333292
-0.2522522522523000243, 0.0242209335467686859
-0.2497497497496999896, 0.0246865178607630770
-0.2472472472472000138, 0.0251661290696823317
-0.2447447447447000102, 0.0256603414905785948
-0.2422422422422000066, 0.0261697592150984606
-0.2397397397397000030, 0.0266950179827091585
-0.2372372372371999993, 0.0272367871929068278
-0.2347347347346999957, 0.0277957720683187047
-0.2322322322321999921, 0.0283727159817711745
-0.2297297297296999885, 0.0289684029616845348
-0.2272272272272000126, 0.0295836603915852446
-0.2247247247247000090, 0.0302193619211173839
-0.2222222222222000054, 0.0308764306077056669
-0.2197197197197000018, 0.0315558423099958490
-0.2172172172171999982, 0.0322586293564001703
-0.2147147147146999946, 0.0329858845145355392
-0.2122122122121999910, 0.0337387652900938972
-0.2097097097096999874, 0.0345184985867653601
-0.2072072072072000115, 0.0353263857622913291
-0.2047047047047000079, 0.0361638081196049566
-0.2022022022022000043, 0.0370322328763800918
-0.1996996996997000007, 0.0379332196612235245
-0.1971971971971999971, 0.0388684275902859838
-0.1946946946946999935, 0.0398396229843237387
-0.1921921921921999898, 0.0408486877933198073
-0.1896896896896999862, 0.0418976288037882644
-0.1871871871872000104, 0.0429885877129790109
-0.1846846846847000068, 0.0441238521645328438
-0.1821821821822000032, 0.0453058678518977465
-0.1796796796796999995, 0.0465372518092261114
-0.1771771771771999959, 0.0478208070247872138
-0.1746746746746999923, 0.0491595385294520196
-0.1721721721721999887, 0.0505566711328931523
-0.1696696696697000128, 0.0520156690032100022
-0.1671671671672000092, 0.0535402573122328862
-0.1646646646647000056, 0.0551344461993638485
-0.1621621621622000020, 0.0568025573421706773
-0.1596596596596999984, 0.0585492534628894862
-0.1571571571571999948, 0.0603795711474938226
-0.1546546546546999912, 0.0622989574092329274
-0.1521521521521999876, 0.0643133104929328875
-0.1496496496496000084, 0.0664290254915983203
-0.1471471471471000048, 0.0686530454349789654
-0.1446446446446000011, 0.0709929186132570167
-0.1421421421420999975, 0.0734568630208597695
-0.1396396396395999939, 0.0760538389492509126
-0.1371371371370999903, 0.0787936309278639141
-0.1346346346345999867, 0.0816869404145470490
-0.1321321321321000108, 0.0847454908777086208
-0.1296296296296000072, 0.0879821472000337224
-0.1271271271271000036, 0.0914110516784237270
-0.1246246246246000000, 0.0950477793094120088
-0.1221221221220999964, 0.0989095155495907791
-0.1196196196196000067, 0.1030152603464379729
-0.1171171171171000031, 0.1073860629713947329
-0.1146146146145999994, 0.1120452930857405993
-0.1121121121120999958, 0.1170189545709611895
-0.1096096096096000061, 0.1223360500101951243
-0.1071071071071000025, 0.1280290053818028406
-0.1046046046045999989, 0.1341341666050330228
-0.1021021021020999953, 0.1406923821712471323
-0.0995995995996000055, 0.1477496893458340177
-0.0970970970971000019, 0.1553581255242696135
-0.0945945945945900063, 0.1635766915196317783
-0.0920920920920900027, 0.1724725001791796442
-0.0895895895895899991, 0.1821221522172697116
-0.0870870870870899955, 0.1926133921082254785
-0.0845845845845799998, 0.2040471111174577690
-0.0820820820820799962, 0.2165397831739832024
-0.0795795795795800065, 0.2302264438386953105
-0.0770770770770800029, 0.2452643552417467510
-0.0745745745745699934, 0.2618375435631946635
-0.0720720720720700037, 0.2801624546982936503
-0.0695695695695700000, 0.3004950543393556384
-0.0670670670670699964, 0.3231398097677395387
-0.0645645645645600008, 0.3484611453448950846
-0.0620620620620599972, 0.3768981816346977931
-0.0595595595595600005, 0.4089838789153335541
-0.0570570570570599969, 0.4453701549908322121
-0.0545545545545500013, 0.4868612054926712562
-0.0520520520520499977, 0.5344582344958327402
-0.0495495495495500010, 0.5894202854762787824
-0.0470470470470499974, 0.6533481459774701516
-0.0445445445445400018, 0.7283018866620056819
-0.0420420420420399982, 0.8169683540706313973
-0.0395395395395400015, 0.9229044024681369862
-0.0370370370370399979, 1.0508976240024425763
-0.0345345345345300023, 1.2075140901516314695
-0.0320320320320299987, 1.4019524388062103437
-0.0295295295295299985, 1.6474164290762223217
-0.0270270270270299984, 1.9633982684897022253
-0.0245245245245199993, 2.3796320653758709085
-0.0220220220220199991, 2.9432670450696152287
-0.0195195195195199990, 3.7326256380054210204
-0.0170170170170199989, 4.8854150797558100194
-0.0145145145145099998, 6.6615137780982127680
-0.0120120120120099996, 9.5977648647286830652
-0.0095095095095099995, 14.9427420120240306289
-0.0070070070070070000, 26.0994111113101112664
-0.0045045045045049997, 54.4249278050011753294
-0.0020020020020019998, 140.8088594147226615405
0.0005005005005005000, 222.1994429658182639287
0.0030030030030029999, 94.6052270293924948419
0.0055055055055059999, 39.5098262578391299371
0.0080080080080079993, 20.5264015344503079064
0.0105105105105099995, 12.3779243590176442069
0.0130130130130099997, 8.2292146619128097029
0.0155155155155200005, 5.8514325001331073395
0.0180180180180199989, 4.3683367420244394452
0.0205205205205199991, 3.3832625796617117331
0.0230230230230199992, 2.6965563474076406081
0.0255255255255299983, 2.1991684665046489222
0.0280280280280299984, 1.8275596941752338953
0.0305305305305299986, 1.5427203481181779310
0.0330330330330299987, 1.3196447981788597126
0.0355355355355400013, 1.1417137579531853042
0.0380380380380399979, 0.9975367001971017222
0.0405405405405400016, 0.8790974199866314898
0.0430430430430399982, 0.7806231116530919500
0.0455455455455500008, 0.6978717554977379445
0.0480480480480499975, 0.6276700427619114064
0.0505505505505500011, 0.5676060807765875849
0.0530530530530499977, 0.5158203818505835425
0.0555555555555600003, 0.4708608084153399487
0.0580580580580599970, 0.4315800611901824402
0.0605605605605600006, 0.3970620333318139461
0.0630630630630600042, 0.3665681060082814913
0.0655655655655699998, 0.3394974477018092851
0.0680680680680700034, 0.3153572961094678329
0.0705705705705699932, 0.2937404548501398316
0.0730730730730699968, 0.2743080711984149933
0.0755755755755800063, 0.2567763250106884776
0.0780780780780799960, 0.2409060460271076065
0.0805805805805799996, 0.2264945460021984269
0.0830830830830800032, 0.2133691418665742967
0.0855855855855899988, 0.2013819814341371861
0.0880880880880900025, 0.1904058807384360064
0.0905905905905900061, 0.1803309531709844649
0.0930930930930899958, 0.1710618628975278388
0.0955955955956000053, 0.1625155738641981262
0.0980980980980999950, 0.1546194947918249074
0.1006006006005999986, 0.1473099425191519707
0.1031031031031000023, 0.1405308627672573196
0.1056056056056000059, 0.1342327602065144232
0.1081081081080999956, 0.1283717995933168488
0.1106106106105999992, 0.1229090474238050956
0.1131131131131000028, 0.1178098295554821234
0.1156156156156000064, 0.1130431849687119072
0.1181181181180999962, 0.1085813995736893411
0.1206206206205999998, 0.1043996069370744378
0.1231231231231000034, 0.1004754451750185795
0.1256256256256000070, 0.0967887611648245438
0.1281281281281000106, 0.0933213547651279007
0.1306306306305999865, 0.0900567569808977536
0.1331331331330999901, 0.0869800370242693743
0.1356356356355999937, 0.0840776340517514903
0.1381381381380999973, 0.0813372100391951958
0.1406406406406000009, 0.0787475208168750551
0.1431431431431000045, 0.0762983027509248346
0.1456456456456000081, 0.0739801729423570920
0.1481481481481000118, 0.0717845411354923191
0.1506506506506999910, 0.0697035317954817213
0.1531531531531999946, 0.0677299150391167115
0.1556556556556999982, 0.0658570452918746108
0.1581581581582000018, 0.0640788067033181974
0.1606606606607000054, 0.0623895644875726435
0.1631631631632000090, 0.0607841214697547039
0.1656656656657000126, 0.0592576792162953711
0.1681681681681999885, 0.0578058032098537344
0.1706706706706999921, 0.0564243916002544130
0.1731731731731999957, 0.0551096471234898133
0.1756756756756999993, 0.0538580518328920788
0.1781781781782000029, 0.0526663443313974897
0.1806806806807000065, 0.0515314992325089719
0.1831831831832000101, 0.0504507086110165329
0.1856856856857000138, 0.0494213652335343673
0.1881881881881999896, 0.0484410473841118197
0.1906906906906999932, 0.0475075051221089395
0.1931931931931999968, 0.0466186478286722411
0.1956956956957000004, 0.0457725329148870180
0.1981981981982000041, 0.0449673555793553628
0.2007007007007000077, 0.0442014395158429538
0.2032032032032000113, 0.0434732284829883187
0.2057057057056999871, 0.0427812786580932664
0.2082082082081999908, 0.0421242517058856916
0.2107107107106999944, 0.0415009085010215120
0.2132132132131999980, 0.0409101034501091615
0.2157157157157000016, 0.0403507793653053171
0.2182182182182000052, 0.0398219628471547793
0.2207207207207000088, 0.0393227601394108561
0.2232232232232000124, 0.0388523534231572654
0.2257257257256999883, 0.0384099975217259137
0.2282282282281999919, 0.0379950169917256247
0.2307307307306999955, 0.0376068035790231917
0.2332332332331999991, 0.0372448140217958371
0.2357357357357000027, 0.0369085681858502684
0.2382382382382000063, 0.0365976475203196316
0.2407407407407000099, 0.0363116938246433804
0.2432432432432000136, 0.0360504083204462172
0.2457457457456999894, 0.0358135510245947836
0.2482482482481999930, 0.0356009404223616502
0.2507507507508000000, 0.0354124534423018514
0.2532532532533000036, 0.0352480257371832889
0.2557557557558000072, 0.0351076522781499298
0.2582582582583000108, 0.0349913882722748953
0.2607607607608000144, 0.0348993504168258473
0.2632632632633000180, 0.0348317185069661819
0.2657657657658000216, 0.0347887374173064673
0.2682682682683000253, 0.0347707194817644116
0.2707707707707999734, 0.0347780473006568391
0.2732732732732999770, 0.0348111770089145900
0.2757757757757999806, 0.0348706420448722937
0.2782782782782999842, 0.0349570574653481764
0.2807807807807999878, 0.0350711248598152628
0.2832832832832999914, 0.0352136379245255732
0.2857857857857999950, 0.0353854887666490564
0.2882882882882999986, 0.0355876750190336488
0.2907907907908000023, 0.0358213078583233258
0.2932932932933000059, 0.0360876210331652209
0.2957957957958000095, 0.0363879810254409408
0.2982982982983000131, 0.0367238984862710491
0.3008008008008000167, 0.0370970411104507847
0.3033033033033000203, 0.0375092481385696647
0.3058058058058000239, 0.0379625467060425992
0.3083083083083000275, 0.0384591702935003568
0.3108108108107999756, 0.0390015795744819704
0.3133133133132999792, 0.0395924860054050060
0.3158158158157999829, 0.0402348785609155726
0.3183183183182999865, 0.0409320540868191585
0.3208208208207999901, 0.0416876518252191908
0.3233233233232999937, 0.0425056927651157185
0.3258258258257999973, 0.0433906245901286083
0.3283283283283000009, 0.0443473731376792940
0.3308308308308000045, 0.0453814014564568532
0.3333333333333000081, 0.0464987777583490344
0.3358358358358000118, 0.0477062538160626243
0.3383383383383000154, 0.0490113556696339520
0.3408408408408000190, 0.0504224888882311914
0.3433433433433000226, 0.0519490611063693347
0.3458458458458000262, 0.0536016251394808921
0.3483483483482999743, 0.0553920467131660127
0.3508508508509000090, 0.0573337017530808277
0.3533533533534000126, 0.0594417093302442856
0.3558558558559000162, 0.0617332078079481442
0.3583583583584000198, 0.0642276835821883746
0.3608608608609000235, 0.0669473641686420262
0.3633633633634000271, 0.0699176904285317008
0.3658658658658999752, 0.0731678866637879843
0.3683683683683999788, 0.0767316524498437014
0.3708708708708999824, 0.0806480068268491251
0.3733733733733999860, 0.0849623244129250887
0.3758758758758999896, 0.0897276149437402082
0.3783783783783999932, 0.0950061138243947223
0.3808808808808999968, 0.1008712731378355459
0.3833833833834000004, 0.1074102725550407506
0.3858858858859000041, 0.1147272111994679933
0.3883883883884000077, 0.1229471998661624127
0.3908908908909000113, 0.1322216557983945384
0.3933933933934000149, 0.1427352212395266440
0.3958958958959000185, 0.1547149004062754463
0.3983983983984000221, 0.1684422660200779187
0.4009009009009000257, 0.1842699719977221318
0.4034034034033999738, 0.2026443983661322945
0.4059059059058999774, 0.2241371731555909519
0.4084084084083999810, 0.2494897778488404660
0.4109109109108999847, 0.2796778226855808347
0.4134134134133999883, 0.3160055508964649817
0.4159159159158999919, 0.3602479511766944476
0.4184184184183999955, 0.4148699373844398353
0.4209209209208999991, 0.4833742127989477666
0.4234234234234000027, 0.5708717279721757798
0.4259259259259000063, 0.6850531001130703013
0.4284284284284000099, 0.8379170682439482931
0.4309309309309000136, 1.0490093964718951725
0.4334334334334000172, 1.3518800692071240022
0.4359359359359000208, 1.8079643167382981606
0.4384384384384000244, 2.5393452848934483512
0.4409409409408999725, 3.8157821887684817419
0.4434434434433999761, 6.3237002145170819745
0.4459459459458999797, 12.1691629431037426912
0.4484484484483999833, 29.1421337848638160040
0.4509509509510000180, 68.3407617101717903552
0.4534534534535000216, 43.1765174194782375139
0.4559559559560000253, 16.6983856013136318097
0.4584584584584999734, 8.0159102536731072775
0.4609609609609999770, 4.5943220503313932923
0.4634634634634999806, 2.9544567534120118601
0.4659659659659999842, 2.0533457449367813474
0.4684684684684999878, 1.5081564376882847789
0.4709709709709999914, 1.1542328706737747801
0.4734734734734999950, 0.9118486284168754175
0.4759759759759999986, 0.7387497226774913939
0.4784784784785000022, 0.6109002879212361847
0.4809809809810000059, 0.5138293058692512405
0.4834834834835000095, 0.4384099108359069685
0.4859859859860000131, 0.3786584915888513425
0.4884884884885000167, 0.3305215457538593915
0.4909909909910000203, 0.2911749552204383473
0.4934934934935000239, 0.2586027305295175438
0.4959959959960000275, 0.2313348607138553392
0.4984984984984999756, 0.2082791808209520923
0.5010010010009999792, 0.1886106373376802425
0.5035035035035000384, 0.1716966186807900863
0.5060060060059999865, 0.1570455344142158705
0.5085085085085000456, 0.1442707289232594836
0.5110110110109999937, 0.1330647204116279791
0.5135135135135000528, 0.1231805235180915697
0.5160160160160000009, 0.1144179149150816588
0.5185185185184999490, 0.1066132021183612000
0.5210210210210000081, 0.0996315107155784085
0.5235235235234999562, 0.0933609059429813259
0.5260260260260000154, 0.0877078666213464003
0.5285285285284999635, 0.0825937673494617774
0.5310310310310000226, 0.0779521202783934886
0.5335335335334999707, 0.0737263947012410659
0.5360360360360000298, 0.0698682801878854759
0.5385385385384999779, 0.0663362930933803496
0.5410410410410000370, 0.0630946510128866378
0.5435435435434999851, 0.0601123578922279911
0.5460460460460000442, 0.0573624559214601301
0.5485485485484999924, 0.0548214103547019632
0.5510510510510999715, 0.0524686009381875457
0.5535535535536000307, 0.0502858993475876759
0.5560560560560999788, 0.0482573164067029436
0.5585585585586000379, 0.0463687062240744838
0.5610610610610999860, 0.0446075169910731054
0.5635635635636000451, 0.0429625802180249594
0.5660660660660999932, 0.0414239317799120071
0.5685685685686000523, 0.0399826594017549108
0.5710710710711000004, 0.0386307722123640646
0.5735735735735999485, 0.0373610887916093828
0.5760760760761000077, 0.0361671407748065110
0.5785785785785999558, 0.0350430895920575275
0.5810810810811000149, 0.0339836543364861812
0.5835835835835999630, 0.0329840490934847769
0.5860860860861000221, 0.0320399283390964129
0.5885885885885999702, 0.0311473392418374004
0.5910910910911000293, 0.0303026798883363653
0.5935935935935999774, 0.0295026626068166931
0.5960960960961000366, 0.0287442816897833658
0.5985985985985999847, 0.0280247849231691978
0.6011011011011000438, 0.0273416484175520898
0.6036036036035999919, 0.0266925543110180796
0.6061061061061000510, 0.0260753709753522855
0.6086086086085999991, 0.0254881354095465758
0.6111111111110999472, 0.0249290375487969638
0.6136136136136000063, 0.0243964062545882557
0.6161161161160999544, 0.0238886967832502919
0.6186186186186000135, 0.0234044795574397911
0.6211211211210999616, 0.0229424300881115595
0.6236236236236000208, 0.0225013199143223319
0.6261261261260999689, 0.0220800084451789266
0.6286286286286000280, 0.0216774356028335627
0.6311311311310999761, 0.0212926151780044245
0.6336336336336000352, 0.0209246288203606100
0.6361361361360999833, 0.0205726205955115982
0.6386386386386000424, 0.0202357920484951097
0.6411411411410999905, 0.0199133977207431243
0.6436436436436000497, 0.0196047410736762615
0.6461461461460999978, 0.0193091707774596354
0.6486486486485999459, 0.0190260773281582703
0.6511511511512000361, 0.0187548899606495151
0.6536536536536999842, 0.0184950738282636390
0.6561561561562000433, 0.0182461274232981370
0.6586586586586999914, 0.0180075802153456949
0.6611611611612000505, 0.0177789904868387513
0.6636636636636999986, 0.0175599433473880642
0.6661661661661999467, 0.0173500489104160271
0.6686686686687000059, 0.0171489406172882393
0.6711711711711999540, 0.0169562736956575116
0.6736736736737000131, 0.0167717237400762421
0.6761761761761999612, 0.0165949854041262078
0.6786786786787000203, 0.0164257711943781581
0.6811811811811999684, 0.0162638103574414342
0.6836836836837000275, 0.0161088478522108149
0.6861861861861999756, 0.0159606434001750563
0.6886886886887000347, 0.0158189706073298408
0.6911911911911999828, 0.0156836161518457209
0.6936936936937000420, 0.0155543790321879382
0.6961961961961999901, 0.0154310698708754069
0.6986986986987000492, 0.0153135102695079670
0.7012012012011999973, 0.0152015322110892227
0.7037037037036999454, 0.0150949775060311188
0.7062062062062000045, 0.0149936972785512206
0.7087087087086999526, 0.0148975514904669190
0.7112112112112000117, 0.0148064084996567952
0.7137137137136999598, 0.0147201446507004580
0.7162162162162000190, 0.0146386438954270569
0.7187187187186999671, 0.0145617974413017968
0.7212212212212000262, 0.0144895034257612326
0.7237237237236999743, 0.0144216666147733326
0.7262262262262000334, 0.0143581981240494174
0.7287287287286999815, 0.0142990151614732306
0.7312312312312000406, 0.0142440407894392114
0.7337337337336999887, 0.0141932037059080522
0.7362362362362000479, 0.0141464380430948531
0.7387387387386999960, 0.0141036831828037119
0.7412412412412000551, 0.0140648835875136716
0.7437437437437000032, 0.0140299886464054883
0.7462462462461999513, 0.0139989525355970444
0.7487487487487000104, 0.0139717340919281938
0.7512512512512999896, 0.0139482966997043559
0.7537537537538000487, 0.0139286081898718807
0.7562562562562999968, 0.0139126407511587901
0.7587587587587999449, 0.0139003708527713227
0.7612612612613000040, 0.0138917791782909340
0.7637637637637999521, 0.0138868505704679828
0.7662662662663000113, 0.0138855739866579880
0.7687687687687999594, 0.0138879424646940353
0.7712712712713000185, 0.0138939530990353013
0.7737737737737999666, 0.0139036070270770577
0.7762762762763000257, 0.0139169094255517049
0.7787787787787999738, 0.0139338695169946743
0.7812812812813000329, 0.0139545005862924398
0.7837837837837999810, 0.0139788200073741441
0.7862862862863000402, 0.0140068492801520127
0.7887887887887999883, 0.0140386140778612084
0.7912912912913000474, 0.0140741443049951093
0.7937937937937999955, 0.0141134741660795607
0.7962962962963000546, 0.0141566422455781139
0.7987987987988000027, 0.0142036915992711822
0.8013013013012999508, 0.0142546698575048703
0.8038038038038000099, 0.0143096293407611683
0.8063063063062999580, 0.0143686271880597710
0.8088088088088000172, 0.0144317254987642463
0.8113113113112999653, 0.0144989914884315896
0.8138138138138000244, 0.0145704976594149445
0.8163163163162999725, 0.0146463219870054100
0.8188188188188000316, 0.0147265481219801125
0.8213213213212999797, 0.0148112656105119887
0.8238238238238000388, 0.0149005701324915352
0.8263263263262999869, 0.0149945637594138051
0.8288288288288000460, 0.0150933552330956913
0.8313313313312999941, 0.0151970602666098697
0.8338338338338000533, 0.0153058018689544353
0.8363363363363000014, 0.0154197106951216439
0.8388388388387999495, 0.0155389254233871676
0.8413413413413000086, 0.0156635931618146831
0.8438438438437999567, 0.0157938698861596998
0.8463463463463000158, 0.0159299209115659895
0.8488488488487999639, 0.0160719214006762902
0.8513513513514000541, 0.0162200569110320103
0.8538538538539000022, 0.0163745239849149467
0.8563563563563999503, 0.0165355307850911272
0.8588588588589000095, 0.0167032977802571841
0.8613613613613999576, 0.0168780584843652784
0.8638638638639000167, 0.0170600602544196123
0.8663663663663999648, 0.0172495651518003307
0.8688688688689000239, 0.0174468508726836405
0.8713713713713999720, 0.0176522117536994927
0.8738738738739000311, 0.0178659598596038680
0.8763763763763999792, 0.0180884261604530097
0.8788788788789000384, 0.0183199618065595961
0.8813813813813999865, 0.0185609395103962689
0.8838838838839000456, 0.0188117550456050331
0.8863863863863999937, 0.0190728288743823027
0.8888888888889000528, 0.0193446079157576917
0.8913913913914000009, 0.0196275674686888085
0.8938938938938999490, 0.0199222133054722354
0.8963963963964000081, 0.0202290839527534960
0.8988988988988999562, 0.0205487531794274897
0.9014014014014000153, 0.0208818327129950757
0.9039039039038999634, 0.0212289752085153029
0.9064064064064000226, 0.0215908774972118460
0.9089089089088999707, 0.0219682841451102340
0.9114114114114000298, 0.0223619913558560993
0.9139139139138999779, 0.0227728512561673029
0.9164164164164000370, 0.0232017766072867837
0.9189189189188999851, 0.0236497459914212574
0.9214214214214000442, 0.0241178095285942244
0.9239239239238999923, 0.0246070951867358376
0.9264264264264000515, 0.0251188157563406941
0.9289289289288999996, 0.0256542765708341752
0.9314314314313999477, 0.0262148840651145153
0.9339339339339000068, 0.0268021552778558575
0.9364364364363999549, 0.0274177284183692478
0.9389389389389000140, 0.0280633746365088269
0.9414414414413999621, 0.0287410111547270475
0.9439439439439000212, 0.0294527159454616681
0.9464464464463999693, 0.0302007441652423492
0.9489489489489000285, 0.0309875465900108851
0.9514514514515000076, 0.0318157903351220794
0.9539539539539999558, 0.0326883821894933327
0.9564564564565000149, 0.0336084949478113529
0.9589589589589999630, 0.0345795971893368276
0.9614614614615000221, 0.0356054870287887126
0.9639639639639999702, 0.0366903304566861682
0.9664664664665000293, 0.0378387049966303346
0.9689689689689999774, 0.0390556495393617614
0.9714714714715000365, 0.0403467213731001501
0.9739739739739999846, 0.0417180616229645210
0.9764764764765000438, 0.0431764705471609847
0.9789789789789999919, 0.0447294944241659748
0.9814814814815000510, 0.0463855261160841595
0.9839839839839999991, 0.0481539218250449999
0.9864864864864999472, 0.0500451370927828473
0.9889889889890000063, 0.0520708857553878607
0.9914914914914999544, 0.0542443263905312070
0.9939939939940000135, 0.0565802818287696463
0.9964964964964999616, 0.0590954986035748323
0.9989989989990000208, 0.0618089548652825949
1.0015015015019999023, 0.0647422273869853598
1.0040040040039999170, 0.0679199309855657157
1.0065065065070000205, 0.0713702471574263475
1.0090090090090000352, 0.0751255632423993014
1.0115115115119999167, 0.0792232493317902298
1.0140140140139999314, 0.0837066079121237400
1.0165165165170000350, 0.0886260415598637830
1.0190190190190000497, 0.0940404978234176125
1.0215215215219999312, 0.1000192690953303903
1.0240240240239999459, 0.1066442507252346183
1.0265265265270000494, 0.1140127956630787864
1.0290290290290000641, 0.1222413526818700025
1.0315315315319999456, 0.1314701438563975200
1.0340340340339999603, 0.1418692347449275470
1.0365365365370000639, 0.1536464918401123647
1.0390390390390000785, 0.1670581284255892307
1.0415415415419999601, 0.1824228469761549343
1.0440440440439999747, 0.2001410500646599311
1.0465465465470000783, 0.2207213051364065870
1.0490490490490000930, 0.2448173673819352414
1.0515515515519999745, 0.2732808576401097311
1.0540540540539999892, 0.3072376329455163702
1.0565565565570000928, 0.3482008381984663115
1.0590590590590001074, 0.3982422070855410334
1.0615615615619999890, 0.4602585372374558559
1.0640640640640000036, 0.5383987716065136153
1.0665665665670001072, 0.6387722684172290055
1.0690690690689998998, 0.7706707057225852253
1.0715715715720000034, 0.9487757162786885079
1.0740740740740000181, 1.1973716471006456974
1.0765765765769998996, 1.5589309900861425540
1.0790790790789999143, 2.1130768616729840303
1.0815815815820000179, 3.0228867390701106288
1.0840840840840000325, 4.6633551366231102975
1.0865865865869999141, 8.0410855500984794730
1.0890890890889999287, 16.4562503227127940875
1.0915915915920000323, 42.0298027175042605563
1.0940940940940000470, 73.9636207087663422044
1.0965965965969999285, 33.3636149217339195161
1.0990990990989999432, 13.6781769300068649642
1.1016016016020000468, 7.0018873503095724331
1.1041041041040000614, 4.1855706083708899001
1.1066066066069999430, 2.7690350123177243091
1.1091091091089999576, 1.9641314173457558034
1.1116116116120000612, 1.4652883386700874535
1.1141141141140000759, 1.1356041840596198256
1.1166166166169999574, 0.9067133836804978086
1.1191191191189999721, 0.7415044006641917651
1.1216216216220000756, 0.6184601309380310941
1.1241241241240000903, 0.5244235231760736582
1.1266266266269999718, 0.4509892069440801787
1.1291291291289999865, 0.3925868317035602351
1.1316316316320000901, 0.3454080962475429284
1.1341341341340001048, 0.3067787653675035364
1.1366366366369999863, 0.2747768347778638542
1.1391391391390000010, 0.2479925557398786895
1.1416416416420001045, 0.2253731865632065678
1.1441441441439998972, 0.2061199588948713635
1.1466466466470000007, 0.1896181276101644442
1.1491491491490000154, 0.1753885075059825049
1.1516516516519998969, 0.1630532781203962722
1.1541541541539999116, 0.1523114548257016865
1.1566566566570000152, 0.1429210286618372572
1.1591591591590000299, 0.1346857838346675884
1.1616616616619999114, 0.1274454465515184043
1.1641641641639999261, 0.1210682398791678716
1.1666666666670000296, 0.1154451991010711220
1.1691691691690000443, 0.1104857910323057829
1.1716716716719999258, 0.1061145103322069100
1.1741741741739999405, 0.1022682159651528699
1.1766766766770000441, 0.0988940344594038540
1.1791791791790000588, 0.0959477019324947999
1.1816816816819999403, 0.0933922495986375251
1.1841841841839999550, 0.0911969614344994156
1.1866866866870000585, 0.0893365504456537229
1.1891891891890000732, 0.0877905133459301046
1.1916916916919999547, 0.0865426337047999761
1.1941941941939999694, 0.0855806116459871119
1.1966966966970000730, 0.0848958046658665755
1.1991991991990000876, 0.0844830695960528677
1.2017017017019999692, 0.0843407005731387355
1.2042042042039999838, 0.0844704624557809369
1.2067067067070000874, 0.0848777237822975067
1.2092092092090001021, 0.0855716984443795348
1.2117117117119999836, 0.0865658111738283054
1.2142142142139999983, 0.0878782092125937608
1.2167167167170001019, 0.0895324518440736850
1.2192192192189998945, 0.0915584217506950626
1.2217217217219999981, 0.0939935187773320024
1.2242242242240000127, 0.0968842195883011514
1.2267267267269998943, 0.1002881188290905834
1.2292292292289999089, 0.1042766131582769928
1.2317317317320000125, 0.1089384556860247544
1.2342342342340000272, 0.1143845055507130004
1.2367367367369999087, 0.1207541424664095031
1.2392392392389999234, 0.1282240364683872036
1.2417417417420000270, 0.1370203041304980107
1.2442442442440000416, 0.1474356210573735115
1.2467467467469999232, 0.1598537298391898009
1.2492492492489999378, 0.1747852207510350586
1.2517517517520000414, 0.1929209062772959948
1.2542542542540000561, 0.2152133898638520781
1.2567567567569999376, 0.2430051790978314807
1.2592592592589999523, 0.2782362713441143276
1.2617617617620000559, 0.3237927721427492078
1.2642642642640000705, 0.3841172029096389662
1.2667667667669999521, 0.4663303517090617856
1.2692692692689999667, 0.5824167096426082768
1.2717717717720000703, 0.7537914708990620660
1.2742742742740000850, 1.0217060795090695535
1.2767767767769999665, 1.4736754551289972248
1.2792792792789999812, 2.3205882359524778735
1.2817817817820000847, 4.1650542531217169540
1.2842842842840000994, 9.1224965449925328187
1.2867867867869999809, 23.7618565714583738213
1.2892892892889999956, 25.7100646839089179707
1.2917917917920000992, 9.9913168044289086822
1.2942942942939998918, 4.4611715131857891947
1.2967967967969999954, 2.4512686502212996942
1.2992992992990000101, 1.5464653228334603874
1.3018018018019998916, 1.0709662687557961469
1.3043043043039999063, 0.7928332729156430947
1.3068068068070000098, 0.6172305128253126050
1.3093093093090000245, 0.4999543298080135756
1.3118118118119999060, 0.4182590025916220755
1.3143143143139999207, 0.3595090376054758674
1.3168168168170000243, 0.3162464670748539874
1.3193193193190000390, 0.2838487651427162861
1.3218218218219999205, 0.2593343769978484481
1.3243243243239999352, 0.2407165534720634437
1.3268268268270000387, 0.2266361531413620956
1.3293293293290000534, 0.2161441242323587919
1.3318318318319999349, 0.2085680472644301509
1.3343343343339999496, 0.2034278074751157961
1.3368368368370000532, 0.2003810234051636996
1.3393393393390000679, 0.1991871008823018485
1.3418418418419999494, 0.1996833241766052536
1.3443443443439999641, 0.2017689911959613669
1.3468468468470000676, 0.2053951344148804981
1.3493493493490000823, 0.2105583106547228855
1.3518518518519999638, 0.2172975460038890083
1.3543543543539999785, 0.2256939323485989968
1.3568568568570000821, 0.2358726764109470020
1.3593593593590000967, 0.2480076577737081456
1.3618618618619999783, 0.2623288016579898851
1.3643643643639999929, 0.2791328539097555628
1.3668668668670000965, 0.2987985033407843383
1.3693693693689998891, 0.3218072884677904977
1.3718718718719999927, 0.3487724382737347195
1.3743743743740000074, 0.3804788665986712504
1.3768768768770001110, 0.4179391921334819071
1.3793793793789999036, 0.4624732725836591118
1.3818818818820000072, 0.5158229892085333113
1.3843843843840000218, 0.5803210954524304910
1.3868868868869999034, 0.6591450744570204190
1.3893893893889999180, 0.7567084037489161252
1.3918918918920000216, 0.8792809162184245242
1.3943943943940000363, 1.0360048063087834436
1.3968968968969999178, 1.2406220334158115648
1.3993993993989999325, 1.5145420893986443200
1.4019019019020000361, 1.8925775530534574287
1.4044044044040000507, 2.4343472813888165085
1.4069069069069999323, 3.2487070770598509561
1.4094094094089999469, 4.5511684607677622694
1.4119119119120000505, 6.8155994854849479836
1.4144144144140000652, 11.2398722119089846672
1.4169169169169999467, 21.4682203148259702630
1.4194194194189999614, 50.9265567938236856094
1.4219219219220000650, 122.2042509923678181849
1.4244244244240000796, 81.6977223670615444462
1.4269269269269999612, 31.4440494542906279207
1.4294294294289999758, 14.9603077530450736532
1.4319319319320000794, 8.5237779025697300028
1.4344344344340000941, 5.4594552080913345549
1.4369369369369999756, 3.7833083940079590413
1.4394394394389999903, 2.7724984956596245844
1.4419419419420000938, 2.1178643380357486947
1.4444444444440001085, 1.6703380088686550220
1.4469469469469999900, 1.3511714780314001416
1.4494494494490000047, 1.1156845555678973625
1.4519519519520001083, 0.9370330445859258450
1.4544544544539999009, 0.7983153387802438550
1.4569569569570000045, 0.6884665649554855271
1.4594594594590000192, 0.6000001049664920316
1.4619619619619999007, 0.5277053723032105736
1.4644644644639999154, 0.4678661361620496395
1.4669669669670000189, 0.4177747178742549083
1.4694694694690000336, 0.3754207745147394304
1.4719719719719999151, 0.3392865352387317568
1.4744744744739999298, 0.3082088515894016445
1.4769769769770000334, 0.2812842758260491460
1.4794794794790000481, 0.2578024946791602767
1.4819819819819999296, 0.2371988407444021729
1.4844844844839999443, 0.2190198824942717337
1.4869869869870000478, 0.2028981345963143945
1.4894894894890000625, 0.1885332281223348894
1.4919919919919999440, 0.1756777221368386876
1.4944944944939999587, 0.1641262942241644984
1.4969969969970000623, 0.1537074209462704899
1.4994994994990000770, 0.1442769138762821646
1.5020020020019999585, 0.1357128529880833878
1.5045045045050000621, 0.1279115826237455233
1.5070070070070000767, 0.1207845228392168124
1.5095095095099999583, 0.1142556117782033143
1.5120120120119999729, 0.1082592403120685859
1.5145145145150000765, 0.1027385735839975167
1.5170170170170000912, 0.0976441787983241133
1.5195195195199999727, 0.0929328970283135325
1.5220220220219999874, 0.0885669106849494570
1.5245245245250000909, 0.0845129688075203778
1.5270270270270001056, 0.0807417403735826850
1.5295295295299999871, 0.0772272720101372517
1.5320320320320000018, 0.0739465312785927559
1.5345345345350001054, 0.0708790204411450520
1.5370370370369998980, 0.0680064485457736179
1.5395395395400000016, 0.0653124519782559282
1.5420420420420000163, 0.0627823554629791947
1.5445445445449998978, 0.0604029669563004856
1.5470470470469999125, 0.0581624010479636633
1.5495495495500000160, 0.0560499264296535418
1.5520520520520000307, 0.0540558337531713076
1.5545545545549999122, 0.0521713208210507692
1.5570570570569999269, 0.0503883925586261008
1.5595595595600000305, 0.0486997736313550325
1.5620620620620000452, 0.0470988319123504875
1.5645645645649999267, 0.0455795112867682373
1.5670670670669999414, 0.0441362725131158595
1.5695695695700000449, 0.0427640410556214129
1.5720720720720000596, 0.0414581609637473675
1.5745745745749999411, 0.0402143540104548877
1.5770770770769999558, 0.0390286834146265013
1.5795795795800000594, 0.0378975215688936926
1.5820820820820000741, 0.0368175212750447220
1.5845845845849999556, 0.0357855900577590397
1.5870870870869999703, 0.0347988671856255677
1.5895895895900000738, 0.0338547030779845215
1.5920920920920000885, 0.0329506408184606220
1.5945945945949999700, 0.0320843995322663625
1.5970970970969999847, 0.0312538594154398233
1.5995995996000000883, 0.0304570482308885900
1.6021021021020001029, 0.0296921291091404513
1.6046046046049999845, 0.0289573895115896526
1.6071071071069999991, 0.0282512312312311539
1.6096096096100001027, 0.0275721613208121004
1.6121121121119998953, 0.0269187838512943110
1.6146146146149999989, 0.0262897924148203024
1.6171171171170000136, 0.0256839632962281850
1.6196196196199998951, 0.0251001492457725989
1.6221221221219999098, 0.0245372737932491800
1.6246246246250000134, 0.0239943260503336364
1.6271271271270000280, 0.0234703559537566483
1.6296296296299999096, 0.0229644699070495895
1.6321321321319999242, 0.0224758267831032532
1.6346346346350000278, 0.0220036342537610445
1.6371371371370000425, 0.0215471454161868907
1.6396396396399999240, 0.0211056556888637552
1.6421421421419999387, 0.0206784999528420964
1.6446446446450000423, 0.0202650499163117351
1.6471471471470000569, 0.0198647116827529897
1.6496496496499999385, 0.0194769235048668152
1.6521521521519999531, 0.0191011537082170363
1.6546546546550000567, 0.0187368987700652807
1.6571571571570000714, 0.0183836815402632220
1.6596596596599999529, 0.0180410495923051528
1.6621621621619999676, 0.0177085736937543613
1.6646646646650000712, 0.0173858463862527068
1.6671671671670000858, 0.0170724806662180678
1.6696696696699999674, 0.0167681087581388853
1.6721721721719999820, 0.0164723809731001543
1.6746746746750000856, 0.0161849646458282689
1.6771771771770001003, 0.0159055431441316730
1.6796796796799999818, 0.0156338149451469462
1.6821821821819999965, 0.0153694927732811841
1.6846846846850001000, 0.0151123027951776331
1.6871871871869998927, 0.0148619838674262546
1.6896896896899999962, 0.0146182868330991585
1.6921921921920000109, 0.0143809738635158162
1.6946946946949998924, 0.0141498178419385244
1.6971971971969999071, 0.0139246017861671470
1.6996996997000000107, 0.0137051183072467216
1.7022022022020000254, 0.0134911691017243693
1.7047047047049999069, 0.0132825644750951787
1.7072072072069999216, 0.0130791228942619374
1.7097097097100000251, 0.0128806705670032676
1.7122122122120000398, 0.0126870410465992622
1.7147147147149999213, 0.0124980748599055527
1.7172172172169999360, 0.0123136191572964238
1.7197197197200000396, 0.0121335273830162418
1.7222222222220000543, 0.0119576589645878084
1.7247247247249999358, 0.0117858790200258308
1.7272272272269999505, 0.0116180580816959318
1.7297297297300000540, 0.0114540718357437864
1.7322322322320000687, 0.0112938008760967573
1.7347347347349999502, 0.0111371304721117354
1.7372372372369999649, 0.0109839503490088055
1.7397397397400000685, 0.0108341544802909480
1.7422422422420000832, 0.0106876408914058918
1.7447447447449999647, 0.0105443114739579291
1.7472472472469999794, 0.0104040718098251037
1.7497497497500000829, 0.0102668310045811867
1.7522522522520000976, 0.0101325015296627186
1.7547547547549999791, 0.0100009990727588753
1.7572572572569999938, 0.0098722423959368942
1.7597597597600000974, 0.0097461532010481820
1.7622622622619998900, 0.0096226560019898860
1.7647647647649999936, 0.0095016780034248155
1.7672672672670000082, 0.0093831489855881155
1.7697697697699998898, 0.0092670011948330338
1.7722722722719999044, 0.0091531692395905272
1.7747747747750000080, 0.0090415899914377870
1.7772772772770000227, 0.0089322024909903111
1.7797797797799999042, 0.0088249478583496896
1.7822822822819999189, 0.0087197692078561130
1.7847847847850000225, 0.0086166115669100152
1.7872872872870000371, 0.0085154217986417834
1.7897897897899999187, 0.0084161485282216973
1.7922922922919999333, 0.0083187420726151054
1.7947947947950000369, 0.0082231543735993649
1.7972972972970000516, 0.0081293389338700384
1.7997997997999999331, 0.0080372507560740897
1.8023023023019999478, 0.0079468462846173805
1.8048048048050000514, 0.0078580833501026119
1.8073073073070000660, 0.0077709211162622898
1.8098098098099999476, 0.0076853200292590950
1.8123123123119999622, 0.0076012417692332716
1.8148148148150000658, 0.0075186492039836265
1.8173173173170000805, 0.0074375063446750298
1.8198198198199999620, 0.0073577783034714222
1.8223223223219999767, 0.0072794312529988938
1.8248248248250000803, 0.0072024323875488003
1.8273273273270000949, 0.0071267498859357223
1.8298298298299999765, 0.0070523528759298525
1.8323323323319999911, 0.0069792114001877101
1.8348348348350000947, 0.0069072963836092557
1.8373373373370001094, 0.0068365796020532976
1.8398398398399999909, 0.0067670336523467682
1.8423423423420000056, 0.0066986319235268332
1.8448448448450001091, 0.0066313485692580856
1.8473473473469999018, 0.0065651584813700321
1.8498498498500000053, 0.0065000372644630133
1.8523523523520000200, 0.0064359612115333364
1.8548548548549999015, 0.0063729072805709872
1.8573573573569999162, 0.0063108530720856360
1.8598598598600000198, 0.0062497768075189678
1.8623623623620000345, 0.0061896573085034262
1.8648648648649999160, 0.0061304739769295399
1.8673673673669999307, 0.0060722067757858602
1.8698698698700000342, 0.0060148362107373555
1.8723723723720000489, 0.0059583433124097522
1.8748748748749999304, 0.0059027096193490225
1.8773773773769999451, 0.0058479171616265752
1.8798798798800000487, 0.0057939484450623031
1.8823823823820000634, 0.0057407864360388737
1.8848848848849999449, 0.0056884145468819817
1.8873873873869999596, 0.0056368166217824990
1.8898898898900000631, 0.0055859769232376047
1.8923923923920000778, 0.0055358801189890200
1.8948948948949999593, 0.0054865112694375915
1.8973973973969999740, 0.0054378558155143610
1.8998998999000000776, 0.0053898995669892360
1.9024024024020000923, 0.0053426286911992110
1.9049049049049999738, 0.0052960297021790005
1.9074074074069999885, 0.0052500894501776229
1.9099099099100000920, 0.0052047951115453284
1.9124124124120001067, 0.0051601341789759107
1.9149149149149999882, 0.0051160944520901560
1.9174174174170000029, 0.0050726640283467956
1.9199199199200001065, 0.0050298312942679713
1.9224224224219998991, 0.0049875849169667592
1.9249249249250000027, 0.0049459138359649090
1.9274274274270000173, 0.0049048072552894083
1.9299299299299998989, 0.0048642546358370550
1.9324324324319999135, 0.0048242456879966263
1.9349349349350000171, 0.0047847703645187336
1.9374374374370000318, 0.0047458188536238658
1.9399399399399999133, 0.0047073815723395187
1.9424424424419999280, 0.0046694491600577197
1.9449449449450000316, 0.0046320124723046221
1.9474474474470000462, 0.0045950625747141786
1.9499499499499999278, 0.0045585907371982768
1.9524524524519999424, 0.0045225884283059993
1.9549549549550000460, 0.0044870473097650054
1.9574574574570000607, 0.0044519592311983219
1.9599599599599999422, 0.0044173162250100853
1.9624624624619999569, 0.0043831105014340791
1.9649649649650000605, 0.0043493344437391269
1.9674674674670000751, 0.0043159806035856759
1.9699699699699999567, 0.0042830416965281169
1.9724724724719999713, 0.0042505105976576056
1.9749749749750000749, 0.0042183803373803778
1.9774774774770000896, 0.0041866440973267419
1.9799799799799999711, 0.0041552952063861190
1.9824824824819999858, 0.0041243271368636937
1.9849849849850000894, 0.0040937335007544097
1.9874874874870001040, 0.0040635080461302207
1.9899899899899999856, 0.0040336446536366572
1.9924924924920000002, 0.0040041373330949141
1.9949949949950001038, 0.0039749802202058565
1.9974974974969998964, 0.0039461675733524111
2.0000000000000000000, 0.0039176937704970176
