# Delta1: 0.465
# Delta2: 1.17
# Delta3: 1.355
# Dq: 0.1355
# Ds: 0.04
# Dt: 0.061000000000000006
# k1_lab: [1, 0, 0]
# k2_lab: [-0.8660254037844387, 0.49999999999999994, 0.0]
# k1_cf: [-0.35355339059327373, -0.35355339059327373, -0.8660254037844387]
# k2_cf: [0.0, 0.0, 1.0]
# pol1_lab: [(0, 1, 0), (0, 0, 1)]
# pol2_lab: "[array([-0.5      , -0.8660254,  0.       ]), array([0., 0., 1.])]"
# pol1_cf: "[array([-0.61237244, -0.61237244,  0.5       ]), array([-0.70710678,  0.70710678,  0.        ])]"
# pol2_cf: "[array([0.70710678, 0.70710678, 0.        ]), array([-0.70710678,  0.70710678,  0.        ])]"
# cf: "[array([-0.35355339, -0.61237244, -0.70710678]), array([-0.35355339, -0.61237244,  0.70710678]), array([-0.8660254,  0.5      ,  0.       ])]"
# th: 150
-0.5000000000000000000, 0.0067690330626125582
-0.4974974974974999964, 0.0068316083220416480
-0.4949949949949999928, 0.0068951019112324123
-0.4924924924924999892, 0.0069595322587471843
-0.4899899899899999856, 0.0070249182616324794
-0.4874874874874999819, 0.0070912792998361774
-0.4849849849849999783, 0.0071586352511458741
-0.4824824824824999747, 0.0072270065066700837
-0.4799799799800000266, 0.0072964139868849451
-0.4774774774775000230, 0.0073668791582702188
-0.4749749749750000194, 0.0074384240505593925
-0.4724724724725000158, 0.0075110712746300629
-0.4699699699700000122, 0.0075848440410618122
-0.4674674674675000086, 0.0076597661793902762
-0.4649649649650000049, 0.0077358621580874464
-0.4624624624625000013, 0.0078131571052996538
-0.4599599599599999977, 0.0078916768303763114
-0.4574574574574999941, 0.0079714478462240869
-0.4549549549549999905, 0.0080524973925228966
-0.4524524524524999869, 0.0081348534598418842
-0.4499499499499000077, 0.0082185448146956386
-0.4474474474474000041, 0.0083036010255825923
-0.4449449449449000005, 0.0083900524900501379
-0.4424424424423999969, 0.0084779304628327910
-0.4399399399398999932, 0.0085672670851124726
-0.4374374374373999896, 0.0086580954149523444
-0.4349349349348999860, 0.0087504494589582746
-0.4324324324323999824, 0.0088443642052250110
-0.4299299299298999788, 0.0089398756576268799
-0.4274274274273999752, 0.0090370208715162461
-0.4249249249249000271, 0.0091358379908961264
-0.4224224224224000235, 0.0092363662871370565
-0.4199199199199000199, 0.0093386461993119202
-0.4174174174174000163, 0.0094427193762266284
-0.4149149149149000126, 0.0095486287202285539
-0.4124124124124000090, 0.0096564184328793434
-0.4099099099099000054, 0.0097661340625832763
-0.4074074074074000018, 0.0098778225542676228
-0.4049049049048999982, 0.0099915323012165873
-0.4024024024023999946, 0.0101073131991663394
-0.3998998998998999910, 0.0102252167027746029
-0.3973973973973999874, 0.0103452958845847119
-0.3948948948948999838, 0.0104676054966109395
-0.3923923923923999801, 0.0105922020346791643
-0.3898898898898999765, 0.0107191438056648512
-0.3873873873873999729, 0.0108484909977782477
-0.3848848848849000248, 0.0109803057540560287
-0.3823823823824000212, 0.0111146522492274226
-0.3798798798799000176, 0.0112515967701334318
-0.3773773773774000140, 0.0113912077998879566
-0.3748748748749000104, 0.0115335561059813525
-0.3723723723724000068, 0.0116787148325389091
-0.3698698698699000031, 0.0118267595969598783
-0.3673673673673999995, 0.0119777685911763732
-0.3648648648648999959, 0.0121318226877864845
-0.3623623623623999923, 0.0122890055513315902
-0.3598598598598999887, 0.0124494037550050736
-0.3573573573573999851, 0.0126131069030974551
-0.3548548548548999815, 0.0127802077595027402
-0.3523523523523999779, 0.0129508023826313580
-0.3498498498497999987, 0.0131249902670974687
-0.3473473473472999951, 0.0133028744925722947
-0.3448448448447999914, 0.0134845618802209299
-0.3423423423422999878, 0.0136701631571674465
-0.3398398398397999842, 0.0138597931294627812
-0.3373373373372999806, 0.0140535708640617818
-0.3348348348347999770, 0.0142516198803497428
-0.3323323323322999734, 0.0144540683517957111
-0.3298298298298000253, 0.0146610493183493337
-0.3273273273273000217, 0.0148727009102404377
-0.3248248248248000181, 0.0150891665838868653
-0.3223223223223000145, 0.0153105953706648423
-0.3198198198198000108, 0.0155371421393502452
-0.3173173173173000072, 0.0157689678730961770
-0.3148148148148000036, 0.0160062399618744848
-0.3123123123123000000, 0.0162491325113764094
-0.3098098098097999964, 0.0164978266694393930
-0.3073073073072999928, 0.0167525109711463838
-0.3048048048047999892, 0.0170133817038286179
-0.3023023023022999856, 0.0172806432932946022
-0.2997997997997999819, 0.0175545087127086490
-0.2972972972972999783, 0.0178351999156495210
-0.2947947947947999747, 0.0181229482949979148
-0.2922922922923000266, 0.0184179951694289600
-0.2897897897898000230, 0.0187205922994237092
-0.2872872872873000194, 0.0190310024348657146
-0.2847847847848000158, 0.0193494998964512943
-0.2822822822823000122, 0.0196763711933215998
-0.2797797797798000086, 0.0200119156795193660
-0.2772772772773000050, 0.0203564462520842739
-0.2747747747748000013, 0.0207102900938344291
-0.2722722722722999977, 0.0210737894641327139
-0.2697697697697999941, 0.0214473025412144948
-0.2672672672672999905, 0.0218312043199557909
-0.2647647647647999869, 0.0222258875692917350
-0.2622622622622999833, 0.0226317638538590521
-0.2597597597597999797, 0.0230492646248342814
-0.2572572572572999761, 0.0234788423853763348
-0.2547547547547999724, 0.0239209719365633053
-0.2522522522523000243, 0.0243761517102404311
-0.2497497497496999896, 0.0248449051957785570
-0.2472472472472000138, 0.0253277824683823261
-0.2447447447447000102, 0.0258253618272940230
-0.2422422422422000066, 0.0263382515530182632
-0.2397397397397000030, 0.0268670917935546275
-0.2372372372371999993, 0.0274125565905772514
-0.2347347347346999957, 0.0279753560575561992
-0.2322322322321999921, 0.0285562387229833688
-0.2297297297296999885, 0.0291559940531632596
-0.2272272272272000126, 0.0297754551704692907
-0.2247247247247000090, 0.0304155017845679498
-0.2222222222222000054, 0.0310770633558961826
-0.2197197197197000018, 0.0317611225126644414
-0.2172172172171999982, 0.0324687187448752801
-0.2147147147146999946, 0.0332009524013239590
-0.2122122122121999910, 0.0339589890183189247
-0.2097097097096999874, 0.0347440640119622488
-0.2072072072072000115, 0.0355574877693108568
-0.2047047047047000079, 0.0364006511776462788
-0.2022022022022000043, 0.0372750316354751310
-0.1996996996997000007, 0.0381821995938300893
-0.1971971971971999971, 0.0391238256820198027
-0.1946946946946999935, 0.0401016884782772337
-0.1921921921921999898, 0.0411176829928807039
-0.1896896896896999862, 0.0421738299393932814
-0.1871871871872000104, 0.0432722858788225778
-0.1846846846847000068, 0.0444153543319072003
-0.1821821821822000032, 0.0456054979665794641
-0.1796796796796999995, 0.0468453519811547897
-0.1771771771771999959, 0.0481377388192205519
-0.1746746746746999923, 0.0494856843698402507
-0.1721721721721999887, 0.0508924358269150431
-0.1696696696697000128, 0.0523614814047716898
-0.1671671671672000092, 0.0538965721337739054
-0.1646646646647000056, 0.0555017459905711233
-0.1621621621622000020, 0.0571813546532021558
-0.1596596596596999984, 0.0589400932124952773
-0.1571571571571999948, 0.0607830332190380657
-0.1546546546546999912, 0.0627156595006190670
-0.1521521521521999876, 0.0647439112498812142
-0.1496496496496000084, 0.0668742279576937659
-0.1471471471471000048, 0.0691136008564877946
-0.1446446446446000011, 0.0714696306420108118
-0.1421421421420999975, 0.0739505923646512631
-0.1396396396395999939, 0.0765655085263298035
-0.1371371371370999903, 0.0793242315904487127
-0.1346346346345999867, 0.0822375373160012524
-0.1321321321321000108, 0.0853172305694319261
-0.1296296296296000072, 0.0885762655575220992
-0.1271271271271000036, 0.0920288827717459512
-0.1246246246246000000, 0.0956907653520280566
-0.1221221221220999964, 0.0995792180815836675
-0.1196196196196000067, 0.1037133728345890349
-0.1171171171171000031, 0.1081144250400013496
-0.1146146146145999994, 0.1128059066297883856
-0.1121121121120999958, 0.1178140020486184020
-0.1096096096096000061, 0.1231679152663658627
-0.1071071071071000025, 0.1289002974208689756
-0.1046046046045999989, 0.1350477468117474156
-0.1021021021020999953, 0.1416513955775806632
-0.0995995995996000055, 0.1487576006630014769
-0.0970970970971000019, 0.1564187608090418791
-0.0945945945945900063, 0.1646942865299899639
-0.0920920920920900027, 0.1736517567062912937
-0.0895895895895899991, 0.1833683039716435537
-0.0870870870870899955, 0.1939322821048617140
-0.0845845845845799998, 0.2054452829706261974
-0.0820820820820799962, 0.2180245893074042041
-0.0795795795795800065, 0.2318061743825420851
-0.0770770770770800029, 0.2469483923800377401
-0.0745745745745699934, 0.2636365473907745782
-0.0720720720720700037, 0.2820885883524043014
-0.0695695695695700000, 0.3025622584362487322
-0.0670670670670699964, 0.3253641392114829389
-0.0645645645645600008, 0.3508611856864612966
-0.0620620620620599972, 0.3794955677838389718
-0.0595595595595600005, 0.4118039467906155493
-0.0570570570570599969, 0.4484427675951216941
-0.0545545545545500013, 0.4902218103745798472
-0.0520520520520499977, 0.5381492318336925651
-0.0495495495495500010, 0.5934928185901582331
-0.0470470470470499974, 0.6578644744998434213
-0.0445445445445400018, 0.7333385759341366494
-0.0420420420420399982, 0.8226206276579065557
-0.0395395395395400015, 0.9292921837488298253
-0.0370370370370399979, 1.0581740827727454946
-0.0345345345345300023, 1.2158779929083207705
-0.0320320320320299987, 1.4116664300611003746
-0.0295295295295299985, 1.6588348440947455753
-0.0270270270270299984, 1.9770108021248584684
-0.0245245245245199993, 2.3961348948379108670
-0.0220220220220199991, 2.9636837656180672340
-0.0195195195195199990, 3.7585237388499330713
-0.0170170170170199989, 4.9193183296024116657
-0.0145145145145099998, 6.7077506176887871092
-0.0120120120120099996, 9.6643917313158418381
-0.0095095095095099995, 15.0464858055069932163
-0.0070070070070070000, 26.2806299272344503493
-0.0045045045045049997, 54.8028471668748622392
-0.0020020020020019998, 141.7866540238750303615
0.0005005005005005000, 223.7424375424866980211
0.0030030030030029999, 95.2621696782733664577
0.0055055055055059999, 39.7841700657876202740
0.0080080080080079993, 20.6689186781039140328
0.0105105105105099995, 12.4638558973288056109
0.0130130130130099997, 8.2863361537613808849
0.0155155155155200005, 5.8920417844777066563
0.0180180180180199989, 4.3986467817272680847
0.0205205205205199991, 3.4067317804807180082
0.0230230230230199992, 2.7152566612910415955
0.0255255255255299983, 2.2144145730075841527
0.0280280280280299984, 1.8402250376119313469
0.0305305305305299986, 1.5534074780403301919
0.0330330330330299987, 1.3287826176294494918
0.0355355355355400013, 1.1496157607014567681
0.0380380380380399979, 1.0044372807776993373
0.0405405405405400016, 0.8851753059840243854
0.0430430430430399982, 0.7860169425236596119
0.0455455455455500008, 0.7026907127956143473
0.0480480480480499975, 0.6320012715798893899
0.0505505505505500011, 0.5715199772411576618
0.0530530530530499977, 0.5193744291822778303
0.0555555555555600003, 0.4741024056854309943
0.0580580580580599970, 0.4345486402049736352
0.0605605605605600006, 0.3997906640984006943
0.0630630630630600042, 0.3690847292608917529
0.0655655655655699998, 0.3418258317347318553
0.0680680680680700034, 0.3175177872386567568
0.0705705705705699932, 0.2957505716052273304
0.0730730730730699968, 0.2761829789181306505
0.0755755755755800063, 0.2585292180021489528
0.0780780780780799960, 0.2425484576244735513
0.0805805805805799996, 0.2280366019051145998
0.0830830830830800032, 0.2148197685014034408
0.0855855855855899988, 0.2027490783832405219
0.0880880880880900025, 0.1916964642625429427
0.0905905905905900061, 0.1815512763231507398
0.0930930930930899958, 0.1722175165638432093
0.0955955955956000053, 0.1636115721727582906
0.0980980980980999950, 0.1556603476398167041
0.1006006006005999986, 0.1482997174287506992
0.1031031031031000023, 0.1414732378579364735
0.1056056056056000059, 0.1351310697372149761
0.1081081081080999956, 0.1292290732624243876
0.1106106106105999992, 0.1237280444027150511
0.1131131131131000028, 0.1185930680610558091
0.1156156156156000064, 0.1137929680422345158
0.1181181181180999962, 0.1092998376221756551
0.1206206206205999998, 0.1050886375016174684
0.1231231231231000034, 0.1011368503162021482
0.1256256256256000070, 0.0974241827937780275
0.1281281281281000106, 0.0939323081980371066
0.1306306306305999865, 0.0906446429526757691
0.1331331331330999901, 0.0875461523620305326
0.1356356356355999937, 0.0846231811794264377
0.1381381381380999973, 0.0818633054600528404
0.1406406406406000009, 0.0792552027000367476
0.1431431431431000045, 0.0767885377304990541
0.1456456456456000081, 0.0744538622230382224
0.1481481481481000118, 0.0722425259859086760
0.1506506506506999910, 0.0701465984998797809
0.1531531531531999946, 0.0681587993688295979
0.1556556556556999982, 0.0662724365501934087
0.1581581581582000018, 0.0644813513906613706
0.1606606606607000054, 0.0627798696280600504
0.1631631631632000090, 0.0611627576352954810
0.1656656656657000126, 0.0596251832799771994
0.1681681681681999885, 0.0581626808566715892
0.1706706706706999921, 0.0567711196199607859
0.1731731731731999957, 0.0554466755075106177
0.1756756756756999993, 0.0541858056947777458
0.1781781781782000029, 0.0529852256681137834
0.1806806806807000065, 0.0518418885419759251
0.1831831831832000101, 0.0507529663796393374
0.1856856856857000138, 0.0497158333060068319
0.1881881881881999896, 0.0487280502264838891
0.1906906906906999932, 0.0477873509879725364
0.1931931931931999968, 0.0468916298373152560
0.1956956956957000004, 0.0460389300493756620
0.1981981981982000041, 0.0452274336117175352
0.2007007007007000077, 0.0444554518658257097
0.2032032032032000113, 0.0437214170162416940
0.2057057057056999871, 0.0430238744290799072
0.2082082082081999908, 0.0423614756503239015
0.2107107107106999944, 0.0417329720822310554
0.2132132132131999980, 0.0411372092632381267
0.2157157157157000016, 0.0405731217030677327
0.2182182182182000052, 0.0400397282303971147
0.2207207207207000088, 0.0395361278155483484
0.2232232232232000124, 0.0390614958352725541
0.2257257257256999883, 0.0386150807509019617
0.2282282282281999919, 0.0381962011749879884
0.2307307307306999955, 0.0378042433050918697
0.2332332332331999991, 0.0374386587066920656
0.2357357357357000027, 0.0370989624302665438
0.2382382382382000063, 0.0367847314505413761
0.2407407407407000099, 0.0364956034187054329
0.2432432432432000136, 0.0362312757211169997
0.2457457457456999894, 0.0359915048407038057
0.2482482482481999930, 0.0357761060199214206
0.2507507507508000000, 0.0355849532268229726
0.2532532532533000036, 0.0354179794285410451
0.2557557557558000072, 0.0352751771793313601
0.2582582582583000108, 0.0351565995333178796
0.2607607607608000144, 0.0350623612952555425
0.2632632632633000180, 0.0349926406260396144
0.2657657657658000216, 0.0349476810233940033
0.2682682682683000253, 0.0349277937022271778
0.2707707707707999734, 0.0349333604036231801
0.2732732732732999770, 0.0349648366664171706
0.2757757757757999806, 0.0350227556008818400
0.2782782782782999842, 0.0351077322103314493
0.2807807807807999878, 0.0352204683135560193
0.2832832832832999914, 0.0353617581290793168
0.2857857857857999950, 0.0355324945914593238
0.2882882882882999986, 0.0357336764804212503
0.2907907907908000023, 0.0359664164557754254
0.2932932932933000059, 0.0362319501051014958
0.2957957957958000095, 0.0365316461274265009
0.2982982982983000131, 0.0368670177949846772
0.3008008008008000167, 0.0372397358571116971
0.3033033033033000203, 0.0376516430759842730
0.3058058058058000239, 0.0381047706139659645
0.3083083083083000275, 0.0386013565276281043
0.3108108108107999756, 0.0391438666651125269
0.3133133133132999792, 0.0397350183126581394
0.3158158158157999829, 0.0403778069943833279
0.3183183183182999865, 0.0410755368986868846
0.3208208208207999901, 0.0418318554872602610
0.3233233233232999937, 0.0426507929415737008
0.3258258258257999973, 0.0435368072204038795
0.3283283283283000009, 0.0444948356449935759
0.3308308308308000045, 0.0455303541013526228
0.3333333333333000081, 0.0466494451590819884
0.3358358358358000118, 0.0478588766617777522
0.3383383383383000154, 0.0491661926568198529
0.3408408408408000190, 0.0505798189164994236
0.3433433433433000226, 0.0521091857763261446
0.3458458458458000262, 0.0537648716036295687
0.3483483483482999743, 0.0555587709407514563
0.3508508508509000090, 0.0575042922820189623
0.3533533533534000126, 0.0596165915943490804
0.3558558558559000162, 0.0619128491463274769
0.3583583583584000198, 0.0644125990609040466
0.3608608608609000235, 0.0671381233737911448
0.3633633633634000271, 0.0701149254264862160
0.3658658658658999752, 0.0733723013706460286
0.3683683683683999788, 0.0769440337111692435
0.3708708708708999824, 0.0808692375844996120
0.3733733733733999860, 0.0851933994336021849
0.3758758758758999896, 0.0899696597112652208
0.3783783783783999932, 0.0952604073648444377
0.3808808808808999968, 0.1011392757678630794
0.3833833833834000004, 0.1076936598390858257
0.3858858858859000041, 0.1150279157998322088
0.3883883883884000077, 0.1232674635124870743
0.3908908908909000113, 0.1325640943504080016
0.3933933933934000149, 0.1431029068585701891
0.3958958958959000185, 0.1551114663216391631
0.3983983983984000221, 0.1688720414809857240
0.4009009009009000257, 0.1847381580598390638
0.4034034034033999738, 0.2031572996772126327
0.4059059059058999774, 0.2247025076924872300
0.4084084084083999810, 0.2501170969606960059
0.4109109109108999847, 0.2803790900855317458
0.4134134134133999883, 0.3167959553561011665
0.4159159159158999919, 0.3611470706554742449
0.4184184184183999955, 0.4159034451764624385
0.4209209209208999991, 0.4845764439259188650
0.4234234234234000027, 0.5722896562825323663
0.4259259259259000063, 0.6867527176399288447
0.4284284284284000099, 0.8399940389237605665
0.4309309309309000136, 1.0516077194670596651
0.4334334334334000172, 1.3552267104662925057
0.4359359359359000208, 1.8124381674604022052
0.4384384384384000244, 2.5456271400150702888
0.4409409409408999725, 3.8252199406082030286
0.4434434434433999761, 6.3393392415514675520
0.4459459459458999797, 12.1992567865586565290
0.4484484484483999833, 29.2142000765177520805
0.4509509509510000180, 68.5097631147794032813
0.4534534534535000216, 43.2832885511715517168
0.4559559559560000253, 16.7396773592763139504
0.4584584584584999734, 8.0357301684921260687
0.4609609609609999770, 4.6056799623107718133
0.4634634634634999806, 2.9617587515406214038
0.4659659659659999842, 2.0584187230398662827
0.4684684684684999878, 1.5118805687528000803
0.4709709709709999914, 1.1570811437678552025
0.4734734734734999950, 0.9140968740630096567
0.4759759759759999986, 0.7405692797889864565
0.4784784784785000022, 0.6124030560660030931
0.4809809809810000059, 0.5150913985322380650
0.4834834834835000095, 0.4394848711710699352
0.4859859859860000131, 0.3795850654893574982
0.4884884884885000167, 0.3313284548899434467
0.4909909909910000203, 0.2918839372295829460
0.4934934934935000239, 0.2592305374680521912
0.4959959959960000275, 0.2318946092276853166
0.4984984984984999756, 0.2087812865351960367
0.5010010010009999792, 0.1890634754065984580
0.5035035035035000384, 0.1721069996846278094
0.5060060060059999865, 0.1574190530955953404
0.5085085085085000456, 0.1446120236842625695
0.5110110110109999937, 0.1333776691054401609
0.5135135135135000528, 0.1234683930525510565
0.5160160160160000009, 0.1146834768918166686
0.5185185185184999490, 0.1068588231707334746
0.5210210210210000081, 0.0998592237733247345
0.5235235235234999562, 0.0935724669597795128
0.5260260260260000154, 0.0879048001096041920
0.5285285285284999635, 0.0827774032156857881
0.5310310310310000226, 0.0781236238375324077
0.5335335335334999707, 0.0738867912989039921
0.5360360360360000298, 0.0700184755272931086
0.5385385385384999779, 0.0664770901161893801
0.5410410410410000370, 0.0632267639965012618
0.5435435435434999851, 0.0602364242845354475
0.5460460460460000442, 0.0574790463254320969
0.5485485485484999924, 0.0549310369915795155
0.5510510510510999715, 0.0525717248528828479
0.5535535535536000307, 0.0503829365689962352
0.5560560560560999788, 0.0483486432354896106
0.5585585585586000379, 0.0464546637886852562
0.5610610610610999860, 0.0446884151873618990
0.5635635635636000451, 0.0430387011275472214
0.5660660660660999932, 0.0414955326455464582
0.5685685685686000523, 0.0400499752260336794
0.5710710710711000004, 0.0386940180330826861
0.5735735735735999485, 0.0374204616804466039
0.5760760760761000077, 0.0362228215974227316
0.5785785785785999558, 0.0350952445621502615
0.5810810810811000149, 0.0340324363913202255
0.5835835835835999630, 0.0330295991142897927
0.5860860860861000221, 0.0320823762362824685
0.5885885885885999702, 0.0311868049220961341
0.5910910910911000293, 0.0303392741182728215
0.5935935935935999774, 0.0295364877857136020
0.5960960960961000366, 0.0287754325423724353
0.5985985985985999847, 0.0280533491218173461
0.6011011011011000438, 0.0273677071420231656
0.6036036036035999919, 0.0267161827529061105
0.6061061061061000510, 0.0260966387933709611
0.6086086086085999991, 0.0255071071410780253
0.6111111111110999472, 0.0249457729824305030
0.6136136136136000063, 0.0244109607677994653
0.6161161161160999544, 0.0239011216488700176
0.6186186186186000135, 0.0234148222221274779
0.6211211211210999616, 0.0229507344256706450
0.6236236236236000208, 0.0225076264563667701
0.6261261261260999689, 0.0220843545913733327
0.6286286286286000280, 0.0216798558126793071
0.6311311311310999761, 0.0212931411459245899
0.6336336336336000352, 0.0209232896356441253
0.6361361361360999833, 0.0205694428885078925
0.6386386386386000424, 0.0202308001243012743
0.6411411411410999905, 0.0199066136814940418
0.6436436436436000497, 0.0195961849304318626
0.6461461461460999978, 0.0192988605525802812
0.6486486486485999459, 0.0190140291489677392
0.6511511511512000361, 0.0187411181451039854
0.6536536536536999842, 0.0184795909632723132
0.6561561561562000433, 0.0182289444362768310
0.6586586586586999914, 0.0179887064395269046
0.6611611611612000505, 0.0177584337208100268
0.6636636636636999986, 0.0175377099092842714
0.6661661661661999467, 0.0173261436871493847
0.6686686686687000059, 0.0171233671091626724
0.6711711711711999540, 0.0169290340566801215
0.6736736736737000131, 0.0167428188142480852
0.6761761761761999612, 0.0165644147579672441
0.6786786786787000203, 0.0163935331459159894
0.6811811811811999684, 0.0162299020018709245
0.6836836836837000275, 0.0160732650844109259
0.6861861861861999756, 0.0159233809342504279
0.6886886886887000347, 0.0157800219933272902
0.6911911911911999828, 0.0156429737897801902
0.6936936936937000420, 0.0155120341834976763
0.6961961961961999901, 0.0153870126674128891
0.6986986986987000492, 0.0152677297201606488
0.7012012012011999973, 0.0151540162061126055
0.7037037037036999454, 0.0150457128191660121
0.7062062062062000045, 0.0149426695669869596
0.7087087087086999526, 0.0148447452927029516
0.7112112112112000117, 0.0147518072313061674
0.7137137137136999598, 0.0146637305982702578
0.7162162162162000190, 0.0145803982081030153
0.7187187187186999671, 0.0145017001207564909
0.7212212212212000262, 0.0144275333139980613
0.7237237237236999743, 0.0143578013800112515
0.7262262262262000334, 0.0142924142446465858
0.7287287287286999815, 0.0142312879078810052
0.7312312312312000406, 0.0141743442041711559
0.7337337337336999887, 0.0141215105815022252
0.7362362362362000479, 0.0140727198980410279
0.7387387387386999960, 0.0140279102354006462
0.7412412412412000551, 0.0139870247276150713
0.7437437437437000032, 0.0139500114050066029
0.7462462462461999513, 0.0139168230522070842
0.7487487487487000104, 0.0138874170796669943
0.7512512512512999896, 0.0138617554080544859
0.7537537537538000487, 0.0138398043650102814
0.7562562562562999968, 0.0138215345937843861
0.7587587587587999449, 0.0138069209733373572
0.7612612612613000040, 0.0137959425495425107
0.7637637637637999521, 0.0137885824771768976
0.7662662662663000113, 0.0137848279724379595
0.7687687687687999594, 0.0137846702757700688
0.7712712712713000185, 0.0137881046248311077
0.7737737737737999666, 0.0137951302374738072
0.7762762762763000257, 0.0138057503046606512
0.7787787787787999738, 0.0138199719932740901
0.7812812812813000329, 0.0138378064588272256
0.7837837837837999810, 0.0138592688681227864
0.7862862862863000402, 0.0138843784319518538
0.7887887887887999883, 0.0139131584479674671
0.7912912912913000474, 0.0139456363539133162
0.7937937937937999955, 0.0139818437914335063
0.7962962962963000546, 0.0140218166807370287
0.7987987987988000027, 0.0140655953064399639
0.8013013013012999508, 0.0141132244149598136
0.8038038038038000099, 0.0141647533238907098
0.8063063063062999580, 0.0142202360438450567
0.8088088088088000172, 0.0142797314133077582
0.8113113113112999653, 0.0143433032471133141
0.8138138138138000244, 0.0144110204992247363
0.8163163163162999725, 0.0144829574405665878
0.8188188188188000316, 0.0145591938527433965
0.8213213213212999797, 0.0146398152385595857
0.8238238238238000388, 0.0147249130503490332
0.8263263263262999869, 0.0148145849372214415
0.8288288288288000460, 0.0149089350124409735
0.8313313313312999941, 0.0150080741422693557
0.8338338338338000533, 0.0151121202577339173
0.8363363363363000014, 0.0152211986909199272
0.8388388388387999495, 0.0153354425375394170
0.8413413413413000086, 0.0154549930476953739
0.8438438438437999567, 0.0155800000469429670
0.8463463463463000158, 0.0157106223899508290
0.8488488488487999639, 0.0158470284492859964
0.8513513513514000541, 0.0159893966420895720
0.8538538538539000022, 0.0161379159976786576
0.8563563563563999503, 0.0162927867694056643
0.8588588588589000095, 0.0164542210944343750
0.8613613613613999576, 0.0166224437054537447
0.8638638638639000167, 0.0167976926987523784
0.8663663663663999648, 0.0169802203635222582
0.8688688688689000239, 0.0171702940777547636
0.8713713713713999720, 0.0173681972766433212
0.8738738738739000311, 0.0175742305000196886
0.8763763763763999792, 0.0177887125260347174
0.8788788788789000384, 0.0180119815990584381
0.8813813813813999865, 0.0182443967606268770
0.8838838838839000456, 0.0184863392932197758
0.8863863863863999937, 0.0187382142877237576
0.8888888888889000528, 0.0190004523466380734
0.8913913913914000009, 0.0192735114364322689
0.8938938938938999490, 0.0195578789039853873
0.8963963963964000081, 0.0198540736737530532
0.8988988988988999562, 0.0201626486442439933
0.9014014014014000153, 0.0204841933045773299
0.9039039039038999634, 0.0208193365943722883
0.9064064064064000226, 0.0211687500330321327
0.9089089089088999707, 0.0215331511476815653
0.9114114114114000298, 0.0219133072326502566
0.9139139139138999779, 0.0223100394775405560
0.9164164164164000370, 0.0227242275056497023
0.9189189189188999851, 0.0231568143699288249
0.9214214214214000442, 0.0236088120598670764
0.9239239239238999923, 0.0240813075798107998
0.9264264264264000515, 0.0245754696674236640
0.9289289289288999996, 0.0250925562304410987
0.9314314314313999477, 0.0256339225907828844
0.9339339339339000068, 0.0262010306377221669
0.9364364364363999549, 0.0267954590064610927
0.9389389389389000140, 0.0274189144155022047
0.9414414414413999621, 0.0280732443160620522
0.9439439439439000212, 0.0287604510299658764
0.9464464464463999693, 0.0294827075796288487
0.9489489489489000285, 0.0302423754456160598
0.9514514514515000076, 0.0310420245248119661
0.9539539539539999558, 0.0318844556065365145
0.9564564564565000149, 0.0327727257363811877
0.9589589589589999630, 0.0337101768997903131
0.9614614614615000221, 0.0347004685315207562
0.9639639639639999702, 0.0357476144456248812
0.9664664664665000293, 0.0368560248866517046
0.9689689689689999774, 0.0380305545302403042
0.9714714714715000365, 0.0392765574150705579
0.9739739739739999846, 0.0405999499743091297
0.9764764764765000438, 0.0420072835609281436
0.9789789789789999919, 0.0435058281372611849
0.9814814814815000510, 0.0451036691371892728
0.9839839839839999991, 0.0468098199251352209
0.9864864864864999472, 0.0486343527896872727
0.9889889889890000063, 0.0505885520471405503
0.9914914914914999544, 0.0526850936251666638
0.9939939939940000135, 0.0549382564930324738
0.9964964964964999616, 0.0573641725598407898
0.9989989989990000208, 0.0599811232520288465
1.0015015015019999023, 0.0628098930067459149
1.0040040040039999170, 0.0658741925136469147
1.0065065065070000205, 0.0692011678859683621
1.0090090090090000352, 0.0728220162894409606
1.0115115115119999167, 0.0767727342426859916
1.0140140140139999314, 0.0810950322919928857
1.0165165165170000350, 0.0858374597068742445
1.0190190190190000497, 0.0910567961548245791
1.0215215215219999312, 0.0968197852928447261
1.0240240240239999459, 0.1032053097237536077
1.0265265265270000494, 0.1103071405138364991
1.0290290290290000641, 0.1182374414323433820
1.0315315315319999456, 0.1271312741731450424
1.0340340340339999603, 0.1371524449886358799
1.0365365365370000639, 0.1485011690880100876
1.0390390390390000785, 0.1614242281145973068
1.0415415415419999601, 0.1762285917119421896
1.0440440440439999747, 0.1932999209315700018
1.0465465465470000783, 0.2131280583596340816
1.0490490490490000930, 0.2363426875033945440
1.0515515515519999745, 0.2637640706569572835
1.0540540540539999892, 0.2964766068467880600
1.0565565565570000928, 0.3359377199887126353
1.0590590590590001074, 0.3841428510618272174
1.0615615615619999890, 0.4438821193929392561
1.0640640640640000036, 0.5191516752697288295
1.0665665665670001072, 0.6158358853646427322
1.0690690690689998998, 0.7428842363547756289
1.0715715715720000034, 0.9144376658561590432
1.0740740740740000181, 1.1538861722322604209
1.0765765765769998996, 1.5021380563931572283
1.0790790790789999143, 2.0358840410942597998
1.0815815815820000179, 2.9121957083243561470
1.0840840840840000325, 4.4922570832395321005
1.0865865865869999141, 7.7455999380564328760
1.0890890890889999287, 15.8508561070817215466
1.0915915915920000323, 40.4825818771828380704
1.0940940940940000470, 71.2403343242119859724
1.0965965965969999285, 32.1355780116506721811
1.0990990990989999432, 13.1751367419897764677
1.1016016016020000468, 6.7447363895486818208
1.1041041041040000614, 4.0321521135334110753
1.1066066066069999430, 2.6677974901149292819
1.1091091091089999576, 1.8925497698269446722
1.1116116116120000612, 1.4120912368733538056
1.1141141141140000759, 1.0945622043689835490
1.1166166166169999574, 0.8741149278921297450
1.1191191191189999721, 0.7150046571802597395
1.1216216216220000756, 0.5965067562038167681
1.1241241241240000903, 0.5059487548653550659
1.1266266266269999718, 0.4352348683389244965
1.1291291291289999865, 0.3789999240520613988
1.1316316316320000901, 0.3335759072345446663
1.1341341341340001048, 0.2963871054902195157
1.1366366366369999863, 0.2655823363689233663
1.1391391391390000010, 0.2398038101780874121
1.1416416416420001045, 0.2180375993338324325
1.1441441441439998972, 0.1995143995378565460
1.1466466466470000007, 0.1836421561727560881
1.1491491491490000154, 0.1699593862147047718
1.1516516516519998969, 0.1581022428467215579
1.1541541541539999116, 0.1477808904064754347
1.1566566566570000152, 0.1387623025386958697
1.1591591591590000299, 0.1308575658149905285
1.1616616616619999114, 0.1239123920884018931
1.1641641641639999261, 0.1177999483596931657
1.1666666666670000296, 0.1124153824221755110
1.1691691691690000443, 0.1076716045767892316
1.1716716716719999258, 0.1034960105221129634
1.1741741741739999405, 0.0998279173204443815
1.1766766766770000441, 0.0966165455076026247
1.1791791791790000588, 0.0938194240706485827
1.1816816816819999403, 0.0914011265672655948
1.1841841841839999550, 0.0893322697497154622
1.1866866866870000585, 0.0875887231812845779
1.1891891891890000732, 0.0861509912274533024
1.1916916916919999547, 0.0850037386908610998
1.1941941941939999694, 0.0841354391183961325
1.1966966966970000730, 0.0835381310895419726
1.1991991991990000876, 0.0832072730940432159
1.2017017017019999692, 0.0831416923242081496
1.2042042042039999838, 0.0833436271898667647
1.2067067067070000874, 0.0838188679426438571
1.2092092092090001021, 0.0845770048196101548
1.2117117117119999836, 0.0856317989901965448
1.2142142142139999983, 0.0870016988247699352
1.2167167167170001019, 0.0887105332783987288
1.2192192192189998945, 0.0907884264421736364
1.2217217217219999981, 0.0932729939033035693
1.2242242242240000127, 0.0962109044384736184
1.2267267267269998943, 0.0996599226622237599
1.2292292292289999089, 0.1036915939765433448
1.2317317317320000125, 0.1083947993018368472
1.2342342342340000272, 0.1138805042155003472
1.2367367367369999087, 0.1202881721567161111
1.2392392392389999234, 0.1277945316498400041
1.2417417417420000270, 0.1366257283927886923
1.2442442442440000416, 0.1470744313478475340
1.2467467467469999232, 0.1595243309750661864
1.2492492492489999378, 0.1744859052128923949
1.2517517517520000414, 0.1926497715406363387
1.2542542542540000561, 0.2149682209103933039
1.2567567567569999376, 0.2427832757490657745
1.2592592592589999523, 0.2780341856963379765
1.2617617617620000559, 0.3236058945205229076
1.2642642642640000705, 0.3839390820958268336
1.2667667667669999521, 0.4661515261545595146
1.2692692692689999667, 0.5822225853950764307
1.2717717717720000703, 0.7535582066870692985
1.2742742742740000850, 1.0213919304162617507
1.2767767767769999665, 1.4732005812534887390
1.2792792792789999812, 2.3197808524017919929
1.2817817817820000847, 4.1634796442438828379
1.2842842842840000994, 9.1187967105372411680
1.2867867867869999809, 23.7518062235949756200
1.2892892892889999956, 25.6992047612251113264
1.2917917917920000992, 9.9873603838952682565
1.2942942942939998918, 4.4596725688549234690
1.2967967967969999954, 2.4506921359771509650
1.2992992992990000101, 1.5463306101393525793
1.3018018018019998916, 1.0710879180423078516
1.3043043043039999063, 0.7931273031367835902
1.3068068068070000098, 0.6176545753802000771
1.3093093093090000245, 0.5004856306338454353
1.3118118118119999060, 0.4188849625487415795
1.3143143143139999207, 0.3602229102276598427
1.3168168168170000243, 0.3170451141127740291
1.3193193193190000390, 0.2847314598453657974
1.3218218218219999205, 0.2603021351218136603
1.3243243243239999352, 0.2417717538067354899
1.3268268268270000387, 0.2277823271470627575
1.3293293293290000534, 0.2173858511222457879
1.3318318318319999349, 0.2099109198777187046
1.3343343343339999496, 0.2048784500064365632
1.3368368368370000532, 0.2019471511059809099
1.3393393393390000679, 0.2008776174660678038
1.3418418418419999494, 0.2015084565060424882
1.3443443443439999641, 0.2037404638278931535
1.3468468468470000676, 0.2075263892829883050
1.3493493493490000823, 0.2128647799733808799
1.3518518518519999638, 0.2197969897069588785
1.3543543543539999785, 0.2284068553771316512
1.3568568568570000821, 0.2388228463456047446
1.3593593593590000967, 0.2512227502208406738
1.3618618618619999783, 0.2658412102164447455
1.3643643643639999929, 0.2829807145956672598
1.3668668668670000965, 0.3030270017101789337
1.3693693693689998891, 0.3264703439073607938
1.3718718718719999927, 0.3539348979882991353
1.3743743743740000074, 0.3862193979640599073
1.3768768768770001110, 0.4243541463884342724
1.3793793793789999036, 0.4696819219197291284
1.3818818818820000072, 0.5239747412338568999
1.3843843843840000218, 0.5896056123806722171
1.3868868868869999034, 0.6698067560138942778
1.3893893893889999180, 0.7690675928068627654
1.3918918918920000216, 0.8937657609006071091
1.3943943943940000363, 1.0532005725882858105
1.3968968968969999178, 1.2613500847931629067
1.3993993993989999325, 1.5399915516831790274
1.4019019019020000361, 1.9245354784268060566
1.4044044044040000507, 2.4756246429941870524
1.4069069069069999323, 3.3039843173896024098
1.4094094094089999469, 4.6288271050206901691
1.4119119119120000505, 6.9321589441220785588
1.4144144144140000652, 11.4324232410868038556
1.4169169169169999467, 21.8364368689703596260
1.4194194194189999614, 51.8006787564740136531
1.4219219219220000650, 124.3024500413377495533
1.4244244244240000796, 83.1003052072199182021
1.4269269269269999612, 31.9836259834745320063
1.4294294294289999758, 15.2168153293309789120
1.4319319319320000794, 8.6697589077981884742
1.4344344344340000941, 5.5528208581095643837
1.4369369369369999756, 3.8478977609889821743
1.4394394394389999903, 2.8197372140583567557
1.4419419419420000938, 2.1538687744191178375
1.4444444444440001085, 1.6986645741168364676
1.4469469469469999900, 1.3740242434557172757
1.4494494494490000047, 1.1345003055792184377
1.4519519519520001083, 0.9527875767101773308
1.4544544544539999009, 0.8116942087870664402
1.4569569569570000045, 0.6999653213581773503
1.4594594594590000192, 0.6099857383010527379
1.4619619619619999007, 0.5364554011313534820
1.4644644644639999154, 0.4755942692577433406
1.4669669669670000189, 0.4246481736631517734
1.4694694694690000336, 0.3815722559818948700
1.4719719719719999151, 0.3448226884339916087
1.4744744744739999298, 0.3132163551360249154
1.4769769769770000334, 0.2858343003576812036
1.4794794794790000481, 0.2619540191552651720
1.4819819819819999296, 0.2410011532652892585
1.4844844844839999443, 0.2225144902147603299
1.4869869869870000478, 0.2061202393604733563
1.4894894894890000625, 0.1915128787541237887
1.4919919919919999440, 0.1784407230920161402
1.4944944944939999587, 0.1666949286288773591
1.4969969969970000623, 0.1561010307807864650
1.4994994994990000770, 0.1465123691685789598
1.5020020020019999585, 0.1378049340130394762
1.5045045045050000621, 0.1298732933545856394
1.5070070070070000767, 0.1226273496527664070
1.5095095095099999583, 0.1159897382497210444
1.5120120120119999729, 0.1098937265525241624
1.5145145145150000765, 0.1042815067633422604
1.5170170170170000912, 0.0991028001131982611
1.5195195195199999727, 0.0943137093040664343
1.5220220220219999874, 0.0898757699714557851
1.5245245245250000909, 0.0857551626785081622
1.5270270270270001056, 0.0819220551274331688
1.5295295295299999871, 0.0783500505645620404
1.5320320320320000018, 0.0750157232283045483
1.5345345345350001054, 0.0718982254884922151
1.5370370370369998980, 0.0689789543054654536
1.5395395395400000016, 0.0662412669881535243
1.5420420420420000163, 0.0636702380952549052
1.5445445445449998978, 0.0612524508107026716
1.5470470470469999125, 0.0589758173164771846
1.5495495495500000160, 0.0568294236456026378
1.5520520520520000307, 0.0548033952746763281
1.5545545545549999122, 0.0528887803462657347
1.5570570570569999269, 0.0510774479263923081
1.5595595595600000305, 0.0493619991242348344
1.5620620620620000452, 0.0477356892481930820
1.5645645645649999267, 0.0461923594589819728
1.5670670670669999414, 0.0447263766178534888
1.5695695695700000449, 0.0433325802254470316
1.5720720720720000596, 0.0420062355114974723
1.5745745745749999411, 0.0407429918734757146
1.5770770770769999558, 0.0395388459779934046
1.5795795795800000594, 0.0383901089362870887
1.5820820820820000741, 0.0372933770474150189
1.5845845845849999556, 0.0362455056725480840
1.5870870870869999703, 0.0352435858629463403
1.5895895895900000738, 0.0342849234146461665
1.5920920920920000885, 0.0333670200659372390
1.5945945945949999700, 0.0324875565905419772
1.5970970970969999847, 0.0316443775710278097
1.5995995996000000883, 0.0308354776641494577
1.6021021021020001029, 0.0300589891932419931
1.6046046046049999845, 0.0293131709230147128
1.6071071071069999991, 0.0285963978895953583
1.6096096096100001027, 0.0279071521738665194
1.6121121121119998953, 0.0272440145193235880
1.6146146146149999989, 0.0266056567071759793
1.6171171171170000136, 0.0259908346114351534
1.6196196196199998951, 0.0253983818654925989
1.6221221221219999098, 0.0248272040793606485
1.6246246246250000134, 0.0242762735534757627
1.6271271271270000280, 0.0237446244408739682
1.6296296296299999096, 0.0232313483147496246
1.6321321321319999242, 0.0227355901029927220
1.6346346346350000278, 0.0222565443553481256
1.6371371371370000425, 0.0217934518124186238
1.6396396396399999240, 0.0213455962489031495
1.6421421421419999387, 0.0209123015662721103
1.6446446446450000423, 0.0204929291125780198
1.6471471471470000569, 0.0200868752093195345
1.6496496496499999385, 0.0196935688672539612
1.6521521521519999531, 0.0193124696748165313
1.6546546546550000567, 0.0189430658443787772
1.6571571571570000714, 0.0185848724029857859
1.6596596596599999529, 0.0182374295154722650
1.6621621621619999676, 0.0179003009289861598
1.6646646646650000712, 0.0175730725289621401
1.6671671671670000858, 0.0172553509974974345
1.6696696696699999674, 0.0169467625659011530
1.6721721721719999820, 0.0166469518539254929
1.6746746746750000856, 0.0163555807888516799
1.6771771771770001003, 0.0160723275982030643
1.6796796796799999818, 0.0157968858703994193
1.6821821821819999965, 0.0155289636781562809
1.6846846846850001000, 0.0152682827598763799
1.6871871871869998927, 0.0150145777546820316
1.6896896896899999962, 0.0147675954871012947
1.6921921921920000109, 0.0145270942977518448
1.6946946946949998924, 0.0142928434166664127
1.6971971971969999071, 0.0140646223761774526
1.6996996997000000107, 0.0138422204605269505
1.7022022022020000254, 0.0136254361895942477
1.7047047047049999069, 0.0134140768343412597
1.7072072072069999216, 0.0132079579617629811
1.7097097097100000251, 0.0130069030073036718
1.7122122122120000398, 0.0128107428728563340
1.7147147147149999213, 0.0126193155486073304
1.7172172172169999360, 0.0124324657571197907
1.7197197197200000396, 0.0122500446181704661
1.7222222222220000543, 0.0120719093329653571
1.7247247247249999358, 0.0118979228864613384
1.7272272272269999505, 0.0117279537666142419
1.7297297297300000540, 0.0115618756994599094
1.7322322322320000687, 0.0113995673990134935
1.7347347347349999502, 0.0112409123310451189
1.7372372372369999649, 0.0110857984898568157
1.7397397397400000685, 0.0109341181872474290
1.7422422422420000832, 0.0107857678529089812
1.7447447447449999647, 0.0106406478455505736
1.7472472472469999794, 0.0104986622740942635
1.7497497497500000829, 0.0103597188283322365
1.7522522522520000976, 0.0102237286184760044
1.7547547547549999791, 0.0100906060230665385
1.7572572572569999938, 0.0099602685447499444
1.7597597597600000974, 0.0098326366734558471
1.7622622622619998900, 0.0097076337565464230
1.7647647647649999936, 0.0095851858755319173
1.7672672672670000082, 0.0094652217289749856
1.7697697697699998898, 0.0093476725212302356
1.7722722722719999044, 0.0092324718566882263
1.7747747747750000080, 0.0091195556392139089
1.7772772772770000227, 0.0090088619764891933
1.7797797797799999042, 0.0089003310889874607
1.7822822822819999189, 0.0087939052233246655
1.7847847847850000225, 0.0086895285697475150
1.7872872872870000371, 0.0085871471835339309
1.7897897897899999187, 0.0084867089100944086
1.7922922922919999333, 0.0083881633135761552
1.7947947947950000369, 0.0082914616087831610
1.7972972972970000516, 0.0081965565962371055
1.7997997997999999331, 0.0081034026002138916
1.8023023023019999478, 0.0080119554096006323
1.8048048048050000514, 0.0079221722214268091
1.8073073073070000660, 0.0078340115869318973
1.8098098098099999476, 0.0077474333600396914
1.8123123123119999622, 0.0076623986481169082
1.8148148148150000658, 0.0075788697649008287
1.8173173173170000805, 0.0074968101854869674
1.8198198198199999620, 0.0074161845032741664
1.8223223223219999767, 0.0073369583887700502
1.8248248248250000803, 0.0072590985501652739
1.8273273273270000949, 0.0071825726955899892
1.8298298298299999765, 0.0071073494969707378
1.8323323323319999911, 0.0070333985554104144
1.8348348348350000947, 0.0069606903680181518
1.8373373373370001094, 0.0068891962961199040
1.8398398398399999909, 0.0068188885347841930
1.8423423423420000056, 0.0067497400836010321
1.8448448448450001091, 0.0066817247186552187
1.8473473473469999018, 0.0066148169656383825
1.8498498498500000053, 0.0065489920740469925
1.8523523523520000200, 0.0064842259924163433
1.8548548548549999015, 0.0064204953445430556
1.8573573573569999162, 0.0063577774066511140
1.8598598598600000198, 0.0062960500854587313
1.8623623623620000345, 0.0062352918971055145
1.8648648648649999160, 0.0061754819469014254
1.8673673673669999307, 0.0061165999098609994
1.8698698698700000342, 0.0060586260119880712
1.8723723723720000489, 0.0060015410122780111
1.8748748748749999304, 0.0059453261854060750
1.8773773773769999451, 0.0058899633050720377
1.8798798798800000487, 0.0058354346279727168
1.8823823823820000634, 0.0057817228783753755
1.8848848848849999449, 0.0057288112332663024
1.8873873873869999596, 0.0056766833080501055
1.8898898898900000631, 0.0056253231427763851
1.8923923923920000778, 0.0055747151888716293
1.8948948948949999593, 0.0055248442963551489
1.8973973973969999740, 0.0054756957015189159
1.8998998999000000776, 0.0054272550150520817
1.9024024024020000923, 0.0053795082105918546
1.9049049049049999738, 0.0053324416136832746
1.9074074074069999885, 0.0052860418911311836
1.9099099099100000920, 0.0052402960407285353
1.9124124124120001067, 0.0051951913813458083
1.9149149149149999882, 0.0051507155433670512
1.9174174174170000029, 0.0051068564594587296
1.9199199199200001065, 0.0050636023556581223
1.9224224224219998991, 0.0050209417427686635
1.9249249249250000027, 0.0049788634080501328
1.9274274274270000173, 0.0049373564071921797
1.9299299299299998989, 0.0048964100565601337
1.9324324324319999135, 0.0048560139257025469
1.9349349349350000171, 0.0048161578301104038
1.9374374374370000318, 0.0047768318242183061
1.9399399399399999133, 0.0047380261946384384
1.9424424424419999280, 0.0046997314536184262
1.9449449449450000316, 0.0046619383327146562
1.9474474474470000462, 0.0046246377766729473
1.9499499499499999278, 0.0045878209375087957
1.9524524524519999424, 0.0045514791687797582
1.9549549549550000460, 0.0045156040200428739
1.9574574574570000607, 0.0044801872314902602
1.9599599599599999422, 0.0044452207287563657
1.9624624624619999569, 0.0044106966178905837
1.9649649649650000605, 0.0043766071804892245
1.9674674674670000751, 0.0043429448689810638
1.9699699699699999567, 0.0043097023020609365
1.9724724724719999713, 0.0042768722602660632
1.9749749749750000749, 0.0042444476816900015
1.9774774774770000896, 0.0042124216578293371
1.9799799799799999711, 0.0041807874295584236
1.9824824824819999858, 0.0041495383832276392
1.9849849849850000894, 0.0041186680468808393
1.9874874874870001040, 0.0040881700865878475
1.9899899899899999856, 0.0040580383028879768
1.9924924924920000002, 0.0040282666273407401
1.9949949949950001038, 0.0039988491191800604
1.9974974974969998964, 0.0039697799620684315
2.0000000000000000000, 0.0039410534609476038
