# Delta1: 0.465
# Delta2: 1.17
# Delta3: 1.355
# Dq: 0.1355
# Ds: 0.04
# Dt: 0.061000000000000006
# k1_lab: [1, 0, 0]
# k2_lab: [-0.8660254037844387, 0.49999999999999994, 0.0]
# k1_cf: [-0.5416752204197018, -0.5416752204197018, 0.6427876096865394]
# k2_cf: [0.696364240320019, 0.696364240320019, -0.17364817766693053]
# pol1_lab: [(0, 1, 0), (0, 0, 1)]
# pol2_lab: "[array([-0.5      , -0.8660254,  0.       ]), array([0., 0., 1.])]"
# pol1_cf: "[array([0.45451948, 0.45451948, 0.76604444]), array([-0.70710678,  0.70710678,  0.        ])]"
# pol2_cf: "[array([-0.1227878 , -0.1227878 , -0.98480775]), array([-0.70710678,  0.70710678,  0.        ])]"
# cf: "[array([-0.54167522,  0.45451948, -0.70710678]), array([-0.54167522,  0.45451948,  0.70710678]), array([0.64278761, 0.76604444, 0.        ])]"
# th: 50
-0.5000000000000000000, 0.0055382707616675221
-0.4974974974974999964, 0.0055880011115552689
-0.4949949949949999928, 0.0056384523080721472
-0.4924924924924999892, 0.0056896387446569441
-0.4899899899899999856, 0.0057415751799055528
-0.4874874874874999819, 0.0057942767487985667
-0.4849849849849999783, 0.0058477589743346093
-0.4824824824824999747, 0.0059020377795862226
-0.4799799799800000266, 0.0059571295001959986
-0.4774774774775000230, 0.0060130508973314191
-0.4749749749750000194, 0.0060698191711177629
-0.4724724724725000158, 0.0061274519745694155
-0.4699699699700000122, 0.0061859674280407744
-0.4674674674675000086, 0.0062453841342191103
-0.4649649649650000049, 0.0063057211936827073
-0.4624624624625000013, 0.0063669982210488143
-0.4599599599599999977, 0.0064292353617371473
-0.4574574574574999941, 0.0064924533093758847
-0.4549549549549999905, 0.0065566733238784924
-0.4524524524524999869, 0.0066219172502211760
-0.4499499499499000077, 0.0066882075379520612
-0.4474474474474000041, 0.0067555672614650637
-0.4449449449449000005, 0.0068240201410727898
-0.4424424424423999969, 0.0068935905649147380
-0.4399399399398999932, 0.0069643036117389666
-0.4374374374373999896, 0.0070361850745971257
-0.4349349349348999860, 0.0071092614854951115
-0.4324324324323999824, 0.0071835601410436493
-0.4299299299298999788, 0.0072591091291554109
-0.4274274274273999752, 0.0073359373568378378
-0.4249249249249000271, 0.0074140745791334466
-0.4224224224224000235, 0.0074935514292619699
-0.4199199199199000199, 0.0075743994500219597
-0.4174174174174000163, 0.0076566511265122273
-0.4149149149149000126, 0.0077403399202370295
-0.4124124124124000090, 0.0078255003046623119
-0.4099099099099000054, 0.0079121678022940744
-0.4074074074074000018, 0.0080003790233537531
-0.4049049049048999982, 0.0080901717061298770
-0.4024024024023999946, 0.0081815847590894913
-0.3998998998998999910, 0.0082746583048377703
-0.3973973973973999874, 0.0083694337260190790
-0.3948948948948999838, 0.0084659537132581834
-0.3923923923923999801, 0.0085642623152459591
-0.3898898898898999765, 0.0086644049910800693
-0.3873873873873999729, 0.0087664286649772744
-0.3848848848849000248, 0.0088703817834813112
-0.3823823823824000212, 0.0089763143752970894
-0.3798798798799000176, 0.0090842781138902109
-0.3773773773774000140, 0.0091943263829987725
-0.3748748748749000104, 0.0093065143452134812
-0.3723723723724000068, 0.0094208990137914540
-0.3698698698699000031, 0.0095375393278792804
-0.3673673673673999995, 0.0096564962313316870
-0.3648648648648999959, 0.0097778327553235331
-0.3623623623623999923, 0.0099016141049655150
-0.3598598598598999887, 0.0100279077501468188
-0.3573573573573999851, 0.0101567835208423423
-0.3548548548548999815, 0.0102883137071370142
-0.3523523523523999779, 0.0104225731642361777
-0.3498498498497999987, 0.0105596394227481412
-0.3473473473472999951, 0.0106995928045437554
-0.3448448448447999914, 0.0108425165445177902
-0.3423423423422999878, 0.0109884969185983766
-0.3398398398397999842, 0.0111376233783737674
-0.3373373373372999806, 0.0112899886927303461
-0.3348348348347999770, 0.0114456890969225483
-0.3323323323322999734, 0.0116048244495238675
-0.3298298298298000253, 0.0117674983977388587
-0.3273273273273000217, 0.0119338185515892679
-0.3248248248248000181, 0.0121038966675232167
-0.3223223223223000145, 0.0122778488420344622
-0.3198198198198000108, 0.0124557957159208491
-0.3173173173173000072, 0.0126378626898553253
-0.3148148148148000036, 0.0128241801519915211
-0.3123123123123000000, 0.0130148837183782732
-0.3098098098097999964, 0.0132101144870135183
-0.3073073073072999928, 0.0134100193064295437
-0.3048048048047999892, 0.0136147510597677095
-0.3023023023022999856, 0.0138244689653717716
-0.2997997997997999819, 0.0140393388950077122
-0.2972972972972999783, 0.0142595337109009089
-0.2947947947947999747, 0.0144852336228738655
-0.2922922922923000266, 0.0147166265669666750
-0.2897897897898000230, 0.0149539086070295917
-0.2872872872873000194, 0.0151972843608956520
-0.2847847847848000158, 0.0154469674528676069
-0.2822822822823000122, 0.0157031809943931275
-0.2797797797798000086, 0.0159661580949538168
-0.2772772772773000050, 0.0162361424053579437
-0.2747747747748000013, 0.0165133886958082621
-0.2722722722722999977, 0.0167981634713121990
-0.2697697697697999941, 0.0170907456272174629
-0.2672672672672999905, 0.0173914271478918282
-0.2647647647647999869, 0.0177005138518231894
-0.2622622622622999833, 0.0180183261866991018
-0.2597597597597999797, 0.0183452000783347648
-0.2572572572572999761, 0.0186814878376584115
-0.2547547547547999724, 0.0190275591303376325
-0.2522522522523000243, 0.0193838020140401149
-0.2497497497496999896, 0.0197506240487757036
-0.2472472472472000138, 0.0201284534862646684
-0.2447447447447000102, 0.0205177405448266834
-0.2422422422422000066, 0.0209189587768919723
-0.2397397397397000030, 0.0213326065369061936
-0.2372372372371999993, 0.0217592085581418855
-0.2347347347346999957, 0.0221993176477508665
-0.2322322322321999921, 0.0226535165103003630
-0.2297297297296999885, 0.0231224197110460952
-0.2272272272272000126, 0.0236066757913159994
-0.2247247247247000090, 0.0241069695496246121
-0.2222222222222000054, 0.0246240245035259202
-0.2197197197197000018, 0.0251586055487587230
-0.2172172172171999982, 0.0257115218339638921
-0.2147147147146999946, 0.0262836298711807206
-0.2122122122121999910, 0.0268758369044854485
-0.2097097097096999874, 0.0274891045615500741
-0.2072072072072000115, 0.0281244528156072357
-0.2047047047047000079, 0.0287829642883482978
-0.2022022022022000043, 0.0294657889277006105
-0.1996996996997000007, 0.0301741490982804506
-0.1971971971971999971, 0.0309093451266597395
-0.1946946946946999935, 0.0316727613484871148
-0.1921921921921999898, 0.0324658727100493733
-0.1896896896896999862, 0.0332902519831397015
-0.1871871871872000104, 0.0341475776592247079
-0.1846846846847000068, 0.0350396425969987935
-0.1821821821822000032, 0.0359683635066304908
-0.1796796796796999995, 0.0369357913645120203
-0.1771771771771999959, 0.0379441228643241993
-0.1746746746746999923, 0.0389957130239590513
-0.1721721721721999887, 0.0400930890835820078
-0.1696696696697000128, 0.0412389658481902982
-0.1671671671672000092, 0.0424362626488242189
-0.1646646646647000056, 0.0436881221205683845
-0.1621621621622000020, 0.0449979310231873528
-0.1596596596596999984, 0.0463693433623192722
-0.1571571571571999948, 0.0478063061063734446
-0.1546546546546999912, 0.0493130878375681800
-0.1521521521521999876, 0.0508943107259995572
-0.1496496496496000084, 0.0525549862745949004
-0.1471471471471000048, 0.0543005553518575504
-0.1446446446446000011, 0.0561369331104067879
-0.1421421421420999975, 0.0580705594847951839
-0.1396396396395999939, 0.0601084560748039801
-0.1371371371370999903, 0.0622582903538728347
-0.1346346346345999867, 0.0645284483007647208
-0.1321321321321000108, 0.0669281167412725253
-0.1296296296296000072, 0.0694673769121993689
-0.1271271271271000036, 0.0721573110300095383
-0.1246246246246000000, 0.0750101239714302537
-0.1221221221220999964, 0.0780392825652957006
-0.1196196196196000067, 0.0812596754696710971
-0.1171171171171000031, 0.0846877971853780553
-0.1146146146145999994, 0.0883419604612547676
-0.1121121121120999958, 0.0922425422093336445
-0.1096096096096000061, 0.0964122691098034390
-0.1071071071071000025, 0.1008765503977110123
-0.1046046046045999989, 0.1056638669523950469
-0.1021021021020999953, 0.1108062278428757902
-0.0995995995996000055, 0.1163397080304093972
-0.0970970970971000019, 0.1223050841408296341
-0.0945945945945900063, 0.1287485892891584716
-0.0920920920920900027, 0.1357228131265869886
-0.0895895895895899991, 0.1432877799323518941
-0.0870870870870899955, 0.1515122461583398583
-0.0845845845845799998, 0.1604752699884351708
-0.0820820820820799962, 0.1702681200689013796
-0.0795795795795800065, 0.1809966098042235516
-0.0770770770770800029, 0.1927839691728183702
-0.0745745745745699934, 0.2057744002606151645
-0.0720720720720700037, 0.2201375089951106145
-0.0695695695695700000, 0.2360738687125993052
-0.0670670670670699964, 0.2538220582182861285
-0.0645645645645600008, 0.2736676382170203925
-0.0620620620620599972, 0.2959547007710194855
-0.0595595595595600005, 0.3211008700017018991
-0.0570570570570599969, 0.3496169842045139808
-0.0545545545545500013, 0.3821332053687797048
-0.0520520520520499977, 0.4194340697278601260
-0.0495495495495500010, 0.4625061544069010155
-0.0470470470470499974, 0.5126038244427369994
-0.0445445445445400018, 0.5713413354364871299
-0.0420420420420399982, 0.6408240795280171209
-0.0395395395395400015, 0.7238391799075007960
-0.0370370370370399979, 0.8241381560567274667
-0.0345345345345300023, 0.9468661295260133448
-0.0320320320320299987, 1.0992310796779352078
-0.0295295295295299985, 1.2915793665549879510
-0.0270270270270299984, 1.5391849276409128588
-0.0245245245245199993, 1.8653471712348153044
-0.0220220220220199991, 2.3070118507641672601
-0.0195195195195199990, 2.9255517915541995322
-0.0170170170170199989, 3.8288732728814118822
-0.0145145145145099998, 5.2206149183663166369
-0.0120120120120099996, 7.5214426735290240700
-0.0095095095095099995, 11.7097287901641244900
-0.0070070070070070000, 20.4520098715639413456
-0.0045045045045049997, 42.6476613998821747487
-0.0020020020020019998, 110.3374182470184621252
0.0005005005005005000, 174.1144279473236622380
0.0030030030030029999, 74.1326358643349294653
0.0055055055055059999, 30.9603301513806279388
0.0080080080080079993, 16.0850774386824184603
0.0105105105105099995, 9.7000022374891461396
0.0130130130130099997, 6.4491126220552619230
0.0155155155155200005, 4.5859076064460424504
0.0180180180180199989, 3.4237717147993640410
0.0205205205205199991, 2.6518816072879078938
0.0230230230230199992, 2.1137902848898422192
0.0255255255255299983, 1.7240473797230231323
0.0280280280280299984, 1.4328640558530232330
0.0305305305305299986, 1.2096726429739557140
0.0330330330330299987, 1.0348789330486565241
0.0355355355355400013, 0.8954601893595133255
0.0380380380380399979, 0.7824908887144603753
0.0405405405405400016, 0.6896895997108882792
0.0430430430430399982, 0.6125328005534191878
0.0455455455455500008, 0.5476964810381733662
0.0480480480480499975, 0.4926940642917096991
0.0505505505505500011, 0.4456356130092022361
0.0530530530530499977, 0.4050640500369461772
0.0555555555555600003, 0.3698414945613511806
0.0580580580580599970, 0.3390689346654714997
0.0605605605605600006, 0.3120285190378846440
0.0630630630630600042, 0.2881414746209399191
0.0655655655655699998, 0.2669369974680375068
0.0680680680680700034, 0.2480289658841299816
0.0705705705705699932, 0.2310983070303452291
0.0730730730730699968, 0.2158795016988364623
0.0755755755755800063, 0.2021501538664357278
0.0780780780780799960, 0.1897228549001563902
0.0805805805805799996, 0.1784387832847527666
0.0830830830830800032, 0.1681626294287782153
0.0855855855855899988, 0.1587785411349799669
0.0880880880880900025, 0.1501868617753496227
0.0905905905905900061, 0.1423014889160244545
0.0930930930930899958, 0.1350477221215884982
0.0955955955956000053, 0.1283604990998633844
0.0980980980980999950, 0.1221829421400874166
0.1006006006005999986, 0.1164651540070103519
0.1031031031031000023, 0.1111632155484636175
0.1056056056056000059, 0.1062383473110281723
0.1081081081080999956, 0.1016562052049221621
0.1106106106105999992, 0.0973862862772316290
0.1131131131131000028, 0.0934014253570173425
0.1156156156156000064, 0.0896773670352554314
0.1181181181180999962, 0.0861924003681846934
0.1206206206205999998, 0.0829270460188092778
0.1231231231231000034, 0.0798637874104073525
0.1256256256256000070, 0.0769868389590422642
0.1281281281281000106, 0.0742819456569632081
0.1306306306305999865, 0.0717362092554599123
0.1331331331330999901, 0.0693379370908624865
0.1356356356355999937, 0.0670765102473907943
0.1381381381380999973, 0.0649422682840677945
0.1406406406406000009, 0.0629264081924767599
0.1431431431431000045, 0.0610208956156511953
0.1456456456456000081, 0.0592183866600603376
0.1481481481481000118, 0.0575121588838740164
0.1506506506506999910, 0.0558960502545862228
0.1531531531531999946, 0.0543644050450058300
0.1556556556556999982, 0.0529120257845339531
0.1581581581582000018, 0.0515341305073769712
0.1606606606607000054, 0.0502263146448254580
0.1631631631632000090, 0.0489845169981834305
0.1656656656657000126, 0.0478049893049998439
0.1681681681681999885, 0.0466842689761085422
0.1706706706706999921, 0.0456191546364183645
0.1731731731731999957, 0.0446066841498960198
0.1756756756756999993, 0.0436441148499909157
0.1781781781782000029, 0.0427289057318799986
0.1806806806807000065, 0.0418587013932343044
0.1831831831832000101, 0.0410313175364346999
0.1856856856857000138, 0.0402447278679025147
0.1881881881881999896, 0.0394970522499695914
0.1906906906906999932, 0.0387865459779167948
0.1931931931931999968, 0.0381115900698286575
0.1956956956957000004, 0.0374706824700503302
0.1981981981982000041, 0.0368624300785513059
0.2007007007007000077, 0.0362855415286284233
0.2032032032032000113, 0.0357388206443004577
0.2057057057056999871, 0.0352211605166319330
0.2082082082081999908, 0.0347315381452068458
0.2107107107106999944, 0.0342690095971806483
0.2132132132131999980, 0.0338327056418750369
0.2157157157157000016, 0.0334218278238330307
0.2182182182182000052, 0.0330356449417065004
0.2207207207207000088, 0.0326734899043689409
0.2232232232232000124, 0.0323347569392973544
0.2257257257256999883, 0.0320188991316028432
0.2282282282281999919, 0.0317254262751558713
0.2307307307306999955, 0.0314539030200961314
0.2332332332331999991, 0.0312039473036760384
0.2357357357357000027, 0.0309752290538973657
0.2382382382382000063, 0.0307674691577989531
0.2407407407407000099, 0.0305804386885680582
0.2432432432432000136, 0.0304139583879141223
0.2457457457456999894, 0.0302678984023884504
0.2482482482481999930, 0.0301421782745888954
0.2507507507508000000, 0.0300367671924857867
0.2532532532533000036, 0.0299516845024757894
0.2557557557558000072, 0.0298870004942484863
0.2582582582583000108, 0.0298428374681731917
0.2607607607608000144, 0.0298193710987202099
0.2632632632633000180, 0.0298168321104652911
0.2657657657658000216, 0.0298355082865401043
0.2682682682683000253, 0.0298757468330367870
0.2707707707707999734, 0.0299379571269194553
0.2732732732732999770, 0.0300226138795094966
0.2757757757757999806, 0.0301302607526796815
0.2782782782782999842, 0.0302615144706146200
0.2807807807807999878, 0.0304170694764823099
0.2832832832832999914, 0.0305977031907515504
0.2857857857857999950, 0.0308042819363374132
0.2882882882882999986, 0.0310377676054484908
0.2907907907908000023, 0.0312992251541682406
0.2932932932933000059, 0.0315898310236845253
0.2957957957958000095, 0.0319108826020064046
0.2982982982983000131, 0.0322638088573420218
0.3008008008008000167, 0.0326501822945065995
0.3033033033033000203, 0.0330717324093277032
0.3058058058058000239, 0.0335303608436577777
0.3083083083083000275, 0.0340281584760900660
0.3108108108107999756, 0.0345674247217520950
0.3133133133132999792, 0.0351506893597885589
0.3158158158157999829, 0.0357807372607763727
0.3183183183182999865, 0.0364606364500738092
0.3208208208207999901, 0.0371937700191661835
0.3233233233232999937, 0.0379838724880833395
0.3258258258257999973, 0.0388350713312388129
0.3283283283283000009, 0.0397519345107051475
0.3308308308308000045, 0.0407395250201287723
0.3333333333333000081, 0.0418034636356995962
0.3358358358358000118, 0.0429500013059707364
0.3383383383383000154, 0.0441861029002504138
0.3408408408408000190, 0.0455195443889499438
0.3433433433433000226, 0.0469590259655538397
0.3458458458458000262, 0.0485143041605486589
0.3483483483482999743, 0.0501963466708107153
0.3508508508509000090, 0.0520175144702515468
0.3533533533534000126, 0.0539917768268786610
0.3558558558559000162, 0.0561349661909760628
0.3583583583584000198, 0.0584650816225974201
0.3608608608609000235, 0.0610026516057059556
0.3633633633634000271, 0.0637711699013850525
0.3658658658658999752, 0.0667976217271203099
0.3683683683683999788, 0.0701131222911168805
0.3708708708708999824, 0.0737536959426924460
0.3733733733733999860, 0.0777612324534255744
0.3758758758758999896, 0.0821846679642006389
0.3783783783783999932, 0.0870814529756400169
0.3808808808808999968, 0.0925193899331471920
0.3833833833834000004, 0.0985789506467607268
0.3858858858859000041, 0.1053562221867991588
0.3883883883884000077, 0.1129666837475840069
0.3908908908909000113, 0.1215500933928112814
0.3933933933934000149, 0.1312768734390608316
0.3958958958959000185, 0.1423565432971010125
0.3983983983984000221, 0.1550489853146834185
0.4009009009009000257, 0.1696796849230703952
0.4034034034033999738, 0.1866606304261170524
0.4059059059058999774, 0.2065194056611149853
0.4084084084083999810, 0.2299403579280462628
0.4109109109108999847, 0.2578239199121582503
0.4134134134133999883, 0.2913738309366012413
0.4159159159158999919, 0.3322282975148843631
0.4184184184183999955, 0.3826622819251768726
0.4209209209208999991, 0.4459085582400081349
0.4234234234234000027, 0.5266842077247263498
0.4259259259259000063, 0.6320871755790606894
0.4284284284284000099, 0.7731915223209286925
0.4309309309309000136, 0.9680367202656533498
0.4334334334334000172, 1.2475872235672638144
0.4359359359359000208, 1.6685437494762402899
0.4384384384384000244, 2.3435810855679450881
0.4409409409408999725, 3.5216693993832897114
0.4434434434433999761, 5.8363343733227148746
0.4459459459458999797, 11.2313353341405441910
0.4484484484483999833, 26.8963004106812739735
0.4509509509510000180, 63.0740970040695216881
0.4534534534535000216, 39.8491619325174539767
0.4559559559560000253, 15.4115924836952444821
0.4584584584584999734, 7.3982535773968836068
0.4609609609609999770, 4.2403704704846933993
0.4634634634634999806, 2.7269013912690103218
0.4659659659659999842, 1.8952543089956801481
0.4684684684684999878, 1.3920997121006410957
0.4709709709709999914, 1.0654708901871450255
0.4734734734734999950, 0.8417855657891757382
0.4759759759759999986, 0.6820460683964273407
0.4784784784785000022, 0.5640688667984008475
0.4809809809810000059, 0.4744981600752849471
0.4834834834835000095, 0.4049104516401283993
0.4859859859860000131, 0.3497832637720282856
0.4884884884885000167, 0.3053754833413822034
0.4909909909910000203, 0.2690806387057013138
0.4934934934935000239, 0.2390381082524742351
0.4959959959960000275, 0.2138911728999265127
0.4984984984984999756, 0.1926318407879552552
0.5010010010009999792, 0.1744986464894643097
0.5035035035035000384, 0.1589077359256940714
0.5060060060059999865, 0.1454054083403254760
0.5085085085085000456, 0.1336348109773017045
0.5110110110109999937, 0.1233121633583129234
0.5135135135135000528, 0.1142095192792535463
0.5160160160160000009, 0.1061420908566689802
0.5185185185184999490, 0.0989588058095725448
0.5210210210210000081, 0.0925351890776646702
0.5235235235234999562, 0.0867679374232909334
0.5260260260260000154, 0.0815707421727755178
0.5285285285284999635, 0.0768710425137414666
0.5310310310310000226, 0.0726074798359787332
0.5335335335334999707, 0.0687278853583502825
0.5360360360360000298, 0.0651876771188276416
0.5385385385384999779, 0.0619485738760378185
0.5410410410410000370, 0.0589775563080299284
0.5435435435434999851, 0.0562460226324811297
0.5460460460460000442, 0.0537290981567897438
0.5485485485484999924, 0.0514050675104867419
0.5510510510510999715, 0.0492549052701332229
0.5535535535536000307, 0.0472618859652197826
0.5560560560560999788, 0.0454112584877806175
0.5585585585586000379, 0.0436899730335976871
0.5610610610610999860, 0.0420864511089750759
0.5635635635636000451, 0.0405903910133871976
0.5660660660660999932, 0.0391926026803684491
0.5685685685686000523, 0.0378848669205880881
0.5710710710711000004, 0.0366598150326777200
0.5735735735735999485, 0.0355108254824637801
0.5760760760761000077, 0.0344319349405023123
0.5785785785785999558, 0.0334177614424242334
0.5810810810811000149, 0.0324634378206342389
0.5835835835835999630, 0.0315645538680220453
0.5860860860861000221, 0.0307171059490811242
0.5885885885885999702, 0.0299174529825806251
0.5910910910911000293, 0.0291622778916682812
0.5935935935935999774, 0.0284485537590917492
0.5960960960961000366, 0.0277735140427471799
0.5985985985985999847, 0.0271346263044972870
0.6011011011011000438, 0.0265295689867490435
0.6036036036035999919, 0.0259562108395445280
0.6061061061061000510, 0.0254125926582395648
0.6086086086085999991, 0.0248969110401213098
0.6111111111110999472, 0.0244075039090949561
0.6136136136136000063, 0.0239428375921105947
0.6161161161160999544, 0.0235014952603392682
0.6186186186186000135, 0.0230821665730904305
0.6211211211210999616, 0.0226836383837929756
0.6236236236236000208, 0.0223047863856174165
0.6261261261260999689, 0.0219445675899777454
0.6286286286286000280, 0.0216020135446194188
0.6311311311310999761, 0.0212762242096057562
0.6336336336336000352, 0.0209663624195403839
0.6361361361360999833, 0.0206716488690401635
0.6386386386386000424, 0.0203913575659990104
0.6411411411410999905, 0.0201248117037237037
0.6436436436436000497, 0.0198713799087184596
0.6461461461460999978, 0.0196304728258635958
0.6486486486485999459, 0.0194015400070772261
0.6511511511512000361, 0.0191840670733514698
0.6536536536536999842, 0.0189775731233907605
0.6561561561562000433, 0.0187816083650107976
0.6586586586586999914, 0.0185957519480365596
0.6611611611612000505, 0.0184196099797121274
0.6636636636636999986, 0.0182528137056432518
0.6661661661661999467, 0.0180950178410697222
0.6686686686687000059, 0.0179458990388376149
0.6711711711711999540, 0.0178051544818372404
0.6736736736737000131, 0.0176725005889118783
0.6761761761761999612, 0.0175476718243459985
0.6786786786787000203, 0.0174304196020238292
0.6811811811811999684, 0.0173205112762262609
0.6836836836837000275, 0.0172177292118174605
0.6861861861861999756, 0.0171218699272733151
0.6886886886887000347, 0.0170327433046321627
0.6911911911911999828, 0.0169501718610113664
0.6936936936937000420, 0.0168739900768398315
0.6961961961961999901, 0.0168040437764117589
0.6986986986987000492, 0.0167401895567775155
0.7012012012011999973, 0.0166822942613574811
0.7037037037036999454, 0.0166302344949994969
0.7062062062062000045, 0.0165838961775030339
0.7087087087086999526, 0.0165431741329077342
0.7112112112112000117, 0.0165079717120928324
0.7137137137136999598, 0.0164782004464606203
0.7162162162162000190, 0.0164537797306831893
0.7187187187186999671, 0.0164346365326799512
0.7212212212212000262, 0.0164207051291657621
0.7237237237236999743, 0.0164119268652667717
0.7262262262262000334, 0.0164082499368464092
0.7287287287286999815, 0.0164096291943169083
0.7312312312312000406, 0.0164160259668351335
0.7337337337336999887, 0.0164274079058952388
0.7362362362362000479, 0.0164437488474367052
0.7387387387386999960, 0.0164650286916848028
0.7412412412412000551, 0.0164912333000328745
0.7437437437437000032, 0.0165223544083625204
0.7462462462461999513, 0.0165583895562793348
0.7487487487487000104, 0.0165993420318196541
0.7512512512512999896, 0.0166452208312571730
0.7537537537538000487, 0.0166960406337093650
0.7562562562562999968, 0.0167518217903114414
0.7587587587587999449, 0.0168125903277917717
0.7612612612613000040, 0.0168783779663470163
0.7637637637637999521, 0.0169492221517781975
0.7662662662663000113, 0.0170251661019117199
0.7687687687687999594, 0.0171062588673910401
0.7712712712713000185, 0.0171925554069871471
0.7737737737737999666, 0.0172841166776385134
0.7762762762763000257, 0.0173810097394948675
0.7787787787787999738, 0.0174833078763039149
0.7812812812813000329, 0.0175910907315470176
0.7837837837837999810, 0.0177044444607985171
0.7862862862863000402, 0.0178234619008550838
0.7887887887887999883, 0.0179482427562562136
0.7912912912913000474, 0.0180788938038952476
0.7937937937937999955, 0.0182155291165029543
0.7962962962963000546, 0.0183582703058731908
0.7987987987988000027, 0.0185072467867927401
0.8013013013012999508, 0.0186625960627364480
0.8038038038038000099, 0.0188244640344944064
0.8063063063062999580, 0.0189930053330112092
0.8088088088088000172, 0.0191683836778390009
0.8113113113112999653, 0.0193507722627372265
0.8138138138138000244, 0.0195403541700935809
0.8163163163162999725, 0.0197373228159937256
0.8188188188188000316, 0.0199418824279334224
0.8213213213212999797, 0.0201542485573469599
0.8238238238238000388, 0.0203746486293216768
0.8263263263262999869, 0.0206033225320818858
0.8288288288288000460, 0.0208405232490581939
0.8313313313312999941, 0.0210865175366128366
0.8338338338338000533, 0.0213415866507690455
0.8363363363363000014, 0.0216060271265977391
0.8388388388387999495, 0.0218801516142478961
0.8413413413413000086, 0.0221642897759741012
0.8438438438437999567, 0.0224587892489163492
0.8463463463463000158, 0.0227640166788313676
0.8488488488487999639, 0.0230803588304616426
0.8513513513514000541, 0.0234082237807664156
0.8538538538539000022, 0.0237480422018335885
0.8563563563563999503, 0.0241002687409459342
0.8588588588589000095, 0.0244653835060031424
0.8613613613613999576, 0.0248438936653038872
0.8638638638639000167, 0.0252363351715841309
0.8663663663663999648, 0.0256432746211987875
0.8688688688689000239, 0.0260653112604320863
0.8713713713713999720, 0.0265030791521489277
0.8738738738739000311, 0.0269572495173613300
0.8763763763763999792, 0.0274285332678066915
0.8788788788789000384, 0.0279176837473344430
0.8813813813813999865, 0.0284254997017958401
0.8838838838839000456, 0.0289528284992623536
0.8863863863863999937, 0.0295005696247812692
0.8888888888889000528, 0.0300696784765563559
0.8913913913914000009, 0.0306611704934532450
0.8938938938938999490, 0.0312761256471164803
0.8963963963964000081, 0.0319156933358099304
0.8988988988988999562, 0.0325810977214046893
0.9014014014014000153, 0.0332736435558186397
0.9039039039038999634, 0.0339947225487384347
0.9064064064064000226, 0.0347458203347194294
0.9089089089088999707, 0.0355285241048836631
0.9114114114114000298, 0.0363445309765365043
0.9139139139138999779, 0.0371956571832610314
0.9164164164164000370, 0.0380838481785991945
0.9189189189188999851, 0.0390111897584922845
0.9214214214214000442, 0.0399799203214881715
0.9239239239238999923, 0.0409924444015985073
0.9264264264264000515, 0.0420513476269611525
0.9289289289288999996, 0.0431594132785246276
0.9314314314313999477, 0.0443196406472955717
0.9339339339339000068, 0.0455352654168582963
0.9364364364363999549, 0.0468097823305416161
0.9389389389389000140, 0.0481469704405969590
0.9414414414413999621, 0.0495509212810247152
0.9439439439439000212, 0.0510260703573951202
0.9464464464463999693, 0.0525772324075804709
0.9489489489489000285, 0.0542096409584109443
0.9514514514515000076, 0.0559289927869637896
0.9539539539539999558, 0.0577414979939843143
0.9564564564565000149, 0.0596539365138516603
0.9589589589589999630, 0.0616737220243070219
0.9614614614615000221, 0.0638089743843979207
0.9639639639639999702, 0.0660686019264520030
0.9664664664665000293, 0.0684623951643523604
0.9689689689689999774, 0.0710011337646363622
0.9714714714715000365, 0.0736967089698513933
0.9739739739739999846, 0.0765622640787240460
0.9764764764765000438, 0.0796123560921589563
0.9789789789789999919, 0.0828631422494732206
0.9814814814815000510, 0.0863325959329989401
0.9839839839839999991, 0.0900407573463008759
0.9864864864864999472, 0.0940100255165700061
0.9889889889890000063, 0.0982654995931750153
0.9914914914914999544, 0.1028353791868715783
0.9939939939940000135, 0.1077514357155204133
0.9964964964964999616, 0.1130495695206852613
0.9989989989990000208, 0.1187704710643536499
1.0015015015019999023, 0.1249604090312431276
1.0040040040039999170, 0.1316721739505682665
1.0065065065070000205, 0.1389662134172943986
1.0090090090090000352, 0.1469120046874527186
1.0115115115119999167, 0.1555897230988144975
1.0140140140139999314, 0.1650922814678917883
1.0165165165170000350, 0.1755278377864553097
1.0190190190190000497, 0.1870228982241964877
1.0215215215219999312, 0.1997261825344392172
1.0240240240239999459, 0.2138134736137763114
1.0265265265270000494, 0.2294937482197492995
1.0290290290290000641, 0.2470169905720432380
1.0315315315319999456, 0.2666842379535551699
1.0340340340339999603, 0.2888606174097440027
1.0365365365370000639, 0.3139924357269288646
1.0390390390390000785, 0.3426298285217845851
1.0415415415419999601, 0.3754571336222702893
1.0440440440439999747, 0.4133341500793747958
1.0465465465470000783, 0.4573529763157697103
1.0490490490490000930, 0.5089175239188725719
1.0515515515519999745, 0.5698566537765004103
1.0540540540539999892, 0.6425881969672516680
1.0565565565570000928, 0.7303617558076271887
1.0590590590590001074, 0.8376266070039213307
1.0615615615619999890, 0.9706040108408895417
1.0640640640640000036, 1.1382044549218324203
1.0665665665670001072, 1.3535488076371142707
1.0690690690689998998, 1.6365926065875677775
1.0715715715720000034, 2.0188674037214124901
1.0740740740740000181, 2.5525285243422675130
1.0765765765769998996, 3.3287940283930610441
1.0790790790789999143, 4.5186704994924422607
1.0815815815820000179, 6.4723997550393361777
1.0840840840840000325, 9.9953586257707822682
1.0865865865869999141, 17.2494329464844931010
1.0890890890889999287, 35.3224151108031207968
1.0915915915920000323, 90.2465226388350032494
1.0940940940940000470, 158.8305856871833157129
1.0965965965969999285, 71.6334663891540515124
1.0990990990989999432, 29.3546383779427131344
1.1016016016020000468, 15.0155952382602482231
1.1041041041040000614, 8.9666182801312803718
1.1066066066069999430, 5.9239442058621669673
1.1091091091089999576, 4.1948616143352639440
1.1116116116120000612, 3.1230928944973084249
1.1141141141140000759, 2.4146133521020183288
1.1166166166169999574, 1.9225933225047482367
1.1191191191189999721, 1.5673274998958315329
1.1216216216220000756, 1.3026027518881424516
1.1241241241240000903, 1.1001608103387052751
1.1266266266269999718, 0.9419485530654375660
1.1291291291289999865, 0.8160015788138103021
1.1316316316320000901, 0.7141397787762490124
1.1341341341340001048, 0.6306186082408471449
1.1366366366369999863, 0.5613090110819969336
1.1391391391390000010, 0.5031820160740448911
1.1416416416420001045, 0.4539753005466708458
1.1441441441439998972, 0.4119718949212227699
1.1466466466470000007, 0.3758499398672621172
1.1491491491490000154, 0.3445785894245714243
1.1516516516519998969, 0.3173445563205375408
1.1541541541539999116, 0.2934994158421186383
1.1566566566570000152, 0.2725212301864681219
1.1591591591590000299, 0.2539862167411778282
1.1616616616619999114, 0.2375475684175118174
1.1641641641639999261, 0.2229194383046163019
1.1666666666670000296, 0.2098647017421721439
1.1691691691690000443, 0.1981855146888694963
1.1716716716719999258, 0.1877159654489591045
1.1741741741739999405, 0.1783163102059951433
1.1766766766770000441, 0.1698684190145974549
1.1791791791790000588, 0.1622721560149239239
1.1816816816819999403, 0.1554424876968401037
1.1841841841839999550, 0.1493071641681105732
1.1866866866870000585, 0.1438048561203216502
1.1891891891890000732, 0.1388836583780885259
1.1916916916919999547, 0.1344998922561468357
1.1941941941939999694, 0.1306171553537948671
1.1966966966970000730, 0.1272055802765353627
1.1991991991990000876, 0.1242412741204649423
1.2017017017019999692, 0.1217059191737151769
1.2042042042039999838, 0.1195865228125602281
1.2067067067070000874, 0.1178753115390497597
1.2092092092090001021, 0.1165697710291676154
1.2117117117119999836, 0.1156728414616779999
1.2142142142139999983, 0.1151932858819374877
1.2167167167170001019, 0.1151462596770996966
1.2192192192189998945, 0.1155541224057882455
1.2217217217219999981, 0.1164475506401177196
1.2242242242240000127, 0.1178670341626226470
1.2267267267269998943, 0.1198648707988680395
1.2292292292289999089, 0.1225078218513915018
1.2317317317320000125, 0.1258806574239297871
1.2342342342340000272, 0.1300909196492109898
1.2367367367369999087, 0.1352753790789339439
1.2392392392389999234, 0.1416088830274935817
1.2417417417420000270, 0.1493166404627710442
1.2442442442440000416, 0.1586915339877383868
1.2467467467469999232, 0.1701189307465079126
1.2492492492489999378, 0.1841129218100379938
1.2517517517520000414, 0.2013703966912313570
1.2542542542540000561, 0.2228536972164691654
1.2567567567569999376, 0.2499204502332396383
1.2592592592589999523, 0.2845339547938223745
1.2617617617620000559, 0.3296165212391158894
1.2642642642640000705, 0.3896680597545505997
1.2667667667669999521, 0.4719031706965035600
1.2692692692689999667, 0.5884662884939156902
1.2717717717720000703, 0.7610607855859786719
1.2742742742740000850, 1.0314960451226080629
1.2767767767769999665, 1.4884741574602737835
1.2792792792789999812, 2.3457490827589939641
1.2817817817820000847, 4.2141244784479612306
1.2842842842840000994, 9.2377961047480710022
1.2867867867869999809, 24.0750599588013187713
1.2892892892889999956, 26.0484972054011336695
1.2917917917920000992, 10.1146124683275377976
1.2942942942939998918, 4.5078837711109027708
1.2967967967969999954, 2.4692348158186714357
1.2992992992990000101, 1.5506634334511728568
1.3018018018019998916, 1.0671752588199567846
1.3043043043039999063, 0.7836702805017305984
1.3068068068070000098, 0.6040152659089147447
1.3093093093090000245, 0.4833971697400222256
1.3118118118119999060, 0.3987519386041872838
1.3143143143139999207, 0.3372623127768961115
1.3168168168170000243, 0.2913578800418403780
1.3193193193190000390, 0.2563409639648098759
1.3218218218219999205, 0.2291757072081731517
1.3243243243239999352, 0.2078328838161470626
1.3268268268270000387, 0.1909174311762589227
1.3293293293290000534, 0.1774476459351317092
1.3318318318319999349, 0.1667195205398680491
1.3343343343339999496, 0.1582207996480050061
1.3368368368370000532, 0.1515751007188775035
1.3393393393390000679, 0.1465047930193448533
1.3418418418419999494, 0.1428059269399353515
1.3443443443439999641, 0.1403311270920644949
1.3468468468470000676, 0.1389779065838933070
1.3493493493490000823, 0.1386807982488613422
1.3518518518519999638, 0.1394062884346439213
1.3543543543539999785, 0.1411499251675523425
1.3568568568570000821, 0.1439352401041339991
1.3593593593590000967, 0.1478143253130016488
1.3618618618619999783, 0.1528700771510289602
1.3643643643639999929, 0.1592202880020893718
1.3668668668670000965, 0.1670239587823121041
1.3693693693689998891, 0.1764904518224789109
1.3718718718719999927, 0.1878924477286353922
1.3743743743740000074, 0.2015841763055820635
1.3768768768770001110, 0.2180271662880661765
1.3793793793789999036, 0.2378269797016163423
1.3818818818820000072, 0.2617863746350534426
1.3843843843840000218, 0.2909836326501249459
1.3868868868869999034, 0.3268904278540877839
1.3893893893889999180, 0.3715535882686801239
1.3918918918920000216, 0.4278833645935655183
1.3943943943940000363, 0.5001256189793945595
1.3968968968969999178, 0.5946647002868418186
1.3993993993989999325, 0.7214493626580116281
1.4019019019020000361, 0.8966587437698703145
1.4044044044040000507, 1.1480028037629326221
1.4069069069069999323, 1.5260782541140600621
1.4094094094089999469, 2.1310581560032875181
1.4119119119120000505, 3.1832060838346167841
1.4144144144140000652, 5.2393202528977385057
1.4169169169169999467, 9.9933267515707839834
1.4194194194189999614, 23.6859116630824040328
1.4219219219220000650, 56.8171561144289611889
1.4244244244240000796, 37.9884197206415024084
1.4269269269269999612, 14.6289900226950209117
1.4294294294289999758, 6.9666499369354371041
1.4319319319320000794, 3.9745079732206161083
1.4344344344340000941, 2.5498606111965846921
1.4369369369369999756, 1.7704816943800048001
1.4394394394389999903, 1.3003776483210434112
1.4419419419420000938, 0.9958423358882197984
1.4444444444440001085, 0.7875848638032615368
1.4469469469469999900, 0.6390007515416488149
1.4494494494490000047, 0.5293211064969571833
1.4519519519520001083, 0.4460676677438331073
1.4544544544539999009, 0.3813837598024372166
1.4569569569570000045, 0.3301257887306921490
1.4594594594590000192, 0.2888134448712381674
1.4619619619619999007, 0.2550243959906814406
1.4644644644639999154, 0.2270309436162747108
1.4669669669670000189, 0.2035742081423206895
1.4694694694690000336, 0.1837194664187852267
1.4719719719719999151, 0.1667609712721622728
1.4744744744739999298, 0.1521578278956453867
1.4769769769770000334, 0.1394898708132563947
1.4794794794790000481, 0.1284267212315863549
1.4819819819819999296, 0.1187057122296679701
1.4844844844839999443, 0.1101158932882982944
1.4869869869870000478, 0.1024862742323619513
1.4894894894890000625, 0.0956770719536710335
1.4919919919919999440, 0.0895731146197822625
1.4944944944939999587, 0.0840788165502382445
1.4969969969970000623, 0.0791143105227074400
1.4994994994990000770, 0.0746124426409542352
1.5020020020019999585, 0.0705164167689174282
1.5045045045050000621, 0.0667779329141908601
1.5070070070070000767, 0.0633557046532307599
1.5095095095099999583, 0.0602142699049155877
1.5120120120119999729, 0.0573230305497345535
1.5145145145150000765, 0.0546554719174665860
1.5170170170170000912, 0.0521885246488369703
1.5195195195199999727, 0.0499020400046700369
1.5220220220219999874, 0.0477783561430134007
1.5245245245250000909, 0.0458019377740109118
1.5270270270270001056, 0.0439590753381449775
1.5295295295299999871, 0.0422376327281988040
1.5320320320320000018, 0.0406268348022607723
1.5345345345350001054, 0.0391170876713492627
1.5370370370369998980, 0.0376998261070703028
1.5395395395400000016, 0.0363673834891123787
1.5420420420420000163, 0.0351128805646623368
1.5445445445449998978, 0.0339301299714590901
1.5470470470469999125, 0.0328135540209298221
1.5495495495500000160, 0.0317581136765079791
1.5520520520520000307, 0.0307592470171356019
1.5545545545549999122, 0.0298128157643490835
1.5570570570569999269, 0.0289150586866815246
1.5595595595600000305, 0.0280625508879626326
1.5620620620620000452, 0.0272521681447079403
1.5645645645649999267, 0.0264810555887614110
1.5670670670669999414, 0.0257466001398853409
1.5695695695700000449, 0.0250464061832283737
1.5720720720720000596, 0.0243782740619062459
1.5745745745749999411, 0.0237401810179455851
1.5770770770769999558, 0.0231302642677610054
1.5795795795800000594, 0.0225468059429039594
1.5820820820820000741, 0.0219882196644568401
1.5845845845849999556, 0.0214530385513366922
1.5870870870869999703, 0.0209399044898452603
1.5895895895900000738, 0.0204475585148637326
1.5920920920920000885, 0.0199748321727782133
1.5945945945949999700, 0.0195206397530655745
1.5970970970969999847, 0.0190839712899297589
1.5995995996000000883, 0.0186638862478026094
1.6021021021020001029, 0.0182595078152370874
1.6046046046049999845, 0.0178700177409739230
1.6071071071069999991, 0.0174946516539669431
1.6096096096100001027, 0.0171326948161030432
1.6121121121119998953, 0.0167834782623853471
1.6146146146149999989, 0.0164463752886066343
1.6171171171170000136, 0.0161207982511253657
1.6196196196199998951, 0.0158061956473652121
1.6221221221219999098, 0.0155020494491688761
1.6246246246250000134, 0.0152078726642155097
1.6271271271270000280, 0.0149232071034163909
1.6296296296299999096, 0.0146476213345841256
1.6321321321319999242, 0.0143807088047695694
1.6346346346350000278, 0.0141220861155137902
1.6371371371370000425, 0.0138713914369010052
1.6396396396399999240, 0.0136282830477498854
1.6421421421419999387, 0.0133924379905677043
1.6446446446450000423, 0.0131635508310351361
1.6471471471470000569, 0.0129413325128064898
1.6496496496499999385, 0.0127255092993158389
1.6521521521519999531, 0.0125158217950873101
1.6546546546550000567, 0.0123120240397690955
1.6571571571570000714, 0.0121138826687560257
1.6596596596599999529, 0.0119211761348425854
1.6621621621619999676, 0.0117336939858663451
1.6646646646650000712, 0.0115512361937660755
1.6671671671670000858, 0.0113736125308961707
1.6696696696699999674, 0.0112006419898147656
1.6721721721719999820, 0.0110321522431005951
1.6746746746750000856, 0.0108679791400590094
1.6771771771770001003, 0.0107079662374520539
1.6796796796799999818, 0.0105519643616366551
1.6821821821819999965, 0.0103998311997192689
1.6846846846850001000, 0.0102514309175390471
1.6871871871869998927, 0.0101066338024759887
1.6896896896899999962, 0.0099653159292476708
1.6921921921920000109, 0.0098273588470101474
1.6946946946949998924, 0.0096926492862165724
1.6971971971969999071, 0.0095610788838125862
1.6996996997000000107, 0.0094325439254619083
1.7022022022020000254, 0.0093069451035996224
1.7047047047049999069, 0.0091841872902057482
1.7072072072069999216, 0.0090641793232782743
1.7097097097100000251, 0.0089468338060641455
1.7122122122120000398, 0.0088320669181791191
1.7147147147149999213, 0.0087197982378135874
1.7172172172169999360, 0.0086099505742823126
1.7197197197200000396, 0.0085024498102315126
1.7222222222220000543, 0.0083972247528678757
1.7247247247249999358, 0.0082942069936208160
1.7272272272269999505, 0.0081933307756923961
1.7297297297300000540, 0.0080945328689888268
1.7322322322320000687, 0.0079977524519638764
1.7347347347349999502, 0.0079029309999380029
1.7372372372369999649, 0.0078100121794878585
1.7397397397400000685, 0.0077189417485292629
1.7422422422420000832, 0.0076296674617430341
1.7447447447449999647, 0.0075421389810171671
1.7472472472469999794, 0.0074563077906013289
1.7497497497500000829, 0.0073721271166902486
1.7522522522520000976, 0.0072895518511717095
1.7547547547549999791, 0.0072085384792925774
1.7572572572569999938, 0.0071290450110126236
1.7597597597600000974, 0.0070510309158311217
1.7622622622619998900, 0.0069744570608852698
1.7647647647649999936, 0.0068992856521325032
1.7672672672670000082, 0.0068254801784409253
1.7697697697699998898, 0.0067530053584233113
1.7722722722719999044, 0.0066818270898605682
1.7747747747750000080, 0.0066119124015703197
1.7772772772770000227, 0.0065432294075852531
1.7797797797799999042, 0.0064757472635143098
1.7822822822819999189, 0.0064094361249676570
1.7847847847850000225, 0.0063442671079336314
1.7872872872870000371, 0.0062802122510026859
1.7897897897899999187, 0.0062172444793396845
1.7922922922919999333, 0.0061553375703118588
1.7947947947950000369, 0.0060944661206851908
1.7972972972970000516, 0.0060346055153072415
1.7997997997999999331, 0.0059757318971991671
1.8023023023019999478, 0.0059178221389842803
1.8048048048050000514, 0.0058608538155846155
1.8073073073070000660, 0.0058048051781210194
1.8098098098099999476, 0.0057496551289558896
1.8123123123119999622, 0.0056953831978212030
1.8148148148150000658, 0.0056419695189776648
1.8173173173170000805, 0.0055893948093539113
1.8198198198199999620, 0.0055376403476175024
1.8223223223219999767, 0.0054866879541321098
1.8248248248250000803, 0.0054365199717578503
1.8273273273270000949, 0.0053871192474540582
1.8298298298299999765, 0.0053384691146459665
1.8323323323319999911, 0.0052905533763189022
1.8348348348350000947, 0.0052433562888055275
1.8373373373370001094, 0.0051968625462334829
1.8398398398399999909, 0.0051510572656025596
1.8423423423420000056, 0.0051059259724621107
1.8448448448450001091, 0.0050614545871609674
1.8473473473469999018, 0.0050176294116435882
1.8498498498500000053, 0.0049744371167674785
1.8523523523520000200, 0.0049318647301182534
1.8548548548549999015, 0.0048898996242998883
1.8573573573569999162, 0.0048485295056788676
1.8598598598600000198, 0.0048077424035619940
1.8623623623620000345, 0.0047675266597886658
1.8648648648649999160, 0.0047278709187193501
1.8673673673669999307, 0.0046887641176029341
1.8698698698700000342, 0.0046501954773064402
1.8723723723720000489, 0.0046121544933914512
1.8748748748749999304, 0.0045746309275223069
1.8773773773769999451, 0.0045376147991918947
1.8798798798800000487, 0.0045010963777515362
1.8823823823820000634, 0.0044650661747320918
1.8848848848849999449, 0.0044295149364440515
1.8873873873869999596, 0.0043944336368449410
1.8898898898900000631, 0.0043598134706629398
1.8923923923920000778, 0.0043256458467661098
1.8948948948949999593, 0.0042919223817671250
1.8973973973969999740, 0.0042586348938539048
1.8998998999000000776, 0.0042257753968369324
1.9024024024020000923, 0.0041933360944045048
1.9049049049049999738, 0.0041613093745775645
1.9074074074069999885, 0.0041296878043561086
1.9099099099100000920, 0.0040984641245495621
1.9124124124120001067, 0.0040676312447838342
1.9149149149149999882, 0.0040371822386780984
1.9174174174170000029, 0.0040071103391846529
1.9199199199200001065, 0.0039774089340855103
1.9224224224219998991, 0.0039480715616396350
1.9249249249250000027, 0.0039190919063750301
1.9274274274270000173, 0.0038904637950201194
1.9299299299299998989, 0.0038621811925691079
1.9324324324319999135, 0.0038342381984762235
1.9349349349350000171, 0.0038066290429740034
1.9374374374370000318, 0.0037793480835109322
1.9399399399399999133, 0.0037523898013040007
1.9424424424419999280, 0.0037257487980018795
1.9449449449450000316, 0.0036994197924546551
1.9474474474470000462, 0.0036733976175861603
1.9499499499499999278, 0.0036476772173651782
1.9524524524519999424, 0.0036222536438719009
1.9549549549550000460, 0.0035971220544561734
1.9574574574570000607, 0.0035722777089842502
1.9599599599599999422, 0.0035477159671708312
1.9624624624619999569, 0.0035234322859933817
1.9649649649650000605, 0.0034994222171857753
1.9674674674670000751, 0.0034756814048084598
1.9699699699699999567, 0.0034522055828924625
1.9724724724719999713, 0.0034289905731546355
1.9749749749750000749, 0.0034060322827816469
1.9774774774770000896, 0.0033833267022803527
1.9799799799799999711, 0.0033608699033922411
1.9824824824819999858, 0.0033386580370697444
1.9849849849850000894, 0.0033166873315123024
1.9874874874870001040, 0.0032949540902601476
1.9899899899899999856, 0.0032734546903438431
1.9924924924920000002, 0.0032521855804876995
1.9949949949950001038, 0.0032311432793652554
1.9974974974969998964, 0.0032103243739050815
2.0000000000000000000, 0.0031897255176452297
