# Delta1: 0.465
# Delta2: 1.17
# Delta3: 1.355
# Dq: 0.1355
# Ds: 0.04
# Dt: 0.061000000000000006
# k1_lab: [1, 0, 0]
# k2_lab: [-0.8660254037844387, 0.49999999999999994, 0.0]
# k1_cf: [-0.696364240320019, -0.696364240320019, 0.17364817766693041]
# k2_cf: [0.6644630243886748, 0.6644630243886748, 0.3420201433256686]
# pol1_lab: [(0, 1, 0), (0, 0, 1)]
# pol2_lab: [array([-0.5      , -0.8660254,  0.       ]), array([0., 0., 1.])]
# pol1_cf: [array([0.1227878 , 0.1227878 , 0.98480775]), array([-0.70710678,  0.70710678,  0.        ])]
# pol2_cf: [array([ 0.24184476,  0.24184476, -0.93969262]), array([-0.70710678,  0.70710678,  0.        ])]
# cf: [array([-0.69636424,  0.1227878 , -0.70710678]), array([-0.69636424,  0.1227878 ,  0.70710678]), array([0.17364818, 0.98480775, 0.        ])]
# th: 80
-0.5000000000000000000, 0.0056484529773495450
-0.4974974974974999964, 0.0056993332491941254
-0.4949949949949999928, 0.0057509520470597781
-0.4924924924924999892, 0.0058033241256238910
-0.4899899899899999856, 0.0058564646139711660
-0.4874874874874999819, 0.0059103890271067572
-0.4849849849849999783, 0.0059651132778854744
-0.4824824824824999747, 0.0060206536893743197
-0.4799799799800000266, 0.0060770270076664816
-0.4774774774775000230, 0.0061342504151657203
-0.4749749749750000194, 0.0061923415443610090
-0.4724724724725000158, 0.0062513184921122664
-0.4699699699700000122, 0.0063111998344689488
-0.4674674674675000086, 0.0063720046420443592
-0.4649649649650000049, 0.0064337524959697055
-0.4624624624625000013, 0.0064964635044529716
-0.4599599599599999977, 0.0065601583199689723
-0.4574574574574999941, 0.0066248581571083931
-0.4549549549549999905, 0.0066905848111146419
-0.4524524524524999869, 0.0067573606771392496
-0.4499499499499000077, 0.0068252087702476332
-0.4474474474474000041, 0.0068941527462090205
-0.4449449449449000005, 0.0069642169231058067
-0.4424424424423999969, 0.0070354263037994960
-0.4399399399398999932, 0.0071078065992923123
-0.4374374374373999896, 0.0071813842530255682
-0.4349349349348999860, 0.0072561864661579208
-0.4324324324323999824, 0.0073322412238690654
-0.4299299299298999788, 0.0074095773227367129
-0.4274274274273999752, 0.0074882243992370973
-0.4249249249249000271, 0.0075682129594222989
-0.4224224224224000235, 0.0076495744098300103
-0.4199199199199000199, 0.0077323410896848839
-0.4174174174174000163, 0.0078165463044533590
-0.4149149149149000126, 0.0079022243608175211
-0.4124124124124000090, 0.0079894106031370288
-0.4099099099099000054, 0.0080781414514719211
-0.4074074074074000018, 0.0081684544412432437
-0.4049049049048999982, 0.0082603882646125996
-0.4024024024023999946, 0.0083539828136664218
-0.3998998998998999910, 0.0084492792254955047
-0.3973973973973999874, 0.0085463199292655223
-0.3948948948948999838, 0.0086451486953796897
-0.3923923923923999801, 0.0087458106868406691
-0.3898898898898999765, 0.0088483525129248314
-0.3873873873873999729, 0.0089528222852888004
-0.3848848848849000248, 0.0090592696766350310
-0.3823823823824000212, 0.0091677459820708046
-0.3798798798799000176, 0.0092783041833030405
-0.3773773773774000140, 0.0093909990158196240
-0.3748748748749000104, 0.0095058870392173370
-0.3723723723724000068, 0.0096230267108459461
-0.3698698698699000031, 0.0097424784629485135
-0.3673673673673999995, 0.0098643047834889395
-0.3648648648648999959, 0.0099885703008697202
-0.3623623623623999923, 0.0101153418727553922
-0.3598598598598999887, 0.0102446886792308331
-0.3573573573573999851, 0.0103766823205379520
-0.3548548548548999815, 0.0105113969196498416
-0.3523523523523999779, 0.0106489092299581339
-0.3498498498497999987, 0.0107892987483669996
-0.3473473473472999951, 0.0109326478341064647
-0.3448448448447999914, 0.0110790418335980564
-0.3423423423422999878, 0.0112285692117278738
-0.3398398398397999842, 0.0113813216899057799
-0.3373373373372999806, 0.0115373943913147266
-0.3348348348347999770, 0.0116968859937815143
-0.3323323323322999734, 0.0118598988907297302
-0.3298298298298000253, 0.0120265393607069376
-0.3273273273273000217, 0.0121969177460123906
-0.3248248248248000181, 0.0123711486409881638
-0.3223223223223000145, 0.0125493510905757694
-0.3198198198198000108, 0.0127316487997832829
-0.3173173173173000072, 0.0129181703547537607
-0.3148148148148000036, 0.0131090494561751127
-0.3123123123123000000, 0.0133044251658257645
-0.3098098098097999964, 0.0135044421671076352
-0.3073073073072999928, 0.0137092510404811935
-0.3048048048047999892, 0.0139190085547851450
-0.3023023023022999856, 0.0141338779754961886
-0.2997997997997999819, 0.0143540293910648757
-0.2972972972972999783, 0.0145796400585490281
-0.2947947947947999747, 0.0148108947698604582
-0.2922922922923000266, 0.0150479862400424592
-0.2897897897898000230, 0.0152911155191056587
-0.2872872872873000194, 0.0155404924290708617
-0.2847847847848000158, 0.0157963360279977059
-0.2822822822823000122, 0.0160588751029207243
-0.2797797797798000086, 0.0163283486937700791
-0.2772772772773000050, 0.0166050066505227974
-0.2747747747748000013, 0.0168891102260163364
-0.2722722722722999977, 0.0171809327070572802
-0.2697697697697999941, 0.0174807600866792347
-0.2672672672672999905, 0.0177888917806457124
-0.2647647647647999869, 0.0181056413915577051
-0.2622622622622999833, 0.0184313375242158989
-0.2597597597597999797, 0.0187663246562053791
-0.2572572572572999761, 0.0191109640680189735
-0.2547547547547999724, 0.0194656348374199067
-0.2522522522523000243, 0.0198307349031645423
-0.2497497497496999896, 0.0202066822036711773
-0.2472472472472000138, 0.0205939158967313914
-0.2447447447447000102, 0.0209928976669243005
-0.2422422422422000066, 0.0214041131280161903
-0.2397397397397000030, 0.0218280733283156697
-0.2372372372371999993, 0.0222653163677140539
-0.2347347347346999957, 0.0227164091359839046
-0.2322322322321999921, 0.0231819491828395494
-0.2297297297296999885, 0.0236625667313002698
-0.2272272272272000126, 0.0241589268470452402
-0.2247247247247000090, 0.0246717317777280856
-0.2222222222222000054, 0.0252017234776416715
-0.2197197197197000018, 0.0257496863347095352
-0.2172172172171999982, 0.0263164501185499666
-0.2147147147146999946, 0.0269028931703352951
-0.2122122122121999910, 0.0275099458573804696
-0.2097097097096999874, 0.0281385943178708471
-0.2072072072072000115, 0.0287898845239168491
-0.2047047047047000079, 0.0294649266942411427
-0.2022022022022000043, 0.0301649000913107763
-0.1996996996997000007, 0.0308910582416752413
-0.1971971971971999971, 0.0316447346227236234
-0.1946946946946999935, 0.0324273488641019444
-0.1921921921921999898, 0.0332404135177185867
-0.1896896896896999862, 0.0340855414567060727
-0.1871871871872000104, 0.0349644539710155314
-0.1846846846847000068, 0.0358789896356226101
-0.1821821821822000032, 0.0368311140367753725
-0.1796796796796999995, 0.0378229304524890786
-0.1771771771771999959, 0.0388566915958002759
-0.1746746746746999923, 0.0399348125433727774
-0.1721721721721999887, 0.0410598849881893407
-0.1696696696697000128, 0.0422346929735993096
-0.1671671671672000092, 0.0434622302873225244
-0.1646646646647000056, 0.0447457197186028124
-0.1621621621622000020, 0.0460886344101182413
-0.1596596596596999984, 0.0474947215691535057
-0.1571571571571999948, 0.0489680288407116221
-0.1546546546546999912, 0.0505129336896372391
-0.1521521521521999876, 0.0521341761905659493
-0.1496496496496000084, 0.0538368956849810745
-0.1471471471471000048, 0.0556266718354753303
-0.1446446446446000011, 0.0575095706904797735
-0.1421421421420999975, 0.0594921964706389972
-0.1396396396395999939, 0.0615817499036057231
-0.1371371371370999903, 0.0637860940708870894
-0.1346346346345999867, 0.0661138288928663914
-0.1321321321321000108, 0.0685743755716408943
-0.1296296296296000072, 0.0711780725424975558
-0.1271271271271000036, 0.0739362847619050023
-0.1246246246246000000, 0.0768615284930747600
-0.1221221221220999964, 0.0799676141521584449
-0.1196196196196000067, 0.0832698102650091393
-0.1171171171171000031, 0.0867850321762436983
-0.1146146146145999994, 0.0905320598745246174
-0.1121121121120999958, 0.0945317901828476026
-0.1096096096096000061, 0.0988075296513963724
-0.1071071071071000025, 0.1033853358360955071
-0.1046046046045999989, 0.1082944163165990570
-0.1021021021020999953, 0.1135675968915403344
-0.0995995995996000055, 0.1192418730018727085
-0.0970970970971000019, 0.1253590617264908891
-0.0945945945945900063, 0.1319665758680357015
-0.0920920920920900027, 0.1391183469667773287
-0.0895895895895899991, 0.1468759309026520798
-0.0870870870870899955, 0.1553098385499080136
-0.0845845845845799998, 0.1645011453876259744
-0.0820820820820799962, 0.1745434489360652985
-0.0795795795795800065, 0.1855452626178318021
-0.0770770770770800029, 0.1976329608550678740
-0.0745745745745699934, 0.2109544253312751749
-0.0720720720720700037, 0.2256835898120452821
-0.0695695695695700000, 0.2420261456805031797
-0.0670670670670699964, 0.2602267595909867337
-0.0645645645645600008, 0.2805782789556951484
-0.0620620620620599972, 0.3034335761155103617
-0.0595595595595600005, 0.3292209318220080116
-0.0570570570570599969, 0.3584642195903590678
-0.0545545545545500013, 0.3918096814684855489
-0.0520520520520499977, 0.4300618729891579339
-0.0495495495495500010, 0.4742325461507986839
-0.0470470470470499974, 0.5256080741361236486
-0.0445445445445400018, 0.5858439041930140201
-0.0420420420420399982, 0.6570991526765077584
-0.0395395395395400015, 0.7422320630534752217
-0.0370370370370399979, 0.8450898840507939935
-0.0345345345345300023, 0.9709490276854999546
-0.0320320320320299987, 1.1272014027339396502
-0.0295295295295299985, 1.3244573822413558961
-0.0270270270270299984, 1.5783806560902504668
-0.0245245245245199993, 1.9128651748318143966
-0.0220220220220199991, 2.3657994545924085905
-0.0195195195195199990, 3.0001224009102425150
-0.0170170170170199989, 3.9264937901304599599
-0.0145145145145099998, 5.3537485918994871525
-0.0120120120120099996, 7.7132870898707937002
-0.0095095095095099995, 12.0084471380205251023
-0.0070070070070070000, 20.9738086556245200143
-0.0045045045045049997, 43.7358368329455942103
-0.0020020020020019998, 113.1528656138456767621
0.0005005005005005000, 178.5573037592447462885
0.0030030030030029999, 76.0242268321199361480
0.0055055055055059999, 31.7502716631164823013
0.0080080080080079993, 16.4954391987944539721
0.0105105105105099995, 9.9474322406902278004
0.0130130130130099997, 6.6135874026619045907
0.0155155155155200005, 4.7028373804594671981
0.0180180180180199989, 3.5110459957916639873
0.0205205205205199991, 2.7194584777579975388
0.0230230230230199992, 2.1676356926987256912
0.0255255255255299983, 1.7679467937791966126
0.0280280280280299984, 1.4693324588242324680
0.0305305305305299986, 1.2404450071466759375
0.0330330330330299987, 1.0611902355149240851
0.0355355355355400013, 0.9182130994518208356
0.0380380380380399979, 0.8023603185965715312
0.0405405405405400016, 0.7071901749517878200
0.0430430430430399982, 0.6280637175577088449
0.0455455455455500008, 0.5615721155614790128
0.0480480480480499975, 0.5051653406280973702
0.0505505505505500011, 0.4569052287263523082
0.0530530530530499977, 0.4152975214716977947
0.0555555555555600003, 0.3791753018999912128
0.0580580580580599970, 0.3476166172691195211
0.0605605605605600006, 0.3198852981969095843
0.0630630630630600042, 0.2953878024731168006
0.0655655655655699998, 0.2736413120891591499
0.0680680680680700034, 0.2542498521560752067
0.0705705705705699932, 0.2368862075487910002
0.0730730730730699968, 0.2212780833163044136
0.0755755755755800063, 0.2071974080761103676
0.0780780780780799960, 0.1944519906142062327
0.0805805805805799996, 0.1828789562932956192
0.0830830830830800032, 0.1723395423521430769
0.0855855855855899988, 0.1627149399140322139
0.0880880880880900025, 0.1539029489276846907
0.0905905905905900061, 0.1458152693903256303
0.0930930930930899958, 0.1383752942327503566
0.0955955955956000053, 0.1315163004543240255
0.0980980980980999950, 0.1251799584692472600
0.1006006006005999986, 0.1193150972741910121
0.1031031031031000023, 0.1138766764765938716
0.1056056056056000059, 0.1088249265160942253
0.1081081081080999956, 0.1041246263557419893
0.1106106106105999992, 0.0997444940912000505
0.1131131131131000028, 0.0956566707505999980
0.1156156156156000064, 0.0918362813515396781
0.1181181181180999962, 0.0882610602819825230
0.1206206206205999998, 0.0849110304573488656
0.1231231231231000034, 0.0817682276126334151
0.1256256256256000070, 0.0788164626196288243
0.1281281281281000106, 0.0760411159549715804
0.1306306306305999865, 0.0734289594463266304
0.1331331331330999901, 0.0709680012394413168
0.1356356356355999937, 0.0686473505954018903
0.1381381381380999973, 0.0664570996745456610
0.1406406406406000009, 0.0643882199142676026
0.1431431431431000045, 0.0624324709807411588
0.1456456456456000081, 0.0605823205839460394
0.1481481481481000118, 0.0588308737030278084
0.1506506506506999910, 0.0571718099842632305
0.1531531531531999946, 0.0555993282543238640
0.1556556556556999982, 0.0541080972432162882
0.1581581581582000018, 0.0526932117391872776
0.1606606606607000054, 0.0513501535060556513
0.1631631631632000090, 0.0500747563851680344
0.1656656656657000126, 0.0488631750821840252
0.1681681681681999885, 0.0477118572054038223
0.1706706706706999921, 0.0466175181792013726
0.1731731731731999957, 0.0455771187048373411
0.1756756756756999993, 0.0445878444827736489
0.1781781781782000029, 0.0436470879466345496
0.1806806806807000065, 0.0427524317900560211
0.1831831831832000101, 0.0419016340945585139
0.1856856856857000138, 0.0410926148898947130
0.1881881881881999896, 0.0403234439985857215
0.1906906906906999932, 0.0395923300340001311
0.1931931931931999968, 0.0388976104367307618
0.1956956956957000004, 0.0382377424474947478
0.1981981981982000041, 0.0376112949265927574
0.2007007007007000077, 0.0370169409403465072
0.2032032032032000113, 0.0364534510440783360
0.2057057057056999871, 0.0359196871992793140
0.2082082082081999908, 0.0354145972697703509
0.2107107107106999944, 0.0349372100480223741
0.2132132132131999980, 0.0344866307684744411
0.2157157157157000016, 0.0340620370697633443
0.2182182182182000052, 0.0336626753723403560
0.2207207207207000088, 0.0332878576420683400
0.2232232232232000124, 0.0329369585141294635
0.2257257257256999883, 0.0326094127549868690
0.2282282282281999919, 0.0323047130432797952
0.2307307307306999955, 0.0320224080534388666
0.2332332332331999991, 0.0317621008285239315
0.2357357357357000027, 0.0315234474313503682
0.2382382382382000063, 0.0313061558654152555
0.2407407407407000099, 0.0311099852594943285
0.2432432432432000136, 0.0309347453120875776
0.2457457457456999894, 0.0307802959941747278
0.2482482482481999930, 0.0306465475110341383
0.2507507507508000000, 0.0305334605262107678
0.2532532532533000036, 0.0304410466531224999
0.2557557557558000072, 0.0303693692223065970
0.2582582582583000108, 0.0303185443349623801
0.2607607607608000144, 0.0302887422162868535
0.2632632632633000180, 0.0302801888851682993
0.2657657657658000216, 0.0302931681601512556
0.2682682682683000253, 0.0303280240252691777
0.2707707707707999734, 0.0303851633834239764
0.2732732732732999770, 0.0304650592295479319
0.2757757757757999806, 0.0305682542808970691
0.2782782782782999842, 0.0306953651075975650
0.2807807807807999878, 0.0308470868131093187
0.2832832832832999914, 0.0310241983217227069
0.2857857857857999950, 0.0312275683387216660
0.2882882882882999986, 0.0314581620586163735
0.2907907907908000023, 0.0317170487080975089
0.2932932932933000059, 0.0320054100233481062
0.2957957957958000095, 0.0323245497763930481
0.2982982982983000131, 0.0326759044826365058
0.3008008008008000167, 0.0330610554420923963
0.3033033033033000203, 0.0334817422905944115
0.3058058058058000239, 0.0339398782651315276
0.3083083083083000275, 0.0344375674201927093
0.3108108108107999756, 0.0349771240705804426
0.3133133133132999792, 0.0355610947817409859
0.3158158158157999829, 0.0361922832827050039
0.3183183183182999865, 0.0368737787409855328
0.3208208208207999901, 0.0376089879154284101
0.3233233233232999937, 0.0384016717947265121
0.3258258258257999973, 0.0392559874394281735
0.3283283283283000009, 0.0401765358779516760
0.3308308308308000045, 0.0411684170675353928
0.3333333333333000081, 0.0422372931257566919
0.3358358358358000118, 0.0433894612754501946
0.3383383383383000154, 0.0446319382360036432
0.3408408408408000190, 0.0459725581504022360
0.3433433433433000226, 0.0474200865770397217
0.3458458458458000262, 0.0489843536201578708
0.3483483483482999743, 0.0506764099511334276
0.3508508508509000090, 0.0525087103216286891
0.3533533533534000126, 0.0544953302371554149
0.3558558558559000162, 0.0566522228094825386
0.3583583583584000198, 0.0589975245229503176
0.3608608608609000235, 0.0615519208457071462
0.3633633633634000271, 0.0643390854436177856
0.3658658658658999752, 0.0673862104172085752
0.3683683683683999788, 0.0707246497605650420
0.3708708708708999824, 0.0743907045212539447
0.3733733733733999860, 0.0784265864576601246
0.3758758758758999896, 0.0828816080956129297
0.3783783783783999932, 0.0878136620430390452
0.3808808808808999968, 0.0932910727507521298
0.3833833833834000004, 0.0993949318100907087
0.3858858858859000041, 0.1062220665751619775
0.3883883883884000077, 0.1138888461642246219
0.3908908908909000113, 0.1225361059056256779
0.3933933933934000149, 0.1323355819840745795
0.3958958958959000185, 0.1434984093411114936
0.3983983983984000221, 0.1562864744340128065
0.4009009009009000257, 0.1710277729606414776
0.4034034034033999738, 0.1881374708916266070
0.4059059059058999774, 0.2081472215832069761
0.4084084084083999810, 0.2317466513204814449
0.4109109109108999847, 0.2598431389139745362
0.4134134134133999883, 0.2936497098725530663
0.4159159159158999919, 0.3348172088724952755
0.4184184184183999955, 0.3856381490085787900
0.4209209209208999991, 0.4493702448039701425
0.4234234234234000027, 0.5307669695751768835
0.4259259259259000063, 0.6369810292022168863
0.4284284284284000099, 0.7791719210435592569
0.4309309309309000136, 0.9755182931507661026
0.4334334334334000172, 1.2572234930177514922
0.4359359359359000208, 1.6814256892184558101
0.4384384384384000244, 2.3616689664948236071
0.4409409409408999725, 3.5488443227441495154
0.4434434434433999761, 5.8813651569579308287
0.4459459459458999797, 11.3179871028464660299
0.4484484484483999833, 27.1038070272830040608
0.4509509509510000180, 63.5607171543012725579
0.4534534534535000216, 40.1565971533445633668
0.4559559559560000253, 15.5304873621727708155
0.4584584584584999734, 7.4553227476163996812
0.4609609609609999770, 4.2730742746134131593
0.4634634634634999806, 2.7479266569146307830
0.4659659659659999842, 1.9098613672765996085
0.4684684684684999878, 1.4028229201255384417
0.4709709709709999914, 1.0736721656982419759
0.4734734734734999950, 0.8482591311221113761
0.4759759759759999986, 0.6872852742894842715
0.4784784784785000022, 0.5683959152159649975
0.4809809809810000059, 0.4781322110625990107
0.4834834834835000095, 0.4080056765644828332
0.4859859859860000131, 0.3524512269863807612
0.4884884884885000167, 0.3076988855991200644
0.4909909909910000203, 0.2711220710393792976
0.4934934934935000239, 0.2408458062858536142
0.4959959959960000275, 0.2155029045096454599
0.4984984984984999756, 0.1940775965712630280
0.5010010010009999792, 0.1758025417419333547
0.5035035035035000384, 0.1600893809315694361
0.5060060060059999865, 0.1464809125189442396
0.5085085085085000456, 0.1346175300751629722
0.5110110110109999937, 0.1242132632086475896
0.5135135135135000528, 0.1150384065682769352
0.5160160160160000009, 0.1069067460932047742
0.5185185185184999490, 0.0996660434427947411
0.5210210210210000081, 0.0931908626954546654
0.5235235235234999562, 0.0873771030927534276
0.5260260260260000154, 0.0821377895524380980
0.5285285285284999635, 0.0773998009167718298
0.5310310310310000226, 0.0731013046530419874
0.5335335335334999707, 0.0691897289544606692
0.5360360360360000298, 0.0656201473624720838
0.5385385385384999779, 0.0623539827455725504
0.5410410410410000370, 0.0593579604832711952
0.5435435435434999851, 0.0566032575714674191
0.5460460460460000442, 0.0540648068452965758
0.5485485485484999924, 0.0517207248307961567
0.5510510510510999715, 0.0495518387481609576
0.5535535535536000307, 0.0475412935084276664
0.5560560560560999788, 0.0456742236107493399
0.5585585585586000379, 0.0439374779765402679
0.5610610610610999860, 0.0423193881814395712
0.5635635635636000451, 0.0408095724368414403
0.5660660660660999932, 0.0393987691561608205
0.5685685685686000523, 0.0380786951115413483
0.5710710710711000004, 0.0368419241154466920
0.5735735735735999485, 0.0356817829023318364
0.5760760760761000077, 0.0345922614793826785
0.5785785785785999558, 0.0335679356935844886
0.5810810810811000149, 0.0326039001493775363
0.5835835835835999630, 0.0316957099256818531
0.5860860860861000221, 0.0308393297977749420
0.5885885885885999702, 0.0300310898798667875
0.5910910910911000293, 0.0292676467772745169
0.5935935935935999774, 0.0285459494800015361
0.5960960960961000366, 0.0278632093479550327
0.5985985985985999847, 0.0272168736365225664
0.6011011011011000438, 0.0266046020934057048
0.6036036036035999919, 0.0260242462263987132
0.6061061061061000510, 0.0254738308995634127
0.6086086086085999991, 0.0249515379639004865
0.6111111111110999472, 0.0244556916697110660
0.6136136136136000063, 0.0239847456426496401
0.6161161161160999544, 0.0235372712350336299
0.6186186186186000135, 0.0231119470891510380
0.6211211211210999616, 0.0227075497708020199
0.6236236236236000208, 0.0223229453497058895
0.6261261261260999689, 0.0219570818191879985
0.6286286286286000280, 0.0216089822611311433
0.6311311311310999761, 0.0212777386738729549
0.6336336336336000352, 0.0209625063908323306
0.6361361361360999833, 0.0206624990263919901
0.6386386386386000424, 0.0203769838931485564
0.6411411411410999905, 0.0201052778412319846
0.6436436436436000497, 0.0198467434761360993
0.6461461461460999978, 0.0196007857165090074
0.6486486486485999459, 0.0193668486577285200
0.6511511511512000361, 0.0191444127109203430
0.6536536536536999842, 0.0189329919904377905
0.6561561561562000433, 0.0187321319257758231
0.6586586586586999914, 0.0185414070764914826
0.6611611611612000505, 0.0183604191309948636
0.6636636636636999986, 0.0181887950720980747
0.6661661661661999467, 0.0180261854939995358
0.6686686686687000059, 0.0178722630569659174
0.6711711711711999540, 0.0177267210673802550
0.6736736736737000131, 0.0175892721720738235
0.6761761761761999612, 0.0174596471569708339
0.6786786786787000203, 0.0173375938410650424
0.6811811811811999684, 0.0172228760576308149
0.6836836836837000275, 0.0171152727153604349
0.6861861861861999756, 0.0170145769328256015
0.6886886886887000347, 0.0169205952402937849
0.6911911911911999828, 0.0168331468434975116
0.6936936936937000420, 0.0167520629444647406
0.6961961961961999901, 0.0166771861149771043
0.6986986986987000492, 0.0166083697186360409
0.7012012012011999973, 0.0165454773778895940
0.7037037037036999454, 0.0164883824827096841
0.7062062062062000045, 0.0164369677379139455
0.7087087087086999526, 0.0163911247464028909
0.7112112112112000117, 0.0163507536258331691
0.7137137137136999598, 0.0163157626564760794
0.7162162162162000190, 0.0162860679582173540
0.7187187187186999671, 0.0162615931948440241
0.7212212212212000262, 0.0162422693039365670
0.7237237237236999743, 0.0162280342508435392
0.7262262262262000334, 0.0162188328053607875
0.7287287287286999815, 0.0162146163398714863
0.7312312312312000406, 0.0162153426478265673
0.7337337337336999887, 0.0162209757815591597
0.7362362362362000479, 0.0162314859085328986
0.7387387387386999960, 0.0162468491852222410
0.7412412412412000551, 0.0162670476479154710
0.7437437437437000032, 0.0162920691198171590
0.7462462462461999513, 0.0163219071339085926
0.7487487487487000104, 0.0163565608711015546
0.7512512512512999896, 0.0163960351132942002
0.7537537537538000487, 0.0164403402110079658
0.7562562562562999968, 0.0164894920653514861
0.7587587587587999449, 0.0165435121241231768
0.7612612612613000040, 0.0166024273919270389
0.7637637637637999521, 0.0166662704542386714
0.7662662662663000113, 0.0167350795154195958
0.7687687687687999594, 0.0168088984507387823
0.7712712712713000185, 0.0168877768725209064
0.7737737737737999666, 0.0169717702106020468
0.7762762762763000257, 0.0170609398073352722
0.7787787787787999738, 0.0171553530274515184
0.7812812812813000329, 0.0172550833831457938
0.7837837837837999810, 0.0173602106748252973
0.7862862862863000402, 0.0174708211480249891
0.7887887887887999883, 0.0175870076670683120
0.7912912912913000474, 0.0177088699061259333
0.7937937937937999955, 0.0178365145584047646
0.7962962962963000546, 0.0179700555642834138
0.7987987987988000027, 0.0181096143592989790
0.8013013013012999508, 0.0182553201429848481
0.8038038038038000099, 0.0184073101696601328
0.8063063063062999580, 0.0185657300623796422
0.8088088088088000172, 0.0187307341513696136
0.8113113113112999653, 0.0189024858383993605
0.8138138138138000244, 0.0190811579886743486
0.8163163163162999725, 0.0192669333519819436
0.8188188188188000316, 0.0194600050149794056
0.8213213213212999797, 0.0196605768866854498
0.8238238238238000388, 0.0198688642194232330
0.8263263263262999869, 0.0200850941676659588
0.8288288288288000460, 0.0203095063874578312
0.8313313313312999941, 0.0205423536793251718
0.8338338338338000533, 0.0207839026778570898
0.8363363363363000014, 0.0210344345914247367
0.8388388388387999495, 0.0212942459958256752
0.8413413413413000086, 0.0215636496859890267
0.8438438438437999567, 0.0218429755902586169
0.8463463463463000158, 0.0221325717521944250
0.8488488488487999639, 0.0224328053852951466
0.8513513513514000541, 0.0227440640065568467
0.8538538538539000022, 0.0230667566553476970
0.8563563563563999503, 0.0234013152047016088
0.8588588588589000095, 0.0237481957728255880
0.8613613613613999576, 0.0241078802433786453
0.8638638638639000167, 0.0244808779039289055
0.8663663663663999648, 0.0248677272129369069
0.8688688688689000239, 0.0252689977066577511
0.8713713713713999720, 0.0256852920585209504
0.8738738738739000311, 0.0261172483048417448
0.8763763763763999792, 0.0265655422521651127
0.8788788788789000384, 0.0270308900831596963
0.8813813813813999865, 0.0275140511797836128
0.8838838838839000456, 0.0280158311844695487
0.8863863863863999937, 0.0285370853223423024
0.8888888888889000528, 0.0290787220100288818
0.8913913913914000009, 0.0296417067794846265
0.8938938938938999490, 0.0302270665484786691
0.8963963963964000081, 0.0308358942730186901
0.8988988988988999562, 0.0314693540210937012
0.9014014014014000153, 0.0321286865117535805
0.9039039039038999634, 0.0328152151687974430
0.9064064064064000226, 0.0335303527442986013
0.9089089089088999707, 0.0342756085739670119
0.9114114114114000298, 0.0350525965340503926
0.9139139139138999779, 0.0358630437782579484
0.9164164164164000370, 0.0367088003432198759
0.9189189189188999851, 0.0375918497224633288
0.9214214214214000442, 0.0385143205220381882
0.9239239239238999923, 0.0394784993260175951
0.9264264264264000515, 0.0404868449174680956
0.9289289289288999996, 0.0415420040205065205
0.9314314314313999477, 0.0426468287521837019
0.9339339339339000068, 0.0438043959997126142
0.9364364364363999549, 0.0450180289696121561
0.9389389389389000140, 0.0462913211914508446
0.9414414414413999621, 0.0476281633009621036
0.9439439439439000212, 0.0490327729764590617
0.9464464464463999693, 0.0505097284600568297
0.9489489489489000285, 0.0520640061627958076
0.9514514514515000076, 0.0537010229323245311
0.9539539539539999558, 0.0554266836557117046
0.9564564564565000149, 0.0572474349811001038
0.9589589589589999630, 0.0591703260738642642
0.9614614614615000221, 0.0612030774800156677
0.9639639639639999702, 0.0633541593572092415
0.9664664664665000293, 0.0656328805584942970
0.9689689689689999774, 0.0680494903241637555
0.9714714714715000365, 0.0706152946630395212
0.9739739739739999846, 0.0733427898991568378
0.9764764764765000438, 0.0762458163393629901
0.9789789789789999919, 0.0793397356023513578
0.9814814814815000510, 0.0826416358661638817
0.9839839839839999991, 0.0861705701725328094
0.9864864864864999472, 0.0899478340151961958
0.9889889889890000063, 0.0939972897905641119
0.9914914914914999544, 0.0983457473741065763
0.9939939939940000135, 0.1030234121975126954
0.9964964964964999616, 0.1080644148620094336
0.9989989989990000208, 0.1135074396930732810
1.0015015015019999023, 0.1193964739350008020
1.0040040040039999170, 0.1257817047864105975
1.0065065065070000205, 0.1327205985752600570
1.0090090090090000352, 0.1402792055878378241
1.0115115115119999167, 0.1485337461169998208
1.0140140140139999314, 0.1575725491700395164
1.0165165165170000350, 0.1674984363540435450
1.0190190190190000497, 0.1784316716743976905
1.0215215215219999312, 0.1905136360929151895
1.0240240240239999459, 0.2039114376474772117
1.0265265265270000494, 0.2188237394726680607
1.0290290290290000641, 0.2354881876115944850
1.0315315315319999456, 0.2541909606224962981
1.0340340340339999603, 0.2752791625978823764
1.0365365365370000639, 0.2991770693314037555
1.0390390390390000785, 0.3264076591138296290
1.0415415415419999601, 0.3576214864319695041
1.0440440440439999747, 0.3936359038178706138
1.0465465465470000783, 0.4354890936111200372
1.0490490490490000930, 0.4845156557495589045
1.0515515515519999745, 0.5424541577900308109
1.0540540540539999892, 0.6116030572344060001
1.0565565565570000928, 0.6950515142188140594
1.0590590590590001074, 0.7970291293535750610
1.0615615615619999890, 0.9234499949895768056
1.0640640640640000036, 1.0827846497865847297
1.0665665665670001072, 1.2875061247804593378
1.0690690690689998998, 1.5565846567745065254
1.0715715715720000034, 1.9199949281104269350
1.0740740740740000181, 2.4273170897834845938
1.0765765765769998996, 3.1652652932918905471
1.0790790790789999143, 4.2964026311627216970
1.0815815815820000179, 6.1536776347355521821
1.0840840840840000325, 9.5027014159962561735
1.0865865865869999141, 16.3986160360733492780
1.0890890890889999287, 33.5792519409806615727
1.0915915915920000323, 85.7914777857567543151
1.0940940940940000470, 150.9891950629280756857
1.0965965965969999285, 68.0974750341600270076
1.0990990990989999432, 27.9061918846505001568
1.1016016016020000468, 14.2751585569900143469
1.1041041041040000614, 8.5248673303124231637
1.1066066066069999430, 5.6324423785383386232
1.1091091091089999576, 3.9887504749023272588
1.1116116116120000612, 2.9699179446894872214
1.1141141141140000759, 2.2964376814959726048
1.1166166166169999574, 1.8287298100097355569
1.1191191191189999721, 1.4910245296027941908
1.1216216216220000756, 1.2393905286757784800
1.1241241241240000903, 1.0469648351233857841
1.1266266266269999718, 0.8965857429950460089
1.1291291291289999865, 0.7768796374435013030
1.1316316316320000901, 0.6800703483567475116
1.1341341341340001048, 0.6006970161547731113
1.1366366366369999863, 0.5348345080596484946
1.1391391391390000010, 0.4796034629564450702
1.1416416416420001045, 0.4328533189401559400
1.1441441441439998972, 0.3929519447963145673
1.1466466466470000007, 0.3586428159063398402
1.1491491491490000154, 0.3289460577037681688
1.1516516516519998969, 0.3030886184230219271
1.1541541541539999116, 0.2804541755174126960
1.1566566566570000152, 0.2605466555637598325
1.1591591591590000299, 0.2429633022738039716
1.1616616616619999114, 0.2273745435387479752
1.1641641641639999261, 0.2135087679382896564
1.1666666666670000296, 0.2011406923122948387
1.1691691691690000443, 0.1900823877418265639
1.1716716716719999258, 0.1801762957407184174
1.1741741741739999405, 0.1712897503033961044
1.1766766766770000441, 0.1633106509389401773
1.1791791791790000588, 0.1561440241495617165
1.1816816816819999403, 0.1497092774261558346
1.1841841841839999550, 0.1439379984508636356
1.1866866866870000585, 0.1387721880904818350
1.1891891891890000732, 0.1341628425869172969
1.1916916916919999547, 0.1300688206646840872
1.1941941941939999694, 0.1264559469063254726
1.1966966966970000730, 0.1232963150179954559
1.1991991991990000876, 0.1205677645013305266
1.2017017017019999692, 0.1182535125172224366
1.2042042042039999838, 0.1163419299782050415
1.2067067067070000874, 0.1148264576613995530
1.2092092092090001021, 0.1137056648861216046
1.2117117117119999836, 0.1129834605646808932
1.2142142142139999983, 0.1126694748071536134
1.2167167167170001019, 0.1127796394893214732
1.2192192192189998945, 0.1133370092783521632
1.2217217217219999981, 0.1143728819516547368
1.2242242242240000127, 0.1159283004572822379
1.2267267267269998943, 0.1180560520271791564
1.2292292292289999089, 0.1208233262534704061
1.2317317317320000125, 0.1243152612548116959
1.2342342342340000272, 0.1286397056428658647
1.2367367367369999087, 0.1339336710461905000
1.2392392392389999234, 0.1403721731917827453
1.2417417417420000270, 0.1481805049069258029
1.2442442442440000416, 0.1576515296687182044
1.2467467467469999232, 0.1691704645185554412
1.2492492492489999378, 0.1832510770669313893
1.2517517517520000414, 0.2005896953320089326
1.2542542542540000561, 0.2221477613501791626
1.2567567567569999376, 0.2492815050057366477
1.2592592592589999523, 0.2839520723620663767
1.2617617617620000559, 0.3290784285716769064
1.2642642642640000705, 0.3891551813120152081
1.2667667667669999521, 0.4713882630340145430
1.2692692692689999667, 0.5879073300004841185
1.2717717717720000703, 0.7603891280564918365
1.2742742742740000850, 1.0305914888609815083
1.2767767767769999665, 1.4871068126312712021
1.2792792792789999812, 2.3434243144783502011
1.2817817817820000847, 4.2095905728826634729
1.2842842842840000994, 9.2271428560176182998
1.2867867867869999809, 24.0461211354820250108
1.2892892892889999956, 26.0172273043095003686
1.2917917917920000992, 10.1032204094377267012
1.2942942942939998918, 4.5035677329280714432
1.2967967967969999954, 2.4675748092130973532
1.2992992992990000101, 1.5502755437081994216
1.3018018018019998916, 1.0675255339803522148
1.3043043043039999063, 0.7845169067811611496
1.3068068068070000098, 0.6052363053710294594
1.3093093093090000245, 0.4849269894968052386
1.3118118118119999060, 0.4005543184665666390
1.3143143143139999207, 0.3393178270696008969
1.3168168168170000243, 0.2936574925360725952
1.3193193193190000390, 0.2588825820644485298
1.3218218218219999205, 0.2319622556677427561
1.3243243243239999352, 0.2108712120867142215
1.3268268268270000387, 0.1942177076925558910
1.3293293293290000534, 0.1810230560159427904
1.3318318318319999349, 0.1705861681238887151
1.3343343343339999496, 0.1623977583434922656
1.3368368368370000532, 0.1560845857070322917
1.3393393393390000679, 0.1513724415212776009
1.3418418418419999494, 0.1480611860332365914
1.3443443443439999641, 0.1460077562926153094
1.3468468468470000676, 0.1451146103971545087
1.3493493493490000823, 0.1453220119651462972
1.3518518518519999638, 0.1466031497454057531
1.3543543543539999785, 0.1489614756974322052
1.3568568568570000821, 0.1524299158741189708
1.3593593593590000967, 0.1570718150555662218
1.3618618618619999783, 0.1629836545166163941
1.3643643643639999929, 0.1702997612727298604
1.3668668668670000965, 0.1791994345811588896
1.3693693693689998891, 0.1899171848358104375
1.3718718718719999927, 0.2027571580409626706
1.3743743743740000074, 0.2181133775978633671
1.3768768768770001110, 0.2364982908951347995
1.3793793793789999036, 0.2585834582115628666
1.3818818818820000072, 0.2852584091097226660
1.3843843843840000218, 0.3177173336684267491
1.3868868868869999034, 0.3575895163792862652
1.3893893893889999180, 0.4071404548399234491
1.3918918918920000216, 0.4695908125978965897
1.3943943943940000363, 0.5496388546221032678
1.3968968968969999178, 0.6543487455093162097
1.3993993993989999325, 0.7947281687660183724
1.4019019019020000361, 0.9886779224411108569
1.4044044044040000507, 1.2668562295804104423
1.4069069069069999323, 1.6852427241142780012
1.4094094094089999469, 2.3546673101454920207
1.4119119119120000505, 3.5188256687996761762
1.4144144144140000652, 5.7937488445611560195
1.4169169169169999467, 11.0535640632748179968
1.4194194194189999614, 26.2028455416658871968
1.4219219219220000650, 62.8586794899075584908
1.4244244244240000796, 42.0269960506864990180
1.4269269269269999612, 16.1826387175295351994
1.4294294294289999758, 7.7052340664458416342
1.4319319319320000794, 4.3948435252259097084
1.4344344344340000941, 2.8186962859291861960
1.4369369369369999756, 1.9564593644278396312
1.4394394394389999903, 1.4363961169092585024
1.4419419419420000938, 1.0995129786416986128
1.4444444444440001085, 0.8691479577233658382
1.4469469469469999900, 0.7048026670335825195
1.4494494494490000047, 0.5834988993887006981
1.4519519519520001083, 0.4914310350303050523
1.4544544544539999009, 0.4199066806490162618
1.4569569569570000045, 0.3632351382130543649
1.4594594594590000192, 0.3175659301225381981
1.4619619619619999007, 0.2802190998617796747
1.4644644644639999154, 0.2492832159969310679
1.4669669669670000189, 0.2233655352994780574
1.4694694694690000336, 0.2014319513691252006
1.4719719719719999151, 0.1827016890776828606
1.4744744744739999298, 0.1665763597049185196
1.4769769769770000334, 0.1525911442984345112
1.4794794794790000481, 0.1403805595381131532
1.4819819819819999296, 0.1296540347861596942
1.4844844844839999443, 0.1201782151837610113
1.4869869869870000478, 0.1117639551370842588
1.4894894894890000625, 0.1042566340078882325
1.4919919919919999440, 0.0975288587925730449
1.4944944944939999587, 0.0914749045461655808
1.4969969969970000623, 0.0860064353542972504
1.4994994994990000770, 0.0810491796177904705
1.5020020020019999585, 0.0765403239963513005
1.5045045045050000621, 0.0724264538408076614
1.5070070070070000767, 0.0686619129829407898
1.5095095095099999583, 0.0652074880740250024
1.5120120120119999729, 0.0620293461080565905
1.5145145145150000765, 0.0590981709428053878
1.5170170170170000912, 0.0563884573359296482
1.5195195195199999727, 0.0538779304928558994
1.5220220220219999874, 0.0515470662558756218
1.5245245245250000909, 0.0493786924733056742
1.5270270270270001056, 0.0473576562207931803
1.5295295295299999871, 0.0454705447273643301
1.5320320320320000018, 0.0437054503226697449
1.5345345345350001054, 0.0420517716428175370
1.5370370370369998980, 0.0405000448388718459
1.5395395395400000016, 0.0390417997207630971
1.5420420420420000163, 0.0376694367122860918
1.5445445445449998978, 0.0363761212447793886
1.5470470470469999125, 0.0351556928197430812
1.5495495495500000160, 0.0340025864559591467
1.5520520520520000307, 0.0329117646293251020
1.5545545545549999122, 0.0318786581326791288
1.5570570570569999269, 0.0308991145432542455
1.5595595595600000305, 0.0299693531987542325
1.5620620620620000452, 0.0290859257585206546
1.5645645645649999267, 0.0282456815711586949
1.5670670670669999414, 0.0274457371900586056
1.5695695695700000449, 0.0266834494780805211
1.5720720720720000596, 0.0259563918259797730
1.5745745745749999411, 0.0252623330788644893
1.5770770770769999558, 0.0245992188235227630
1.5795795795800000594, 0.0239651547387618562
1.5820820820820000741, 0.0233583917525372504
1.5845845845849999556, 0.0227773127849292892
1.5870870870869999703, 0.0222204208859746524
1.5895895895900000738, 0.0216863286028718683
1.5920920920920000885, 0.0211737484328597091
1.5945945945949999700, 0.0206814842367004197
1.5970970970969999847, 0.0202084235036961539
1.5995995996000000883, 0.0197535303729108602
1.6021021021020001029, 0.0193158393271213522
1.6046046046049999845, 0.0188944494862573129
1.6071071071069999991, 0.0184885194359439634
1.6096096096100001027, 0.0180972625344499351
1.6121121121119998953, 0.0177199426480158344
1.6146146146149999989, 0.0173558702703555390
1.6171171171170000136, 0.0170043989871944655
1.6196196196199998951, 0.0166649222511427095
1.6221221221219999098, 0.0163368704360833603
1.6246246246250000134, 0.0160197081436613507
1.6271271271270000280, 0.0157129317374506208
1.6296296296299999096, 0.0154160670830101564
1.6321321321319999242, 0.0151286674743613646
1.6346346346350000278, 0.0148503117294684038
1.6371371371370000425, 0.0145806024391157401
1.6396396396399999240, 0.0143191643551821464
1.6421421421419999387, 0.0140656429057341003
1.6446446446450000423, 0.0138197028256258486
1.6471471471470000569, 0.0135810268924180660
1.6496496496499999385, 0.0133493147584286802
1.6521521521519999531, 0.0131242818706227039
1.6546546546550000567, 0.0129056584708457153
1.6571571571570000714, 0.0126931886696187799
1.6596596596599999529, 0.0124866295873512605
1.6621621621619999676, 0.0122857505574004398
1.6646646646650000712, 0.0120903323859203101
1.6671671671670000858, 0.0119001666639036094
1.6696696696699999674, 0.0117150551272363103
1.6721721721719999820, 0.0115348090609575151
1.6746746746750000856, 0.0113592487442547713
1.6771771771770001003, 0.0111882029330290754
1.6796796796799999818, 0.0110215083771383303
1.6821821821819999965, 0.0108590093696769568
1.6846846846850001000, 0.0107005573258737545
1.6871871871869998927, 0.0105460103893945632
1.6896896896899999962, 0.0103952330640205998
1.6921921921920000109, 0.0102480958688416467
1.6946946946949998924, 0.0101044750152555936
1.6971971971969999071, 0.0099642521042046447
1.6996996997000000107, 0.0098273138422049315
1.7022022022020000254, 0.0096935517748412015
1.7047047047049999069, 0.0095628620365034236
1.7072072072069999216, 0.0094351451152378842
1.7097097097100000251, 0.0093103056316729133
1.7122122122120000398, 0.0091882521310594177
1.7147147147149999213, 0.0090688968875396771
1.7172172172169999360, 0.0089521557198249078
1.7197197197200000396, 0.0088379478175235199
1.7222222222220000543, 0.0087261955774185149
1.7247247247249999358, 0.0086168244490440367
1.7272272272269999505, 0.0085097627889587878
1.7297297297300000540, 0.0084049417231576266
1.7322322322320000687, 0.0083022950171028724
1.7347347347349999502, 0.0082017589528938523
1.7372372372369999649, 0.0081032722131273126
1.7397397397400000685, 0.0080067757710327245
1.7422422422420000832, 0.0079122127864954817
1.7447447447449999647, 0.0078195285076077675
1.7472472472469999794, 0.0077286701774115351
1.7497497497500000829, 0.0076395869455209032
1.7522522522520000976, 0.0075522297843323878
1.7547547547549999791, 0.0074665514095508829
1.7572572572569999938, 0.0073825062047774602
1.7597597597600000974, 0.0073000501499217770
1.7622622622619998900, 0.0072191407532174127
1.7647647647649999936, 0.0071397369866328950
1.7672672672670000082, 0.0070617992244845296
1.7697697697699998898, 0.0069852891850695755
1.7722722722719999044, 0.0069101698751498596
1.7747747747750000080, 0.0068364055371266151
1.7772772772770000227, 0.0067639615987573534
1.7797797797799999042, 0.0066928046252748364
1.7822822822819999189, 0.0066229022737768744
1.7847847847850000225, 0.0065542232497637120
1.7872872872870000371, 0.0064867372657073062
1.7897897897899999187, 0.0064204150015437778
1.7922922922919999333, 0.0063552280669868320
1.7947947947950000369, 0.0062911489655661131
1.7972972972970000516, 0.0062281510603000526
1.7997997997999999331, 0.0061662085409181864
1.8023023023019999478, 0.0061052963925528189
1.8048048048050000514, 0.0060453903658246166
1.8073073073070000660, 0.0059864669482510291
1.8098098098099999476, 0.0059285033369105237
1.8123123123119999622, 0.0058714774122994601
1.8148148148150000658, 0.0058153677133219476
1.8173173173170000805, 0.0057601534133564407
1.8198198198199999620, 0.0057058142973459361
1.8223223223219999767, 0.0056523307398615909
1.8248248248250000803, 0.0055996836840923447
1.8273273273270000949, 0.0055478546217157332
1.8298298298299999765, 0.0054968255736075142
1.8323323323319999911, 0.0054465790713500222
1.8348348348350000947, 0.0053970981395013240
1.8373373373370001094, 0.0053483662785892673
1.8398398398399999909, 0.0053003674487964256
1.8423423423420000056, 0.0052530860543037496
1.8448448448450001091, 0.0052065069282623911
1.8473473473469999018, 0.0051606153183648001
1.8498498498500000053, 0.0051153968729876452
1.8523523523520000200, 0.0050708376278805782
1.8548548548549999015, 0.0050269239933761374
1.8573573573569999162, 0.0049836427420973783
1.8598598598600000198, 0.0049409809971409941
1.8623623623620000345, 0.0048989262207148132
1.8648648648649999160, 0.0048574662032095980
1.8673673673669999307, 0.0048165890526860955
1.8698698698700000342, 0.0047762831847592054
1.8723723723720000489, 0.0047365373128620512
1.8748748748749999304, 0.0046973404388735420
1.8773773773769999451, 0.0046586818440938595
1.8798798798800000487, 0.0046205510805530170
1.8823823823820000634, 0.0045829379626383549
1.8848848848849999449, 0.0045458325590275591
1.8873873873869999596, 0.0045092251849143438
1.8898898898900000631, 0.0044731063945146338
1.8923923923920000778, 0.0044374669738415883
1.8948948948949999593, 0.0044022979337383968
1.8973973973969999740, 0.0043675905031582583
1.8998998999000000776, 0.0043333361226814745
1.9024024024020000923, 0.0042995264382600269
1.9049049049049999738, 0.0042661532951804660
1.9074074074069999885, 0.0042332087322363484
1.9099099099100000920, 0.0042006849761018535
1.9124124124120001067, 0.0041685744358985902
1.9149149149149999882, 0.0041368696979479794
1.9174174174170000029, 0.0041055635207018918
1.9199199199200001065, 0.0040746488298446046
1.9224224224219998991, 0.0040441187135593932
1.9249249249250000027, 0.0040139664179534044
1.9274274274270000173, 0.0039841853426347143
1.9299299299299998989, 0.0039547690364357454
1.9324324324319999135, 0.0039257111932774705
1.9349349349350000171, 0.0038970056481690708
1.9374374374370000318, 0.0038686463733379368
1.9399399399399999133, 0.0038406274744851236
1.9424424424419999280, 0.0038129431871615888
1.9449449449450000316, 0.0037855878732607133
1.9474474474470000462, 0.0037585560176228144
1.9499499499499999278, 0.0037318422247475404
1.9524524524519999424, 0.0037054412156101897
1.9549549549550000460, 0.0036793478245781734
1.9574574574570000607, 0.0036535569964240063
1.9599599599599999422, 0.0036280637834313193
1.9624624624619999569, 0.0036028633425905870
1.9649649649650000605, 0.0035779509328813432
1.9674674674670000751, 0.0035533219126378255
1.9699699699699999567, 0.0035289717369950940
1.9724724724719999713, 0.0035048959554127889
1.9749749749750000749, 0.0034810902092738093
1.9774774774770000896, 0.0034575502295553099
1.9799799799799999711, 0.0034342718345694908
1.9824824824819999858, 0.0034112509277717806
1.9849849849850000894, 0.0033884834956340966
1.9874874874870001040, 0.0033659656055809433
1.9899899899899999856, 0.0033436934039862316
1.9924924924920000002, 0.0033216631142287314
1.9949949949950001038, 0.0032998710348042066
1.9974974974969998964, 0.0032783135374923047
2.0000000000000000000, 0.0032569870655763909
