# Delta1: 0.46
# Delta2: 1.17
# Delta3: 1.34
# Dq: 0.08800000000000002
# Ds: -0.09000000000000001
# Dt: -0.01999999999999998
# k1_lab: [1, 0, 0]
# k2_lab: [-0.8660254037844387, 0.49999999999999994, 0.0]
# k1_cf: [0.5735764363510462, -0.8191520442889918, 0.0]
# k2_cf: [-0.0871557427476583, 0.9961946980917455, 0.0]
# pol1_lab: [(0, 1, 0), (0, 0, 1)]
# pol2_lab: [array([-0.5      , -0.8660254,  0.       ]), array([0., 0., 1.])]
# pol1_cf: [array([0.81915204, 0.57357644, 0.        ]), array([0., 0., 1.])]
# pol2_cf: [array([-0.9961947 , -0.08715574,  0.        ]), array([0., 0., 1.])]
# cf: [array([0.57357644, 0.81915204, 0.        ]), array([-0.81915204,  0.57357644,  0.        ]), array([0., 0., 1.])]
# th: 10
-0.5000000000000000000, 0.0098785288159475553
-0.4974974974974999964, 0.0099714847919428994
-0.4949949949949999928, 0.0100658178525621003
-0.4924924924924999892, 0.0101615557714687440
-0.4899899899899999856, 0.0102587270302727067
-0.4874874874874999819, 0.0103573608403476139
-0.4849849849849999783, 0.0104574871654375609
-0.4824824824824999747, 0.0105591367450859359
-0.4799799799800000266, 0.0106623411189207488
-0.4774774774775000230, 0.0107671326518323715
-0.4749749749750000194, 0.0108735445600814194
-0.4724724724725000158, 0.0109816109383762909
-0.4699699699700000122, 0.0110913667879617706
-0.4674674674675000086, 0.0112028480457620032
-0.4649649649650000049, 0.0113160916146234445
-0.4624624624625000013, 0.0114311353947054457
-0.4599599599599999977, 0.0115480183160685569
-0.4574574574574999941, 0.0116667803725130966
-0.4549549549549999905, 0.0117874626567230807
-0.4524524524524999869, 0.0119101073967734662
-0.4499499499499000077, 0.0120347579940614843
-0.4474474474474000041, 0.0121614590627258899
-0.4449449449449000005, 0.0122902564706213260
-0.4424424424423999969, 0.0124211973819182107
-0.4399399399398999932, 0.0125543303014024384
-0.4374374374373999896, 0.0126897051205527647
-0.4349349349348999860, 0.0128273731654779503
-0.4324324324323999824, 0.0129673872467999871
-0.4299299299298999788, 0.0131098017115742222
-0.4274274274273999752, 0.0132546724973420516
-0.4249249249249000271, 0.0134020571884168882
-0.4224224224224000235, 0.0135520150745095450
-0.4199199199199000199, 0.0137046072118048347
-0.4174174174174000163, 0.0138598964866072719
-0.4149149149149000126, 0.0140179476816801249
-0.4124124124124000090, 0.0141788275454089521
-0.4099099099099000054, 0.0143426048639279970
-0.4074074074074000018, 0.0145093505363552092
-0.4049049049048999982, 0.0146791376532903195
-0.4024024024023999946, 0.0148520415787384719
-0.3998998998998999910, 0.0150281400356315799
-0.3973973973973999874, 0.0152075131951290819
-0.3948948948948999838, 0.0153902437698901565
-0.3923923923923999801, 0.0155764171115207496
-0.3898898898898999765, 0.0157661213124103451
-0.3873873873873999729, 0.0159594473121858933
-0.3848848848849000248, 0.0161564890090238923
-0.3823823823824000212, 0.0163573433760756393
-0.3798798798799000176, 0.0165621105832759567
-0.3773773773774000140, 0.0167708941248218349
-0.3748748748749000104, 0.0169838009526246669
-0.3723723723724000068, 0.0172009416160582504
-0.3698698698699000031, 0.0174224304083443471
-0.3673673673673999995, 0.0176483855199386398
-0.3648648648648999959, 0.0178789291993024096
-0.3623623623623999923, 0.0181141879214691756
-0.3598598598598999887, 0.0183542925648415116
-0.3573573573573999851, 0.0185993785966803021
-0.3548548548548999815, 0.0188495862677786757
-0.3523523523523999779, 0.0191050608168440855
-0.3498498498497999987, 0.0193659526851457618
-0.3473473473472999951, 0.0196324177420213047
-0.3448448448447999914, 0.0199046175218749420
-0.3423423423422999878, 0.0201827194733415760
-0.3398398398397999842, 0.0204668972213359092
-0.3373373373372999806, 0.0207573308427537566
-0.3348348348347999770, 0.0210542071566448136
-0.3323323323322999734, 0.0213577200297315750
-0.3298298298298000253, 0.0216680706982089986
-0.3273273273273000217, 0.0219854681068244635
-0.3248248248248000181, 0.0223101292663066691
-0.3223223223223000145, 0.0226422796302871779
-0.3198198198198000108, 0.0229821534929393403
-0.3173173173173000072, 0.0233299944086464255
-0.3148148148148000036, 0.0236860556351048204
-0.3123123123123000000, 0.0240506006013705212
-0.3098098098097999964, 0.0244239034024661752
-0.3073073073072999928, 0.0248062493222859851
-0.3048048048047999892, 0.0251979353866642539
-0.3023023023022999856, 0.0255992709486120990
-0.2997997997997999819, 0.0260105783078797524
-0.2972972972972999783, 0.0264321933671641182
-0.2947947947947999747, 0.0268644663274603471
-0.2922922922923000266, 0.0273077624252494461
-0.2897897897898000230, 0.0277624627144229044
-0.2872872872873000194, 0.0282289648960753863
-0.2847847847848000158, 0.0287076841995437641
-0.2822822822823000122, 0.0291990543183416884
-0.2797797797798000086, 0.0297035284049349743
-0.2772772772773000050, 0.0302215801286228013
-0.2747747747748000013, 0.0307537048011432002
-0.2722722722722999977, 0.0313004205750029713
-0.2697697697697999941, 0.0318622697199522492
-0.2672672672672999905, 0.0324398199834833451
-0.2647647647647999869, 0.0330336660417341957
-0.2622622622622999833, 0.0336444310477287331
-0.2597597597597999797, 0.0342727682844892745
-0.2572572572572999761, 0.0349193629312185491
-0.2547547547547999724, 0.0355849339514785201
-0.2522522522523000243, 0.0362702361130912629
-0.2497497497496999896, 0.0369760621503709697
-0.2472472472472000138, 0.0377032450802650548
-0.2447447447447000102, 0.0384526606850539507
-0.2422422422422000066, 0.0392252301754403288
-0.2397397397397000030, 0.0400219230491643957
-0.2372372372371999993, 0.0408437601617251678
-0.2347347347346999957, 0.0416918170273877786
-0.2322322322321999921, 0.0425672273704267301
-0.2297297297296999885, 0.0434711869485221863
-0.2272272272272000126, 0.0444049576724090678
-0.2247247247247000090, 0.0453698720483065726
-0.2222222222222000054, 0.0463673379723579110
-0.2197197197197000018, 0.0473988439093223635
-0.2172172172171999982, 0.0484659644911217546
-0.2147147147146999946, 0.0495703665745982069
-0.2122122122121999910, 0.0507138158020395552
-0.2097097097096999874, 0.0518981837127314924
-0.2072072072072000115, 0.0531254554590704919
-0.2047047047047000079, 0.0543977381866939669
-0.2022022022022000043, 0.0557172701447437579
-0.1996996996997000007, 0.0570864305998783766
-0.1971971971971999971, 0.0585077506361053254
-0.1946946946946999935, 0.0599839249320534701
-0.1921921921921999898, 0.0615178246181070087
-0.1896896896896999862, 0.0631125113280527616
-0.1871871871872000104, 0.0647712525737733497
-0.1846846846847000068, 0.0664975385872869224
-0.1821821821822000032, 0.0682951007923844333
-0.1796796796796999995, 0.0701679320885790769
-0.1771771771771999959, 0.0721203091534572682
-0.1746746746746999923, 0.0741568169962609630
-0.1721721721721999887, 0.0762823760261887307
-0.1696696696697000128, 0.0785022719341064990
-0.1671671671672000092, 0.0808221887268691097
-0.1646646646647000056, 0.0832482453001638090
-0.1621621621622000020, 0.0857870359897483642
-0.1596596596596999984, 0.0884456756034394109
-0.1571571571571999948, 0.0912318495087031944
-0.1546546546546999912, 0.0941538694350168709
-0.1521521521521999876, 0.0972207357484385776
-0.1496496496496000084, 0.1004422070706661174
-0.1471471471471000048, 0.1038288782493586165
-0.1446446446446000011, 0.1073922678444439588
-0.1421421421420999975, 0.1111449164811043472
-0.1396396396395999939, 0.1151004976396658858
-0.1371371371370999903, 0.1192739427125510121
-0.1346346346345999867, 0.1236815824670568775
-0.1321321321321000108, 0.1283413074202561233
-0.1296296296296000072, 0.1332727500713826729
-0.1271271271271000036, 0.1384974924632594862
-0.1246246246246000000, 0.1440393031770954846
-0.1221221221220999964, 0.1499244086285018152
-0.1196196196196000067, 0.1561818044572299558
-0.1171171171171000031, 0.1628436139271194905
-0.1146146146145999994, 0.1699455016243280880
-0.1121121121120999958, 0.1775271524224823760
-0.1096096096096000061, 0.1856328277512192260
-0.1071071071071000025, 0.1943120137601315189
-0.1046046046045999989, 0.2036201791429918528
-0.1021021021020999953, 0.2136196643452890342
-0.0995995995996000055, 0.2243807288407979328
-0.0970970970971000019, 0.2359827894177452812
-0.0945945945945900063, 0.2485158903419674437
-0.0920920920920900027, 0.2620824563683271102
-0.0895895895895899991, 0.2767993925285341938
-0.0870870870870899955, 0.2928006113450370984
-0.0845845845845799998, 0.3102400898455525136
-0.0820820820820799962, 0.3292955871779490451
-0.0795795795795800065, 0.3501731910951415006
-0.0770770770770800029, 0.3731129113626057148
-0.0745745745745699934, 0.3983956048370688729
-0.0720720720720700037, 0.4263516071130420970
-0.0695695695695700000, 0.4573715686307442407
-0.0670670670670699964, 0.4919201626407067596
-0.0645645645645600008, 0.5305535685156255177
-0.0620620620620599972, 0.5739419665240734769
-0.0595595595595600005, 0.6228987545617939992
-0.0570570570570599969, 0.6784188828296555673
-0.0545545545545500013, 0.7417297071115290796
-0.0520520520520499977, 0.8143592564178671056
-0.0495495495495500010, 0.8982290728910886646
-0.0470470470470499974, 0.9957822666921126720
-0.0445445445445400018, 1.1101629035199451767
-0.0420420420420399982, 1.2454716312336686634
-0.0395395395395400015, 1.4071368990962089818
-0.0370370370370399979, 1.6024655023656924069
-0.0345345345345300023, 1.8414785425945447983
-0.0320320320320299987, 2.1382149311302138806
-0.0295295295295299985, 2.5128261755074117190
-0.0270270270270299984, 2.9950611821842367810
-0.0245245245245199993, 3.6302999961206277035
-0.0220220220220199991, 4.4905015280640858677
-0.0195195195195199990, 5.6952010809245647849
-0.0170170170170199989, 7.4545667549873382285
-0.0145145145145099998, 10.1652236925016588032
-0.0120120120120099996, 14.6464992349182629994
-0.0095095095095099995, 22.8039603739233420754
-0.0070070070070070000, 39.8311969086723678402
-0.0045045045045049997, 83.0614439109629216773
-0.0020020020020019998, 214.9001578595591013254
0.0005005005005005000, 339.1180484820582705652
0.0030030030030029999, 144.3843657267261448851
0.0055055055055059999, 60.2980174349207302953
0.0080080080080079993, 31.3255891809716793261
0.0105105105105099995, 18.8894042958112002850
0.0130130130130099997, 12.5576445442617909976
0.0155155155155200005, 8.9286653536123843367
0.0180180180180199989, 6.6651518084532694886
0.0205205205205199991, 5.1617160209580736918
0.0230230230230199992, 4.1136475399038783252
0.0255255255255299983, 3.3545154257796276909
0.0280280280280299984, 2.7873463898404877703
0.0305305305305299986, 2.3526040376731365278
0.0330330330330299987, 2.0121248901219903615
0.0355355355355400013, 1.7405446643453152955
0.0380380380380399979, 1.5204791837278521793
0.0405405405405400016, 1.3396941454827713258
0.0430430430430399982, 1.1893791114195650938
0.0455455455455500008, 1.0630599210400608623
0.0480480480480499975, 0.9558934748876171117
0.0505505505505500011, 0.8641987426445427722
0.0530530530530499977, 0.7851377713876217523
0.0555555555555600003, 0.7164943035673685401
0.0580580580580599970, 0.6565173239353168100
0.0605605605605600006, 0.6038086615938519364
0.0630630630630600042, 0.5572410265493266124
0.0655655655655699998, 0.5158974186865912248
0.0680680680680700034, 0.4790257721344833852
0.0705705705705699932, 0.4460046108324101644
0.0730730730730699968, 0.4163167639734079994
0.0755755755755800063, 0.3895290506886199822
0.0780780780780799960, 0.3652764340036483981
0.0805805805805799996, 0.3432495550545552887
0.0830830830830800032, 0.3231848481461354061
0.0855855855855899988, 0.3048566437476115665
0.0880880880880900025, 0.2880708154306058644
0.0905905905905900061, 0.2726596352501373111
0.0930930930930899958, 0.2584775818942536829
0.0955955955956000053, 0.2453979051991402038
0.0980980980980999950, 0.2333097950179501834
0.1006006006005999986, 0.2221160359506340887
0.1031031031031000023, 0.2117310549471196623
0.1056056056056000059, 0.2020792883452798561
0.1081081081080999956, 0.1930938099929135898
0.1106106106105999992, 0.1847151738241555319
0.1131131131131000028, 0.1768904334234658038
0.1156156156156000064, 0.1695723083156701616
0.1181181181180999962, 0.1627184724187111520
0.1206206206205999998, 0.1562909446264250379
0.1231231231231000034, 0.1502555651096064981
0.1256256256256000070, 0.1445815438317954171
0.1281281281281000106, 0.1392410701229565839
0.1306306306305999865, 0.1342089740564781641
0.1331331331330999901, 0.1294624319235536947
0.1356356356355999937, 0.1249807093650206619
0.1381381381380999973, 0.1207449367598193574
0.1406406406406000009, 0.1167379123253543122
0.1431431431431000045, 0.1129439290930159823
0.1456456456456000081, 0.1093486225096645809
0.1481481481481000118, 0.1059388359051490619
0.1506506506506999910, 0.1027025014747183912
0.1531531531531999946, 0.0996285347677994676
0.1556556556556999982, 0.0967067409626707342
0.1581581581582000018, 0.0939277314494525173
0.1606606606607000054, 0.0912828494492384929
0.1631631631632000090, 0.0887641035713765958
0.1656656656657000126, 0.0863641083590122316
0.1681681681681999885, 0.0840760309992693577
0.1706706706706999921, 0.0818935434823551411
0.1731731731731999957, 0.0798107795863286090
0.1756756756756999993, 0.0778222961436785404
0.1781781781782000029, 0.0759230381142017019
0.1806806806807000065, 0.0741083070476462186
0.1831831831832000101, 0.0723737325705748336
0.1856856856857000138, 0.0707152465760865073
0.1881881881881999896, 0.0691290598334100836
0.1906906906906999932, 0.0676116407677687242
0.1931931931931999968, 0.0661596961900352276
0.1956956956957000004, 0.0647701537811380401
0.1981981981982000041, 0.0634401461584543080
0.2007007007007000077, 0.0621669963709721232
0.2032032032032000113, 0.0609482046871846830
0.2057057057056999871, 0.0597814365548190590
0.2082082082081999908, 0.0586645116248690340
0.2107107107106999944, 0.0575953937442259742
0.2132132132131999980, 0.0565721818316974878
0.2157157157157000016, 0.0555931015615272819
0.2182182182182000052, 0.0546564977868508189
0.2207207207207000088, 0.0537608276429578646
0.2232232232232000124, 0.0529046542769055425
0.2257257257256999883, 0.0520866411560354584
0.2282282282281999919, 0.0513055469133784220
0.2307307307306999955, 0.0505602206928662257
0.2332332332331999991, 0.0498495979617738644
0.2357357357357000027, 0.0491726967619540364
0.2382382382382000063, 0.0485286143752548318
0.2407407407407000099, 0.0479165243820780101
0.2432432432432000136, 0.0473356740953925909
0.2457457457456999894, 0.0467853823557052018
0.2482482482481999930, 0.0462650376755485773
0.2507507507508000000, 0.0457740967250246933
0.2532532532533000036, 0.0453120831528628226
0.2557557557558000072, 0.0448785867403729694
0.2582582582583000108, 0.0444732628886231815
0.2607607607608000144, 0.0440958324421924716
0.2632632632633000180, 0.0437460818559924358
0.2657657657658000216, 0.0434238637149536588
0.2682682682683000253, 0.0431290976198959383
0.2707707707707999734, 0.0428617714566951261
0.2732732732732999770, 0.0426219430699922783
0.2757757757757999806, 0.0424097423672351662
0.2782782782782999842, 0.0422253738838791609
0.2807807807807999878, 0.0420691198462044488
0.2832832832832999914, 0.0419413437745368156
0.2857857857857999950, 0.0418424946768237577
0.2882882882882999986, 0.0417731118906681104
0.2907907907908000023, 0.0417338306412386728
0.2932932932933000059, 0.0417253883931753000
0.2957957957958000095, 0.0417486320869393801
0.2982982982983000131, 0.0418045263643328641
0.3008008008008000167, 0.0418941629044825500
0.3033033033033000203, 0.0420187710108989726
0.3058058058058000239, 0.0421797296127953830
0.3083083083083000275, 0.0423785808703296130
0.3108108108107999756, 0.0426170456045803364
0.3133133133132999792, 0.0428970408098301587
0.3158158158157999829, 0.0432206995492487311
0.3183183183182999865, 0.0435903935867567316
0.3208208208207999901, 0.0440087591694383537
0.3233233233232999937, 0.0444787264484949041
0.3258258258257999973, 0.0450035531150456691
0.3283283283283000009, 0.0455868629333882058
0.3308308308308000045, 0.0462326899827486537
0.3333333333333000081, 0.0469455295742694234
0.3358358358358000118, 0.0477303969995168803
0.3383383383383000154, 0.0485928954984197886
0.3408408408408000190, 0.0495392951187917790
0.3433433433433000226, 0.0505766244898994966
0.3458458458458000262, 0.0517127779662232834
0.3483483483482999743, 0.0529566411369653614
0.3508508508509000090, 0.0543182383710654887
0.3533533533534000126, 0.0558089069144808297
0.3558558558559000162, 0.0574415031262533390
0.3583583583584000198, 0.0592306477986255589
0.3608608608609000235, 0.0611930192423694869
0.3633633633634000271, 0.0633477050500087929
0.3658658658658999752, 0.0657166263369073356
0.3683683683683999788, 0.0683250520215733237
0.3708708708708999824, 0.0712022256420773575
0.3733733733733999860, 0.0743821337311577901
0.3758758758758999896, 0.0779044534704579211
0.3783783783783999932, 0.0818157290367382550
0.3808808808808999968, 0.0861708419136752862
0.3833833833834000004, 0.0910348621661563190
0.3858858858859000041, 0.0964853977332949808
0.3883883883884000077, 0.1026156008484696014
0.3908908908909000113, 0.1095380502174127524
0.3933933933934000149, 0.1173898129022004355
0.3958958958959000185, 0.1263391138113640899
0.3983983983984000221, 0.1365942234232882802
0.4009009009009000257, 0.1484154480196564763
0.4034034034033999738, 0.1621315235885109896
0.4059059059058999774, 0.1781623615811603056
0.4084084084083999810, 0.1970511195780533242
0.4109109109108999847, 0.2195102299774550347
0.4134134134133999883, 0.2464887758433592646
0.4159159159158999919, 0.2792733053402486343
0.4184184184183999955, 0.3196424473671929389
0.4209209209208999991, 0.3701107457147567725
0.4234234234234000027, 0.4343256100800481079
0.4259259259259000063, 0.5177375881579857619
0.4284284284284000099, 0.6287812560217779234
0.4309309309309000136, 0.7810622768553534545
0.4334334334334000172, 0.9976565394901125705
0.4359359359359000208, 1.3201937367190053063
0.4384384384384000244, 1.8298391932252722203
0.4409409409408999725, 2.7015173581670861580
0.4434434434433999761, 4.3657022982220068386
0.4459459459458999797, 8.0870392956549146390
0.4484484484483999833, 18.4164552415142104280
0.4509509509510000180, 47.1297382715263637465
0.4534534534535000216, 40.7870708363329015356
0.4559559559560000253, 15.5791486681063897635
0.4584584584584999734, 7.1373300185975647736
0.4609609609609999770, 3.9675027216974179112
0.4634634634634999806, 2.5020449877488091239
0.4659659659659999842, 1.7165807062065909783
0.4684684684684999878, 1.2497412134575776044
0.4709709709709999914, 0.9506603702343400242
0.4734734734734999950, 0.7479049520911594806
0.4759759759759999986, 0.6042637410914812879
0.4784784784785000022, 0.4988563890257149414
0.4809809809810000059, 0.4192498175776223079
0.4834834834835000095, 0.3576736525398669930
0.4859859859860000131, 0.3090724059471534058
0.4884884884885000167, 0.2700435130437345288
0.4909909909910000203, 0.2382295980600496188
0.4934934934935000239, 0.2119560212815025657
0.4959959959960000275, 0.1900068765449327013
0.4984984984984999756, 0.1714821927587825423
0.5010010010009999792, 0.1557043865092757606
0.5035035035035000384, 0.1421554815783113712
0.5060060060059999865, 0.1304340593417313010
0.5085085085085000456, 0.1202251629478205963
0.5110110110109999937, 0.1112788872897003956
0.5135135135135000528, 0.1033949051743335984
0.5160160160160000009, 0.0964111214568092179
0.5185185185184999490, 0.0901952434956869720
0.5210210210210000081, 0.0846384420178690061
0.5235235235234999562, 0.0796505304971158318
0.5260260260260000154, 0.0751562612683447651
0.5285285285284999635, 0.0710924523140190334
0.5310310310310000226, 0.0674057385067025616
0.5335335335334999707, 0.0640507969298170776
0.5360360360360000298, 0.0609889354337340983
0.5385385385384999779, 0.0581869619021608275
0.5410410410410000370, 0.0556162722076404895
0.5435435435434999851, 0.0532521098322088354
0.5460460460460000442, 0.0510729612036627256
0.5485485485484999924, 0.0490600590490994845
0.5510510510510999715, 0.0471969722671854094
0.5535535535536000307, 0.0454692655163107112
0.5560560560560999788, 0.0438642152991398152
0.5585585585586000379, 0.0423705720781821227
0.5610610610610999860, 0.0409783600881367255
0.5635635635636000451, 0.0396787081704665368
0.5660660660660999932, 0.0384637062561382151
0.5685685685686000523, 0.0373262831474210494
0.5710710710711000004, 0.0362601020619374784
0.5735735735735999485, 0.0352594710493396302
0.5760760760761000077, 0.0343192659092290825
0.5785785785785999558, 0.0334348636559417683
0.5810810810811000149, 0.0326020849129214918
0.5835835835835999630, 0.0318171438931253506
0.5860860860861000221, 0.0310766048451085117
0.5885885885885999702, 0.0303773440271912776
0.5910910910911000293, 0.0297165164223374585
0.5935935935935999774, 0.0290915265303257307
0.5960960960961000366, 0.0285000026764429017
0.5985985985985999847, 0.0279397743612289744
0.6011011011011000438, 0.0274088522469293147
0.6036036036035999919, 0.0269054104358075891
0.6061061061061000510, 0.0264277707454020697
0.6086086086085999991, 0.0259743887278322469
0.6111111111110999472, 0.0255438412157388481
0.6136136136136000063, 0.0251348152074723497
0.6161161161160999544, 0.0247460979296383679
0.6186186186186000135, 0.0243765679368062524
0.6211211211210999616, 0.0240251871267020446
0.6236236236236000208, 0.0236909935650445880
0.6261261261260999689, 0.0233730950277648356
0.6286286286286000280, 0.0230706631800203441
0.6311311311310999761, 0.0227829283214722803
0.6336336336336000352, 0.0225091746359727639
0.6361361361360999833, 0.0222487358913210538
0.6386386386386000424, 0.0220009915412580116
0.6411411411410999905, 0.0217653631875250123
0.6436436436436000497, 0.0215413113647367413
0.6461461461460999978, 0.0213283326151114255
0.6486486486485999459, 0.0211259568238531294
0.6511511511512000361, 0.0209337447892650255
0.6536536536536999842, 0.0207512860045512455
0.6561561561562000433, 0.0205781966307946561
0.6586586586586999914, 0.0204141176428224991
0.6611611611612000505, 0.0202587131316333616
0.6636636636636999986, 0.0201116687487897100
0.6661661661661999467, 0.0199726902797107628
0.6686686686687000059, 0.0198415023341554954
0.6711711711711999540, 0.0197178471433875208
0.6736736736737000131, 0.0196014834545805497
0.6761761761761999612, 0.0194921855139728942
0.6786786786787000203, 0.0193897421311244877
0.6811811811811999684, 0.0192939558173845054
0.6836836836837000275, 0.0192046419923511541
0.6861861861861999756, 0.0191216282527078701
0.6886886886887000347, 0.0190447536983597565
0.6911911911911999828, 0.0189738683112785009
0.6936936936937000420, 0.0189088323828986576
0.6961961961961999901, 0.0188495159862993242
0.6986986986987000492, 0.0187957984897576640
0.7012012012011999973, 0.0187475681085784752
0.7037037037036999454, 0.0187047214923908925
0.7062062062062000045, 0.0186671633453633218
0.7087087087086999526, 0.0186348060770226802
0.7112112112112000117, 0.0186075694815777959
0.7137137137136999598, 0.0185853804438407648
0.7162162162162000190, 0.0185681726700168588
0.7187187187186999671, 0.0185558864417949797
0.7212212212212000262, 0.0185484683923177289
0.7237237237236999743, 0.0185458713027455493
0.7262262262262000334, 0.0185480539182530726
0.7287287287286999815, 0.0185549807824100486
0.7312312312312000406, 0.0185666220890043851
0.7337337337336999887, 0.0185829535504623694
0.7362362362362000479, 0.0186039562821114744
0.7387387387386999960, 0.0186296167016153300
0.7412412412412000551, 0.0186599264429893746
0.7437437437437000032, 0.0186948822846793594
0.7462462462461999513, 0.0187344860912547345
0.7487487487487000104, 0.0187787447683347916
0.7512512512512999896, 0.0188276702304283478
0.7537537537538000487, 0.0188812793814277513
0.7562562562562999968, 0.0189395941075557461
0.7587587587587999449, 0.0190026412826201190
0.7612612612613000040, 0.0190704527854849044
0.7637637637637999521, 0.0191430655297210595
0.7662662662663000113, 0.0192205215054518236
0.7687687687687999594, 0.0193028678334606144
0.7712712712713000185, 0.0193901568316816736
0.7737737737737999666, 0.0194824460942463404
0.7762762762763000257, 0.0195797985833115057
0.7787787787787999738, 0.0196822827339510203
0.7812812812813000329, 0.0197899725724470996
0.7837837837837999810, 0.0199029478483761443
0.7862862862863000402, 0.0200212941809433734
0.7887887887887999883, 0.0201451032200832929
0.7912912912913000474, 0.0202744728229079310
0.7937937937937999955, 0.0204095072461542917
0.7962962962963000546, 0.0205503173553544249
0.7987987987988000027, 0.0206970208515294962
0.8013013013012999508, 0.0208497425162907195
0.8038038038038000099, 0.0210086144763180598
0.8063063063062999580, 0.0211737764882814969
0.8088088088088000172, 0.0213453762453703934
0.8113113113112999653, 0.0215235697067051486
0.8138138138138000244, 0.0217085214510223494
0.8163163163162999725, 0.0219004050561511995
0.8188188188188000316, 0.0220994035059361715
0.8213213213212999797, 0.0223057096264092855
0.8238238238238000388, 0.0225195265531772312
0.8263263263262999869, 0.0227410682321643430
0.8288288288288000460, 0.0229705599560439469
0.8313313313312999941, 0.0232082389388999083
0.8338338338338000533, 0.0234543549318888787
0.8363363363363000014, 0.0237091708829236004
0.8388388388387999495, 0.0239729636436717894
0.8413413413413000086, 0.0242460247274662553
0.8438438438437999567, 0.0245286611220505088
0.8463463463463000158, 0.0248211961614489968
0.8488488488487999639, 0.0251239704616489888
0.8513513513514000541, 0.0254373429252218765
0.8538538538539000022, 0.0257616918204976661
0.8563563563563999503, 0.0260974159414413681
0.8588588588589000095, 0.0264449358549745071
0.8613613613613999576, 0.0268046952431399352
0.8638638638639000167, 0.0271771623482358754
0.8663663663663999648, 0.0275628315298522483
0.8688688688689000239, 0.0279622249436371276
0.8713713713713999720, 0.0283758943526193248
0.8738738738739000311, 0.0288044230830211724
0.8763763763763999792, 0.0292484281377325406
0.8788788788789000384, 0.0297085624819978904
0.8813813813813999865, 0.0301855175174088469
0.8838838838839000456, 0.0306800257620222644
0.8863863863863999937, 0.0311928637563557293
0.8888888888889000528, 0.0317248552171814774
0.8913913913914000009, 0.0322768744634774479
0.8938938938938999490, 0.0328498501416323446
0.8963963963964000081, 0.0334447692800928856
0.8988988988988999562, 0.0340626817071219626
0.9014014014014000153, 0.0347047048692735449
0.9039039039038999634, 0.0353720290926453004
0.9064064064064000226, 0.0360659233340142604
0.9089089089088999707, 0.0367877414746951500
0.9114114114114000298, 0.0375389292164733795
0.9139139139138999779, 0.0383210316463858947
0.9164164164164000370, 0.0391357015455914350
0.9189189189188999851, 0.0399847085272438396
0.9214214214214000442, 0.0408699490993667813
0.9239239239238999923, 0.0417934577614345534
0.9264264264264000515, 0.0427574192579733628
0.9289289289288999996, 0.0437641821293227040
0.9314314314313999477, 0.0448162737191060423
0.9339339339339000068, 0.0459164168204153830
0.9364364364363999549, 0.0470675481687266931
0.9389389389389000140, 0.0482728390197812232
0.9414414414413999621, 0.0495357180858449209
0.9439439439439000212, 0.0508598971447960929
0.9464464464463999693, 0.0522493996845056902
0.9489489489489000285, 0.0537085930012618853
0.9514514514515000076, 0.0552422242371722258
0.9539539539539999558, 0.0568554609194898350
0.9564564564565000149, 0.0585539366570137082
0.9589589589589999630, 0.0603438027580279757
0.9614614614615000221, 0.0622317866641920597
0.9639639639639999702, 0.0642252582497716967
0.9664664664665000293, 0.0663323052210017527
0.9689689689689999774, 0.0685618190728878862
0.9714714714715000365, 0.0709235933287572090
0.9739739739739999846, 0.0734284361117524126
0.9764764764765000438, 0.0760882994903583909
0.9789789789789999919, 0.0789164285184636299
0.9814814814815000510, 0.0819275334753020307
0.9839839839839999991, 0.0851379895285738209
0.9864864864864999472, 0.0885660689291411646
0.9889889889890000063, 0.0922322119418011455
0.9914914914914999544, 0.0961593440804154598
0.9939939939940000135, 0.1003732489207734696
0.9964964964964999616, 0.1049030079074206451
0.9989989989990000208, 0.1097815212780392374
1.0015015015019999023, 0.1150461276688909684
1.0040040040039999170, 0.1207393443612617689
1.0065065065070000205, 0.1269097557827016942
1.0090090090090000352, 0.1336130851951955467
1.0115115115119999167, 0.1409134940403758141
1.0140140140139999314, 0.1488851659329702704
1.0165165165170000350, 0.1576142488567283118
1.0190190190190000497, 0.1672012512046748001
1.0215215215219999312, 0.1777640170135244835
1.0240240240239999459, 0.1894414460641383191
1.0265265265270000494, 0.2023981797796386151
1.0290290290290000641, 0.2168305503674696766
1.0315315315319999456, 0.2329741977678730647
1.0340340340339999603, 0.2511139107021875261
1.0365365365370000639, 0.2715964657719324160
1.0390390390390000785, 0.2948475550557838054
1.0415415415419999601, 0.3213943596557299331
1.0440440440439999747, 0.3518960267296543654
1.0465465465470000783, 0.3871853752423820016
1.0490490490490000930, 0.4283268147728994668
1.0515515515519999745, 0.4766980931472295513
1.0540540540539999892, 0.5341077571479507791
1.0565565565570000928, 0.6029673083887030494
1.0590590590590001074, 0.6865491681974875693
1.0615615615619999890, 0.7893829471422931787
1.0640640640640000036, 0.9178815197793820380
1.0665665665670001072, 1.0813623835130163897
1.0690690690689998998, 1.2937764580172397277
1.0715715715720000034, 1.5767625357686980703
1.0740740740740000181, 1.9653232603752535113
1.0765765765769998996, 2.5190275763734746306
1.0790790790789999143, 3.3457972342230544172
1.0815815815820000179, 4.6571894296762144094
1.0840840840840000325, 6.9123865525435412849
1.0865865865869999141, 11.2521664175742177605
1.0890890890889999287, 21.0697948558466805480
1.0915915915920000323, 48.6928977296613112458
1.0940940940940000470, 122.4363507315820811527
1.0965965965969999285, 96.2806167184993739738
1.0990990990989999432, 36.7842061532125654821
1.1016016016020000468, 17.0906118590122915180
1.1041041041040000614, 9.5914649244357548241
1.1066066066069999430, 6.0876779076515550315
1.1091091091089999576, 4.1962749358846327397
1.1116116116120000612, 3.0666822783828684429
1.1141141141140000759, 2.3406505028771360521
1.1166166166169999574, 1.8474271232337227122
1.1191191191189999721, 1.4976102732213922852
1.1216216216220000756, 1.2408331296158159329
1.1241241241240000903, 1.0470090393570581355
1.1266266266269999718, 0.8972858378535959467
1.1291291291289999865, 0.7793723261782565803
1.1316316316320000901, 0.6849820471665001298
1.1341341341340001048, 0.6083664525758067931
1.1366366366369999863, 0.5454380574774582158
1.1391391391390000010, 0.4932274572322596917
1.1416416416420001045, 0.4495365937437053594
1.1441441441439998972, 0.4127112813926327450
1.1466466466470000007, 0.3814883647191421590
1.1491491491490000154, 0.3548908147165305560
1.1516516516519998969, 0.3321543458708871022
1.1541541541539999116, 0.3126752002966078359
1.1566566566570000152, 0.2959724209747338630
1.1591591591590000299, 0.2816602183507035395
1.1616616616619999114, 0.2694274830261155773
1.1641641641639999261, 0.2590224352181217382
1.1666666666670000296, 0.2502410203511526987
1.1691691691690000443, 0.2429180753492450606
1.1716716716719999258, 0.2369205734217196824
1.1741741741739999405, 0.2321424514075371981
1.1766766766770000441, 0.2285006619336893141
1.1791791791790000588, 0.2259321915871905784
1.1816816816819999403, 0.2243918585084855866
1.1841841841839999550, 0.2238507567552638911
1.1866866866870000585, 0.2242952563261220722
1.1891891891890000732, 0.2257265010624769919
1.1916916916919999547, 0.2281603748903857642
1.1941941941939999694, 0.2316279325087254037
1.1966966966970000730, 0.2361763158412019947
1.1991991991990000876, 0.2418702044508725946
1.2017017017019999692, 0.2487938789614956292
1.2042042042039999838, 0.2570540141053706540
1.2067067067070000874, 0.2667833659159398740
1.2092092092090001021, 0.2781455807245757361
1.2117117117119999836, 0.2913414389808255400
1.2142142142139999983, 0.3066169646421731954
1.2167167167170001019, 0.3242739960361558094
1.2192192192189998945, 0.3446840494425359447
1.2217217217219999981, 0.3683066471506305506
1.2242242242240000127, 0.3957137820979476639
1.2267267267269998943, 0.4276229384383317678
1.2292292292289999089, 0.4649422227809699715
1.2317317317320000125, 0.5088329184212692091
1.2342342342340000272, 0.5607975512213350111
1.2367367367369999087, 0.6228060396020483891
1.2392392392389999234, 0.6974799211779826313
1.2417417417420000270, 0.7883672636504779341
1.2442442442440000416, 0.9003629693111223631
1.2467467467469999232, 1.0403692318828730023
1.2492492492489999378, 1.2183662895324829378
1.2517517517520000414, 1.4492117934237289667
1.2542542542540000561, 1.7557932079161902017
1.2567567567569999376, 2.1748275325227046650
1.2592592592589999523, 2.7681713332099002756
1.2617617617620000559, 3.6464858483033149028
1.2642642642640000705, 5.0232411624366086755
1.2667667667669999521, 7.3521463678259451058
1.2692692692689999667, 11.7291781761087001712
1.2717717717720000703, 21.2960902841849453182
1.2742742742740000850, 47.1157307979337360848
1.2767767767769999665, 122.9840067182406500024
1.2792792792789999812, 129.6578545068357470882
1.2817817817820000847, 50.0742509494352319166
1.2842842842840000994, 22.2842427442162396289
1.2867867867869999809, 12.1407711464363288201
1.2892892892889999956, 7.5550923616874285926
1.2917917917920000992, 5.1349446768767421645
1.2942942942939998918, 3.7122552069106236061
1.2967967967969999954, 2.8082021602992126574
1.2992992992990000101, 2.1991525114322101331
1.3018018018019998916, 1.7698289673413274414
1.3043043043039999063, 1.4560799969305644463
1.3068068068070000098, 1.2199619440533928660
1.3093093093090000245, 1.0378916746926383219
1.3118118118119999060, 0.8945970033742374206
1.3143143143139999207, 0.7798400814111685619
1.3168168168170000243, 0.6865527122084645884
1.3193193193190000390, 0.6097295732341918573
1.3218218218219999205, 0.5457470591946755878
1.3243243243239999352, 0.4919306560112715609
1.3268268268270000387, 0.4462724697914931538
1.3293293293290000534, 0.4072422413793858054
1.3318318318319999349, 0.3736581391879780778
1.3343343343339999496, 0.3445967021174661804
1.3368368368370000532, 0.3193289835321964087
1.3393393393390000679, 0.2972745806316715589
1.3418418418419999494, 0.2779680992238711679
1.3443443443439999641, 0.2610344170283816490
1.3468468468470000676, 0.2461702804659012811
1.3493493493490000823, 0.2331305430141674684
1.3518518518519999638, 0.2217178742063860009
1.3543543543539999785, 0.2117751279627378691
1.3568568568570000821, 0.2031798149130578934
1.3593593593590000967, 0.1958403137809484884
1.3618618618619999783, 0.1896936083621799385
1.3643643643639999929, 0.1847044696041224843
1.3668668668670000965, 0.1808661350882106167
1.3693693693689998891, 0.1782026907071467825
1.3718718718719999927, 0.1767735574470437054
1.3743743743740000074, 0.1766807686618468987
1.3768768768770001110, 0.1780801530584172898
1.3793793793789999036, 0.1811982240620518270
1.3818818818820000072, 0.1863577111942718301
1.3843843843840000218, 0.1940166137694172288
1.3868868868869999034, 0.2048291059724285934
1.3893893893889999180, 0.2197429680889060877
1.3918918918920000216, 0.2401603816227523280
1.3943943943940000363, 0.2682133427290787075
1.3968968968969999178, 0.3072566402891379056
1.3993993993989999325, 0.3627977698133197371
1.4019019019020000361, 0.4443652528378086441
1.4044044044040000507, 0.5695628377842965051
1.4069069069069999323, 0.7737510642091808277
1.4094094094089999469, 1.1361511235524504038
1.4119119119120000505, 1.8620814018062945561
1.4144144144140000652, 3.5962885041173744405
1.4169169169169999467, 8.7387360246663181584
1.4194194194189999614, 18.8752782992096648229
1.4219219219220000650, 10.3933246371398162466
1.4244244244240000796, 4.1197605592230797100
1.4269269269269999612, 2.0496619339972044216
1.4294294294289999758, 1.2126801847941142132
1.4319319319320000794, 0.8036561339101977453
1.4344344344340000941, 0.5755270095528567387
1.4369369369369999756, 0.4357889466165993375
1.4394394394389999903, 0.3440613182318557617
1.4419419419420000938, 0.2805707897594806877
1.4444444444440001085, 0.2347454091267372200
1.4469469469469999900, 0.2005288063257427977
1.4494494494490000047, 0.1742533108586851176
1.4519519519520001083, 0.1535941840777761414
1.4544544544539999009, 0.1370206720440818038
1.4569569569570000045, 0.1234917345888494472
1.4594594594590000192, 0.1122794601748103582
1.4619619619619999007, 0.1028624724654089440
1.4644644644639999154, 0.0948593587731991761
1.4669669669670000189, 0.0879858385362942280
1.4694694694690000336, 0.0820264740219956573
1.4719719719719999151, 0.0768155458339794400
1.4744744744739999298, 0.0722238522500052993
1.4769769769770000334, 0.0681494253132173267
1.4794794794790000481, 0.0645108900693802806
1.4819819819819999296, 0.0612426407936495776
1.4844844844839999443, 0.0582912874941145381
1.4869869869870000478, 0.0556130042579983247
1.4894894894890000625, 0.0531715269789109629
1.4919919919919999440, 0.0509366248027920202
1.4944944944939999587, 0.0488829213295100540
1.4969969969970000623, 0.0469889769410261199
1.4994994994990000770, 0.0452365681171469081
1.5020020020019999585, 0.0436101167967044706
1.5045045045050000621, 0.0420962350648932809
1.5070070070070000767, 0.0406833592340366396
1.5095095095099999583, 0.0393614537686624716
1.5120120120119999729, 0.0381217701898957234
1.5145145145150000765, 0.0369566495635349213
1.5170170170170000912, 0.0358593597685002777
1.5195195195199999727, 0.0348239606954487621
1.5220220220219999874, 0.0338451920084760424
1.5245245245250000909, 0.0329183792374028866
1.5270270270270001056, 0.0320393548422406998
1.5295295295299999871, 0.0312043915693457456
1.5320320320320000018, 0.0304101459478718708
1.5345345345350001054, 0.0296536101906093447
1.5370370370369998980, 0.0289320710914064139
1.5395395395400000016, 0.0282430747719295723
1.5420420420420000163, 0.0275843963385172322
1.5445445445449998978, 0.0269540136767461580
1.5470470470469999125, 0.0263500847458615316
1.5495495495500000160, 0.0257709278441592901
1.5520520520520000307, 0.0252150044050315457
1.5545545545549999122, 0.0246809039557803790
1.5570570570569999269, 0.0241673309306774213
1.5595595595600000305, 0.0236730930786471089
1.5620620620620000452, 0.0231970912463586518
1.5645645645649999267, 0.0227383103510375162
1.5670670670669999414, 0.0222958113852153444
1.5695695695700000449, 0.0218687243189423786
1.5720720720720000596, 0.0214562417845242520
1.5745745745749999411, 0.0210576134452606541
1.5770770770769999558, 0.0206721409635089032
1.5795795795800000594, 0.0202991734951049191
1.5820820820820000741, 0.0199381036470987448
1.5845845845849999556, 0.0195883638442102652
1.5870870870869999703, 0.0192494230566063115
1.5895895895900000738, 0.0189207838477566045
1.5920920920920000885, 0.0186019797064018062
1.5945945945949999700, 0.0182925726311951656
1.5970970970969999847, 0.0179921509404859167
1.5995995996000000883, 0.0177003272830774522
1.6021021021020001029, 0.0174167368287081251
1.6046046046049999845, 0.0171410356195296175
1.6071071071069999991, 0.0168728990660492323
1.6096096096100001027, 0.0166120205729165075
1.6121121121119998953, 0.0163581102815979693
1.6146146146149999989, 0.0161108939184416294
1.6171171171170000136, 0.0158701117379076856
1.6196196196199998951, 0.0156355175518605241
1.6221221221219999098, 0.0154068778368004478
1.6246246246250000134, 0.0151839709117787911
1.6271271271270000280, 0.0149665861805037964
1.6296296296299999096, 0.0147545234318184355
1.6321321321319999242, 0.0145475921933283028
1.6346346346350000278, 0.0143456111334862146
1.6371371371370000425, 0.0141484075079094558
1.6396396396399999240, 0.0139558166461228213
1.6421421421419999387, 0.0137676814752918167
1.6446446446450000423, 0.0135838520778416849
1.6471471471470000569, 0.0134041852801532815
1.6496496496499999385, 0.0132285442697913161
1.6521521521519999531, 0.0130567982389569216
1.6546546546550000567, 0.0128888220520687151
1.6571571571570000714, 0.0127244959355668139
1.6596596596599999529, 0.0125637051882054873
1.6621621621619999676, 0.0124063399102539509
1.6646646646650000712, 0.0122522947501637405
1.6671671671670000858, 0.0121014686673859787
1.6696696696699999674, 0.0119537647101352045
1.6721721721719999820, 0.0118090898069982391
1.6746746746750000856, 0.0116673545713794000
1.6771771771770001003, 0.0115284731178569404
1.6796796796799999818, 0.0113923628896017287
1.6821821821819999965, 0.0112589444960782027
1.6846846846850001000, 0.0111281415603104450
1.6871871871869998927, 0.0109998805750531857
1.6896896896899999962, 0.0108740907672597586
1.6921921921920000109, 0.0107507039702862857
1.6946946946949998924, 0.0106296545033147914
1.6971971971969999071, 0.0105108790575173978
1.6996996997000000107, 0.0103943165885199331
1.7022022022020000254, 0.0102799082147563663
1.7047047047049999069, 0.0101675971213358758
1.7072072072069999216, 0.0100573284690719453
1.7097097097100000251, 0.0099490493083486346
1.7122122122120000398, 0.0098427084975223414
1.7147147147149999213, 0.0097382566255790823
1.7172172172169999360, 0.0096356459387870116
1.7197197197200000396, 0.0095348302711021661
1.7222222222220000543, 0.0094357649781021506
1.7247247247249999358, 0.0093384068742381199
1.7272272272269999505, 0.0092427141732094424
1.7297297297300000540, 0.0091486464312789360
1.7322322322320000687, 0.0090561644933584377
1.7347347347349999502, 0.0089652304417060461
1.7372372372369999649, 0.0088758075470865248
1.7397397397400000685, 0.0087878602222562930
1.7422422422420000832, 0.0087013539776431264
1.7447447447449999647, 0.0086162553790992292
1.7472472472469999794, 0.0085325320076138148
1.7497497497500000829, 0.0084501524208787544
1.7522522522520000976, 0.0083690861166071766
1.7547547547549999791, 0.0082893034975114466
1.7572572572569999938, 0.0082107758378523656
1.7597597597600000974, 0.0081334752514770330
1.7622622622619998900, 0.0080573746612676491
1.7647647647649999936, 0.0079824477699283226
1.7672672672670000082, 0.0079086690320410730
1.7697697697699998898, 0.0078360136273265164
1.7722722722719999044, 0.0077644574350483166
1.7747747747750000080, 0.0076939770095040411
1.7772772772770000227, 0.0076245495565484562
1.7797797797799999042, 0.0075561529110982533
1.7822822822819999189, 0.0074887655155701392
1.7847847847850000225, 0.0074223663992069875
1.7872872872870000371, 0.0073569351582491015
1.7897897897899999187, 0.0072924519369102579
1.7922922922919999333, 0.0072288974091201403
1.7947947947950000369, 0.0071662527609971651
1.7972972972970000516, 0.0071044996740173422
1.7997997997999999331, 0.0070436203088469198
1.8023023023019999478, 0.0069835972898081257
1.8048048048050000514, 0.0069244136899489842
1.8073073073070000660, 0.0068660530166897594
1.8098098098099999476, 0.0068084991980199077
1.8123123123119999622, 0.0067517365692209008
1.8148148148150000658, 0.0066957498600914312
1.8173173173170000805, 0.0066405241826527975
1.8198198198199999620, 0.0065860450193133586
1.8223223223219999767, 0.0065322982114719777
1.8248248248250000803, 0.0064792699485414877
1.8273273273270000949, 0.0064269467573740023
1.8298298298299999765, 0.0063753154920709451
1.8323323323319999911, 0.0063243633241613865
1.8348348348350000947, 0.0062740777331331682
1.8373373373370001094, 0.0062244464973019893
1.8398398398399999909, 0.0061754576850043714
1.8423423423420000056, 0.0061270996461010741
1.8448448448450001091, 0.0060793610037781932
1.8473473473469999018, 0.0060322306466337435
1.8498498498500000053, 0.0059856977210381397
1.8523523523520000200, 0.0059397516237574893
1.8548548548549999015, 0.0058943819948291589
1.8573573573569999162, 0.0058495787106795233
1.8598598598600000198, 0.0058053318774743201
1.8623623623620000345, 0.0057616318246924061
1.8648648648649999160, 0.0057184690989141775
1.8673673673669999307, 0.0056758344578162817
1.8698698698700000342, 0.0056337188643646305
1.8723723723720000489, 0.0055921134811980841
1.8748748748749999304, 0.0055510096651954863
1.8773773773769999451, 0.0055103989622190958
1.8798798798800000487, 0.0054702731020277277
1.8823823823820000634, 0.0054306239933532112
1.8848848848849999449, 0.0053914437191340536
1.8873873873869999596, 0.0053527245319004808
1.8898898898900000631, 0.0053144588493052175
1.8923923923920000778, 0.0052766392497946820
1.8948948948949999593, 0.0052392584684154272
1.8973973973969999740, 0.0052023093927509234
1.8998998999000000776, 0.0051657850589839592
1.9024024024020000923, 0.0051296786480801316
1.9049049049049999738, 0.0050939834820881089
1.9074074074069999885, 0.0050586930205524776
1.9099099099100000920, 0.0050238008570352198
1.9124124124120001067, 0.0049893007157419565
1.9149149149149999882, 0.0049551864482493182
1.9174174174170000029, 0.0049214520303298877
1.9199199199200001065, 0.0048880915588713483
1.9224224224219998991, 0.0048550992488865814
1.9249249249250000027, 0.0048224694306115831
1.9274274274270000173, 0.0047901965466882086
1.9299299299299998989, 0.0047582751494288627
1.9324324324319999135, 0.0047266998981603464
1.9349349349350000171, 0.0046954655566442214
1.9374374374370000318, 0.0046645669905711149
1.9399399399399999133, 0.0046339991651265042
1.9424424424419999280, 0.0046037571426256058
1.9449449449450000316, 0.0045738360802151006
1.9474474474470000462, 0.0045442312276394933
1.9499499499499999278, 0.0045149379250699895
1.9524524524519999424, 0.0044859516009938712
1.9549549549550000460, 0.0044572677701623931
1.9574574574570000607, 0.0044288820315953343
1.9599599599599999422, 0.0044007900666403789
1.9624624624619999569, 0.0043729876370855736
1.9649649649650000605, 0.0043454705833231811
1.9674674674670000751, 0.0043182348225633046
1.9699699699699999567, 0.0042912763470957177
1.9724724724719999713, 0.0042645912225983858
1.9749749749750000749, 0.0042381755864912187
1.9774774774770000896, 0.0042120256463336761
1.9799799799799999711, 0.0041861376782648257
1.9824824824819999858, 0.0041605080254845973
1.9849849849850000894, 0.0041351330967749319
1.9874874874870001040, 0.0041100093650596366
1.9899899899899999856, 0.0040851333660017509
1.9924924924920000002, 0.0040605016966373071
1.9949949949950001038, 0.0040361110140443735
1.9974974974969998964, 0.0040119580340463364
2.0000000000000000000, 0.0039880395299484016
