# Delta1: 0.46
# Delta2: 1.17
# Delta3: 1.34
# Dq: 0.08800000000000002
# Ds: -0.09000000000000001
# Dt: -0.01999999999999998
# k1_lab: [1, 0, 0]
# k2_lab: [-0.8660254037844387, 0.49999999999999994, 0.0]
# k1_cf: [-0.8191520442889918, -0.5735764363510462, 0.0]
# k2_cf: [0.9961946980917455, 0.0871557427476583, 0.0]
# pol1_lab: [(0, 1, 0), (0, 0, 1)]
# pol2_lab: "[array([-0.5      , -0.8660254,  0.       ]), array([0., 0., 1.])]"
# pol1_cf: "[array([ 0.57357644, -0.81915204,  0.        ]), array([0., 0., 1.])]"
# pol2_cf: "[array([-0.08715574,  0.9961947 ,  0.        ]), array([0., 0., 1.])]"
# cf: "[array([-0.81915204,  0.57357644,  0.        ]), array([-0.57357644, -0.81915204,  0.        ]), array([0., 0., 1.])]"
# th: 100
-0.5000000000000000000, 0.0098785288159475623
-0.4974974974974999964, 0.0099714847919429011
-0.4949949949949999928, 0.0100658178525621020
-0.4924924924924999892, 0.0101615557714687440
-0.4899899899899999856, 0.0102587270302727084
-0.4874874874874999819, 0.0103573608403476191
-0.4849849849849999783, 0.0104574871654375609
-0.4824824824824999747, 0.0105591367450859376
-0.4799799799800000266, 0.0106623411189207557
-0.4774774774775000230, 0.0107671326518323767
-0.4749749749750000194, 0.0108735445600814194
-0.4724724724725000158, 0.0109816109383762978
-0.4699699699700000122, 0.0110913667879617775
-0.4674674674675000086, 0.0112028480457620101
-0.4649649649650000049, 0.0113160916146234514
-0.4624624624625000013, 0.0114311353947054474
-0.4599599599599999977, 0.0115480183160685639
-0.4574574574574999941, 0.0116667803725131018
-0.4549549549549999905, 0.0117874626567230825
-0.4524524524524999869, 0.0119101073967734731
-0.4499499499499000077, 0.0120347579940614912
-0.4474474474474000041, 0.0121614590627258951
-0.4449449449449000005, 0.0122902564706213312
-0.4424424424423999969, 0.0124211973819182159
-0.4399399399398999932, 0.0125543303014024436
-0.4374374374373999896, 0.0126897051205527682
-0.4349349349348999860, 0.0128273731654779573
-0.4324324324323999824, 0.0129673872467999923
-0.4299299299298999788, 0.0131098017115742291
-0.4274274274273999752, 0.0132546724973420516
-0.4249249249249000271, 0.0134020571884168882
-0.4224224224224000235, 0.0135520150745095450
-0.4199199199199000199, 0.0137046072118048416
-0.4174174174174000163, 0.0138598964866072823
-0.4149149149149000126, 0.0140179476816801249
-0.4124124124124000090, 0.0141788275454089625
-0.4099099099099000054, 0.0143426048639280022
-0.4074074074074000018, 0.0145093505363552144
-0.4049049049048999982, 0.0146791376532903247
-0.4024024024023999946, 0.0148520415787384754
-0.3998998998998999910, 0.0150281400356315868
-0.3973973973973999874, 0.0152075131951290889
-0.3948948948948999838, 0.0153902437698901617
-0.3923923923923999801, 0.0155764171115207566
-0.3898898898898999765, 0.0157661213124103555
-0.3873873873873999729, 0.0159594473121859037
-0.3848848848849000248, 0.0161564890090238993
-0.3823823823824000212, 0.0163573433760756462
-0.3798798798799000176, 0.0165621105832759602
-0.3773773773774000140, 0.0167708941248218453
-0.3748748748749000104, 0.0169838009526246739
-0.3723723723724000068, 0.0172009416160582539
-0.3698698698699000031, 0.0174224304083443575
-0.3673673673673999995, 0.0176483855199386502
-0.3648648648648999959, 0.0178789291993024166
-0.3623623623623999923, 0.0181141879214691895
-0.3598598598598999887, 0.0183542925648415220
-0.3573573573573999851, 0.0185993785966803056
-0.3548548548548999815, 0.0188495862677786861
-0.3523523523523999779, 0.0191050608168441029
-0.3498498498497999987, 0.0193659526851457653
-0.3473473473472999951, 0.0196324177420213186
-0.3448448448447999914, 0.0199046175218749559
-0.3423423423422999878, 0.0201827194733415968
-0.3398398398397999842, 0.0204668972213359300
-0.3373373373372999806, 0.0207573308427537635
-0.3348348348347999770, 0.0210542071566448344
-0.3323323323322999734, 0.0213577200297315889
-0.3298298298298000253, 0.0216680706982090125
-0.3273273273273000217, 0.0219854681068244774
-0.3248248248248000181, 0.0223101292663066830
-0.3223223223223000145, 0.0226422796302871952
-0.3198198198198000108, 0.0229821534929393612
-0.3173173173173000072, 0.0233299944086464428
-0.3148148148148000036, 0.0236860556351048412
-0.3123123123123000000, 0.0240506006013705420
-0.3098098098097999964, 0.0244239034024661822
-0.3073073073072999928, 0.0248062493222859989
-0.3048048048047999892, 0.0251979353866642747
-0.3023023023022999856, 0.0255992709486121232
-0.2997997997997999819, 0.0260105783078797802
-0.2972972972972999783, 0.0264321933671641356
-0.2947947947947999747, 0.0268644663274603714
-0.2922922922923000266, 0.0273077624252494634
-0.2897897897898000230, 0.0277624627144229183
-0.2872872872873000194, 0.0282289648960754105
-0.2847847847848000158, 0.0287076841995437849
-0.2822822822823000122, 0.0291990543183417162
-0.2797797797798000086, 0.0297035284049349882
-0.2772772772773000050, 0.0302215801286228186
-0.2747747747748000013, 0.0307537048011432383
-0.2722722722722999977, 0.0313004205750029921
-0.2697697697697999941, 0.0318622697199522700
-0.2672672672672999905, 0.0324398199834833589
-0.2647647647647999869, 0.0330336660417342165
-0.2622622622622999833, 0.0336444310477287678
-0.2597597597597999797, 0.0342727682844892953
-0.2572572572572999761, 0.0349193629312185838
-0.2547547547547999724, 0.0355849339514785479
-0.2522522522523000243, 0.0362702361130912906
-0.2497497497496999896, 0.0369760621503709974
-0.2472472472472000138, 0.0377032450802650826
-0.2447447447447000102, 0.0384526606850539715
-0.2422422422422000066, 0.0392252301754403704
-0.2397397397397000030, 0.0400219230491644234
-0.2372372372371999993, 0.0408437601617251955
-0.2347347347346999957, 0.0416918170273878202
-0.2322322322321999921, 0.0425672273704267717
-0.2297297297296999885, 0.0434711869485222210
-0.2272272272272000126, 0.0444049576724091094
-0.2247247247247000090, 0.0453698720483066142
-0.2222222222222000054, 0.0463673379723579526
-0.2197197197197000018, 0.0473988439093224190
-0.2172172172171999982, 0.0484659644911217893
-0.2147147147146999946, 0.0495703665745982555
-0.2122122122121999910, 0.0507138158020396107
-0.2097097097096999874, 0.0518981837127315340
-0.2072072072072000115, 0.0531254554590705474
-0.2047047047047000079, 0.0543977381866940224
-0.2022022022022000043, 0.0557172701447438135
-0.1996996996997000007, 0.0570864305998784669
-0.1971971971971999971, 0.0585077506361053670
-0.1946946946946999935, 0.0599839249320535117
-0.1921921921921999898, 0.0615178246181070504
-0.1896896896896999862, 0.0631125113280528172
-0.1871871871872000104, 0.0647712525737733913
-0.1846846846847000068, 0.0664975385872870195
-0.1821821821822000032, 0.0682951007923844750
-0.1796796796796999995, 0.0701679320885791602
-0.1771771771771999959, 0.0721203091534573654
-0.1746746746746999923, 0.0741568169962609908
-0.1721721721721999887, 0.0762823760261888278
-0.1696696696697000128, 0.0785022719341065961
-0.1671671671672000092, 0.0808221887268691930
-0.1646646646647000056, 0.0832482453001639477
-0.1621621621622000020, 0.0857870359897485030
-0.1596596596596999984, 0.0884456756034394526
-0.1571571571571999948, 0.0912318495087033471
-0.1546546546546999912, 0.0941538694350170097
-0.1521521521521999876, 0.0972207357484387025
-0.1496496496496000084, 0.1004422070706663117
-0.1471471471471000048, 0.1038288782493587137
-0.1446446446446000011, 0.1073922678444441392
-0.1421421421420999975, 0.1111449164811045137
-0.1396396396395999939, 0.1151004976396660662
-0.1371371371370999903, 0.1192739427125511925
-0.1346346346345999867, 0.1236815824670569469
-0.1321321321321000108, 0.1283413074202562898
-0.1296296296296000072, 0.1332727500713829505
-0.1271271271271000036, 0.1384974924632597082
-0.1246246246246000000, 0.1440393031770957344
-0.1221221221220999964, 0.1499244086285019817
-0.1196196196196000067, 0.1561818044572301223
-0.1171171171171000031, 0.1628436139271197680
-0.1146146146145999994, 0.1699455016243283656
-0.1121121121120999958, 0.1775271524224827369
-0.1096096096096000061, 0.1856328277512194758
-0.1071071071071000025, 0.1943120137601317132
-0.1046046046045999989, 0.2036201791429922969
-0.1021021021020999953, 0.2136196643452895061
-0.0995995995996000055, 0.2243807288407984046
-0.0970970970971000019, 0.2359827894177456697
-0.0945945945945900063, 0.2485158903419678045
-0.0920920920920900027, 0.2620824563683277209
-0.0895895895895899991, 0.2767993925285348600
-0.0870870870870899955, 0.2928006113450378756
-0.0845845845845799998, 0.3102400898455529576
-0.0820820820820799962, 0.3292955871779496002
-0.0795795795795800065, 0.3501731910951420557
-0.0770770770770800029, 0.3731129113626068250
-0.0745745745745699934, 0.3983956048370701497
-0.0720720720720700037, 0.4263516071130429297
-0.0695695695695700000, 0.4573715686307451844
-0.0670670670670699964, 0.4919201626407078143
-0.0645645645645600008, 0.5305535685156275161
-0.0620620620620599972, 0.5739419665240755863
-0.0595595595595600005, 0.6228987545617955535
-0.0570570570570599969, 0.6784188828296571216
-0.0545545545545500013, 0.7417297071115310780
-0.0520520520520499977, 0.8143592564178709914
-0.0495495495495500010, 0.8982290728910929944
-0.0470470470470499974, 0.9957822666921153365
-0.0445445445445400018, 1.1101629035199485074
-0.0420420420420399982, 1.2454716312336733264
-0.0395395395395400015, 1.4071368990962174195
-0.0370370370370399979, 1.6024655023657028430
-0.0345345345345300023, 1.8414785425945525699
-0.0320320320320299987, 2.1382149311302236505
-0.0295295295295299985, 2.5128261755074241535
-0.0270270270270299984, 2.9950611821842629823
-0.0245245245245199993, 3.6302999961206641188
-0.0220220220220199991, 4.4905015280641160658
-0.0195195195195199990, 5.6952010809246074174
-0.0170170170170199989, 7.4545667549874039537
-0.0145145145145099998, 10.1652236925018293334
-0.0120120120120099996, 14.6464992349185596510
-0.0095095095095099995, 22.8039603739236937940
-0.0070070070070070000, 39.8311969086731494372
-0.0045045045045049997, 83.0614439109651101489
-0.0020020020020019998, 214.9001578595698447316
0.0005005005005005000, 339.1180484820514493549
0.0030030030030029999, 144.3843657267187836624
0.0055055055055059999, 60.2980174349183641880
0.0080080080080079993, 31.3255891809707556206
0.0105105105105099995, 18.8894042958107597485
0.0130130130130099997, 12.5576445442615511894
0.0155155155155200005, 8.9286653536122404518
0.0180180180180199989, 6.6651518084531771180
0.0205205205205199991, 5.1617160209580079666
0.0230230230230199992, 4.1136475399038321399
0.0255255255255299983, 3.3545154257795930519
0.0280280280280299984, 2.7873463898404611250
0.0305305305305299986, 2.3526040376731165438
0.0330330330330299987, 2.0121248901219739302
0.0355355355355400013, 1.7405446643453021949
0.0380380380380399979, 1.5204791837278417432
0.0405405405405400016, 1.3396941454827626661
0.0430430430430399982, 1.1893791114195573222
0.0455455455455500008, 1.0630599210400544230
0.0480480480480499975, 0.9558934748876116716
0.0505505505505500011, 0.8641987426445382203
0.0530530530530499977, 0.7851377713876181996
0.0555555555555600003, 0.7164943035673652094
0.0580580580580599970, 0.6565173239353138124
0.0605605605605600006, 0.6038086615938490498
0.0630630630630600042, 0.5572410265493240589
0.0655655655655699998, 0.5158974186865890044
0.0680680680680700034, 0.4790257721344814423
0.0705705705705699932, 0.4460046108324083880
0.0730730730730699968, 0.4163167639734064451
0.0755755755755800063, 0.3895290506886184834
0.0780780780780799960, 0.3652764340036471213
0.0805805805805799996, 0.3432495550545540675
0.0830830830830800032, 0.3231848481461343514
0.0855855855855899988, 0.3048566437476106228
0.0880880880880900025, 0.2880708154306050872
0.0905905905905900061, 0.2726596352501364784
0.0930930930930899958, 0.2584775818942529613
0.0955955955956000053, 0.2453979051991394822
0.0980980980980999950, 0.2333097950179494895
0.1006006006005999986, 0.2221160359506335058
0.1031031031031000023, 0.2117310549471190795
0.1056056056056000059, 0.2020792883452793287
0.1081081081080999956, 0.1930938099929131180
0.1106106106105999992, 0.1847151738241551155
0.1131131131131000028, 0.1768904334234653319
0.1156156156156000064, 0.1695723083156697730
0.1181181181180999962, 0.1627184724187107911
0.1206206206205999998, 0.1562909446264246216
0.1231231231231000034, 0.1502555651096061651
0.1256256256256000070, 0.1445815438317950563
0.1281281281281000106, 0.1392410701229562509
0.1306306306305999865, 0.1342089740564778588
0.1331331331330999901, 0.1294624319235533894
0.1356356356355999937, 0.1249807093650204121
0.1381381381380999973, 0.1207449367598191076
0.1406406406406000009, 0.1167379123253540624
0.1431431431431000045, 0.1129439290930157880
0.1456456456456000081, 0.1093486225096643727
0.1481481481481000118, 0.1059388359051488537
0.1506506506506999910, 0.1027025014747181830
0.1531531531531999946, 0.0996285347677992178
0.1556556556556999982, 0.0967067409626705260
0.1581581581582000018, 0.0939277314494522952
0.1606606606607000054, 0.0912828494492382708
0.1631631631632000090, 0.0887641035713763737
0.1656656656657000126, 0.0863641083590120651
0.1681681681681999885, 0.0840760309992691357
0.1706706706706999921, 0.0818935434823549191
0.1731731731731999957, 0.0798107795863283870
0.1756756756756999993, 0.0778222961436783600
0.1781781781782000029, 0.0759230381142015770
0.1806806806807000065, 0.0741083070476460937
0.1831831831832000101, 0.0723737325705747087
0.1856856856857000138, 0.0707152465760863269
0.1881881881881999896, 0.0691290598334099032
0.1906906906906999932, 0.0676116407677685854
0.1931931931931999968, 0.0661596961900350888
0.1956956956957000004, 0.0647701537811379152
0.1981981981982000041, 0.0634401461584541693
0.2007007007007000077, 0.0621669963709720469
0.2032032032032000113, 0.0609482046871845651
0.2057057057056999871, 0.0597814365548189550
0.2082082082081999908, 0.0586645116248689230
0.2107107107106999944, 0.0575953937442258632
0.2132132132131999980, 0.0565721818316973907
0.2157157157157000016, 0.0555931015615271848
0.2182182182182000052, 0.0546564977868507079
0.2207207207207000088, 0.0537608276429577675
0.2232232232232000124, 0.0529046542769054592
0.2257257257256999883, 0.0520866411560353751
0.2282282282281999919, 0.0513055469133783387
0.2307307307306999955, 0.0505602206928661493
0.2332332332331999991, 0.0498495979617737880
0.2357357357357000027, 0.0491726967619539601
0.2382382382382000063, 0.0485286143752547486
0.2407407407407000099, 0.0479165243820779269
0.2432432432432000136, 0.0473356740953925076
0.2457457457456999894, 0.0467853823557051254
0.2482482482481999930, 0.0462650376755484941
0.2507507507508000000, 0.0457740967250246170
0.2532532532533000036, 0.0453120831528627463
0.2557557557558000072, 0.0448785867403729000
0.2582582582583000108, 0.0444732628886231121
0.2607607607608000144, 0.0440958324421924092
0.2632632632633000180, 0.0437460818559923664
0.2657657657658000216, 0.0434238637149535825
0.2682682682683000253, 0.0431290976198958620
0.2707707707707999734, 0.0428617714566950567
0.2732732732732999770, 0.0426219430699922158
0.2757757757757999806, 0.0424097423672350968
0.2782782782782999842, 0.0422253738838790915
0.2807807807807999878, 0.0420691198462043725
0.2832832832832999914, 0.0419413437745367601
0.2857857857857999950, 0.0418424946768236883
0.2882882882882999986, 0.0417731118906680410
0.2907907907908000023, 0.0417338306412386104
0.2932932932933000059, 0.0417253883931752306
0.2957957957958000095, 0.0417486320869393107
0.2982982982983000131, 0.0418045263643327947
0.3008008008008000167, 0.0418941629044824737
0.3033033033033000203, 0.0420187710108988893
0.3058058058058000239, 0.0421797296127953136
0.3083083083083000275, 0.0423785808703295436
0.3108108108107999756, 0.0426170456045802670
0.3133133133132999792, 0.0428970408098300615
0.3158158158157999829, 0.0432206995492486340
0.3183183183182999865, 0.0435903935867566483
0.3208208208207999901, 0.0440087591694382635
0.3233233233232999937, 0.0444787264484948069
0.3258258258257999973, 0.0450035531150455650
0.3283283283283000009, 0.0455868629333881087
0.3308308308308000045, 0.0462326899827485496
0.3333333333333000081, 0.0469455295742693124
0.3358358358358000118, 0.0477303969995167693
0.3383383383383000154, 0.0485928954984196637
0.3408408408408000190, 0.0495392951187916403
0.3433433433433000226, 0.0505766244898993578
0.3458458458458000262, 0.0517127779662231446
0.3483483483482999743, 0.0529566411369652087
0.3508508508509000090, 0.0543182383710653152
0.3533533533534000126, 0.0558089069144806493
0.3558558558559000162, 0.0574415031262531309
0.3583583583584000198, 0.0592306477986253577
0.3608608608609000235, 0.0611930192423692509
0.3633633633634000271, 0.0633477050500085431
0.3658658658658999752, 0.0657166263369070580
0.3683683683683999788, 0.0683250520215729906
0.3708708708708999824, 0.0712022256420769828
0.3733733733733999860, 0.0743821337311574154
0.3758758758758999896, 0.0779044534704575464
0.3783783783783999932, 0.0818157290367377832
0.3808808808808999968, 0.0861708419136748144
0.3833833833834000004, 0.0910348621661557639
0.3858858858859000041, 0.0964853977332943979
0.3883883883884000077, 0.1026156008484689353
0.3908908908909000113, 0.1095380502174120307
0.3933933933934000149, 0.1173898129021995473
0.3958958958959000185, 0.1263391138113631462
0.3983983983984000221, 0.1365942234232871699
0.4009009009009000257, 0.1484154480196551440
0.4034034034033999738, 0.1621315235885094630
0.4059059059058999774, 0.1781623615811585293
0.4084084084083999810, 0.1970511195780511871
0.4109109109108999847, 0.2195102299774525090
0.4134134134133999883, 0.2464887758433561837
0.4159159159158999919, 0.2792733053402448595
0.4184184184183999955, 0.3196424473671882760
0.4209209209208999991, 0.3701107457147508883
0.4234234234234000027, 0.4343256100800405584
0.4259259259259000063, 0.5177375881579756589
0.4284284284284000099, 0.6287812560217644897
0.4309309309309000136, 0.7810622768553344697
0.4334334334334000172, 0.9976565394900850370
0.4359359359359000208, 1.3201937367189622297
0.4384384384384000244, 1.8298391932252022762
0.4409409409408999725, 2.7015173581669600367
0.4434434434433999761, 4.3657022982217519314
0.4459459459458999797, 8.0870392956542893614
0.4484484484483999833, 18.4164552415123026208
0.4509509509510000180, 47.1297382715227541894
0.4534534534535000216, 40.7870708363369089966
0.4559559559560000253, 15.5791486681079600629
0.4584584584584999734, 7.1373300185981047861
0.4609609609609999770, 3.9675027216976488376
0.4634634634634999806, 2.5020449877489259194
0.4659659659659999842, 1.7165807062066580357
0.4684684684684999878, 1.2497412134576195708
0.4709709709709999914, 0.9506603702343680018
0.4734734734734999950, 0.7479049520911789095
0.4759759759759999986, 0.6042637410914953877
0.4784784784785000022, 0.4988563890257254885
0.4809809809810000059, 0.4192498175776304126
0.4834834834835000095, 0.3576736525398734323
0.4859859859860000131, 0.3090724059471585683
0.4884884884885000167, 0.2700435130437386921
0.4909909909910000203, 0.2382295980600530050
0.4934934934935000239, 0.2119560212815053413
0.4959959959960000275, 0.1900068765449350883
0.4984984984984999756, 0.1714821927587845407
0.5010010010009999792, 0.1557043865092775370
0.5035035035035000384, 0.1421554815783128978
0.5060060060059999865, 0.1304340593417326055
0.5085085085085000456, 0.1202251629478217343
0.5110110110109999937, 0.1112788872897014364
0.5135135135135000528, 0.1033949051743345005
0.5160160160160000009, 0.0964111214568100644
0.5185185185184999490, 0.0901952434956877214
0.5210210210210000081, 0.0846384420178696861
0.5235235235234999562, 0.0796505304971164285
0.5260260260260000154, 0.0751562612683452647
0.5285285285284999635, 0.0710924523140195330
0.5310310310310000226, 0.0674057385067029918
0.5335335335334999707, 0.0640507969298174662
0.5360360360360000298, 0.0609889354337344453
0.5385385385384999779, 0.0581869619021611745
0.5410410410410000370, 0.0556162722076407878
0.5435435435434999851, 0.0532521098322091060
0.5460460460460000442, 0.0510729612036630032
0.5485485485484999924, 0.0490600590490997204
0.5510510510510999715, 0.0471969722671856454
0.5535535535536000307, 0.0454692655163109263
0.5560560560560999788, 0.0438642152991400233
0.5585585585586000379, 0.0423705720781823100
0.5610610610610999860, 0.0409783600881368990
0.5635635635636000451, 0.0396787081704667033
0.5660660660660999932, 0.0384637062561383608
0.5685685685686000523, 0.0373262831474211881
0.5710710710711000004, 0.0362601020619376102
0.5735735735735999485, 0.0352594710493397689
0.5760760760761000077, 0.0343192659092292074
0.5785785785785999558, 0.0334348636559418794
0.5810810810811000149, 0.0326020849129216028
0.5835835835835999630, 0.0318171438931254547
0.5860860860861000221, 0.0310766048451086019
0.5885885885885999702, 0.0303773440271913713
0.5910910910911000293, 0.0297165164223375522
0.5935935935935999774, 0.0290915265303258140
0.5960960960961000366, 0.0285000026764429745
0.5985985985985999847, 0.0279397743612290507
0.6011011011011000438, 0.0274088522469293806
0.6036036036035999919, 0.0269054104358076515
0.6061061061061000510, 0.0264277707454021356
0.6086086086085999991, 0.0259743887278323024
0.6111111111110999472, 0.0255438412157389105
0.6136136136136000063, 0.0251348152074724190
0.6161161161160999544, 0.0247460979296384199
0.6186186186186000135, 0.0243765679368063079
0.6211211211210999616, 0.0240251871267020897
0.6236236236236000208, 0.0236909935650446400
0.6261261261260999689, 0.0233730950277648841
0.6286286286286000280, 0.0230706631800203822
0.6311311311310999761, 0.0227829283214723184
0.6336336336336000352, 0.0225091746359728090
0.6361361361360999833, 0.0222487358913210920
0.6386386386386000424, 0.0220009915412580498
0.6411411411410999905, 0.0217653631875250400
0.6436436436436000497, 0.0215413113647367829
0.6461461461460999978, 0.0213283326151114602
0.6486486486485999459, 0.0211259568238531641
0.6511511511512000361, 0.0209337447892650567
0.6536536536536999842, 0.0207512860045512733
0.6561561561562000433, 0.0205781966307946873
0.6586586586586999914, 0.0204141176428225268
0.6611611611612000505, 0.0202587131316333859
0.6636636636636999986, 0.0201116687487897378
0.6661661661661999467, 0.0199726902797107836
0.6686686686687000059, 0.0198415023341555266
0.6711711711711999540, 0.0197178471433875416
0.6736736736737000131, 0.0196014834545805774
0.6761761761761999612, 0.0194921855139729254
0.6786786786787000203, 0.0193897421311245155
0.6811811811811999684, 0.0192939558173845262
0.6836836836837000275, 0.0192046419923511819
0.6861861861861999756, 0.0191216282527078910
0.6886886886887000347, 0.0190447536983597704
0.6911911911911999828, 0.0189738683112785148
0.6936936936937000420, 0.0189088323828986715
0.6961961961961999901, 0.0188495159862993346
0.6986986986987000492, 0.0187957984897576848
0.7012012012011999973, 0.0187475681085784961
0.7037037037036999454, 0.0187047214923909098
0.7062062062062000045, 0.0186671633453633287
0.7087087087086999526, 0.0186348060770226906
0.7112112112112000117, 0.0186075694815778098
0.7137137137136999598, 0.0185853804438407752
0.7162162162162000190, 0.0185681726700168762
0.7187187187186999671, 0.0185558864417949970
0.7212212212212000262, 0.0185484683923177462
0.7237237237236999743, 0.0185458713027455598
0.7262262262262000334, 0.0185480539182530900
0.7287287287286999815, 0.0185549807824100590
0.7312312312312000406, 0.0185666220890043955
0.7337337337336999887, 0.0185829535504623798
0.7362362362362000479, 0.0186039562821114918
0.7387387387386999960, 0.0186296167016153438
0.7412412412412000551, 0.0186599264429893920
0.7437437437437000032, 0.0186948822846793664
0.7462462462461999513, 0.0187344860912547415
0.7487487487487000104, 0.0187787447683347951
0.7512512512512999896, 0.0188276702304283616
0.7537537537538000487, 0.0188812793814277582
0.7562562562562999968, 0.0189395941075557496
0.7587587587587999449, 0.0190026412826201259
0.7612612612613000040, 0.0190704527854849148
0.7637637637637999521, 0.0191430655297210664
0.7662662662663000113, 0.0192205215054518305
0.7687687687687999594, 0.0193028678334606178
0.7712712712713000185, 0.0193901568316816771
0.7737737737737999666, 0.0194824460942463543
0.7762762762763000257, 0.0195797985833115126
0.7787787787787999738, 0.0196822827339510203
0.7812812812813000329, 0.0197899725724471065
0.7837837837837999810, 0.0199029478483761443
0.7862862862863000402, 0.0200212941809433803
0.7887887887887999883, 0.0201451032200832929
0.7912912912913000474, 0.0202744728229079414
0.7937937937937999955, 0.0204095072461542952
0.7962962962963000546, 0.0205503173553544249
0.7987987987988000027, 0.0206970208515294997
0.8013013013012999508, 0.0208497425162907229
0.8038038038038000099, 0.0210086144763180563
0.8063063063062999580, 0.0211737764882814934
0.8088088088088000172, 0.0213453762453703899
0.8113113113112999653, 0.0215235697067051521
0.8138138138138000244, 0.0217085214510223459
0.8163163163162999725, 0.0219004050561512030
0.8188188188188000316, 0.0220994035059361715
0.8213213213212999797, 0.0223057096264092786
0.8238238238238000388, 0.0225195265531772243
0.8263263263262999869, 0.0227410682321643395
0.8288288288288000460, 0.0229705599560439434
0.8313313313312999941, 0.0232082389388999083
0.8338338338338000533, 0.0234543549318888683
0.8363363363363000014, 0.0237091708829235900
0.8388388388387999495, 0.0239729636436717894
0.8413413413413000086, 0.0242460247274662484
0.8438438438437999567, 0.0245286611220505019
0.8463463463463000158, 0.0248211961614489829
0.8488488488487999639, 0.0251239704616489749
0.8513513513514000541, 0.0254373429252218591
0.8538538538539000022, 0.0257616918204976592
0.8563563563563999503, 0.0260974159414413612
0.8588588588589000095, 0.0264449358549744898
0.8613613613613999576, 0.0268046952431399213
0.8638638638639000167, 0.0271771623482358546
0.8663663663663999648, 0.0275628315298522344
0.8688688688689000239, 0.0279622249436371206
0.8713713713713999720, 0.0283758943526193110
0.8738738738739000311, 0.0288044230830211551
0.8763763763763999792, 0.0292484281377325094
0.8788788788789000384, 0.0297085624819978696
0.8813813813813999865, 0.0301855175174088261
0.8838838838839000456, 0.0306800257620222436
0.8863863863863999937, 0.0311928637563557119
0.8888888888889000528, 0.0317248552171814566
0.8913913913914000009, 0.0322768744634774132
0.8938938938938999490, 0.0328498501416323030
0.8963963963964000081, 0.0334447692800928578
0.8988988988988999562, 0.0340626817071219209
0.9014014014014000153, 0.0347047048692735033
0.9039039039038999634, 0.0353720290926452657
0.9064064064064000226, 0.0360659233340142188
0.9089089089088999707, 0.0367877414746951223
0.9114114114114000298, 0.0375389292164733449
0.9139139139138999779, 0.0383210316463858530
0.9164164164164000370, 0.0391357015455913865
0.9189189189188999851, 0.0399847085272437980
0.9214214214214000442, 0.0408699490993667328
0.9239239239238999923, 0.0417934577614345049
0.9264264264264000515, 0.0427574192579733003
0.9289289289288999996, 0.0437641821293226416
0.9314314314313999477, 0.0448162737191059798
0.9339339339339000068, 0.0459164168204153136
0.9364364364363999549, 0.0470675481687266237
0.9389389389389000140, 0.0482728390197811538
0.9414414414413999621, 0.0495357180858448445
0.9439439439439000212, 0.0508598971447960096
0.9464464464463999693, 0.0522493996845056000
0.9489489489489000285, 0.0537085930012617951
0.9514514514515000076, 0.0552422242371721217
0.9539539539539999558, 0.0568554609194897240
0.9564564564565000149, 0.0585539366570136111
0.9589589589589999630, 0.0603438027580278161
0.9614614614615000221, 0.0622317866641919556
0.9639639639639999702, 0.0642252582497715996
0.9664664664665000293, 0.0663323052210016001
0.9689689689689999774, 0.0685618190728876781
0.9714714714715000365, 0.0709235933287570147
0.9739739739739999846, 0.0734284361117522599
0.9764764764765000438, 0.0760882994903581966
0.9789789789789999919, 0.0789164285184633801
0.9814814814815000510, 0.0819275334753017809
0.9839839839839999991, 0.0851379895285735711
0.9864864864864999472, 0.0885660689291409148
0.9889889889890000063, 0.0922322119418008263
0.9914914914914999544, 0.0961593440804151683
0.9939939939940000135, 0.1003732489207731643
0.9964964964964999616, 0.1049030079074202287
0.9989989989990000208, 0.1097815212780388350
1.0015015015019999023, 0.1150461276688905243
1.0040040040039999170, 0.1207393443612613110
1.0065065065070000205, 0.1269097557827011391
1.0090090090090000352, 0.1336130851951949361
1.0115115115119999167, 0.1409134940403751202
1.0140140140139999314, 0.1488851659329694932
1.0165165165170000350, 0.1576142488567274513
1.0190190190190000497, 0.1672012512046739119
1.0215215215219999312, 0.1777640170135235398
1.0240240240239999459, 0.1894414460641372089
1.0265265265270000494, 0.2023981797796374216
1.0290290290290000641, 0.2168305503674683166
1.0315315315319999456, 0.2329741977678714548
1.0340340340339999603, 0.2511139107021857497
1.0365365365370000639, 0.2715964657719304176
1.0390390390390000785, 0.2948475550557813629
1.0415415415419999601, 0.3213943596557272686
1.0440440440439999747, 0.3518960267296512567
1.0465465465470000783, 0.3871853752423782824
1.0490490490490000930, 0.4283268147728951369
1.0515515515519999745, 0.4766980931472244443
1.0540540540539999892, 0.5341077571479446728
1.0565565565570000928, 0.6029673083886956109
1.0590590590590001074, 0.6865491681974780214
1.0615615615619999890, 0.7893829471422817434
1.0640640640640000036, 0.9178815197793674940
1.0665665665670001072, 1.0813623835129972939
1.0690690690689998998, 1.2937764580172148587
1.0715715715720000034, 1.5767625357686634313
1.0740740740740000181, 1.9653232603752055496
1.0765765765769998996, 2.5190275763734044645
1.0790790790789999143, 3.3457972342229460594
1.0815815815820000179, 4.6571894296760358856
1.0840840840840000325, 6.9123865525432162116
1.0865865865869999141, 11.2521664175735462976
1.0890890890889999287, 21.0697948558450285361
1.0915915915920000323, 48.6928977296562095489
1.0940940940940000470, 122.4363507315738246461
1.0965965965969999285, 96.2806167185092647287
1.0990990990989999432, 36.7842061532162318827
1.1016016016020000468, 17.0906118590135669422
1.1041041041040000614, 9.5914649244363108238
1.1066066066069999430, 6.0876779076518348077
1.1091091091089999576, 4.1962749358847979408
1.1116116116120000612, 3.0666822783829705834
1.1141141141140000759, 2.3406505028772053301
1.1166166166169999574, 1.8474271232337706738
1.1191191191189999721, 1.4976102732214273683
1.1216216216220000756, 1.2408331296158419121
1.1241241241240000903, 1.0470090393570778975
1.1266266266269999718, 0.8972858378536113788
1.1291291291289999865, 0.7793723261782695699
1.1316316316320000901, 0.6849820471665106769
1.1341341341340001048, 0.6083664525758153419
1.1366366366369999863, 0.5454380574774656543
1.1391391391390000010, 0.4932274572322656314
1.1416416416420001045, 0.4495365937437104664
1.1441441441439998972, 0.4127112813926371304
1.1466466466470000007, 0.3814883647191460447
1.1491491491490000154, 0.3548908147165337756
1.1516516516519998969, 0.3321543458708899332
1.1541541541539999116, 0.3126752002966103894
1.1566566566570000152, 0.2959724209747360280
1.1591591591590000299, 0.2816602183507054269
1.1616616616619999114, 0.2694274830261172982
1.1641641641639999261, 0.2590224352181232370
1.1666666666670000296, 0.2502410203511540310
1.1691691691690000443, 0.2429180753492461708
1.1716716716719999258, 0.2369205734217207371
1.1741741741739999405, 0.2321424514075380863
1.1766766766770000441, 0.2285006619336901190
1.1791791791790000588, 0.2259321915871912445
1.1816816816819999403, 0.2243918585084861694
1.1841841841839999550, 0.2238507567552643351
1.1866866866870000585, 0.2242952563261224608
1.1891891891890000732, 0.2257265010624772972
1.1916916916919999547, 0.2281603748903859585
1.1941941941939999694, 0.2316279325087254870
1.1966966966970000730, 0.2361763158412020225
1.1991991991990000876, 0.2418702044508724558
1.2017017017019999692, 0.2487938789614954072
1.2042042042039999838, 0.2570540141053702654
1.2067067067070000874, 0.2667833659159394855
1.2092092092090001021, 0.2781455807245751810
1.2117117117119999836, 0.2913414389808247629
1.2142142142139999983, 0.3066169646421723627
1.2167167167170001019, 0.3242739960361548657
1.2192192192189998945, 0.3446840494425346679
1.2217217217219999981, 0.3683066471506289963
1.2242242242240000127, 0.3957137820979458320
1.2267267267269998943, 0.4276229384383295473
1.2292292292289999089, 0.4649422227809673069
1.2317317317320000125, 0.5088329184212662115
1.2342342342340000272, 0.5607975512213314584
1.2367367367369999087, 0.6228060396020438372
1.2392392392389999234, 0.6974799211779771912
1.2417417417420000270, 0.7883672636504712727
1.2442442442440000416, 0.9003629693111137033
1.2467467467469999232, 1.0403692318828619001
1.2492492492489999378, 1.2183662895324689490
1.2517517517520000414, 1.4492117934237105370
1.2542542542540000561, 1.7557932079161648886
1.2567567567569999376, 2.1748275325226695820
1.2592592592589999523, 2.7681713332098496494
1.2617617617620000559, 3.6464858483032376313
1.2642642642640000705, 5.0232411624364834424
1.2667667667669999521, 7.3521463678257212848
1.2692692692689999667, 11.7291781761082525293
1.2717717717720000703, 21.2960902841838830568
1.2742742742740000850, 47.1157307979305599588
1.2767767767769999665, 122.9840067182331466711
1.2792792792789999812, 129.6578545068432504195
1.2817817817820000847, 50.0742509494387491031
1.2842842842840000994, 22.2842427442174155772
1.2867867867869999809, 12.1407711464368190946
1.2892892892889999956, 7.5550923616876737299
1.2917917917920000992, 5.1349446768768807203
1.2942942942939998918, 3.7122552069107097594
1.2967967967969999954, 2.8082021602992695009
1.2992992992990000101, 2.1991525114322496570
1.3018018018019998916, 1.7698289673413558631
1.3043043043039999063, 1.4560799969305859847
1.3068068068070000098, 1.2199619440534092973
1.3093093093090000245, 1.0378916746926512005
1.3118118118119999060, 0.8945970033742476346
1.3143143143139999207, 0.7798400814111769996
1.3168168168170000243, 0.6865527122084714717
1.3193193193190000390, 0.6097295732341976304
1.3218218218219999205, 0.5457470591946802507
1.3243243243239999352, 0.4919306560112757798
1.3268268268270000387, 0.4462724697914967065
1.3293293293290000534, 0.4072422413793886919
1.3318318318319999349, 0.3736581391879807423
1.3343343343339999496, 0.3445967021174685119
1.3368368368370000532, 0.3193289835321984627
1.3393393393390000679, 0.2972745806316733352
1.3418418418419999494, 0.2779680992238726667
1.3443443443439999641, 0.2610344170283830922
1.3468468468470000676, 0.2461702804659025023
1.3493493493490000823, 0.2331305430141686064
1.3518518518519999638, 0.2217178742063869445
1.3543543543539999785, 0.2117751279627386740
1.3568568568570000821, 0.2031798149130585873
1.3593593593590000967, 0.1958403137809491268
1.3618618618619999783, 0.1896936083621804658
1.3643643643639999929, 0.1847044696041229006
1.3668668668670000965, 0.1808661350882109220
1.3693693693689998891, 0.1782026907071470045
1.3718718718719999927, 0.1767735574470437609
1.3743743743740000074, 0.1766807686618468987
1.3768768768770001110, 0.1780801530584170955
1.3793793793789999036, 0.1811982240620514106
1.3818818818820000072, 0.1863577111942712194
1.3843843843840000218, 0.1940166137694163129
1.3868868868869999034, 0.2048291059724273722
1.3893893893889999180, 0.2197429680889043668
1.3918918918920000216, 0.2401603816227499411
1.3943943943940000363, 0.2682133427290753214
1.3968968968969999178, 0.3072566402891332427
1.3993993993989999325, 0.3627977698133129092
1.4019019019020000361, 0.4443652528377982081
1.4044044044040000507, 0.5695628377842800738
1.4069069069069999323, 0.7737510642091528501
1.4094094094089999469, 1.1361511235523977792
1.4119119119120000505, 1.8620814018061815354
1.4144144144140000652, 3.5962885041170760125
1.4169169169169999467, 8.7387360246653731366
1.4194194194189999614, 18.8752782992093344205
1.4219219219220000650, 10.3933246371409779840
1.4244244244240000796, 4.1197605592234562977
1.4269269269269999612, 2.0496619339973438656
1.4294294294289999758, 1.2126801847941781620
1.4319319319320000794, 0.8036561339102317181
1.4344344344340000941, 0.5755270095528767227
1.4369369369369999756, 0.4357889466166123826
1.4394394394389999903, 0.3440613182318645880
1.4419419419420000938, 0.2805707897594870714
1.4444444444440001085, 0.2347454091267418830
1.4469469469469999900, 0.2005288063257464060
1.4494494494490000047, 0.1742533108586878932
1.4519519519520001083, 0.1535941840777784173
1.4544544544539999009, 0.1370206720440836912
1.4569569569570000045, 0.1234917345888509460
1.4594594594590000192, 0.1122794601748116072
1.4619619619619999007, 0.1028624724654100403
1.4644644644639999154, 0.0948593587732001475
1.4669669669670000189, 0.0879858385362950329
1.4694694694690000336, 0.0820264740219963651
1.4719719719719999151, 0.0768155458339800784
1.4744744744739999298, 0.0722238522500058405
1.4769769769770000334, 0.0681494253132177846
1.4794794794790000481, 0.0645108900693807386
1.4819819819819999296, 0.0612426407936499800
1.4844844844839999443, 0.0582912874941149128
1.4869869869870000478, 0.0556130042579986647
1.4894894894890000625, 0.0531715269789112821
1.4919919919919999440, 0.0509366248027922977
1.4944944944939999587, 0.0488829213295103107
1.4969969969970000623, 0.0469889769410263558
1.4994994994990000770, 0.0452365681171471301
1.5020020020019999585, 0.0436101167967046857
1.5045045045050000621, 0.0420962350648934822
1.5070070070070000767, 0.0406833592340368269
1.5095095095099999583, 0.0393614537686626589
1.5120120120119999729, 0.0381217701898958899
1.5145145145150000765, 0.0369566495635350878
1.5170170170170000912, 0.0358593597685004234
1.5195195195199999727, 0.0348239606954489078
1.5220220220219999874, 0.0338451920084761743
1.5245245245250000909, 0.0329183792374030185
1.5270270270270001056, 0.0320393548422408178
1.5295295295299999871, 0.0312043915693458601
1.5320320320320000018, 0.0304101459478719680
1.5345345345350001054, 0.0296536101906094487
1.5370370370369998980, 0.0289320710914065214
1.5395395395400000016, 0.0282430747719296694
1.5420420420420000163, 0.0275843963385173259
1.5445445445449998978, 0.0269540136767462447
1.5470470470469999125, 0.0263500847458616183
1.5495495495500000160, 0.0257709278441593768
1.5520520520520000307, 0.0252150044050316255
1.5545545545549999122, 0.0246809039557804658
1.5570570570569999269, 0.0241673309306775011
1.5595595595600000305, 0.0236730930786471817
1.5620620620620000452, 0.0231970912463587281
1.5645645645649999267, 0.0227383103510375786
1.5670670670669999414, 0.0222958113852154138
1.5695695695700000449, 0.0218687243189424479
1.5720720720720000596, 0.0214562417845243179
1.5745745745749999411, 0.0210576134452607200
1.5770770770769999558, 0.0206721409635089656
1.5795795795800000594, 0.0202991734951049746
1.5820820820820000741, 0.0199381036470988038
1.5845845845849999556, 0.0195883638442103207
1.5870870870869999703, 0.0192494230566063601
1.5895895895900000738, 0.0189207838477566531
1.5920920920920000885, 0.0186019797064018548
1.5945945945949999700, 0.0182925726311952142
1.5970970970969999847, 0.0179921509404859688
1.5995995996000000883, 0.0177003272830774973
1.6021021021020001029, 0.0174167368287081667
1.6046046046049999845, 0.0171410356195296591
1.6071071071069999991, 0.0168728990660492739
1.6096096096100001027, 0.0166120205729165561
1.6121121121119998953, 0.0163581102815980109
1.6146146146149999989, 0.0161108939184416711
1.6171171171170000136, 0.0158701117379077203
1.6196196196199998951, 0.0156355175518605657
1.6221221221219999098, 0.0154068778368004859
1.6246246246250000134, 0.0151839709117788275
1.6271271271270000280, 0.0149665861805038311
1.6296296296299999096, 0.0147545234318184736
1.6321321321319999242, 0.0145475921933283375
1.6346346346350000278, 0.0143456111334862510
1.6371371371370000425, 0.0141484075079094940
1.6396396396399999240, 0.0139558166461228525
1.6421421421419999387, 0.0137676814752918479
1.6446446446450000423, 0.0135838520778417161
1.6471471471470000569, 0.0134041852801533110
1.6496496496499999385, 0.0132285442697913473
1.6521521521519999531, 0.0130567982389569529
1.6546546546550000567, 0.0128888220520687411
1.6571571571570000714, 0.0127244959355668416
1.6596596596599999529, 0.0125637051882055133
1.6621621621619999676, 0.0124063399102539822
1.6646646646650000712, 0.0122522947501637648
1.6671671671670000858, 0.0121014686673860047
1.6696696696699999674, 0.0119537647101352305
1.6721721721719999820, 0.0118090898069982599
1.6746746746750000856, 0.0116673545713794242
1.6771771771770001003, 0.0115284731178569681
1.6796796796799999818, 0.0113923628896017495
1.6821821821819999965, 0.0112589444960782253
1.6846846846850001000, 0.0111281415603104658
1.6871871871869998927, 0.0109998805750532083
1.6896896896899999962, 0.0108740907672597795
1.6921921921920000109, 0.0107507039702863065
1.6946946946949998924, 0.0106296545033148122
1.6971971971969999071, 0.0105108790575174221
1.6996996997000000107, 0.0103943165885199522
1.7022022022020000254, 0.0102799082147563871
1.7047047047049999069, 0.0101675971213358949
1.7072072072069999216, 0.0100573284690719661
1.7097097097100000251, 0.0099490493083486554
1.7122122122120000398, 0.0098427084975223587
1.7147147147149999213, 0.0097382566255791031
1.7172172172169999360, 0.0096356459387870325
1.7197197197200000396, 0.0095348302711021869
1.7222222222220000543, 0.0094357649781021714
1.7247247247249999358, 0.0093384068742381372
1.7272272272269999505, 0.0092427141732094632
1.7297297297300000540, 0.0091486464312789534
1.7322322322320000687, 0.0090561644933584585
1.7347347347349999502, 0.0089652304417060617
1.7372372372369999649, 0.0088758075470865457
1.7397397397400000685, 0.0087878602222563086
1.7422422422420000832, 0.0087013539776431420
1.7447447447449999647, 0.0086162553790992448
1.7472472472469999794, 0.0085325320076138304
1.7497497497500000829, 0.0084501524208787683
1.7522522522520000976, 0.0083690861166071905
1.7547547547549999791, 0.0082893034975114622
1.7572572572569999938, 0.0082107758378523812
1.7597597597600000974, 0.0081334752514770434
1.7622622622619998900, 0.0080573746612676647
1.7647647647649999936, 0.0079824477699283400
1.7672672672670000082, 0.0079086690320410904
1.7697697697699998898, 0.0078360136273265320
1.7722722722719999044, 0.0077644574350483313
1.7747747747750000080, 0.0076939770095040567
1.7772772772770000227, 0.0076245495565484709
1.7797797797799999042, 0.0075561529110982628
1.7822822822819999189, 0.0074887655155701539
1.7847847847850000225, 0.0074223663992069970
1.7872872872870000371, 0.0073569351582491163
1.7897897897899999187, 0.0072924519369102717
1.7922922922919999333, 0.0072288974091201550
1.7947947947950000369, 0.0071662527609971756
1.7972972972970000516, 0.0071044996740173543
1.7997997997999999331, 0.0070436203088469328
1.8023023023019999478, 0.0069835972898081378
1.8048048048050000514, 0.0069244136899489972
1.8073073073070000660, 0.0068660530166897715
1.8098098098099999476, 0.0068084991980199190
1.8123123123119999622, 0.0067517365692209121
1.8148148148150000658, 0.0066957498600914416
1.8173173173170000805, 0.0066405241826528096
1.8198198198199999620, 0.0065860450193133691
1.8223223223219999767, 0.0065322982114719898
1.8248248248250000803, 0.0064792699485414964
1.8273273273270000949, 0.0064269467573740136
1.8298298298299999765, 0.0063753154920709555
1.8323323323319999911, 0.0063243633241613969
1.8348348348350000947, 0.0062740777331331786
1.8373373373370001094, 0.0062244464973020015
1.8398398398399999909, 0.0061754576850043819
1.8423423423420000056, 0.0061270996461010845
1.8448448448450001091, 0.0060793610037782027
1.8473473473469999018, 0.0060322306466337539
1.8498498498500000053, 0.0059856977210381501
1.8523523523520000200, 0.0059397516237574997
1.8548548548549999015, 0.0058943819948291684
1.8573573573569999162, 0.0058495787106795320
1.8598598598600000198, 0.0058053318774743288
1.8623623623620000345, 0.0057616318246924147
1.8648648648649999160, 0.0057184690989141862
1.8673673673669999307, 0.0056758344578162903
1.8698698698700000342, 0.0056337188643646400
1.8723723723720000489, 0.0055921134811980936
1.8748748748749999304, 0.0055510096651954950
1.8773773773769999451, 0.0055103989622191036
1.8798798798800000487, 0.0054702731020277381
1.8823823823820000634, 0.0054306239933532199
1.8848848848849999449, 0.0053914437191340623
1.8873873873869999596, 0.0053527245319004886
1.8898898898900000631, 0.0053144588493052253
1.8923923923920000778, 0.0052766392497946898
1.8948948948949999593, 0.0052392584684154350
1.8973973973969999740, 0.0052023093927509321
1.8998998999000000776, 0.0051657850589839670
1.9024024024020000923, 0.0051296786480801403
1.9049049049049999738, 0.0050939834820881167
1.9074074074069999885, 0.0050586930205524855
1.9099099099100000920, 0.0050238008570352268
1.9124124124120001067, 0.0049893007157419643
1.9149149149149999882, 0.0049551864482493251
1.9174174174170000029, 0.0049214520303298955
1.9199199199200001065, 0.0048880915588713561
1.9224224224219998991, 0.0048550992488865883
1.9249249249250000027, 0.0048224694306115900
1.9274274274270000173, 0.0047901965466882164
1.9299299299299998989, 0.0047582751494288696
1.9324324324319999135, 0.0047266998981603525
1.9349349349350000171, 0.0046954655566442283
1.9374374374370000318, 0.0046645669905711219
1.9399399399399999133, 0.0046339991651265112
1.9424424424419999280, 0.0046037571426256127
1.9449449449450000316, 0.0045738360802151075
1.9474474474470000462, 0.0045442312276395003
1.9499499499499999278, 0.0045149379250699964
1.9524524524519999424, 0.0044859516009938781
1.9549549549550000460, 0.0044572677701623991
1.9574574574570000607, 0.0044288820315953404
1.9599599599599999422, 0.0044007900666403858
1.9624624624619999569, 0.0043729876370855805
1.9649649649650000605, 0.0043454705833231872
1.9674674674670000751, 0.0043182348225633107
1.9699699699699999567, 0.0042912763470957247
1.9724724724719999713, 0.0042645912225983910
1.9749749749750000749, 0.0042381755864912257
1.9774774774770000896, 0.0042120256463336822
1.9799799799799999711, 0.0041861376782648327
1.9824824824819999858, 0.0041605080254846025
1.9849849849850000894, 0.0041351330967749379
1.9874874874870001040, 0.0041100093650596426
1.9899899899899999856, 0.0040851333660017570
1.9924924924920000002, 0.0040605016966373132
1.9949949949950001038, 0.0040361110140443787
1.9974974974969998964, 0.0040119580340463425
2.0000000000000000000, 0.0039880395299484069
