# Delta1: 0.46
# Delta2: 1.17
# Delta3: 1.34
# Dq: 0.08800000000000002
# Ds: -0.09000000000000001
# Dt: -0.01999999999999998
# k1_lab: [1, 0, 0]
# k2_lab: [-0.8660254037844387, 0.49999999999999994, 0.0]
# k1_cf: [0.0871557427476582, -0.9961946980917455, 0.0]
# k2_cf: [0.4226182617406994, 0.90630778703665, 0.0]
# pol1_lab: [(0, 1, 0), (0, 0, 1)]
# pol2_lab: [array([-0.5      , -0.8660254,  0.       ]), array([0., 0., 1.])]
# pol1_cf: [array([0.9961947 , 0.08715574, 0.        ]), array([0., 0., 1.])]
# pol2_cf: [array([-0.90630779,  0.42261826,  0.        ]), array([0., 0., 1.])]
# cf: [array([0.08715574, 0.9961947 , 0.        ]), array([-0.9961947 ,  0.08715574,  0.        ]), array([0., 0., 1.])]
# th: 40
-0.5000000000000000000, 0.0098785288159475241
-0.4974974974974999964, 0.0099714847919428681
-0.4949949949949999928, 0.0100658178525620690
-0.4924924924924999892, 0.0101615557714687076
-0.4899899899899999856, 0.0102587270302726772
-0.4874874874874999819, 0.0103573608403475827
-0.4849849849849999783, 0.0104574871654375193
-0.4824824824824999747, 0.0105591367450859012
-0.4799799799800000266, 0.0106623411189207141
-0.4774774774775000230, 0.0107671326518323368
-0.4749749749750000194, 0.0108735445600813829
-0.4724724724725000158, 0.0109816109383762562
-0.4699699699700000122, 0.0110913667879617359
-0.4674674674675000086, 0.0112028480457619685
-0.4649649649650000049, 0.0113160916146234115
-0.4624624624625000013, 0.0114311353947054058
-0.4599599599599999977, 0.0115480183160685222
-0.4574574574574999941, 0.0116667803725130567
-0.4549549549549999905, 0.0117874626567230356
-0.4524524524524999869, 0.0119101073967734210
-0.4499499499499000077, 0.0120347579940614392
-0.4474474474474000041, 0.0121614590627258500
-0.4449449449449000005, 0.0122902564706212809
-0.4424424424423999969, 0.0124211973819181691
-0.4399399399398999932, 0.0125543303014023933
-0.4374374374373999896, 0.0126897051205527248
-0.4349349349348999860, 0.0128273731654779052
-0.4324324324323999824, 0.0129673872467999437
-0.4299299299298999788, 0.0131098017115741788
-0.4274274274273999752, 0.0132546724973420012
-0.4249249249249000271, 0.0134020571884168379
-0.4224224224224000235, 0.0135520150745094964
-0.4199199199199000199, 0.0137046072118047913
-0.4174174174174000163, 0.0138598964866072233
-0.4149149149149000126, 0.0140179476816800763
-0.4124124124124000090, 0.0141788275454089105
-0.4099099099099000054, 0.0143426048639279432
-0.4074074074074000018, 0.0145093505363551555
-0.4049049049048999982, 0.0146791376532902640
-0.4024024024023999946, 0.0148520415787384182
-0.3998998998998999910, 0.0150281400356315313
-0.3973973973973999874, 0.0152075131951290316
-0.3948948948948999838, 0.0153902437698900975
-0.3923923923923999801, 0.0155764171115206941
-0.3898898898898999765, 0.0157661213124102931
-0.3873873873873999729, 0.0159594473121858343
-0.3848848848849000248, 0.0161564890090238368
-0.3823823823824000212, 0.0163573433760755838
-0.3798798798799000176, 0.0165621105832758977
-0.3773773773774000140, 0.0167708941248217724
-0.3748748748749000104, 0.0169838009526246080
-0.3723723723724000068, 0.0172009416160581879
-0.3698698698699000031, 0.0174224304083442846
-0.3673673673673999995, 0.0176483855199385808
-0.3648648648648999959, 0.0178789291993023437
-0.3623623623623999923, 0.0181141879214691166
-0.3598598598598999887, 0.0183542925648414457
-0.3573573573573999851, 0.0185993785966802258
-0.3548548548548999815, 0.0188495862677786098
-0.3523523523523999779, 0.0191050608168440265
-0.3498498498497999987, 0.0193659526851456959
-0.3473473473472999951, 0.0196324177420212319
-0.3448448448447999914, 0.0199046175218748761
-0.3423423423422999878, 0.0201827194733415136
-0.3398398398397999842, 0.0204668972213358329
-0.3373373373372999806, 0.0207573308427536803
-0.3348348348347999770, 0.0210542071566447407
-0.3323323323322999734, 0.0213577200297314952
-0.3298298298298000253, 0.0216680706982089188
-0.3273273273273000217, 0.0219854681068243803
-0.3248248248248000181, 0.0223101292663065928
-0.3223223223223000145, 0.0226422796302870911
-0.3198198198198000108, 0.0229821534929392605
-0.3173173173173000072, 0.0233299944086463387
-0.3148148148148000036, 0.0236860556351047337
-0.3123123123123000000, 0.0240506006013704310
-0.3098098098097999964, 0.0244239034024660816
-0.3073073073072999928, 0.0248062493222858879
-0.3048048048047999892, 0.0251979353866641671
-0.3023023023022999856, 0.0255992709486120018
-0.2997997997997999819, 0.0260105783078796622
-0.2972972972972999783, 0.0264321933671640141
-0.2947947947947999747, 0.0268644663274602430
-0.2922922922923000266, 0.0273077624252493489
-0.2897897897898000230, 0.0277624627144228038
-0.2872872872873000194, 0.0282289648960752787
-0.2847847847848000158, 0.0287076841995436566
-0.2822822822823000122, 0.0291990543183415774
-0.2797797797798000086, 0.0297035284049348633
-0.2772772772773000050, 0.0302215801286226937
-0.2747747747748000013, 0.0307537048011430822
-0.2722722722722999977, 0.0313004205750028533
-0.2697697697697999941, 0.0318622697199521243
-0.2672672672672999905, 0.0324398199834832202
-0.2647647647647999869, 0.0330336660417340708
-0.2622622622622999833, 0.0336444310477286151
-0.2597597597597999797, 0.0342727682844891357
-0.2572572572572999761, 0.0349193629312184242
-0.2547547547547999724, 0.0355849339514783883
-0.2522522522523000243, 0.0362702361130911172
-0.2497497497496999896, 0.0369760621503708239
-0.2472472472472000138, 0.0377032450802649091
-0.2447447447447000102, 0.0384526606850538050
-0.2422422422422000066, 0.0392252301754401761
-0.2397397397397000030, 0.0400219230491642430
-0.2372372372371999993, 0.0408437601617250012
-0.2347347347346999957, 0.0416918170273876121
-0.2322322322321999921, 0.0425672273704265636
-0.2297297297296999885, 0.0434711869485220198
-0.2272272272272000126, 0.0444049576724089082
-0.2247247247247000090, 0.0453698720483063922
-0.2222222222222000054, 0.0463673379723577306
-0.2197197197197000018, 0.0473988439093221831
-0.2172172172171999982, 0.0484659644911215604
-0.2147147147146999946, 0.0495703665745980127
-0.2122122122121999910, 0.0507138158020393678
-0.2097097097096999874, 0.0518981837127312912
-0.2072072072072000115, 0.0531254554590702907
-0.2047047047047000079, 0.0543977381866937518
-0.2022022022022000043, 0.0557172701447435359
-0.1996996996997000007, 0.0570864305998781546
-0.1971971971971999971, 0.0585077506361050617
-0.1946946946946999935, 0.0599839249320532064
-0.1921921921921999898, 0.0615178246181067451
-0.1896896896896999862, 0.0631125113280524980
-0.1871871871872000104, 0.0647712525737730860
-0.1846846846847000068, 0.0664975385872866587
-0.1821821821822000032, 0.0682951007923841280
-0.1796796796796999995, 0.0701679320885788133
-0.1771771771771999959, 0.0721203091534569629
-0.1746746746746999923, 0.0741568169962606438
-0.1721721721721999887, 0.0762823760261884254
-0.1696696696697000128, 0.0785022719341061936
-0.1671671671672000092, 0.0808221887268688044
-0.1646646646647000056, 0.0832482453001635037
-0.1621621621622000020, 0.0857870359897480034
-0.1596596596596999984, 0.0884456756034390501
-0.1571571571571999948, 0.0912318495087028614
-0.1546546546546999912, 0.0941538694350164684
-0.1521521521521999876, 0.0972207357484381612
-0.1496496496496000084, 0.1004422070706657844
-0.1471471471471000048, 0.1038288782493582280
-0.1446446446446000011, 0.1073922678444435147
-0.1421421421420999975, 0.1111449164811039031
-0.1396396396395999939, 0.1151004976396654000
-0.1371371371370999903, 0.1192739427125505264
-0.1346346346345999867, 0.1236815824670563363
-0.1321321321321000108, 0.1283413074202555682
-0.1296296296296000072, 0.1332727500713821456
-0.1271271271271000036, 0.1384974924632589033
-0.1246246246246000000, 0.1440393031770949295
-0.1221221221220999964, 0.1499244086285011490
-0.1196196196196000067, 0.1561818044572293174
-0.1171171171171000031, 0.1628436139271188243
-0.1146146146145999994, 0.1699455016243273664
-0.1121121121120999958, 0.1775271524224816821
-0.1096096096096000061, 0.1856328277512184488
-0.1071071071071000025, 0.1943120137601307140
-0.1046046046045999989, 0.2036201791429910202
-0.1021021021020999953, 0.2136196643452881738
-0.0995995995996000055, 0.2243807288407969058
-0.0970970970971000019, 0.2359827894177443652
-0.0945945945945900063, 0.2485158903419664722
-0.0920920920920900027, 0.2620824563683260555
-0.0895895895895899991, 0.2767993925285330281
-0.0870870870870899955, 0.2928006113450358217
-0.0845845845845799998, 0.3102400898455511813
-0.0820820820820799962, 0.3292955871779477128
-0.0795795795795800065, 0.3501731910951400573
-0.0770770770770800029, 0.3731129113626041605
-0.0745745745745699934, 0.3983956048370672076
-0.0720720720720700037, 0.4263516071130403207
-0.0695695695695700000, 0.4573715686307424089
-0.0670670670670699964, 0.4919201626407046501
-0.0645645645645600008, 0.5305535685156232972
-0.0620620620620599972, 0.5739419665240711455
-0.0595595595595600005, 0.6228987545617916677
-0.0570570570570599969, 0.6784188828296527918
-0.0545545545545500013, 0.7417297071115258600
-0.0520520520520499977, 0.8143592564178638860
-0.0495495495495500010, 0.8982290728910845568
-0.0470470470470499974, 0.9957822666921085641
-0.0445445445445400018, 1.1101629035199398476
-0.0420420420420399982, 1.2454716312336633344
-0.0395395395395400015, 1.4071368990962029866
-0.0370370370370399979, 1.6024655023656853015
-0.0345345345345300023, 1.8414785425945368047
-0.0320320320320299987, 2.1382149311302041106
-0.0295295295295299985, 2.5128261755074010608
-0.0270270270270299984, 2.9950611821842230142
-0.0245245245245199993, 3.6302999961206108281
-0.0220220220220199991, 4.4905015280640654396
-0.0195195195195199990, 5.6952010809245399159
-0.0170170170170199989, 7.4545667549873027014
-0.0145145145145099998, 10.1652236925016072888
-0.0120120120120099996, 14.6464992349181937215
-0.0095095095095099995, 22.8039603739232248358
-0.0070070070070070000, 39.8311969086721617828
-0.0045045045045049997, 83.0614439109624669300
-0.0020020020020019998, 214.9001578595577939268
0.0005005005005005000, 339.1180484820571336968
0.0030030030030029999, 144.3843657267257754029
0.0055055055055059999, 60.2980174349205952922
0.0080080080080079993, 31.3255891809715834029
0.0105105105105099995, 18.8894042958111434416
0.0130130130130099997, 12.5576445442617501413
0.0155155155155200005, 8.9286653536123523622
0.0180180180180199989, 6.6651518084532455077
0.0205205205205199991, 5.1617160209580550401
0.0230230230230199992, 4.1136475399038632261
0.0255255255255299983, 3.3545154257796152564
0.0280280280280299984, 2.7873463898404771122
0.0305305305305299986, 2.3526040376731276460
0.0330330330330299987, 2.0121248901219819238
0.0355355355355400013, 1.7405446643453086342
0.0380380380380399979, 1.5204791837278461841
0.0405405405405400016, 1.3396941454827662188
0.0430430430430399982, 1.1893791114195604308
0.0455455455455500008, 1.0630599210400566434
0.0480480480480499975, 0.9558934748876137810
0.0505505505505500011, 0.8641987426445394416
0.0530530530530499977, 0.7851377713876188658
0.0555555555555600003, 0.7164943035673659866
0.0580580580580599970, 0.6565173239353142565
0.0605605605605600006, 0.6038086615938493829
0.0630630630630600042, 0.5572410265493243919
0.0655655655655699998, 0.5158974186865892264
0.0680680680680700034, 0.4790257721344814423
0.0705705705705699932, 0.4460046108324083880
0.0730730730730699968, 0.4163167639734063896
0.0755755755755800063, 0.3895290506886183723
0.0780780780780799960, 0.3652764340036469548
0.0805805805805799996, 0.3432495550545539009
0.0830830830830800032, 0.3231848481461341294
0.0855855855855899988, 0.3048566437476104563
0.0880880880880900025, 0.2880708154306048097
0.0905905905905900061, 0.2726596352501362563
0.0930930930930899958, 0.2584775818942527392
0.0955955955956000053, 0.2453979051991392601
0.0980980980980999950, 0.2333097950179492674
0.1006006006005999986, 0.2221160359506332282
0.1031031031031000023, 0.2117310549471188019
0.1056056056056000059, 0.2020792883452791067
0.1081081081080999956, 0.1930938099929128959
0.1106106106105999992, 0.1847151738241548935
0.1131131131131000028, 0.1768904334234651099
0.1156156156156000064, 0.1695723083156695510
0.1181181181180999962, 0.1627184724187105691
0.1206206206205999998, 0.1562909446264244273
0.1231231231231000034, 0.1502555651096059430
0.1256256256256000070, 0.1445815438317948620
0.1281281281281000106, 0.1392410701229560288
0.1306306306305999865, 0.1342089740564776645
0.1331331331330999901, 0.1294624319235531673
0.1356356356355999937, 0.1249807093650202039
0.1381381381380999973, 0.1207449367598188994
0.1406406406406000009, 0.1167379123253538542
0.1431431431431000045, 0.1129439290930155798
0.1456456456456000081, 0.1093486225096641645
0.1481481481481000118, 0.1059388359051487011
0.1506506506506999910, 0.1027025014747180304
0.1531531531531999946, 0.0996285347677991068
0.1556556556556999982, 0.0967067409626704150
0.1581581581582000018, 0.0939277314494521842
0.1606606606607000054, 0.0912828494492381737
0.1631631631632000090, 0.0887641035713762627
0.1656656656657000126, 0.0863641083590118985
0.1681681681681999885, 0.0840760309992690802
0.1706706706706999921, 0.0818935434823548636
0.1731731731731999957, 0.0798107795863282760
0.1756756756756999993, 0.0778222961436782629
0.1781781781782000029, 0.0759230381142014660
0.1806806806807000065, 0.0741083070476459965
0.1831831831832000101, 0.0723737325705745976
0.1856856856857000138, 0.0707152465760862714
0.1881881881881999896, 0.0691290598334098616
0.1906906906906999932, 0.0676116407677685438
0.1931931931931999968, 0.0661596961900350056
0.1956956956957000004, 0.0647701537811378042
0.1981981981982000041, 0.0634401461584540721
0.2007007007007000077, 0.0621669963709719428
0.2032032032032000113, 0.0609482046871844957
0.2057057057056999871, 0.0597814365548188995
0.2082082082081999908, 0.0586645116248688536
0.2107107107106999944, 0.0575953937442258007
0.2132132132131999980, 0.0565721818316973352
0.2157157157157000016, 0.0555931015615271293
0.2182182182182000052, 0.0546564977868506593
0.2207207207207000088, 0.0537608276429577120
0.2232232232232000124, 0.0529046542769054107
0.2257257257256999883, 0.0520866411560353196
0.2282282282281999919, 0.0513055469133782902
0.2307307307306999955, 0.0505602206928661077
0.2332332332331999991, 0.0498495979617737395
0.2357357357357000027, 0.0491726967619539185
0.2382382382382000063, 0.0485286143752547069
0.2407407407407000099, 0.0479165243820779060
0.2432432432432000136, 0.0473356740953924937
0.2457457457456999894, 0.0467853823557051046
0.2482482482481999930, 0.0462650376755484802
0.2507507507508000000, 0.0457740967250246100
0.2532532532533000036, 0.0453120831528627324
0.2557557557558000072, 0.0448785867403728930
0.2582582582583000108, 0.0444732628886231052
0.2607607607608000144, 0.0440958324421924092
0.2632632632633000180, 0.0437460818559923734
0.2657657657658000216, 0.0434238637149535894
0.2682682682683000253, 0.0431290976198958759
0.2707707707707999734, 0.0428617714566950636
0.2732732732732999770, 0.0426219430699922366
0.2757757757757999806, 0.0424097423672351176
0.2782782782782999842, 0.0422253738838791054
0.2807807807807999878, 0.0420691198462044141
0.2832832832832999914, 0.0419413437745367879
0.2857857857857999950, 0.0418424946768237299
0.2882882882882999986, 0.0417731118906680618
0.2907907907908000023, 0.0417338306412386451
0.2932932932933000059, 0.0417253883931752931
0.2957957957958000095, 0.0417486320869393662
0.2982982982983000131, 0.0418045263643328641
0.3008008008008000167, 0.0418941629044825292
0.3033033033033000203, 0.0420187710108989657
0.3058058058058000239, 0.0421797296127954108
0.3083083083083000275, 0.0423785808703296130
0.3108108108107999756, 0.0426170456045803711
0.3133133133132999792, 0.0428970408098301587
0.3158158158157999829, 0.0432206995492487311
0.3183183183182999865, 0.0435903935867567802
0.3208208208207999901, 0.0440087591694383745
0.3233233233232999937, 0.0444787264484949665
0.3258258258257999973, 0.0450035531150456969
0.3283283283283000009, 0.0455868629333882891
0.3308308308308000045, 0.0462326899827487370
0.3333333333333000081, 0.0469455295742694650
0.3358358358358000118, 0.0477303969995169844
0.3383383383383000154, 0.0485928954984198511
0.3408408408408000190, 0.0495392951187918901
0.3433433433433000226, 0.0505766244898996215
0.3458458458458000262, 0.0517127779662233528
0.3483483483482999743, 0.0529566411369655141
0.3508508508509000090, 0.0543182383710655789
0.3533533533534000126, 0.0558089069144810102
0.3558558558559000162, 0.0574415031262535264
0.3583583583584000198, 0.0592306477986256769
0.3608608608609000235, 0.0611930192423697158
0.3633633633634000271, 0.0633477050500089456
0.3658658658658999752, 0.0657166263369076131
0.3683683683683999788, 0.0683250520215736012
0.3708708708708999824, 0.0712022256420775240
0.3733733733733999860, 0.0743821337311581093
0.3758758758758999896, 0.0779044534704581570
0.3783783783783999932, 0.0818157290367386297
0.3808808808808999968, 0.0861708419136757164
0.3833833833834000004, 0.0910348621661565549
0.3858858858859000041, 0.0964853977332955498
0.3883883883884000077, 0.1026156008484698789
0.3908908908909000113, 0.1095380502174134324
0.3933933933934000149, 0.1173898129022011572
0.3958958958959000185, 0.1263391138113645062
0.3983983983984000221, 0.1365942234232891683
0.4009009009009000257, 0.1484154480196568926
0.4034034034033999738, 0.1621315235885121275
0.4059059059058999774, 0.1781623615811616101
0.4084084084083999810, 0.1970511195780538793
0.4109109109108999847, 0.2195102299774567278
0.4134134134133999883, 0.2464887758433599030
0.4159159159158999919, 0.2792733053402509102
0.4184184184183999955, 0.3196424473671956590
0.4209209209208999991, 0.3701107457147575497
0.4234234234234000027, 0.4343256100800522157
0.4259259259259000063, 0.5177375881579866501
0.4284284284284000099, 0.6287812560217843627
0.4309309309309000136, 0.7810622768553618922
0.4334334334334000172, 0.9976565394901124595
0.4359359359359000208, 1.3201937367190217376
0.4384384384384000244, 1.8298391932252682235
0.4409409409408999725, 2.7015173581671270142
0.4434434434433999761, 4.3657022982220849983
0.4459459459458999797, 8.0870392956548347030
0.4484484484483999833, 18.4164552415146971498
0.4509509509510000180, 47.1297382715259089991
0.4534534534535000216, 40.7870708363323473122
0.4559559559560000253, 15.5791486681061748243
0.4584584584584999734, 7.1373300185977148757
0.4609609609609999770, 3.9675027216973965949
0.4634634634634999806, 2.5020449877488464274
0.4659659659659999842, 1.7165807062065874256
0.4684684684684999878, 1.2497412134575771603
0.4709709709709999914, 0.9506603702343510154
0.4734734734734999950, 0.7479049520911603688
0.4759759759759999986, 0.6042637410914873941
0.4784784784785000022, 0.4988563890257156630
0.4809809809810000059, 0.4192498175776230851
0.4834834834835000095, 0.3576736525398702682
0.4859859859860000131, 0.3090724059471541829
0.4884884884885000167, 0.2700435130437367492
0.4909909909910000203, 0.2382295980600502849
0.4934934934935000239, 0.2119560212815031208
0.4959959959960000275, 0.1900068765449341168
0.4984984984984999756, 0.1714821927587830142
0.5010010010009999792, 0.1557043865092768709
0.5035035035035000384, 0.1421554815783123704
0.5060060060059999865, 0.1304340593417322169
0.5085085085085000456, 0.1202251629478214012
0.5110110110109999937, 0.1112788872897011450
0.5135135135135000528, 0.1033949051743342645
0.5160160160160000009, 0.0964111214568098701
0.5185185185184999490, 0.0901952434956875271
0.5210210210210000081, 0.0846384420178695612
0.5235235235234999562, 0.0796505304971163453
0.5260260260260000154, 0.0751562612683451814
0.5285285285284999635, 0.0710924523140194498
0.5310310310310000226, 0.0674057385067029086
0.5335335335334999707, 0.0640507969298174384
0.5360360360360000298, 0.0609889354337344106
0.5385385385384999779, 0.0581869619021611398
0.5410410410410000370, 0.0556162722076407670
0.5435435435434999851, 0.0532521098322091130
0.5460460460460000442, 0.0510729612036630032
0.5485485485484999924, 0.0490600590490997135
0.5510510510510999715, 0.0471969722671856384
0.5535535535536000307, 0.0454692655163109194
0.5560560560560999788, 0.0438642152991400164
0.5585585585586000379, 0.0423705720781823100
0.5610610610610999860, 0.0409783600881369059
0.5635635635636000451, 0.0396787081704667172
0.5660660660660999932, 0.0384637062561383886
0.5685685685686000523, 0.0373262831474212090
0.5710710710711000004, 0.0362601020619376310
0.5735735735735999485, 0.0352594710493397828
0.5760760760761000077, 0.0343192659092292282
0.5785785785785999558, 0.0334348636559419071
0.5810810810811000149, 0.0326020849129216167
0.5835835835835999630, 0.0318171438931254824
0.5860860860861000221, 0.0310766048451086366
0.5885885885885999702, 0.0303773440271913886
0.5910910910911000293, 0.0297165164223375661
0.5935935935935999774, 0.0290915265303258383
0.5960960960961000366, 0.0285000026764429953
0.5985985985985999847, 0.0279397743612290750
0.6011011011011000438, 0.0274088522469294049
0.6036036036035999919, 0.0269054104358076793
0.6061061061061000510, 0.0264277707454021599
0.6086086086085999991, 0.0259743887278323336
0.6111111111110999472, 0.0255438412157389348
0.6136136136136000063, 0.0251348152074724329
0.6161161161160999544, 0.0247460979296384408
0.6186186186186000135, 0.0243765679368063287
0.6211211211210999616, 0.0240251871267021244
0.6236236236236000208, 0.0236909935650446608
0.6261261261260999689, 0.0233730950277649015
0.6286286286286000280, 0.0230706631800204204
0.6311311311310999761, 0.0227829283214723496
0.6336336336336000352, 0.0225091746359728298
0.6361361361360999833, 0.0222487358913211128
0.6386386386386000424, 0.0220009915412580741
0.6411411411410999905, 0.0217653631875250643
0.6436436436436000497, 0.0215413113647368037
0.6461461461460999978, 0.0213283326151114845
0.6486486486485999459, 0.0211259568238531953
0.6511511511512000361, 0.0209337447892650810
0.6536536536536999842, 0.0207512860045513010
0.6561561561562000433, 0.0205781966307947116
0.6586586586586999914, 0.0204141176428225511
0.6611611611612000505, 0.0202587131316334171
0.6636636636636999986, 0.0201116687487897586
0.6661661661661999467, 0.0199726902797108148
0.6686686686687000059, 0.0198415023341555509
0.6711711711711999540, 0.0197178471433875693
0.6736736736737000131, 0.0196014834545805983
0.6761761761761999612, 0.0194921855139729497
0.6786786786787000203, 0.0193897421311245363
0.6811811811811999684, 0.0192939558173845505
0.6836836836837000275, 0.0192046419923512096
0.6861861861861999756, 0.0191216282527079187
0.6886886886887000347, 0.0190447536983598016
0.6911911911911999828, 0.0189738683112785460
0.6936936936937000420, 0.0189088323828986993
0.6961961961961999901, 0.0188495159862993658
0.6986986986987000492, 0.0187957984897577091
0.7012012012011999973, 0.0187475681085785204
0.7037037037036999454, 0.0187047214923909411
0.7062062062062000045, 0.0186671633453633634
0.7087087087086999526, 0.0186348060770227184
0.7112112112112000117, 0.0186075694815778445
0.7137137137136999598, 0.0185853804438408064
0.7162162162162000190, 0.0185681726700169039
0.7187187187186999671, 0.0185558864417950317
0.7212212212212000262, 0.0185484683923177740
0.7237237237236999743, 0.0185458713027455944
0.7262262262262000334, 0.0185480539182531247
0.7287287287286999815, 0.0185549807824100937
0.7312312312312000406, 0.0185666220890044267
0.7337337337336999887, 0.0185829535504624110
0.7362362362362000479, 0.0186039562821115195
0.7387387387386999960, 0.0186296167016153785
0.7412412412412000551, 0.0186599264429894197
0.7437437437437000032, 0.0186948822846794045
0.7462462462461999513, 0.0187344860912547762
0.7487487487487000104, 0.0187787447683348298
0.7512512512512999896, 0.0188276702304283998
0.7537537537538000487, 0.0188812793814277895
0.7562562562562999968, 0.0189395941075557878
0.7587587587587999449, 0.0190026412826201606
0.7612612612613000040, 0.0190704527854849495
0.7637637637637999521, 0.0191430655297211011
0.7662662662663000113, 0.0192205215054518652
0.7687687687687999594, 0.0193028678334606595
0.7712712712713000185, 0.0193901568316817222
0.7737737737737999666, 0.0194824460942463890
0.7762762762763000257, 0.0195797985833115543
0.7787787787787999738, 0.0196822827339510689
0.7812812812813000329, 0.0197899725724471481
0.7837837837837999810, 0.0199029478483761860
0.7862862862863000402, 0.0200212941809434219
0.7887887887887999883, 0.0201451032200833345
0.7912912912913000474, 0.0202744728229079865
0.7937937937937999955, 0.0204095072461543403
0.7962962962963000546, 0.0205503173553544700
0.7987987987988000027, 0.0206970208515295448
0.8013013013012999508, 0.0208497425162907715
0.8038038038038000099, 0.0210086144763181049
0.8063063063062999580, 0.0211737764882815489
0.8088088088088000172, 0.0213453762453704420
0.8113113113112999653, 0.0215235697067052006
0.8138138138138000244, 0.0217085214510224014
0.8163163163162999725, 0.0219004050561512481
0.8188188188188000316, 0.0220994035059362236
0.8213213213212999797, 0.0223057096264093341
0.8238238238238000388, 0.0225195265531772833
0.8263263263262999869, 0.0227410682321643985
0.8288288288288000460, 0.0229705599560439989
0.8313313313312999941, 0.0232082389388999673
0.8338338338338000533, 0.0234543549318889377
0.8363363363363000014, 0.0237091708829236560
0.8388388388387999495, 0.0239729636436718518
0.8413413413413000086, 0.0242460247274663143
0.8438438438437999567, 0.0245286611220505713
0.8463463463463000158, 0.0248211961614490592
0.8488488488487999639, 0.0251239704616490513
0.8513513513514000541, 0.0254373429252219424
0.8538538538539000022, 0.0257616918204977285
0.8563563563563999503, 0.0260974159414414410
0.8588588588589000095, 0.0264449358549745696
0.8613613613613999576, 0.0268046952431400046
0.8638638638639000167, 0.0271771623482359413
0.8663663663663999648, 0.0275628315298523247
0.8688688688689000239, 0.0279622249436372039
0.8713713713713999720, 0.0283758943526194012
0.8738738738739000311, 0.0288044230830212522
0.8763763763763999792, 0.0292484281377326030
0.8788788788789000384, 0.0297085624819979667
0.8813813813813999865, 0.0301855175174089267
0.8838838838839000456, 0.0306800257620223442
0.8863863863863999937, 0.0311928637563558091
0.8888888888889000528, 0.0317248552171815607
0.8913913913914000009, 0.0322768744634775243
0.8938938938938999490, 0.0328498501416324279
0.8963963963964000081, 0.0334447692800929688
0.8988988988988999562, 0.0340626817071220458
0.9014014014014000153, 0.0347047048692736282
0.9039039039038999634, 0.0353720290926453906
0.9064064064064000226, 0.0360659233340143576
0.9089089089088999707, 0.0367877414746952541
0.9114114114114000298, 0.0375389292164734767
0.9139139139138999779, 0.0383210316463859918
0.9164164164164000370, 0.0391357015455915391
0.9189189189188999851, 0.0399847085272439506
0.9214214214214000442, 0.0408699490993668854
0.9239239239238999923, 0.0417934577614346645
0.9264264264264000515, 0.0427574192579734669
0.9289289289288999996, 0.0437641821293228150
0.9314314314313999477, 0.0448162737191061533
0.9339339339339000068, 0.0459164168204154940
0.9364364364363999549, 0.0470675481687268180
0.9389389389389000140, 0.0482728390197813412
0.9414414414413999621, 0.0495357180858450458
0.9439439439439000212, 0.0508598971447962248
0.9464464464463999693, 0.0522493996845058220
0.9489489489489000285, 0.0537085930012620311
0.9514514514515000076, 0.0552422242371723576
0.9539539539539999558, 0.0568554609194899946
0.9564564564565000149, 0.0585539366570138747
0.9589589589589999630, 0.0603438027580280867
0.9614614614615000221, 0.0622317866641922193
0.9639639639639999702, 0.0642252582497718633
0.9664664664665000293, 0.0663323052210019193
0.9689689689689999774, 0.0685618190728880528
0.9714714714715000365, 0.0709235933287573755
0.9739739739739999846, 0.0734284361117525930
0.9764764764765000438, 0.0760882994903585574
0.9789789789789999919, 0.0789164285184637965
0.9814814814815000510, 0.0819275334753021833
0.9839839839839999991, 0.0851379895285740429
0.9864864864864999472, 0.0885660689291413727
0.9889889889890000063, 0.0922322119418013536
0.9914914914914999544, 0.0961593440804156679
0.9939939939940000135, 0.1003732489207736917
0.9964964964964999616, 0.1049030079074208532
0.9989989989990000208, 0.1097815212780394456
1.0015015015019999023, 0.1150461276688911905
1.0040040040039999170, 0.1207393443612619771
1.0065065065070000205, 0.1269097557827019163
1.0090090090090000352, 0.1336130851951957133
1.0115115115119999167, 0.1409134940403760083
1.0140140140139999314, 0.1488851659329704091
1.0165165165170000350, 0.1576142488567284505
1.0190190190190000497, 0.1672012512046749388
1.0215215215219999312, 0.1777640170135246223
1.0240240240239999459, 0.1894414460641384579
1.0265265265270000494, 0.2023981797796387538
1.0290290290290000641, 0.2168305503674697876
1.0315315315319999456, 0.2329741977678730369
1.0340340340339999603, 0.2511139107021875261
1.0365365365370000639, 0.2715964657719323605
1.0390390390390000785, 0.2948475550557836389
1.0415415415419999601, 0.3213943596557297666
1.0440440440439999747, 0.3518960267296539768
1.0465465465470000783, 0.3871853752423815020
1.0490490490490000930, 0.4283268147728988007
1.0515515515519999745, 0.4766980931472286076
1.0540540540539999892, 0.5341077571479496688
1.0565565565570000928, 0.6029673083887014950
1.0590590590590001074, 0.6865491681974845717
1.0615615615619999890, 0.7893829471422900701
1.0640640640640000036, 0.9178815197793774860
1.0665665665670001072, 1.0813623835130103945
1.0690690690689998998, 1.2937764580172308460
1.0715715715720000034, 1.5767625357686847476
1.0740740740740000181, 1.9653232603752339713
1.0765765765769998996, 2.5190275763734435444
1.0790790790789999143, 3.3457972342230046792
1.0815815815820000179, 4.6571894296761291443
1.0840840840840000325, 6.9123865525433814128
1.0865865865869999141, 11.2521664175738660418
1.0890890890889999287, 21.0697948558457852641
1.0915915915920000323, 48.6928977296584690748
1.0940940940940000470, 122.4363507315776757878
1.0965965965969999285, 96.2806167185057688584
1.0990990990989999432, 36.7842061532149386949
1.1016016016020000468, 17.0906118590131370638
1.1041041041040000614, 9.5914649244361296354
1.1066066066069999430, 6.0876779076517495426
1.1091091091089999576, 4.1962749358847517556
1.1116116116120000612, 3.0666822783829434940
1.1141141141140000759, 2.3406505028771884547
1.1166166166169999574, 1.8474271232337595716
1.1191191191189999721, 1.4976102732214202629
1.1216216216220000756, 1.2408331296158374712
1.1241241241240000903, 1.0470090393570747889
1.1266266266269999718, 0.8972858378536092694
1.1291291291289999865, 0.7793723261782679046
1.1316316316320000901, 0.6849820471665095667
1.1341341341340001048, 0.6083664525758142316
1.1366366366369999863, 0.5454380574774649881
1.1391391391390000010, 0.4932274572322653539
1.1416416416420001045, 0.4495365937437103554
1.1441441441439998972, 0.4127112813926370749
1.1466466466470000007, 0.3814883647191460447
1.1491491491490000154, 0.3548908147165339422
1.1516516516519998969, 0.3321543458708900998
1.1541541541539999116, 0.3126752002966106114
1.1566566566570000152, 0.2959724209747363055
1.1591591591590000299, 0.2816602183507057600
1.1616616616619999114, 0.2694274830261177422
1.1641641641639999261, 0.2590224352181235701
1.1666666666670000296, 0.2502410203511544751
1.1691691691690000443, 0.2429180753492466427
1.1716716716719999258, 0.2369205734217211812
1.1741741741739999405, 0.2321424514075385581
1.1766766766770000441, 0.2285006619336905631
1.1791791791790000588, 0.2259321915871917441
1.1816816816819999403, 0.2243918585084866968
1.1841841841839999550, 0.2238507567552649735
1.1866866866870000585, 0.2242952563261230714
1.1891891891890000732, 0.2257265010624779633
1.1916916916919999547, 0.2281603748903866524
1.1941941941939999694, 0.2316279325087262086
1.1966966966970000730, 0.2361763158412027996
1.1991991991990000876, 0.2418702044508732885
1.2017017017019999692, 0.2487938789614963508
1.2042042042039999838, 0.2570540141053713201
1.2067067067070000874, 0.2667833659159405957
1.2092092092090001021, 0.2781455807245764023
1.2117117117119999836, 0.2913414389808261507
1.2142142142139999983, 0.3066169646421738615
1.2167167167170001019, 0.3242739960361564755
1.2192192192189998945, 0.3446840494425365553
1.2217217217219999981, 0.3683066471506311057
1.2242242242240000127, 0.3957137820979482745
1.2267267267269998943, 0.4276229384383323229
1.2292292292289999089, 0.4649422227809704156
1.2317317317320000125, 0.5088329184212698753
1.2342342342340000272, 0.5607975512213357883
1.2367367367369999087, 0.6228060396020489442
1.2392392392389999234, 0.6974799211779832975
1.2417417417420000270, 0.7883672636504788223
1.2442442442440000416, 0.9003629693111228072
1.2467467467469999232, 1.0403692318828734464
1.2492492492489999378, 1.2183662895324833819
1.2517517517520000414, 1.4492117934237300769
1.2542542542540000561, 1.7557932079161910899
1.2567567567569999376, 2.1748275325227059973
1.2592592592589999523, 2.7681713332099024960
1.2617617617620000559, 3.6464858483033166792
1.2642642642640000705, 5.0232411624366122282
1.2667667667669999521, 7.3521463678259486585
1.2692692692689999667, 11.7291781761087108293
1.2717717717720000703, 21.2960902841849559763
1.2742742742740000850, 47.1157307979337502957
1.2767767767769999665, 122.9840067182407494784
1.2792792792789999812, 129.6578545068358607750
1.2817817817820000847, 50.0742509494352603383
1.2842842842840000994, 22.2842427442162538398
1.2867867867869999809, 12.1407711464363359255
1.2892892892889999956, 7.5550923616874321453
1.2917917917920000992, 5.1349446768767439409
1.2942942942939998918, 3.7122552069106253825
1.2967967967969999954, 2.8082021602992139897
1.2992992992990000101, 2.1991525114322114653
1.3018018018019998916, 1.7698289673413283296
1.3043043043039999063, 1.4560799969305655566
1.3068068068070000098, 1.2199619440533941983
1.3093093093090000245, 1.0378916746926392101
1.3118118118119999060, 0.8945970033742378646
1.3143143143139999207, 0.7798400814111692281
1.3168168168170000243, 0.6865527122084651435
1.3193193193190000390, 0.6097295732341924124
1.3218218218219999205, 0.5457470591946759209
1.3243243243239999352, 0.4919306560112719495
1.3268268268270000387, 0.4462724697914935978
1.3293293293290000534, 0.4072422413793860829
1.3318318318319999349, 0.3736581391879784109
1.3343343343339999496, 0.3445967021174665690
1.3368368368370000532, 0.3193289835321967418
1.3393393393390000679, 0.2972745806316719475
1.3418418418419999494, 0.2779680992238714454
1.3443443443439999641, 0.2610344170283820375
1.3468468468470000676, 0.2461702804659016697
1.3493493493490000823, 0.2331305430141678570
1.3518518518519999638, 0.2217178742063863339
1.3543543543539999785, 0.2117751279627382299
1.3568568568570000821, 0.2031798149130581987
1.3593593593590000967, 0.1958403137809489047
1.3618618618619999783, 0.1896936083621803548
1.3643643643639999929, 0.1847044696041229006
1.3668668668670000965, 0.1808661350882110608
1.3693693693689998891, 0.1782026907071472266
1.3718718718719999927, 0.1767735574470441773
1.3743743743740000074, 0.1766807686618473427
1.3768768768770001110, 0.1780801530584177894
1.3793793793789999036, 0.1811982240620523821
1.3818818818820000072, 0.1863577111942724684
1.3843843843840000218, 0.1940166137694179227
1.3868868868869999034, 0.2048291059724293706
1.3893893893889999180, 0.2197429680889070314
1.3918918918920000216, 0.2401603816227533272
1.3943943943940000363, 0.2682133427290798733
1.3968968968969999178, 0.3072566402891394044
1.3993993993989999325, 0.3627977698133215689
1.4019019019020000361, 0.4443652528378110311
1.4044044044040000507, 0.5695628377842998358
1.4069069069069999323, 0.7737510642091852686
1.4094094094089999469, 1.1361511235524570651
1.4119119119120000505, 1.8620814018063061024
1.4144144144140000652, 3.5962885041173962009
1.4169169169169999467, 8.7387360246663678964
1.4194194194189999614, 18.8752782992097785097
1.4219219219220000650, 10.3933246371398819718
1.4244244244240000796, 4.1197605592231045790
1.4269269269269999612, 2.0496619339972168561
1.4294294294289999758, 1.2126801847941215406
1.4319319319320000794, 0.8036561339102021861
1.4344344344340000941, 0.5755270095528596253
1.4369369369369999756, 0.4357889466166018355
1.4394394394389999903, 0.3440613182318576491
1.4419419419420000938, 0.2805707897594821865
1.4444444444440001085, 0.2347454091267384413
1.4469469469469999900, 0.2005288063257438247
1.4494494494490000047, 0.1742533108586859225
1.4519519519520001083, 0.1535941840777769185
1.4544544544539999009, 0.1370206720440824699
1.4569569569570000045, 0.1234917345888500162
1.4594594594590000192, 0.1122794601748108856
1.4619619619619999007, 0.1028624724654094019
1.4644644644639999154, 0.0948593587731996202
1.4669669669670000189, 0.0879858385362946027
1.4694694694690000336, 0.0820264740219959904
1.4719719719719999151, 0.0768155458339797731
1.4744744744739999298, 0.0722238522500055768
1.4769769769770000334, 0.0681494253132175487
1.4794794794790000481, 0.0645108900693805720
1.4819819819819999296, 0.0612426407936498135
1.4844844844839999443, 0.0582912874941147602
1.4869869869870000478, 0.0556130042579985259
1.4894894894890000625, 0.0531715269789111711
1.4919919919919999440, 0.0509366248027922075
1.4944944944939999587, 0.0488829213295102136
1.4969969969970000623, 0.0469889769410262725
1.4994994994990000770, 0.0452365681171470538
1.5020020020019999585, 0.0436101167967046233
1.5045045045050000621, 0.0420962350648934266
1.5070070070070000767, 0.0406833592340367922
1.5095095095099999583, 0.0393614537686626104
1.5120120120119999729, 0.0381217701898958483
1.5145145145150000765, 0.0369566495635350462
1.5170170170170000912, 0.0358593597685003956
1.5195195195199999727, 0.0348239606954488731
1.5220220220219999874, 0.0338451920084761534
1.5245245245250000909, 0.0329183792374029977
1.5270270270270001056, 0.0320393548422407901
1.5295295295299999871, 0.0312043915693458497
1.5320320320320000018, 0.0304101459478719541
1.5345345345350001054, 0.0296536101906094349
1.5370370370369998980, 0.0289320710914065041
1.5395395395400000016, 0.0282430747719296590
1.5420420420420000163, 0.0275843963385173155
1.5445445445449998978, 0.0269540136767462343
1.5470470470469999125, 0.0263500847458616114
1.5495495495500000160, 0.0257709278441593734
1.5520520520520000307, 0.0252150044050316220
1.5545545545549999122, 0.0246809039557804623
1.5570570570569999269, 0.0241673309306774976
1.5595595595600000305, 0.0236730930786471817
1.5620620620620000452, 0.0231970912463587281
1.5645645645649999267, 0.0227383103510375786
1.5670670670669999414, 0.0222958113852154173
1.5695695695700000449, 0.0218687243189424479
1.5720720720720000596, 0.0214562417845243145
1.5745745745749999411, 0.0210576134452607130
1.5770770770769999558, 0.0206721409635089656
1.5795795795800000594, 0.0202991734951049815
1.5820820820820000741, 0.0199381036470988038
1.5845845845849999556, 0.0195883638442103172
1.5870870870869999703, 0.0192494230566063601
1.5895895895900000738, 0.0189207838477566601
1.5920920920920000885, 0.0186019797064018652
1.5945945945949999700, 0.0182925726311952211
1.5970970970969999847, 0.0179921509404859688
1.5995995996000000883, 0.0177003272830775008
1.6021021021020001029, 0.0174167368287081736
1.6046046046049999845, 0.0171410356195296695
1.6071071071069999991, 0.0168728990660492809
1.6096096096100001027, 0.0166120205729165596
1.6121121121119998953, 0.0163581102815980144
1.6146146146149999989, 0.0161108939184416780
1.6171171171170000136, 0.0158701117379077203
1.6196196196199998951, 0.0156355175518605692
1.6221221221219999098, 0.0154068778368004825
1.6246246246250000134, 0.0151839709117788310
1.6271271271270000280, 0.0149665861805038363
1.6296296296299999096, 0.0147545234318184719
1.6321321321319999242, 0.0145475921933283445
1.6346346346350000278, 0.0143456111334862527
1.6371371371370000425, 0.0141484075079095009
1.6396396396399999240, 0.0139558166461228594
1.6421421421419999387, 0.0137676814752918548
1.6446446446450000423, 0.0135838520778417196
1.6471471471470000569, 0.0134041852801533180
1.6496496496499999385, 0.0132285442697913491
1.6521521521519999531, 0.0130567982389569563
1.6546546546550000567, 0.0128888220520687428
1.6571571571570000714, 0.0127244959355668433
1.6596596596599999529, 0.0125637051882055151
1.6621621621619999676, 0.0124063399102539856
1.6646646646650000712, 0.0122522947501637700
1.6671671671670000858, 0.0121014686673860151
1.6696696696699999674, 0.0119537647101352357
1.6721721721719999820, 0.0118090898069982703
1.6746746746750000856, 0.0116673545713794312
1.6771771771770001003, 0.0115284731178569716
1.6796796796799999818, 0.0113923628896017565
1.6821821821819999965, 0.0112589444960782305
1.6846846846850001000, 0.0111281415603104710
1.6871871871869998927, 0.0109998805750532135
1.6896896896899999962, 0.0108740907672597847
1.6921921921920000109, 0.0107507039702863082
1.6946946946949998924, 0.0106296545033148140
1.6971971971969999071, 0.0105108790575174256
1.6996996997000000107, 0.0103943165885199557
1.7022022022020000254, 0.0102799082147563905
1.7047047047049999069, 0.0101675971213358966
1.7072072072069999216, 0.0100573284690719696
1.7097097097100000251, 0.0099490493083486588
1.7122122122120000398, 0.0098427084975223657
1.7147147147149999213, 0.0097382566255791048
1.7172172172169999360, 0.0096356459387870359
1.7197197197200000396, 0.0095348302711021904
1.7222222222220000543, 0.0094357649781021749
1.7247247247249999358, 0.0093384068742381407
1.7272272272269999505, 0.0092427141732094667
1.7297297297300000540, 0.0091486464312789569
1.7322322322320000687, 0.0090561644933584620
1.7347347347349999502, 0.0089652304417060652
1.7372372372369999649, 0.0088758075470865439
1.7397397397400000685, 0.0087878602222563156
1.7422422422420000832, 0.0087013539776431455
1.7447447447449999647, 0.0086162553790992500
1.7472472472469999794, 0.0085325320076138356
1.7497497497500000829, 0.0084501524208787735
1.7522522522520000976, 0.0083690861166071974
1.7547547547549999791, 0.0082893034975114674
1.7572572572569999938, 0.0082107758378523847
1.7597597597600000974, 0.0081334752514770486
1.7622622622619998900, 0.0080573746612676717
1.7647647647649999936, 0.0079824477699283400
1.7672672672670000082, 0.0079086690320410904
1.7697697697699998898, 0.0078360136273265390
1.7722722722719999044, 0.0077644574350483339
1.7747747747750000080, 0.0076939770095040575
1.7772772772770000227, 0.0076245495565484727
1.7797797797799999042, 0.0075561529110982698
1.7822822822819999189, 0.0074887655155701557
1.7847847847850000225, 0.0074223663992070039
1.7872872872870000371, 0.0073569351582491189
1.7897897897899999187, 0.0072924519369102743
1.7922922922919999333, 0.0072288974091201576
1.7947947947950000369, 0.0071662527609971834
1.7972972972970000516, 0.0071044996740173578
1.7997997997999999331, 0.0070436203088469363
1.8023023023019999478, 0.0069835972898081404
1.8048048048050000514, 0.0069244136899490006
1.8073073073070000660, 0.0068660530166897733
1.8098098098099999476, 0.0068084991980199233
1.8123123123119999622, 0.0067517365692209147
1.8148148148150000658, 0.0066957498600914451
1.8173173173170000805, 0.0066405241826528131
1.8198198198199999620, 0.0065860450193133725
1.8223223223219999767, 0.0065322982114719916
1.8248248248250000803, 0.0064792699485415016
1.8273273273270000949, 0.0064269467573740153
1.8298298298299999765, 0.0063753154920709598
1.8323323323319999911, 0.0063243633241614004
1.8348348348350000947, 0.0062740777331331821
1.8373373373370001094, 0.0062244464973020041
1.8398398398399999909, 0.0061754576850043853
1.8423423423420000056, 0.0061270996461010880
1.8448448448450001091, 0.0060793610037782062
1.8473473473469999018, 0.0060322306466337574
1.8498498498500000053, 0.0059856977210381536
1.8523523523520000200, 0.0059397516237575040
1.8548548548549999015, 0.0058943819948291728
1.8573573573569999162, 0.0058495787106795354
1.8598598598600000198, 0.0058053318774743314
1.8623623623620000345, 0.0057616318246924182
1.8648648648649999160, 0.0057184690989141897
1.8673673673669999307, 0.0056758344578162929
1.8698698698700000342, 0.0056337188643646443
1.8723723723720000489, 0.0055921134811980971
1.8748748748749999304, 0.0055510096651954976
1.8773773773769999451, 0.0055103989622191079
1.8798798798800000487, 0.0054702731020277399
1.8823823823820000634, 0.0054306239933532233
1.8848848848849999449, 0.0053914437191340658
1.8873873873869999596, 0.0053527245319004912
1.8898898898900000631, 0.0053144588493052288
1.8923923923920000778, 0.0052766392497946924
1.8948948948949999593, 0.0052392584684154385
1.8973973973969999740, 0.0052023093927509347
1.8998998999000000776, 0.0051657850589839696
1.9024024024020000923, 0.0051296786480801429
1.9049049049049999738, 0.0050939834820881193
1.9074074074069999885, 0.0050586930205524889
1.9099099099100000920, 0.0050238008570352294
1.9124124124120001067, 0.0049893007157419669
1.9149149149149999882, 0.0049551864482493295
1.9174174174170000029, 0.0049214520303298981
1.9199199199200001065, 0.0048880915588713587
1.9224224224219998991, 0.0048550992488865918
1.9249249249250000027, 0.0048224694306115926
1.9274274274270000173, 0.0047901965466882190
1.9299299299299998989, 0.0047582751494288731
1.9324324324319999135, 0.0047266998981603560
1.9349349349350000171, 0.0046954655566442309
1.9374374374370000318, 0.0046645669905711245
1.9399399399399999133, 0.0046339991651265129
1.9424424424419999280, 0.0046037571426256153
1.9449449449450000316, 0.0045738360802151101
1.9474474474470000462, 0.0045442312276395029
1.9499499499499999278, 0.0045149379250699990
1.9524524524519999424, 0.0044859516009938798
1.9549549549550000460, 0.0044572677701624017
1.9574574574570000607, 0.0044288820315953438
1.9599599599599999422, 0.0044007900666403884
1.9624624624619999569, 0.0043729876370855823
1.9649649649650000605, 0.0043454705833231889
1.9674674674670000751, 0.0043182348225633133
1.9699699699699999567, 0.0042912763470957273
1.9724724724719999713, 0.0042645912225983944
1.9749749749750000749, 0.0042381755864912283
1.9774774774770000896, 0.0042120256463336848
1.9799799799799999711, 0.0041861376782648353
1.9824824824819999858, 0.0041605080254846051
1.9849849849850000894, 0.0041351330967749414
1.9874874874870001040, 0.0041100093650596444
1.9899899899899999856, 0.0040851333660017596
1.9924924924920000002, 0.0040605016966373158
1.9949949949950001038, 0.0040361110140443813
1.9974974974969998964, 0.0040119580340463451
2.0000000000000000000, 0.0039880395299484095
