# k1_lab: [1, 0, 0]
# k2_lab: [-0.8660254037844387, 0.49999999999999994, 0.0]
# k1_cf: [0.25881904510252085, -0.9659258262890683, 0.0]
# k2_cf: [0.25881904510252063, 0.9659258262890683, 0.0]
# pol1_lab: [(0, 1, 0), (0, 0, 1)]
# pol2_lab: [array([-0.5      , -0.8660254,  0.       ]), array([0., 0., 1.])]
# pol1_cf: [array([0.96592583, 0.25881905, 0.        ]), array([0., 0., 1.])]
# pol2_cf: [array([-0.96592583,  0.25881905,  0.        ]), array([0., 0., 1.])]
# cf: [array([0.25881905, 0.96592583, 0.        ]), array([-0.96592583,  0.25881905,  0.        ]), array([0., 0., 1.])]
# th: 30
-0.5000000000000000000, 0.0098785288159475206
-0.4974974974974999964, 0.0099714847919428647
-0.4949949949949999928, 0.0100658178525620656
-0.4924924924924999892, 0.0101615557714687041
-0.4899899899899999856, 0.0102587270302726737
-0.4874874874874999819, 0.0103573608403475792
-0.4849849849849999783, 0.0104574871654375158
-0.4824824824824999747, 0.0105591367450858960
-0.4799799799800000266, 0.0106623411189207089
-0.4774774774775000230, 0.0107671326518323316
-0.4749749749750000194, 0.0108735445600813795
-0.4724724724725000158, 0.0109816109383762510
-0.4699699699700000122, 0.0110913667879617307
-0.4674674674675000086, 0.0112028480457619633
-0.4649649649650000049, 0.0113160916146234063
-0.4624624624625000013, 0.0114311353947054023
-0.4599599599599999977, 0.0115480183160685188
-0.4574574574574999941, 0.0116667803725130532
-0.4549549549549999905, 0.0117874626567230321
-0.4524524524524999869, 0.0119101073967734176
-0.4499499499499000077, 0.0120347579940614357
-0.4474474474474000041, 0.0121614590627258448
-0.4449449449449000005, 0.0122902564706212775
-0.4424424424423999969, 0.0124211973819181656
-0.4399399399398999932, 0.0125543303014023899
-0.4374374374373999896, 0.0126897051205527196
-0.4349349349348999860, 0.0128273731654779018
-0.4324324324323999824, 0.0129673872467999385
-0.4299299299298999788, 0.0131098017115741736
-0.4274274274273999752, 0.0132546724973419978
-0.4249249249249000271, 0.0134020571884168327
-0.4224224224224000235, 0.0135520150745094912
-0.4199199199199000199, 0.0137046072118047878
-0.4174174174174000163, 0.0138598964866072181
-0.4149149149149000126, 0.0140179476816800729
-0.4124124124124000090, 0.0141788275454089053
-0.4099099099099000054, 0.0143426048639279380
-0.4074074074074000018, 0.0145093505363551520
-0.4049049049048999982, 0.0146791376532902605
-0.4024024024023999946, 0.0148520415787384129
-0.3998998998998999910, 0.0150281400356315278
-0.3973973973973999874, 0.0152075131951290264
-0.3948948948948999838, 0.0153902437698900940
-0.3923923923923999801, 0.0155764171115206889
-0.3898898898898999765, 0.0157661213124102861
-0.3873873873873999729, 0.0159594473121858309
-0.3848848848849000248, 0.0161564890090238333
-0.3823823823824000212, 0.0163573433760755803
-0.3798798798799000176, 0.0165621105832758943
-0.3773773773774000140, 0.0167708941248217690
-0.3748748748749000104, 0.0169838009526246045
-0.3723723723724000068, 0.0172009416160581845
-0.3698698698699000031, 0.0174224304083442812
-0.3673673673673999995, 0.0176483855199385739
-0.3648648648648999959, 0.0178789291993023403
-0.3623623623623999923, 0.0181141879214691132
-0.3598598598598999887, 0.0183542925648414422
-0.3573573573573999851, 0.0185993785966802223
-0.3548548548548999815, 0.0188495862677786064
-0.3523523523523999779, 0.0191050608168440231
-0.3498498498497999987, 0.0193659526851456890
-0.3473473473472999951, 0.0196324177420212284
-0.3448448448447999914, 0.0199046175218748726
-0.3423423423422999878, 0.0201827194733415066
-0.3398398398397999842, 0.0204668972213358294
-0.3373373373372999806, 0.0207573308427536768
-0.3348348348347999770, 0.0210542071566447372
-0.3323323323322999734, 0.0213577200297314918
-0.3298298298298000253, 0.0216680706982089154
-0.3273273273273000217, 0.0219854681068243768
-0.3248248248248000181, 0.0223101292663065859
-0.3223223223223000145, 0.0226422796302870877
-0.3198198198198000108, 0.0229821534929392571
-0.3173173173173000072, 0.0233299944086463318
-0.3148148148148000036, 0.0236860556351047302
-0.3123123123123000000, 0.0240506006013704275
-0.3098098098097999964, 0.0244239034024660781
-0.3073073073072999928, 0.0248062493222858879
-0.3048048048047999892, 0.0251979353866641637
-0.3023023023022999856, 0.0255992709486120018
-0.2997997997997999819, 0.0260105783078796587
-0.2972972972972999783, 0.0264321933671640107
-0.2947947947947999747, 0.0268644663274602395
-0.2922922922923000266, 0.0273077624252493489
-0.2897897897898000230, 0.0277624627144228003
-0.2872872872873000194, 0.0282289648960752787
-0.2847847847848000158, 0.0287076841995436566
-0.2822822822823000122, 0.0291990543183415739
-0.2797797797798000086, 0.0297035284049348598
-0.2772772772773000050, 0.0302215801286226902
-0.2747747747748000013, 0.0307537048011430822
-0.2722722722722999977, 0.0313004205750028533
-0.2697697697697999941, 0.0318622697199521243
-0.2672672672672999905, 0.0324398199834832202
-0.2647647647647999869, 0.0330336660417340708
-0.2622622622622999833, 0.0336444310477286151
-0.2597597597597999797, 0.0342727682844891357
-0.2572572572572999761, 0.0349193629312184242
-0.2547547547547999724, 0.0355849339514783813
-0.2522522522523000243, 0.0362702361130911172
-0.2497497497496999896, 0.0369760621503708239
-0.2472472472472000138, 0.0377032450802649091
-0.2447447447447000102, 0.0384526606850537980
-0.2422422422422000066, 0.0392252301754401761
-0.2397397397397000030, 0.0400219230491642430
-0.2372372372371999993, 0.0408437601617250012
-0.2347347347346999957, 0.0416918170273876121
-0.2322322322321999921, 0.0425672273704265705
-0.2297297297296999885, 0.0434711869485220198
-0.2272272272272000126, 0.0444049576724089082
-0.2247247247247000090, 0.0453698720483063991
-0.2222222222222000054, 0.0463673379723577306
-0.2197197197197000018, 0.0473988439093221900
-0.2172172172171999982, 0.0484659644911215604
-0.2147147147146999946, 0.0495703665745980196
-0.2122122122121999910, 0.0507138158020393748
-0.2097097097096999874, 0.0518981837127312981
-0.2072072072072000115, 0.0531254554590702976
-0.2047047047047000079, 0.0543977381866937656
-0.2022022022022000043, 0.0557172701447435428
-0.1996996996997000007, 0.0570864305998781685
-0.1971971971971999971, 0.0585077506361050756
-0.1946946946946999935, 0.0599839249320532203
-0.1921921921921999898, 0.0615178246181067520
-0.1896896896896999862, 0.0631125113280525118
-0.1871871871872000104, 0.0647712525737730999
-0.1846846846847000068, 0.0664975385872866726
-0.1821821821822000032, 0.0682951007923841419
-0.1796796796796999995, 0.0701679320885788271
-0.1771771771771999959, 0.0721203091534569907
-0.1746746746746999923, 0.0741568169962606577
-0.1721721721721999887, 0.0762823760261884531
-0.1696696696697000128, 0.0785022719341062075
-0.1671671671672000092, 0.0808221887268688322
-0.1646646646647000056, 0.0832482453001635314
-0.1621621621622000020, 0.0857870359897480311
-0.1596596596596999984, 0.0884456756034390779
-0.1571571571571999948, 0.0912318495087028891
-0.1546546546546999912, 0.0941538694350165101
-0.1521521521521999876, 0.0972207357484382029
-0.1496496496496000084, 0.1004422070706658260
-0.1471471471471000048, 0.1038288782493582696
-0.1446446446446000011, 0.1073922678444435563
-0.1421421421420999975, 0.1111449164811039586
-0.1396396396395999939, 0.1151004976396654556
-0.1371371371370999903, 0.1192739427125505819
-0.1346346346345999867, 0.1236815824670564057
-0.1321321321321000108, 0.1283413074202556237
-0.1296296296296000072, 0.1332727500713822011
-0.1271271271271000036, 0.1384974924632589866
-0.1246246246246000000, 0.1440393031770950127
-0.1221221221220999964, 0.1499244086285012600
-0.1196196196196000067, 0.1561818044572294006
-0.1171171171171000031, 0.1628436139271189076
-0.1146146146145999994, 0.1699455016243274774
-0.1121121121120999958, 0.1775271524224817932
-0.1096096096096000061, 0.1856328277512185876
-0.1071071071071000025, 0.1943120137601308528
-0.1046046046045999989, 0.2036201791429911589
-0.1021021021020999953, 0.2136196643452883404
-0.0995995995996000055, 0.2243807288407971001
-0.0970970970971000019, 0.2359827894177445595
-0.0945945945945900063, 0.2485158903419666943
-0.0920920920920900027, 0.2620824563683262776
-0.0895895895895899991, 0.2767993925285333057
-0.0870870870870899955, 0.2928006113450360992
-0.0845845845845799998, 0.3102400898455515144
-0.0820820820820799962, 0.3292955871779480459
-0.0795795795795800065, 0.3501731910951404458
-0.0770770770770800029, 0.3731129113626046045
-0.0745745745745699934, 0.3983956048370677072
-0.0720720720720700037, 0.4263516071130408758
-0.0695695695695700000, 0.4573715686307430195
-0.0670670670670699964, 0.4919201626407053718
-0.0645645645645600008, 0.5305535685156240744
-0.0620620620620599972, 0.5739419665240720336
-0.0595595595595600005, 0.6228987545617926669
-0.0570570570570599969, 0.6784188828296540130
-0.0545545545545500013, 0.7417297071115271923
-0.0520520520520499977, 0.8143592564178654403
-0.0495495495495500010, 0.8982290728910864441
-0.0470470470470499974, 0.9957822666921106736
-0.0445445445445400018, 1.1101629035199425122
-0.0420420420420399982, 1.2454716312336666650
-0.0395395395395400015, 1.4071368990962067613
-0.0370370370370399979, 1.6024655023656899644
-0.0345345345345300023, 1.8414785425945425779
-0.0320320320320299987, 2.1382149311302116601
-0.0295295295295299985, 2.5128261755074103867
-0.0270270270270299984, 2.9950611821842354487
-0.0245245245245199993, 3.6302999961206277035
-0.0220220220220199991, 4.4905015280640876441
-0.0195195195195199990, 5.6952010809245727785
-0.0170170170170199989, 7.4545667549873524393
-0.0145145145145099998, 10.1652236925016872249
-0.0120120120120099996, 14.6464992349183322773
-0.0095095095095099995, 22.8039603739234948421
-0.0070070070070070000, 39.8311969086727657441
-0.0045045045045049997, 83.0614439109641722325
-0.0020020020020019998, 214.9001578595628814128
0.0005005005005005000, 339.1180484820537799351
0.0030030030030029999, 144.3843657267222226892
0.0055055055055059999, 60.2980174349194584238
0.0080080080080079993, 31.3255891809711322082
0.0105105105105099995, 18.8894042958109267261
0.0130130130130099997, 12.5576445442616311254
0.0155155155155200005, 8.9286653536122795316
0.0180180180180199989, 6.6651518084531984343
0.0205205205205199991, 5.1617160209580221775
0.0230230230230199992, 4.1136475399038401335
0.0255255255255299983, 3.3545154257795979369
0.0280280280280299984, 2.7873463898404642336
0.0305305305305299986, 2.3526040376731174320
0.0330330330330299987, 2.0121248901219739302
0.0355355355355400013, 1.7405446643453019728
0.0380380380380399979, 1.5204791837278408551
0.0405405405405400016, 1.3396941454827617779
0.0430430430430399982, 1.1893791114195564340
0.0455455455455500008, 1.0630599210400533128
0.0480480480480499975, 0.9558934748876111165
0.0505505505505500011, 0.8641987426445369991
0.0530530530530499977, 0.7851377713876168674
0.0555555555555600003, 0.7164943035673642102
0.0580580580580599970, 0.6565173239353125911
0.0605605605605600006, 0.6038086615938479396
0.0630630630630600042, 0.5572410265493230597
0.0655655655655699998, 0.5158974186865880052
0.0680680680680700034, 0.4790257721344804431
0.0705705705705699932, 0.4460046108324074998
0.0730730730730699968, 0.4163167639734055570
0.0755755755755800063, 0.3895290506886175952
0.0780780780780799960, 0.3652764340036462332
0.0805805805805799996, 0.3432495550545532348
0.0830830830830800032, 0.3231848481461335187
0.0855855855855899988, 0.3048566437476099011
0.0880880880880900025, 0.2880708154306043101
0.0905905905905900061, 0.2726596352501357567
0.0930930930930899958, 0.2584775818942522951
0.0955955955956000053, 0.2453979051991388438
0.0980980980980999950, 0.2333097950179489066
0.1006006006005999986, 0.2221160359506328952
0.1031031031031000023, 0.2117310549471184689
0.1056056056056000059, 0.2020792883452788014
0.1081081081080999956, 0.1930938099929125906
0.1106106106105999992, 0.1847151738241546159
0.1131131131131000028, 0.1768904334234648601
0.1156156156156000064, 0.1695723083156693012
0.1181181181180999962, 0.1627184724187103471
0.1206206206205999998, 0.1562909446264242053
0.1231231231231000034, 0.1502555651096057487
0.1256256256256000070, 0.1445815438317946677
0.1281281281281000106, 0.1392410701229558623
0.1306306306305999865, 0.1342089740564774702
0.1331331331330999901, 0.1294624319235530008
0.1356356356355999937, 0.1249807093650200512
0.1381381381380999973, 0.1207449367598187467
0.1406406406406000009, 0.1167379123253537015
0.1431431431431000045, 0.1129439290930154410
0.1456456456456000081, 0.1093486225096640396
0.1481481481481000118, 0.1059388359051485762
0.1506506506506999910, 0.1027025014747179055
0.1531531531531999946, 0.0996285347677989958
0.1556556556556999982, 0.0967067409626703040
0.1581581581582000018, 0.0939277314494520871
0.1606606606607000054, 0.0912828494492380627
0.1631631631632000090, 0.0887641035713761656
0.1656656656657000126, 0.0863641083590118153
0.1681681681681999885, 0.0840760309992689969
0.1706706706706999921, 0.0818935434823547803
0.1731731731731999957, 0.0798107795863281927
0.1756756756756999993, 0.0778222961436781796
0.1781781781782000029, 0.0759230381142013966
0.1806806806807000065, 0.0741083070476459133
0.1831831831832000101, 0.0723737325705745421
0.1856856856857000138, 0.0707152465760862020
0.1881881881881999896, 0.0691290598334097922
0.1906906906906999932, 0.0676116407677684744
0.1931931931931999968, 0.0661596961900349362
0.1956956956957000004, 0.0647701537811377487
0.1981981981982000041, 0.0634401461584540166
0.2007007007007000077, 0.0621669963709718942
0.2032032032032000113, 0.0609482046871844471
0.2057057057056999871, 0.0597814365548188439
0.2082082082081999908, 0.0586645116248688120
0.2107107107106999944, 0.0575953937442257591
0.2132132132131999980, 0.0565721818316972866
0.2157157157157000016, 0.0555931015615270946
0.2182182182182000052, 0.0546564977868506108
0.2207207207207000088, 0.0537608276429576842
0.2232232232232000124, 0.0529046542769053760
0.2257257257256999883, 0.0520866411560352918
0.2282282282281999919, 0.0513055469133782555
0.2307307307306999955, 0.0505602206928660730
0.2332332332331999991, 0.0498495979617737187
0.2357357357357000027, 0.0491726967619538977
0.2382382382382000063, 0.0485286143752546861
0.2407407407407000099, 0.0479165243820778783
0.2432432432432000136, 0.0473356740953924660
0.2457457457456999894, 0.0467853823557050769
0.2482482482481999930, 0.0462650376755484524
0.2507507507508000000, 0.0457740967250245961
0.2532532532533000036, 0.0453120831528627185
0.2557557557558000072, 0.0448785867403728722
0.2582582582583000108, 0.0444732628886230982
0.2607607607608000144, 0.0440958324421923953
0.2632632632633000180, 0.0437460818559923664
0.2657657657658000216, 0.0434238637149535894
0.2682682682683000253, 0.0431290976198958689
0.2707707707707999734, 0.0428617714566950636
0.2732732732732999770, 0.0426219430699922297
0.2757757757757999806, 0.0424097423672351245
0.2782782782782999842, 0.0422253738838791123
0.2807807807807999878, 0.0420691198462044141
0.2832832832832999914, 0.0419413437745368017
0.2857857857857999950, 0.0418424946768237299
0.2882882882882999986, 0.0417731118906680896
0.2907907907908000023, 0.0417338306412386728
0.2932932932933000059, 0.0417253883931753070
0.2957957957958000095, 0.0417486320869393940
0.2982982982983000131, 0.0418045263643328918
0.3008008008008000167, 0.0418941629044825847
0.3033033033033000203, 0.0420187710108990142
0.3058058058058000239, 0.0421797296127954385
0.3083083083083000275, 0.0423785808703296824
0.3108108108107999756, 0.0426170456045804127
0.3133133133132999792, 0.0428970408098302280
0.3158158158157999829, 0.0432206995492488144
0.3183183183182999865, 0.0435903935867568426
0.3208208208207999901, 0.0440087591694384717
0.3233233233232999937, 0.0444787264484950429
0.3258258258257999973, 0.0450035531150458218
0.3283283283283000009, 0.0455868629333883793
0.3308308308308000045, 0.0462326899827488341
0.3333333333333000081, 0.0469455295742696316
0.3358358358358000118, 0.0477303969995171162
0.3383383383383000154, 0.0485928954984200384
0.3408408408408000190, 0.0495392951187920427
0.3433433433433000226, 0.0505766244898998019
0.3458458458458000262, 0.0517127779662236164
0.3483483483482999743, 0.0529566411369657292
0.3508508508509000090, 0.0543182383710658842
0.3533533533534000126, 0.0558089069144812600
0.3558558558559000162, 0.0574415031262538039
0.3583583583584000198, 0.0592306477986260793
0.3608608608609000235, 0.0611930192423700628
0.3633633633634000271, 0.0633477050500094174
0.3658658658658999752, 0.0657166263369080017
0.3683683683683999788, 0.0683250520215740453
0.3708708708708999824, 0.0712022256420781763
0.3733733733733999860, 0.0743821337311587061
0.3758758758758999896, 0.0779044534704589481
0.3783783783783999932, 0.0818157290367393791
0.3808808808808999968, 0.0861708419136765214
0.3833833833834000004, 0.0910348621661577484
0.3858858858859000041, 0.0964853977332965906
0.3883883883884000077, 0.1026156008484713777
0.3908908908909000113, 0.1095380502174147785
0.3933933933934000149, 0.1173898129022027115
0.3958958958959000185, 0.1263391138113667544
0.3983983983984000221, 0.1365942234232913055
0.4009009009009000257, 0.1484154480196599457
0.4034034034033999738, 0.1621315235885150419
0.4059059059058999774, 0.1781623615811650518
0.4084084084083999810, 0.1970511195780589309
0.4109109109108999847, 0.2195102299774617793
0.4134134134133999883, 0.2464887758433673415
0.4159159159158999919, 0.2792733053402584598
0.4184184184183999955, 0.3196424473672051514
0.4209209209208999991, 0.3701107457147721491
0.4234234234234000027, 0.4343256100800679809
0.4259259259259000063, 0.5177375881580117412
0.4284284284284000099, 0.6287812560218127844
0.4309309309309000136, 0.7810622768554018602
0.4334334334334000172, 0.9976565394901829587
0.4359359359359000208, 1.3201937367191123318
0.4384384384384000244, 1.8298391932254467473
0.4409409409408999725, 2.7015173581673970205
0.4434434434433999761, 4.3657022982226383334
0.4459459459458999797, 8.0870392956564440823
0.4484484484483999833, 18.4164552415188502721
0.4509509509510000180, 47.1297382715352313198
0.4534534534535000216, 40.7870708363234228955
0.4559559559560000253, 15.5791486681026700722
0.4584584584584999734, 7.1373300185962991193
0.4609609609609999770, 3.9675027216968778987
0.4634634634634999806, 2.5020449877485355650
0.4659659659659999842, 1.7165807062064355470
0.4684684684684999878, 1.2497412134574816811
0.4709709709709999914, 0.9506603702342764084
0.4734734734734999950, 0.7479049520911154048
0.4759759759759999986, 0.6042637410914493135
0.4784784784785000022, 0.4988563890256911271
0.4809809809810000059, 0.4192498175776041558
0.4834834834835000095, 0.3576736525398528932
0.4859859859860000131, 0.3090724059471421370
0.4884884884885000167, 0.2700435130437254250
0.4909909909910000203, 0.2382295980600421248
0.4934934934935000239, 0.2119560212814963762
0.4959959959960000275, 0.1900068765449274555
0.4984984984984999756, 0.1714821927587781292
0.5010010010009999792, 0.1557043865092719581
0.5035035035035000384, 0.1421554815783081238
0.5060060060059999865, 0.1304340593417284699
0.5085085085085000456, 0.1202251629478181538
0.5110110110109999937, 0.1112788872896982445
0.5135135135135000528, 0.1033949051743317110
0.5160160160160000009, 0.0964111214568075803
0.5185185185184999490, 0.0901952434956854732
0.5210210210210000081, 0.0846384420178676600
0.5235235235234999562, 0.0796505304971146383
0.5260260260260000154, 0.0751562612683436271
0.5285285285284999635, 0.0710924523140180481
0.5310310310310000226, 0.0674057385067016596
0.5335335335334999707, 0.0640507969298162866
0.5360360360360000298, 0.0609889354337333559
0.5385385385384999779, 0.0581869619021601406
0.5410410410410000370, 0.0556162722076398511
0.5435435435434999851, 0.0532521098322082456
0.5460460460460000442, 0.0510729612036621844
0.5485485485484999924, 0.0490600590490989780
0.5510510510510999715, 0.0471969722671849445
0.5535535535536000307, 0.0454692655163102810
0.5560560560560999788, 0.0438642152991394127
0.5585585585586000379, 0.0423705720781817480
0.5610610610610999860, 0.0409783600881363785
0.5635635635636000451, 0.0396787081704662176
0.5660660660660999932, 0.0384637062561379098
0.5685685685686000523, 0.0373262831474207649
0.5710710710711000004, 0.0362601020619372078
0.5735735735735999485, 0.0352594710493393804
0.5760760760761000077, 0.0343192659092288466
0.5785785785785999558, 0.0334348636559415394
0.5810810810811000149, 0.0326020849129212836
0.5835835835835999630, 0.0318171438931251563
0.5860860860861000221, 0.0310766048451083139
0.5885885885885999702, 0.0303773440271910937
0.5910910910911000293, 0.0297165164223372885
0.5935935935935999774, 0.0290915265303255711
0.5960960960961000366, 0.0285000026764427455
0.5985985985985999847, 0.0279397743612288217
0.6011011011011000438, 0.0274088522469291690
0.6036036036035999919, 0.0269054104358074572
0.6061061061061000510, 0.0264277707454019448
0.6086086086085999991, 0.0259743887278321255
0.6111111111110999472, 0.0255438412157387336
0.6136136136136000063, 0.0251348152074722456
0.6161161161160999544, 0.0247460979296382534
0.6186186186186000135, 0.0243765679368061552
0.6211211211210999616, 0.0240251871267019475
0.6236236236236000208, 0.0236909935650444943
0.6261261261260999689, 0.0233730950277647453
0.6286286286286000280, 0.0230706631800202643
0.6311311311310999761, 0.0227829283214722005
0.6336336336336000352, 0.0225091746359726910
0.6361361361360999833, 0.0222487358913209810
0.6386386386386000424, 0.0220009915412579353
0.6411411411410999905, 0.0217653631875249463
0.6436436436436000497, 0.0215413113647366788
0.6461461461460999978, 0.0213283326151113665
0.6486486486485999459, 0.0211259568238530773
0.6511511511512000361, 0.0209337447892649631
0.6536536536536999842, 0.0207512860045511900
0.6561561561562000433, 0.0205781966307946040
0.6586586586586999914, 0.0204141176428224436
0.6611611611612000505, 0.0202587131316333095
0.6636636636636999986, 0.0201116687487896649
0.6661661661661999467, 0.0199726902797107211
0.6686686686687000059, 0.0198415023341554572
0.6711711711711999540, 0.0197178471433874757
0.6736736736737000131, 0.0196014834545805081
0.6761761761761999612, 0.0194921855139728664
0.6786786786787000203, 0.0193897421311244496
0.6811811811811999684, 0.0192939558173844707
0.6836836836837000275, 0.0192046419923511298
0.6861861861861999756, 0.0191216282527078389
0.6886886886887000347, 0.0190447536983597218
0.6911911911911999828, 0.0189738683112784697
0.6936936936937000420, 0.0189088323828986299
0.6961961961961999901, 0.0188495159862992930
0.6986986986987000492, 0.0187957984897576466
0.7012012012011999973, 0.0187475681085784544
0.7037037037036999454, 0.0187047214923908751
0.7062062062062000045, 0.0186671633453633010
0.7087087087086999526, 0.0186348060770226594
0.7112112112112000117, 0.0186075694815777855
0.7137137137136999598, 0.0185853804438407509
0.7162162162162000190, 0.0185681726700168484
0.7187187187186999671, 0.0185558864417949693
0.7212212212212000262, 0.0185484683923177185
0.7237237237236999743, 0.0185458713027455389
0.7262262262262000334, 0.0185480539182530692
0.7287287287286999815, 0.0185549807824100452
0.7312312312312000406, 0.0185666220890043747
0.7337337337336999887, 0.0185829535504623694
0.7362362362362000479, 0.0186039562821114710
0.7387387387386999960, 0.0186296167016153300
0.7412412412412000551, 0.0186599264429893746
0.7437437437437000032, 0.0186948822846793594
0.7462462462461999513, 0.0187344860912547345
0.7487487487487000104, 0.0187787447683347916
0.7512512512512999896, 0.0188276702304283582
0.7537537537538000487, 0.0188812793814277548
0.7562562562562999968, 0.0189395941075557496
0.7587587587587999449, 0.0190026412826201259
0.7612612612613000040, 0.0190704527854849148
0.7637637637637999521, 0.0191430655297210733
0.7662662662663000113, 0.0192205215054518305
0.7687687687687999594, 0.0193028678334606248
0.7712712712713000185, 0.0193901568316816909
0.7737737737737999666, 0.0194824460942463612
0.7762762762763000257, 0.0195797985833115230
0.7787787787787999738, 0.0196822827339510377
0.7812812812813000329, 0.0197899725724471204
0.7837837837837999810, 0.0199029478483761617
0.7862862862863000402, 0.0200212941809433942
0.7887887887887999883, 0.0201451032200833137
0.7912912912913000474, 0.0202744728229079622
0.7937937937937999955, 0.0204095072461543195
0.7962962962963000546, 0.0205503173553544562
0.7987987987988000027, 0.0206970208515295240
0.8013013013012999508, 0.0208497425162907507
0.8038038038038000099, 0.0210086144763180910
0.8063063063062999580, 0.0211737764882815316
0.8088088088088000172, 0.0213453762453704315
0.8113113113112999653, 0.0215235697067051868
0.8138138138138000244, 0.0217085214510223876
0.8163163163162999725, 0.0219004050561512412
0.8188188188188000316, 0.0220994035059362236
0.8213213213212999797, 0.0223057096264093237
0.8238238238238000388, 0.0225195265531772763
0.8263263263262999869, 0.0227410682321643950
0.8288288288288000460, 0.0229705599560439989
0.8313313313312999941, 0.0232082389388999638
0.8338338338338000533, 0.0234543549318889308
0.8363363363363000014, 0.0237091708829236560
0.8388388388387999495, 0.0239729636436718518
0.8413413413413000086, 0.0242460247274663178
0.8438438438437999567, 0.0245286611220505713
0.8463463463463000158, 0.0248211961614490662
0.8488488488487999639, 0.0251239704616490617
0.8513513513514000541, 0.0254373429252219563
0.8538538538539000022, 0.0257616918204977424
0.8563563563563999503, 0.0260974159414414549
0.8588588588589000095, 0.0264449358549745904
0.8613613613613999576, 0.0268046952431400254
0.8638638638639000167, 0.0271771623482359621
0.8663663663663999648, 0.0275628315298523524
0.8688688688689000239, 0.0279622249436372351
0.8713713713713999720, 0.0283758943526194289
0.8738738738739000311, 0.0288044230830212869
0.8763763763763999792, 0.0292484281377326447
0.8788788788789000384, 0.0297085624819980049
0.8813813813813999865, 0.0301855175174089718
0.8838838838839000456, 0.0306800257620223928
0.8863863863863999937, 0.0311928637563558611
0.8888888888889000528, 0.0317248552171816162
0.8913913913914000009, 0.0322768744634775867
0.8938938938938999490, 0.0328498501416324834
0.8963963963964000081, 0.0334447692800930452
0.8988988988988999562, 0.0340626817071221152
0.9014014014014000153, 0.0347047048692736976
0.9039039039038999634, 0.0353720290926454808
0.9064064064064000226, 0.0360659233340144478
0.9089089089088999707, 0.0367877414746953513
0.9114114114114000298, 0.0375389292164735808
0.9139139139138999779, 0.0383210316463860889
0.9164164164164000370, 0.0391357015455916571
0.9189189189188999851, 0.0399847085272440686
0.9214214214214000442, 0.0408699490993670242
0.9239239239238999923, 0.0417934577614348032
0.9264264264264000515, 0.0427574192579736195
0.9289289289288999996, 0.0437641821293229746
0.9314314314313999477, 0.0448162737191063337
0.9339339339339000068, 0.0459164168204156814
0.9364364364363999549, 0.0470675481687270122
0.9389389389389000140, 0.0482728390197815493
0.9414414414413999621, 0.0495357180858452678
0.9439439439439000212, 0.0508598971447964468
0.9464464464463999693, 0.0522493996845060787
0.9489489489489000285, 0.0537085930012623017
0.9514514514515000076, 0.0552422242371726629
0.9539539539539999558, 0.0568554609194902999
0.9564564564565000149, 0.0585539366570141731
0.9589589589589999630, 0.0603438027580284891
0.9614614614615000221, 0.0622317866641926218
0.9639639639639999702, 0.0642252582497722657
0.9664664664665000293, 0.0663323052210023634
0.9689689689689999774, 0.0685618190728885107
0.9714714714715000365, 0.0709235933287578751
0.9739739739739999846, 0.0734284361117531342
0.9764764764765000438, 0.0760882994903591542
0.9789789789789999919, 0.0789164285184643932
0.9814814814815000510, 0.0819275334753028911
0.9839839839839999991, 0.0851379895285747507
0.9864864864864999472, 0.0885660689291421221
0.9889889889890000063, 0.0922322119418022002
0.9914914914914999544, 0.0961593440804165700
0.9939939939940000135, 0.1003732489207746909
0.9964964964964999616, 0.1049030079074219080
0.9989989989990000208, 0.1097815212780406391
1.0015015015019999023, 0.1150461276688924950
1.0040040040039999170, 0.1207393443612634204
1.0065065065070000205, 0.1269097557827034983
1.0090090090090000352, 0.1336130851951974619
1.0115115115119999167, 0.1409134940403778402
1.0140140140139999314, 0.1488851659329725741
1.0165165165170000350, 0.1576142488567308098
1.0190190190190000497, 0.1672012512046776034
1.0215215215219999312, 0.1777640170135275366
1.0240240240239999459, 0.1894414460641417053
1.0265265265270000494, 0.2023981797796424176
1.0290290290290000641, 0.2168305503674738954
1.0315315315319999456, 0.2329741977678776998
1.0340340340339999603, 0.2511139107021927996
1.0365365365370000639, 0.2715964657719384112
1.0390390390390000785, 0.2948475550557905223
1.0415415415419999601, 0.3213943596557377602
1.0440440440439999747, 0.3518960267296633027
1.0465465465470000783, 0.3871853752423923822
1.0490490490490000930, 0.4283268147729116793
1.0515515515519999745, 0.4766980931472439287
1.0540540540539999892, 0.5341077571479680985
1.0565565565570000928, 0.6029673083887234775
1.0590590590590001074, 0.6865491681975125493
1.0615615615619999890, 0.7893829471423245980
1.0640640640640000036, 0.9178815197794214509
1.0665665665670001072, 1.0813623835130667938
1.0690690690689998998, 1.2937764580173063411
1.0715715715720000034, 1.5767625357687866661
1.0740740740740000181, 1.9653232603753774121
1.0765765765769998996, 2.5190275763736544867
1.0790790790789999143, 3.3457972342233293084
1.0815815815820000179, 4.6571894296766656041
1.0840840840840000325, 6.9123865525443513036
1.0865865865869999141, 11.2521664175758626669
1.0890890890889999287, 21.0697948558507448524
1.0915915915920000323, 48.6928977296737599545
1.0940940940940000470, 122.4363507316024737293
1.0965965965969999285, 96.2806167184759686961
1.0990990990989999432, 36.7842061532039394933
1.1016016016020000468, 17.0906118590093143439
1.1041041041040000614, 9.5914649244344705181
1.1066066066069999430, 6.0876779076508951150
1.1091091091089999576, 4.1962749358842579284
1.1116116116120000612, 3.0666822783826348520
1.1141141141140000759, 2.3406505028769810650
1.1166166166169999574, 1.8474271232336145765
1.1191191191189999721, 1.4976102732213147917
1.1216216216220000756, 1.2408331296157579793
1.1241241241240000903, 1.0470090393570132825
1.1266266266269999718, 0.8972858378535613078
1.1291291291289999865, 0.7793723261782293799
1.1316316316320000901, 0.6849820471664780364
1.1341341341340001048, 0.6083664525757886965
1.1366366366369999863, 0.5454380574774435608
1.1391391391390000010, 0.4932274572322470907
1.1416416416420001045, 0.4495365937436948123
1.1441441441439998972, 0.4127112813926237522
1.1466466466470000007, 0.3814883647191345539
1.1491491491490000154, 0.3548908147165238947
1.1516516516519998969, 0.3321543458708813290
1.1541541541539999116, 0.3126752002966029509
1.1566566566570000152, 0.2959724209747295331
1.1591591591590000299, 0.2816602183506997092
1.1616616616619999114, 0.2694274830261123022
1.1641641641639999261, 0.2590224352181188516
1.1666666666670000296, 0.2502410203511502562
1.1691691691690000443, 0.2429180753492428402
1.1716716716719999258, 0.2369205734217177950
1.1741741741739999405, 0.2321424514075355605
1.1766766766770000441, 0.2285006619336878986
1.1791791791790000588, 0.2259321915871894404
1.1816816816819999403, 0.2243918585084846984
1.1841841841839999550, 0.2238507567552631694
1.1866866866870000585, 0.2242952563261215171
1.1891891891890000732, 0.2257265010624766588
1.1916916916919999547, 0.2281603748903855700
1.1941941941939999694, 0.2316279325087253482
1.1966966966970000730, 0.2361763158412021890
1.1991991991990000876, 0.2418702044508729554
1.2017017017019999692, 0.2487938789614962121
1.2042042042039999838, 0.2570540141053714311
1.2067067067070000874, 0.2667833659159409287
1.2092092092090001021, 0.2781455807245770684
1.2117117117119999836, 0.2913414389808271499
1.2142142142139999983, 0.3066169646421751382
1.2167167167170001019, 0.3242739960361581963
1.2192192192189998945, 0.3446840494425387758
1.2217217217219999981, 0.3683066471506337702
1.2242242242240000127, 0.3957137820979514942
1.2267267267269998943, 0.4276229384383363197
1.2292292292289999089, 0.4649422227809754116
1.2317317317320000125, 0.5088329184212758705
1.2342342342340000272, 0.5607975512213430047
1.2367367367369999087, 0.6228060396020579370
1.2392392392389999234, 0.6974799211779942887
1.2417417417420000270, 0.7883672636504924780
1.2442442442440000416, 0.9003629693111402377
1.2467467467469999232, 1.0403692318828958729
1.2492492492489999378, 1.2183662895325124698
1.2517517517520000414, 1.4492117934237680466
1.2542542542540000561, 1.7557932079162423822
1.2567567567569999376, 2.1748275325227779398
1.2592592592589999523, 2.7681713332100077452
1.2617617617620000559, 3.6464858483034783276
1.2642642642640000705, 5.0232411624368751291
1.2667667667669999521, 7.3521463678264158403
1.2692692692689999667, 11.7291781761096451930
1.2717717717720000703, 21.2960902841871906332
1.2742742742740000850, 47.1157307979404293974
1.2767767767769999665, 122.9840067182565519488
1.2792792792789999812, 129.6578545068198877743
1.2817817817820000847, 50.0742509494278209559
1.2842842842840000994, 22.2842427442137633875
1.2867867867869999809, 12.1407711464352949804
1.2892892892889999956, 7.5550923616869116728
1.2917917917920000992, 5.1349446768764481774
1.2942942942939998918, 3.7122552069104424177
1.2967967967969999954, 2.8082021602990927533
1.2992992992990000101, 2.1991525114321270884
1.3018018018019998916, 1.7698289673412674894
1.3043043043039999063, 1.4560799969305200374
1.3068068068070000098, 1.2199619440533586712
1.3093093093090000245, 1.0378916746926112324
1.3118118118119999060, 0.8945970033742158822
1.3143143143139999207, 0.7798400814111511314
1.3168168168170000243, 0.6865527122084502665
1.3193193193190000390, 0.6097295732341800889
1.3218218218219999205, 0.5457470591946654848
1.3243243243239999352, 0.4919306560112630677
1.3268268268270000387, 0.4462724697914859373
1.3293293293290000534, 0.4072422413793794771
1.3318318318319999349, 0.3736581391879726932
1.3343343343339999496, 0.3445967021174615175
1.3368368368370000532, 0.3193289835321924119
1.3393393393390000679, 0.2972745806316680062
1.3418418418419999494, 0.2779680992238680037
1.3443443443439999641, 0.2610344170283789289
1.3468468468470000676, 0.2461702804658988941
1.3493493493490000823, 0.2331305430141654700
1.3518518518519999638, 0.2217178742063842245
1.3543543543539999785, 0.2117751279627363981
1.3568568568570000821, 0.2031798149130565889
1.3593593593590000967, 0.1958403137809475725
1.3618618618619999783, 0.1896936083621792446
1.3643643643639999929, 0.1847044696041220124
1.3668668668670000965, 0.1808661350882103391
1.3693693693689998891, 0.1782026907071468380
1.3718718718719999927, 0.1767735574470440107
1.3743743743740000074, 0.1766807686618475925
1.3768768768770001110, 0.1780801530584183445
1.3793793793789999036, 0.1811982240620533813
1.3818818818820000072, 0.1863577111942739672
1.3843843843840000218, 0.1940166137694200876
1.3868868868869999034, 0.2048291059724323682
1.3893893893889999180, 0.2197429680889111392
1.3918918918920000216, 0.2401603816227590449
1.3943943943940000363, 0.2682133427290878669
1.3968968968969999178, 0.3072566402891507287
1.3993993993989999325, 0.3627977698133378892
1.4019019019020000361, 0.4443652528378356781
1.4044044044040000507, 0.5695628377843389156
1.4069069069069999323, 0.7737510642092522151
1.4094094094089999469, 1.1361511235525822983
1.4119119119120000505, 1.8620814018065769968
1.4144144144140000652, 3.5962885041181111845
1.4169169169169999467, 8.7387360246686327514
1.4194194194189999614, 18.8752782992105601068
1.4219219219220000650, 10.3933246371370824335
1.4244244244240000796, 4.1197605592221941961
1.4269269269269999612, 2.0496619339968797924
1.4294294294289999758, 1.2126801847939665535
1.4319319319320000794, 0.8036561339101195856
1.4344344344340000941, 0.5755270095528106644
1.4369369369369999756, 0.4357889466165703052
1.4394394394389999903, 0.3440613182318360552
1.4419419419420000938, 0.2805707897594667544
1.4444444444440001085, 0.2347454091267270337
1.4469469469469999900, 0.2005288063257351094
1.4494494494490000047, 0.1742533108586790946
1.4519519519520001083, 0.1535941840777714784
1.4544544544539999009, 0.1370206720440780290
1.4569569569570000045, 0.1234917345888463108
1.4594594594590000192, 0.1122794601748077770
1.4619619619619999007, 0.1028624724654067513
1.4644644644639999154, 0.0948593587731973165
1.4669669669670000189, 0.0879858385362926043
1.4694694694690000336, 0.0820264740219942834
1.4719719719719999151, 0.0768155458339782188
1.4744744744739999298, 0.0722238522500041752
1.4769769769770000334, 0.0681494253132163552
1.4794794794790000481, 0.0645108900693794618
1.4819819819819999296, 0.0612426407936488143
1.4844844844839999443, 0.0582912874941138581
1.4869869869870000478, 0.0556130042579977002
1.4894894894890000625, 0.0531715269789103939
1.4919919919919999440, 0.0509366248027914997
1.4944944944939999587, 0.0488829213295095752
1.4969969969970000623, 0.0469889769410256758
1.4994994994990000770, 0.0452365681171464917
1.5020020020019999585, 0.0436101167967040820
1.5045045045050000621, 0.0420962350648929201
1.5070070070070000767, 0.0406833592340363204
1.5095095095099999583, 0.0393614537686621663
1.5120120120119999729, 0.0381217701898954320
1.5145145145150000765, 0.0369566495635346437
1.5170170170170000912, 0.0358593597685000279
1.5195195195199999727, 0.0348239606954485192
1.5220220220219999874, 0.0338451920084758134
1.5245245245250000909, 0.0329183792374026715
1.5270270270270001056, 0.0320393548422404847
1.5295295295299999871, 0.0312043915693455513
1.5320320320320000018, 0.0304101459478716731
1.5345345345350001054, 0.0296536101906091608
1.5370370370369998980, 0.0289320710914062439
1.5395395395400000016, 0.0282430747719294092
1.5420420420420000163, 0.0275843963385170726
1.5445445445449998978, 0.0269540136767460053
1.5470470470469999125, 0.0263500847458613859
1.5495495495500000160, 0.0257709278441591583
1.5520520520520000307, 0.0252150044050314104
1.5545545545549999122, 0.0246809039557802576
1.5570570570569999269, 0.0241673309306772999
1.5595595595600000305, 0.0236730930786469909
1.5620620620620000452, 0.0231970912463585477
1.5645645645649999267, 0.0227383103510374052
1.5670670670669999414, 0.0222958113852152473
1.5695695695700000449, 0.0218687243189422745
1.5720720720720000596, 0.0214562417845241479
1.5745745745749999411, 0.0210576134452605604
1.5770770770769999558, 0.0206721409635088095
1.5795795795800000594, 0.0202991734951048254
1.5820820820820000741, 0.0199381036470986546
1.5845845845849999556, 0.0195883638442101785
1.5870870870869999703, 0.0192494230566062248
1.5895895895900000738, 0.0189207838477565213
1.5920920920920000885, 0.0186019797064017264
1.5945945945949999700, 0.0182925726311950892
1.5970970970969999847, 0.0179921509404858439
1.5995995996000000883, 0.0177003272830773759
1.6021021021020001029, 0.0174167368287080522
1.6046046046049999845, 0.0171410356195295446
1.6071071071069999991, 0.0168728990660491698
1.6096096096100001027, 0.0166120205729164486
1.6121121121119998953, 0.0163581102815979033
1.6146146146149999989, 0.0161108939184415670
1.6171171171170000136, 0.0158701117379076231
1.6196196196199998951, 0.0156355175518604686
1.6221221221219999098, 0.0154068778368003870
1.6246246246250000134, 0.0151839709117787304
1.6271271271270000280, 0.0149665861805037409
1.6296296296299999096, 0.0147545234318183817
1.6321321321319999242, 0.0145475921933282543
1.6346346346350000278, 0.0143456111334861625
1.6371371371370000425, 0.0141484075079094107
1.6396396396399999240, 0.0139558166461227727
1.6421421421419999387, 0.0137676814752917698
1.6446446446450000423, 0.0135838520778416398
1.6471471471470000569, 0.0134041852801532330
1.6496496496499999385, 0.0132285442697912693
1.6521521521519999531, 0.0130567982389568748
1.6546546546550000567, 0.0128888220520686700
1.6571571571570000714, 0.0127244959355667688
1.6596596596599999529, 0.0125637051882054422
1.6621621621619999676, 0.0124063399102539093
1.6646646646650000712, 0.0122522947501636989
1.6671671671670000858, 0.0121014686673859388
1.6696696696699999674, 0.0119537647101351664
1.6721721721719999820, 0.0118090898069982009
1.6746746746750000856, 0.0116673545713793653
1.6771771771770001003, 0.0115284731178569057
1.6796796796799999818, 0.0113923628896016906
1.6821821821819999965, 0.0112589444960781663
1.6846846846850001000, 0.0111281415603104068
1.6871871871869998927, 0.0109998805750531545
1.6896896896899999962, 0.0108740907672597205
1.6921921921920000109, 0.0107507039702862475
1.6946946946949998924, 0.0106296545033147585
1.6971971971969999071, 0.0105108790575173701
1.6996996997000000107, 0.0103943165885199001
1.7022022022020000254, 0.0102799082147563350
1.7047047047049999069, 0.0101675971213358429
1.7072072072069999216, 0.0100573284690719141
1.7097097097100000251, 0.0099490493083486033
1.7122122122120000398, 0.0098427084975223102
1.7147147147149999213, 0.0097382566255790511
1.7172172172169999360, 0.0096356459387869874
1.7197197197200000396, 0.0095348302711021349
1.7222222222220000543, 0.0094357649781021263
1.7247247247249999358, 0.0093384068742380904
1.7272272272269999505, 0.0092427141732094164
1.7297297297300000540, 0.0091486464312789065
1.7322322322320000687, 0.0090561644933584168
1.7347347347349999502, 0.0089652304417060218
1.7372372372369999649, 0.0088758075470865005
1.7397397397400000685, 0.0087878602222562704
1.7422422422420000832, 0.0087013539776431073
1.7447447447449999647, 0.0086162553790992049
1.7472472472469999794, 0.0085325320076137905
1.7497497497500000829, 0.0084501524208787284
1.7522522522520000976, 0.0083690861166071523
1.7547547547549999791, 0.0082893034975114223
1.7572572572569999938, 0.0082107758378523465
1.7597597597600000974, 0.0081334752514770105
1.7622622622619998900, 0.0080573746612676300
1.7647647647649999936, 0.0079824477699283001
1.7672672672670000082, 0.0079086690320410505
1.7697697697699998898, 0.0078360136273264991
1.7722722722719999044, 0.0077644574350482932
1.7747747747750000080, 0.0076939770095040176
1.7772772772770000227, 0.0076245495565484380
1.7797797797799999042, 0.0075561529110982299
1.7822822822819999189, 0.0074887655155701210
1.7847847847850000225, 0.0074223663992069640
1.7872872872870000371, 0.0073569351582490833
1.7897897897899999187, 0.0072924519369102396
1.7922922922919999333, 0.0072288974091201229
1.7947947947950000369, 0.0071662527609971487
1.7972972972970000516, 0.0071044996740173231
1.7997997997999999331, 0.0070436203088469016
1.8023023023019999478, 0.0069835972898081057
1.8048048048050000514, 0.0069244136899489659
1.8073073073070000660, 0.0068660530166897420
1.8098098098099999476, 0.0068084991980198904
1.8123123123119999622, 0.0067517365692208826
1.8148148148150000658, 0.0066957498600914139
1.8173173173170000805, 0.0066405241826527819
1.8198198198199999620, 0.0065860450193133413
1.8223223223219999767, 0.0065322982114719604
1.8248248248250000803, 0.0064792699485414704
1.8273273273270000949, 0.0064269467573739858
1.8298298298299999765, 0.0063753154920709295
1.8323323323319999911, 0.0063243633241613700
1.8348348348350000947, 0.0062740777331331526
1.8373373373370001094, 0.0062244464973019746
1.8398398398399999909, 0.0061754576850043558
1.8423423423420000056, 0.0061270996461010585
1.8448448448450001091, 0.0060793610037781784
1.8473473473469999018, 0.0060322306466337287
1.8498498498500000053, 0.0059856977210381258
1.8523523523520000200, 0.0059397516237574763
1.8548548548549999015, 0.0058943819948291450
1.8573573573569999162, 0.0058495787106795094
1.8598598598600000198, 0.0058053318774743054
1.8623623623620000345, 0.0057616318246923905
1.8648648648649999160, 0.0057184690989141619
1.8673673673669999307, 0.0056758344578162669
1.8698698698700000342, 0.0056337188643646174
1.8723723723720000489, 0.0055921134811980720
1.8748748748749999304, 0.0055510096651954733
1.8773773773769999451, 0.0055103989622190827
1.8798798798800000487, 0.0054702731020277156
1.8823823823820000634, 0.0054306239933531990
1.8848848848849999449, 0.0053914437191340415
1.8873873873869999596, 0.0053527245319004678
1.8898898898900000631, 0.0053144588493052045
1.8923923923920000778, 0.0052766392497946690
1.8948948948949999593, 0.0052392584684154151
1.8973973973969999740, 0.0052023093927509112
1.8998998999000000776, 0.0051657850589839471
1.9024024024020000923, 0.0051296786480801203
1.9049049049049999738, 0.0050939834820880967
1.9074074074069999885, 0.0050586930205524664
1.9099099099100000920, 0.0050238008570352077
1.9124124124120001067, 0.0049893007157419452
1.9149149149149999882, 0.0049551864482493069
1.9174174174170000029, 0.0049214520303298755
1.9199199199200001065, 0.0048880915588713370
1.9224224224219998991, 0.0048550992488865709
1.9249249249250000027, 0.0048224694306115718
1.9274274274270000173, 0.0047901965466881982
1.9299299299299998989, 0.0047582751494288523
1.9324324324319999135, 0.0047266998981603352
1.9349349349350000171, 0.0046954655566442101
1.9374374374370000318, 0.0046645669905711045
1.9399399399399999133, 0.0046339991651264938
1.9424424424419999280, 0.0046037571426255953
1.9449449449450000316, 0.0045738360802150902
1.9474474474470000462, 0.0045442312276394821
1.9499499499499999278, 0.0045149379250699799
1.9524524524519999424, 0.0044859516009938608
1.9549549549550000460, 0.0044572677701623827
1.9574574574570000607, 0.0044288820315953248
1.9599599599599999422, 0.0044007900666403693
1.9624624624619999569, 0.0043729876370855649
1.9649649649650000605, 0.0043454705833231699
1.9674674674670000751, 0.0043182348225632950
1.9699699699699999567, 0.0042912763470957082
1.9724724724719999713, 0.0042645912225983762
1.9749749749750000749, 0.0042381755864912100
1.9774774774770000896, 0.0042120256463336666
1.9799799799799999711, 0.0041861376782648171
1.9824824824819999858, 0.0041605080254845878
1.9849849849850000894, 0.0041351330967749240
1.9874874874870001040, 0.0041100093650596270
1.9899899899899999856, 0.0040851333660017423
1.9924924924920000002, 0.0040605016966372984
1.9949949949950001038, 0.0040361110140443648
1.9974974974969998964, 0.0040119580340463278
2.0000000000000000000, 0.0039880395299483930
