# k1_lab: [1, 0, 0]
# k2_lab: [-0.8660254037844387, 0.49999999999999994, 0.0]
# k1_cf: [-0.42261826174069933, -0.90630778703665, 0.0]
# k2_cf: [0.8191520442889917, 0.5735764363510463, 0.0]
# pol1_lab: [(0, 1, 0), (0, 0, 1)]
# pol2_lab: [array([-0.5      , -0.8660254,  0.       ]), array([0., 0., 1.])]
# pol1_cf: [array([ 0.90630779, -0.42261826,  0.        ]), array([0., 0., 1.])]
# pol2_cf: [array([-0.57357644,  0.81915204,  0.        ]), array([0., 0., 1.])]
# cf: [array([-0.42261826,  0.90630779,  0.        ]), array([-0.90630779, -0.42261826,  0.        ]), array([0., 0., 1.])]
# th: 70
-0.5000000000000000000, 0.0098785288159475206
-0.4974974974974999964, 0.0099714847919428647
-0.4949949949949999928, 0.0100658178525620638
-0.4924924924924999892, 0.0101615557714687076
-0.4899899899899999856, 0.0102587270302726720
-0.4874874874874999819, 0.0103573608403475775
-0.4849849849849999783, 0.0104574871654375193
-0.4824824824824999747, 0.0105591367450858960
-0.4799799799800000266, 0.0106623411189207141
-0.4774774774775000230, 0.0107671326518323368
-0.4749749749750000194, 0.0108735445600813777
-0.4724724724725000158, 0.0109816109383762510
-0.4699699699700000122, 0.0110913667879617307
-0.4674674674675000086, 0.0112028480457619633
-0.4649649649650000049, 0.0113160916146234063
-0.4624624624625000013, 0.0114311353947054006
-0.4599599599599999977, 0.0115480183160685170
-0.4574574574574999941, 0.0116667803725130515
-0.4549549549549999905, 0.0117874626567230373
-0.4524524524524999869, 0.0119101073967734158
-0.4499499499499000077, 0.0120347579940614340
-0.4474474474474000041, 0.0121614590627258465
-0.4449449449449000005, 0.0122902564706212775
-0.4424424424423999969, 0.0124211973819181656
-0.4399399399398999932, 0.0125543303014023899
-0.4374374374373999896, 0.0126897051205527162
-0.4349349349348999860, 0.0128273731654779018
-0.4324324324323999824, 0.0129673872467999402
-0.4299299299298999788, 0.0131098017115741754
-0.4274274274273999752, 0.0132546724973419995
-0.4249249249249000271, 0.0134020571884168327
-0.4224224224224000235, 0.0135520150745094929
-0.4199199199199000199, 0.0137046072118047878
-0.4174174174174000163, 0.0138598964866072198
-0.4149149149149000126, 0.0140179476816800694
-0.4124124124124000090, 0.0141788275454089001
-0.4099099099099000054, 0.0143426048639279397
-0.4074074074074000018, 0.0145093505363551537
-0.4049049049048999982, 0.0146791376532902640
-0.4024024024023999946, 0.0148520415787384095
-0.3998998998998999910, 0.0150281400356315244
-0.3973973973973999874, 0.0152075131951290229
-0.3948948948948999838, 0.0153902437698900905
-0.3923923923923999801, 0.0155764171115206906
-0.3898898898898999765, 0.0157661213124102861
-0.3873873873873999729, 0.0159594473121858274
-0.3848848848849000248, 0.0161564890090238299
-0.3823823823824000212, 0.0163573433760755768
-0.3798798798799000176, 0.0165621105832758943
-0.3773773773774000140, 0.0167708941248217655
-0.3748748748749000104, 0.0169838009526245975
-0.3723723723724000068, 0.0172009416160581810
-0.3698698698699000031, 0.0174224304083442777
-0.3673673673673999995, 0.0176483855199385670
-0.3648648648648999959, 0.0178789291993023333
-0.3623623623623999923, 0.0181141879214691062
-0.3598598598598999887, 0.0183542925648414353
-0.3573573573573999851, 0.0185993785966802189
-0.3548548548548999815, 0.0188495862677785994
-0.3523523523523999779, 0.0191050608168440127
-0.3498498498497999987, 0.0193659526851456820
-0.3473473473472999951, 0.0196324177420212284
-0.3448448448447999914, 0.0199046175218748587
-0.3423423423422999878, 0.0201827194733415066
-0.3398398398397999842, 0.0204668972213358294
-0.3373373373372999806, 0.0207573308427536699
-0.3348348348347999770, 0.0210542071566447338
-0.3323323323322999734, 0.0213577200297314883
-0.3298298298298000253, 0.0216680706982089050
-0.3273273273273000217, 0.0219854681068243733
-0.3248248248248000181, 0.0223101292663065755
-0.3223223223223000145, 0.0226422796302870877
-0.3198198198198000108, 0.0229821534929392571
-0.3173173173173000072, 0.0233299944086463248
-0.3148148148148000036, 0.0236860556351047268
-0.3123123123123000000, 0.0240506006013704240
-0.3098098098097999964, 0.0244239034024660642
-0.3073073073072999928, 0.0248062493222858844
-0.3048048048047999892, 0.0251979353866641498
-0.3023023023022999856, 0.0255992709486119879
-0.2997997997997999819, 0.0260105783078796518
-0.2972972972972999783, 0.0264321933671640072
-0.2947947947947999747, 0.0268644663274602361
-0.2922922922923000266, 0.0273077624252493281
-0.2897897897898000230, 0.0277624627144227795
-0.2872872872873000194, 0.0282289648960752683
-0.2847847847848000158, 0.0287076841995436392
-0.2822822822823000122, 0.0291990543183415739
-0.2797797797798000086, 0.0297035284049348390
-0.2772772772773000050, 0.0302215801286226660
-0.2747747747748000013, 0.0307537048011430683
-0.2722722722722999977, 0.0313004205750028325
-0.2697697697697999941, 0.0318622697199521104
-0.2672672672672999905, 0.0324398199834831924
-0.2647647647647999869, 0.0330336660417340500
-0.2622622622622999833, 0.0336444310477286013
-0.2597597597597999797, 0.0342727682844891149
-0.2572572572572999761, 0.0349193629312183965
-0.2547547547547999724, 0.0355849339514783536
-0.2522522522523000243, 0.0362702361130910964
-0.2497497497496999896, 0.0369760621503708031
-0.2472472472472000138, 0.0377032450802648814
-0.2447447447447000102, 0.0384526606850537772
-0.2422422422422000066, 0.0392252301754401622
-0.2397397397397000030, 0.0400219230491642153
-0.2372372372371999993, 0.0408437601617249735
-0.2347347347346999957, 0.0416918170273875774
-0.2322322322321999921, 0.0425672273704265358
-0.2297297297296999885, 0.0434711869485219851
-0.2272272272272000126, 0.0444049576724088665
-0.2247247247247000090, 0.0453698720483063575
-0.2222222222222000054, 0.0463673379723576820
-0.2197197197197000018, 0.0473988439093221484
-0.2172172172171999982, 0.0484659644911215048
-0.2147147147146999946, 0.0495703665745979641
-0.2122122122121999910, 0.0507138158020393123
-0.2097097097096999874, 0.0518981837127312357
-0.2072072072072000115, 0.0531254554590702283
-0.2047047047047000079, 0.0543977381866936963
-0.2022022022022000043, 0.0557172701447434873
-0.1996996996997000007, 0.0570864305998781060
-0.1971971971971999971, 0.0585077506361050062
-0.1946946946946999935, 0.0599839249320531509
-0.1921921921921999898, 0.0615178246181066896
-0.1896896896896999862, 0.0631125113280524563
-0.1871871871872000104, 0.0647712525737729888
-0.1846846846847000068, 0.0664975385872865615
-0.1821821821822000032, 0.0682951007923840725
-0.1796796796796999995, 0.0701679320885787300
-0.1771771771771999959, 0.0721203091534568658
-0.1746746746746999923, 0.0741568169962605606
-0.1721721721721999887, 0.0762823760261883421
-0.1696696696697000128, 0.0785022719341060549
-0.1671671671672000092, 0.0808221887268686795
-0.1646646646647000056, 0.0832482453001633649
-0.1621621621622000020, 0.0857870359897479340
-0.1596596596596999984, 0.0884456756034388836
-0.1571571571571999948, 0.0912318495087027365
-0.1546546546546999912, 0.0941538694350163713
-0.1521521521521999876, 0.0972207357484379947
-0.1496496496496000084, 0.1004422070706656317
-0.1471471471471000048, 0.1038288782493579782
-0.1446446446446000011, 0.1073922678444433620
-0.1421421421420999975, 0.1111449164811037643
-0.1396396396395999939, 0.1151004976396652058
-0.1371371371370999903, 0.1192739427125503460
-0.1346346346345999867, 0.1236815824670560587
-0.1321321321321000108, 0.1283413074202553461
-0.1296296296296000072, 0.1332727500713819235
-0.1271271271271000036, 0.1384974924632586812
-0.1246246246246000000, 0.1440393031770946519
-0.1221221221220999964, 0.1499244086285007882
-0.1196196196196000067, 0.1561818044572289566
-0.1171171171171000031, 0.1628436139271184913
-0.1146146146145999994, 0.1699455016243270611
-0.1121121121120999958, 0.1775271524224813491
-0.1096096096096000061, 0.1856328277512179770
-0.1071071071071000025, 0.1943120137601301312
-0.1046046046045999989, 0.2036201791429905761
-0.1021021021020999953, 0.2136196643452877575
-0.0995995995996000055, 0.2243807288407964617
-0.0970970970971000019, 0.2359827894177436158
-0.0945945945945900063, 0.2485158903419655840
-0.0920920920920900027, 0.2620824563683255004
-0.0895895895895899991, 0.2767993925285323620
-0.0870870870870899955, 0.2928006113450351555
-0.0845845845845799998, 0.3102400898455501266
-0.0820820820820799962, 0.3292955871779464361
-0.0795795795795800065, 0.3501731910951387250
-0.0770770770770800029, 0.3731129113626031613
-0.0745745745745699934, 0.3983956048370660974
-0.0720720720720700037, 0.4263516071130385443
-0.0695695695695700000, 0.4573715686307404105
-0.0670670670670699964, 0.4919201626407024852
-0.0645645645645600008, 0.5305535685156217429
-0.0620620620620599972, 0.5739419665240693691
-0.0595595595595600005, 0.6228987545617885591
-0.0570570570570599969, 0.6784188828296493501
-0.0545545545545500013, 0.7417297071115219742
-0.0520520520520499977, 0.8143592564178607773
-0.0495495495495500010, 0.8982290728910813371
-0.0470470470470499974, 0.9957822666921022359
-0.0445445445445400018, 1.1101629035199329643
-0.0420420420420399982, 1.2454716312336546746
-0.0395395395395400015, 1.4071368990961965473
-0.0370370370370399979, 1.6024655023656770858
-0.0345345345345300023, 1.8414785425945212616
-0.0320320320320299987, 2.1382149311301850148
-0.0295295295295299985, 2.5128261755073757477
-0.0270270270270299984, 2.9950611821842016980
-0.0245245245245199993, 3.6302999961205837387
-0.0220220220220199991, 4.4905015280640077080
-0.0195195195195199990, 5.6952010809244555389
-0.0170170170170199989, 7.4545667549871810209
-0.0145145145145099998, 10.1652236925014811675
-0.0120120120120099996, 14.6464992349179734532
-0.0095095095095099995, 22.8039603739225853474
-0.0070070070070070000, 39.8311969086707193810
-0.0045045045045049997, 83.0614439109584736798
-0.0020020020020019998, 214.9001578595501769087
0.0005005005005005000, 339.1180484820617380137
0.0030030030030029999, 144.3843657267309481540
0.0055055055055059999, 60.2980174349222366459
0.0080080080080079993, 31.3255891809722264441
0.0105105105105099995, 18.8894042958114454223
0.0130130130130099997, 12.5576445442619171189
0.0155155155155200005, 8.9286653536124553909
0.0180180180180199989, 6.6651518084533121211
0.0205205205205199991, 5.1617160209580985608
0.0230230230230199992, 4.1136475399038943124
0.0255255255255299983, 3.3545154257796374608
0.0280280280280299984, 2.7873463898404939876
0.0305305305305299986, 2.3526040376731409687
0.0330330330330299987, 2.0121248901219925820
0.0355355355355400013, 1.7405446643453170719
0.0380380380380399979, 1.5204791837278530675
0.0405405405405400016, 1.3396941454827719920
0.0430430430430399982, 1.1893791114195650938
0.0455455455455500008, 1.0630599210400601962
0.0480480480480499975, 0.9558934748876170007
0.0505505505505500011, 0.8641987426445423282
0.0530530530530499977, 0.7851377713876211972
0.0555555555555600003, 0.7164943035673680960
0.0580580580580599970, 0.6565173239353163659
0.0605605605605600006, 0.6038086615938512702
0.0630630630630600042, 0.5572410265493259462
0.0655655655655699998, 0.5158974186865904477
0.0680680680680700034, 0.4790257721344826636
0.0705705705705699932, 0.4460046108324094982
0.0730730730730699968, 0.4163167639734073333
0.0755755755755800063, 0.3895290506886192050
0.0780780780780799960, 0.3652764340036477320
0.0805805805805799996, 0.3432495550545545671
0.0830830830830800032, 0.3231848481461347955
0.0855855855855899988, 0.3048566437476109559
0.0880880880880900025, 0.2880708154306053648
0.0905905905905900061, 0.2726596352501367559
0.0930930930930899958, 0.2584775818942531833
0.0955955955956000053, 0.2453979051991396210
0.0980980980980999950, 0.2333097950179496560
0.1006006006005999986, 0.2221160359506336446
0.1031031031031000023, 0.2117310549471191350
0.1056056056056000059, 0.2020792883452793565
0.1081081081080999956, 0.1930938099929132012
0.1106106106105999992, 0.1847151738241551155
0.1131131131131000028, 0.1768904334234654152
0.1156156156156000064, 0.1695723083156697175
0.1181181181180999962, 0.1627184724187108189
0.1206206206205999998, 0.1562909446264246494
0.1231231231231000034, 0.1502555651096061373
0.1256256256256000070, 0.1445815438317951118
0.1281281281281000106, 0.1392410701229562509
0.1306306306305999865, 0.1342089740564778311
0.1331331331330999901, 0.1294624319235533338
0.1356356356355999937, 0.1249807093650203704
0.1381381381380999973, 0.1207449367598190798
0.1406406406406000009, 0.1167379123253539791
0.1431431431431000045, 0.1129439290930157047
0.1456456456456000081, 0.1093486225096643033
0.1481481481481000118, 0.1059388359051487982
0.1506506506506999910, 0.1027025014747181275
0.1531531531531999946, 0.0996285347677993149
0.1556556556556999982, 0.0967067409626705815
0.1581581581582000018, 0.0939277314494523508
0.1606606606607000054, 0.0912828494492383402
0.1631631631632000090, 0.0887641035713764293
0.1656656656657000126, 0.0863641083590120928
0.1681681681681999885, 0.0840760309992691079
0.1706706706706999921, 0.0818935434823550024
0.1731731731731999957, 0.0798107795863284147
0.1756756756756999993, 0.0778222961436783878
0.1781781781782000029, 0.0759230381142016048
0.1806806806807000065, 0.0741083070476460243
0.1831831831832000101, 0.0723737325705746948
0.1856856856857000138, 0.0707152465760863685
0.1881881881881999896, 0.0691290598334099449
0.1906906906906999932, 0.0676116407677686410
0.1931931931931999968, 0.0661596961900350472
0.1956956956957000004, 0.0647701537811379152
0.1981981981982000041, 0.0634401461584542387
0.2007007007007000077, 0.0621669963709720469
0.2032032032032000113, 0.0609482046871845998
0.2057057057056999871, 0.0597814365548189480
0.2082082082081999908, 0.0586645116248689508
0.2107107107106999944, 0.0575953937442258979
0.2132132132131999980, 0.0565721818316974254
0.2157157157157000016, 0.0555931015615272334
0.2182182182182000052, 0.0546564977868507149
0.2207207207207000088, 0.0537608276429578161
0.2232232232232000124, 0.0529046542769054939
0.2257257257256999883, 0.0520866411560354237
0.2282282282281999919, 0.0513055469133783942
0.2307307307306999955, 0.0505602206928661563
0.2332332332331999991, 0.0498495979617738366
0.2357357357357000027, 0.0491726967619540156
0.2382382382382000063, 0.0485286143752548110
0.2407407407407000099, 0.0479165243820779962
0.2432432432432000136, 0.0473356740953925631
0.2457457457456999894, 0.0467853823557052018
0.2482482482481999930, 0.0462650376755485426
0.2507507507508000000, 0.0457740967250247072
0.2532532532533000036, 0.0453120831528628296
0.2557557557558000072, 0.0448785867403729624
0.2582582582583000108, 0.0444732628886232162
0.2607607607608000144, 0.0440958324421924786
0.2632632632633000180, 0.0437460818559924774
0.2657657657658000216, 0.0434238637149537005
0.2682682682683000253, 0.0431290976198959591
0.2707707707707999734, 0.0428617714566951816
0.2732732732732999770, 0.0426219430699923268
0.2757757757757999806, 0.0424097423672352355
0.2782782782782999842, 0.0422253738838792303
0.2807807807807999878, 0.0420691198462045113
0.2832832832832999914, 0.0419413437745369197
0.2857857857857999950, 0.0418424946768238409
0.2882882882882999986, 0.0417731118906682214
0.2907907907908000023, 0.0417338306412387977
0.2932932932933000059, 0.0417253883931754110
0.2957957957958000095, 0.0417486320869395189
0.2982982982983000131, 0.0418045263643329890
0.3008008008008000167, 0.0418941629044827166
0.3033033033033000203, 0.0420187710108991391
0.3058058058058000239, 0.0421797296127955634
0.3083083083083000275, 0.0423785808703298073
0.3108108108107999756, 0.0426170456045805446
0.3133133133132999792, 0.0428970408098303807
0.3158158158157999829, 0.0432206995492489601
0.3183183183182999865, 0.0435903935867569745
0.3208208208207999901, 0.0440087591694386104
0.3233233233232999937, 0.0444787264484951816
0.3258258258257999973, 0.0450035531150459744
0.3283283283283000009, 0.0455868629333885320
0.3308308308308000045, 0.0462326899827489937
0.3333333333333000081, 0.0469455295742697981
0.3358358358358000118, 0.0477303969995172689
0.3383383383383000154, 0.0485928954984202188
0.3408408408408000190, 0.0495392951187922162
0.3433433433433000226, 0.0505766244898999753
0.3458458458458000262, 0.0517127779662238107
0.3483483483482999743, 0.0529566411369659235
0.3508508508509000090, 0.0543182383710660993
0.3533533533534000126, 0.0558089069144814681
0.3558558558559000162, 0.0574415031262540260
0.3583583583584000198, 0.0592306477986263222
0.3608608608609000235, 0.0611930192423703057
0.3633633633634000271, 0.0633477050500096811
0.3658658658658999752, 0.0657166263369083209
0.3683683683683999788, 0.0683250520215743506
0.3708708708708999824, 0.0712022256420784955
0.3733733733733999860, 0.0743821337311590114
0.3758758758758999896, 0.0779044534704593089
0.3783783783783999932, 0.0818157290367397400
0.3808808808808999968, 0.0861708419136769238
0.3833833833834000004, 0.0910348621661581231
0.3858858858859000041, 0.0964853977332970486
0.3883883883884000077, 0.1026156008484718912
0.3908908908909000113, 0.1095380502174152781
0.3933933933934000149, 0.1173898129022032805
0.3958958958959000185, 0.1263391138113673651
0.3983983983984000221, 0.1365942234232919161
0.4009009009009000257, 0.1484154480196607229
0.4034034034033999738, 0.1621315235885158468
0.4059059059058999774, 0.1781623615811659400
0.4084084084083999810, 0.1970511195780599578
0.4109109109108999847, 0.2195102299774628618
0.4134134134133999883, 0.2464887758433686737
0.4159159159158999919, 0.2792733053402599031
0.4184184184183999955, 0.3196424473672067612
0.4209209209208999991, 0.3701107457147741475
0.4234234234234000027, 0.4343256100800701458
0.4259259259259000063, 0.5177375881580141836
0.4284284284284000099, 0.6287812560218163371
0.4309309309309000136, 0.7810622768554058570
0.4334334334334000172, 0.9976565394901883987
0.4359359359359000208, 1.3201937367191192152
0.4384384384384000244, 1.8298391932254567394
0.4409409409408999725, 2.7015173581674112313
0.4434434434433999761, 4.3657022982226614261
0.4459459459458999797, 8.0870392956564884912
0.4484484484483999833, 18.4164552415189497481
0.4509509509510000180, 47.1297382715354800098
0.4534534534535000216, 40.7870708363236502692
0.4559559559560000253, 15.5791486681027500083
0.4584584584584999734, 7.1373300185963390874
0.4609609609609999770, 3.9675027216968992150
0.4634634634634999806, 2.5020449877485493317
0.4659659659659999842, 1.7165807062064444288
0.4684684684684999878, 1.2497412134574881204
0.4709709709709999914, 0.9506603702342815154
0.4734734734734999950, 0.7479049520911194016
0.4759759759759999986, 0.6042637410914523111
0.4784784784785000022, 0.4988563890256938471
0.4809809809810000059, 0.4192498175776064318
0.4834834834835000095, 0.3576736525398547806
0.4859859859860000131, 0.3090724059471438023
0.4884884884885000167, 0.2700435130437268683
0.4909909909910000203, 0.2382295980600433738
0.4934934934935000239, 0.2119560212814974587
0.4959959959960000275, 0.1900068765449283992
0.4984984984984999756, 0.1714821927587789618
0.5010010010009999792, 0.1557043865092727630
0.5035035035035000384, 0.1421554815783088732
0.5060060060059999865, 0.1304340593417291083
0.5085085085085000456, 0.1202251629478187367
0.5110110110109999937, 0.1112788872896987996
0.5135135135135000528, 0.1033949051743322106
0.5160160160160000009, 0.0964111214568080244
0.5185185185184999490, 0.0901952434956859311
0.5210210210210000081, 0.0846384420178681179
0.5235235235234999562, 0.0796505304971149852
0.5260260260260000154, 0.0751562612683440157
0.5285285285284999635, 0.0710924523140183950
0.5310310310310000226, 0.0674057385067019788
0.5335335335334999707, 0.0640507969298165919
0.5360360360360000298, 0.0609889354337336057
0.5385385385384999779, 0.0581869619021604390
0.5410410410410000370, 0.0556162722076401217
0.5435435435434999851, 0.0532521098322085093
0.5460460460460000442, 0.0510729612036624203
0.5485485485484999924, 0.0490600590490992000
0.5510510510510999715, 0.0471969722671851527
0.5535535535536000307, 0.0454692655163104892
0.5560560560560999788, 0.0438642152991396139
0.5585585585586000379, 0.0423705720781819353
0.5610610610610999860, 0.0409783600881365589
0.5635635635636000451, 0.0396787081704663841
0.5660660660660999932, 0.0384637062561380833
0.5685685685686000523, 0.0373262831474209245
0.5710710710711000004, 0.0362601020619373673
0.5735735735735999485, 0.0352594710493395330
0.5760760760761000077, 0.0343192659092289923
0.5785785785785999558, 0.0334348636559416851
0.5810810810811000149, 0.0326020849129214224
0.5835835835835999630, 0.0318171438931252812
0.5860860860861000221, 0.0310766048451084492
0.5885885885885999702, 0.0303773440271912186
0.5910910910911000293, 0.0297165164223374134
0.5935935935935999774, 0.0290915265303256856
0.5960960960961000366, 0.0285000026764428670
0.5985985985985999847, 0.0279397743612289397
0.6011011011011000438, 0.0274088522469292800
0.6036036036035999919, 0.0269054104358075682
0.6061061061061000510, 0.0264277707454020419
0.6086086086085999991, 0.0259743887278322330
0.6111111111110999472, 0.0255438412157388411
0.6136136136136000063, 0.0251348152074723462
0.6161161161160999544, 0.0247460979296383540
0.6186186186186000135, 0.0243765679368062524
0.6211211211210999616, 0.0240251871267020377
0.6236236236236000208, 0.0236909935650445880
0.6261261261260999689, 0.0233730950277648356
0.6286286286286000280, 0.0230706631800203510
0.6311311311310999761, 0.0227829283214722837
0.6336336336336000352, 0.0225091746359727674
0.6361361361360999833, 0.0222487358913210642
0.6386386386386000424, 0.0220009915412580255
0.6411411411410999905, 0.0217653631875250261
0.6436436436436000497, 0.0215413113647367621
0.6461461461460999978, 0.0213283326151114463
0.6486486486485999459, 0.0211259568238531537
0.6511511511512000361, 0.0209337447892650463
0.6536536536536999842, 0.0207512860045512698
0.6561561561562000433, 0.0205781966307946804
0.6586586586586999914, 0.0204141176428225234
0.6611611611612000505, 0.0202587131316333893
0.6636636636636999986, 0.0201116687487897343
0.6661661661661999467, 0.0199726902797107905
0.6686686686687000059, 0.0198415023341555335
0.6711711711711999540, 0.0197178471433875485
0.6736736736737000131, 0.0196014834545805809
0.6761761761761999612, 0.0194921855139729358
0.6786786786787000203, 0.0193897421311245259
0.6811811811811999684, 0.0192939558173845400
0.6836836836837000275, 0.0192046419923511957
0.6861861861861999756, 0.0191216282527079118
0.6886886886887000347, 0.0190447536983597947
0.6911911911911999828, 0.0189738683112785425
0.6936936936937000420, 0.0189088323828987062
0.6961961961961999901, 0.0188495159862993658
0.6986986986987000492, 0.0187957984897577160
0.7012012012011999973, 0.0187475681085785273
0.7037037037036999454, 0.0187047214923909445
0.7062062062062000045, 0.0186671633453633738
0.7087087087086999526, 0.0186348060770227322
0.7112112112112000117, 0.0186075694815778514
0.7137137137136999598, 0.0185853804438408203
0.7162162162162000190, 0.0185681726700169178
0.7187187187186999671, 0.0185558864417950387
0.7212212212212000262, 0.0185484683923177844
0.7237237237236999743, 0.0185458713027456083
0.7262262262262000334, 0.0185480539182531351
0.7287287287286999815, 0.0185549807824101146
0.7312312312312000406, 0.0185666220890044441
0.7337337337336999887, 0.0185829535504624353
0.7362362362362000479, 0.0186039562821115403
0.7387387387386999960, 0.0186296167016153993
0.7412412412412000551, 0.0186599264429894440
0.7437437437437000032, 0.0186948822846794357
0.7462462462461999513, 0.0187344860912548039
0.7487487487487000104, 0.0187787447683348610
0.7512512512512999896, 0.0188276702304284310
0.7537537537538000487, 0.0188812793814278242
0.7562562562562999968, 0.0189395941075558259
0.7587587587587999449, 0.0190026412826201953
0.7612612612613000040, 0.0190704527854849912
0.7637637637637999521, 0.0191430655297211427
0.7662662662663000113, 0.0192205215054519034
0.7687687687687999594, 0.0193028678334606976
0.7712712712713000185, 0.0193901568316817603
0.7737737737737999666, 0.0194824460942464341
0.7762762762763000257, 0.0195797985833115959
0.7787787787787999738, 0.0196822827339511106
0.7812812812813000329, 0.0197899725724471967
0.7837837837837999810, 0.0199029478483762415
0.7862862862863000402, 0.0200212941809434775
0.7887887887887999883, 0.0201451032200833900
0.7912912912913000474, 0.0202744728229080420
0.7937937937937999955, 0.0204095072461544028
0.7962962962963000546, 0.0205503173553545325
0.7987987987988000027, 0.0206970208515296107
0.8013013013012999508, 0.0208497425162908340
0.8038038038038000099, 0.0210086144763181742
0.8063063063062999580, 0.0211737764882816148
0.8088088088088000172, 0.0213453762453705183
0.8113113113112999653, 0.0215235697067052770
0.8138138138138000244, 0.0217085214510224708
0.8163163163162999725, 0.0219004050561513314
0.8188188188188000316, 0.0220994035059363068
0.8213213213212999797, 0.0223057096264094139
0.8238238238238000388, 0.0225195265531773665
0.8263263263262999869, 0.0227410682321644887
0.8288288288288000460, 0.0229705599560440857
0.8313313313312999941, 0.0232082389389000575
0.8338338338338000533, 0.0234543549318890349
0.8363363363363000014, 0.0237091708829237496
0.8388388388387999495, 0.0239729636436719490
0.8413413413413000086, 0.0242460247274664253
0.8438438438437999567, 0.0245286611220506753
0.8463463463463000158, 0.0248211961614491737
0.8488488488487999639, 0.0251239704616491658
0.8513513513514000541, 0.0254373429252220534
0.8538538538539000022, 0.0257616918204978534
0.8563563563563999503, 0.0260974159414415589
0.8588588588589000095, 0.0264449358549746980
0.8613613613613999576, 0.0268046952431401364
0.8638638638639000167, 0.0271771623482360766
0.8663663663663999648, 0.0275628315298524669
0.8688688688689000239, 0.0279622249436373496
0.8713713713713999720, 0.0283758943526195434
0.8738738738739000311, 0.0288044230830214118
0.8763763763763999792, 0.0292484281377327696
0.8788788788789000384, 0.0297085624819981298
0.8813813813813999865, 0.0301855175174090967
0.8838838838839000456, 0.0306800257620225246
0.8863863863863999937, 0.0311928637563559999
0.8888888888889000528, 0.0317248552171817549
0.8913913913914000009, 0.0322768744634777255
0.8938938938938999490, 0.0328498501416326291
0.8963963963964000081, 0.0334447692800931909
0.8988988988988999562, 0.0340626817071222610
0.9014014014014000153, 0.0347047048692738572
0.9039039039038999634, 0.0353720290926456335
0.9064064064064000226, 0.0360659233340146074
0.9089089089088999707, 0.0367877414746955109
0.9114114114114000298, 0.0375389292164737473
0.9139139139138999779, 0.0383210316463862624
0.9164164164164000370, 0.0391357015455918306
0.9189189189188999851, 0.0399847085272442490
0.9214214214214000442, 0.0408699490993672046
0.9239239239238999923, 0.0417934577614349906
0.9264264264264000515, 0.0427574192579738138
0.9289289289288999996, 0.0437641821293231689
0.9314314314313999477, 0.0448162737191065280
0.9339339339339000068, 0.0459164168204158896
0.9364364364363999549, 0.0470675481687272204
0.9389389389389000140, 0.0482728390197817714
0.9414414414413999621, 0.0495357180858455037
0.9439439439439000212, 0.0508598971447966897
0.9464464464463999693, 0.0522493996845063077
0.9489489489489000285, 0.0537085930012625445
0.9514514514515000076, 0.0552422242371729127
0.9539539539539999558, 0.0568554609194905497
0.9564564564565000149, 0.0585539366570144784
0.9589589589589999630, 0.0603438027580287389
0.9614614614615000221, 0.0622317866641928716
0.9639639639639999702, 0.0642252582497725710
0.9664664664665000293, 0.0663323052210026687
0.9689689689689999774, 0.0685618190728888022
0.9714714714715000365, 0.0709235933287581666
0.9739739739739999846, 0.0734284361117534812
0.9764764764765000438, 0.0760882994903595011
0.9789789789789999919, 0.0789164285184647957
0.9814814814815000510, 0.0819275334753032380
0.9839839839839999991, 0.0851379895285751531
0.9864864864864999472, 0.0885660689291425940
0.9889889889890000063, 0.0922322119418026443
0.9914914914914999544, 0.0961593440804170280
0.9939939939940000135, 0.1003732489207751905
0.9964964964964999616, 0.1049030079074224492
0.9989989989990000208, 0.1097815212780411526
1.0015015015019999023, 0.1150461276688930223
1.0040040040039999170, 0.1207393443612640310
1.0065065065070000205, 0.1269097557827041090
1.0090090090090000352, 0.1336130851951980725
1.0115115115119999167, 0.1409134940403785619
1.0140140140139999314, 0.1488851659329732680
1.0165165165170000350, 0.1576142488567315592
1.0190190190190000497, 0.1672012512046783528
1.0215215215219999312, 0.1777640170135283970
1.0240240240239999459, 0.1894414460641426490
1.0265265265270000494, 0.2023981797796433613
1.0290290290290000641, 0.2168305503674750057
1.0315315315319999456, 0.2329741977678788378
1.0340340340339999603, 0.2511139107021940209
1.0365365365370000639, 0.2715964657719397990
1.0390390390390000785, 0.2948475550557920211
1.0415415415419999601, 0.3213943596557393700
1.0440440440439999747, 0.3518960267296650790
1.0465465465470000783, 0.3871853752423943251
1.0490490490490000930, 0.4283268147729138442
1.0515515515519999745, 0.4766980931472463712
1.0540540540539999892, 0.5341077571479706521
1.0565565565570000928, 0.6029673083887270302
1.0590590590590001074, 0.6865491681975161020
1.0615615615619999890, 0.7893829471423285948
1.0640640640640000036, 0.9178815197794260028
1.0665665665670001072, 1.0813623835130719009
1.0690690690689998998, 1.2937764580173127804
1.0715715715720000034, 1.5767625357687946597
1.0740740740740000181, 1.9653232603753874042
1.0765765765769998996, 2.5190275763736673653
1.0790790790789999143, 3.3457972342233470719
1.0815815815820000179, 4.6571894296766886967
1.0840840840840000325, 6.9123865525443859426
1.0865865865869999141, 11.2521664175759212867
1.0890890890889999287, 21.0697948558508514338
1.0915915915920000323, 48.6928977296740157499
1.0940940940940000470, 122.4363507316030847960
1.0965965965969999285, 96.2806167184764660760
1.0990990990989999432, 36.7842061532041242344
1.1016016016020000468, 17.0906118590094031617
1.1041041041040000614, 9.5914649244345202561
1.1066066066069999430, 6.0876779076509297539
1.1091091091089999576, 4.1962749358842801328
1.1116116116120000612, 3.0666822783826499510
1.1141141141140000759, 2.3406505028769934995
1.1166166166169999574, 1.8474271232336239024
1.1191191191189999721, 1.4976102732213223412
1.1216216216220000756, 1.2408331296157644186
1.1241241241240000903, 1.0470090393570188336
1.1266266266269999718, 0.8972858378535658597
1.1291291291289999865, 0.7793723261782333767
1.1316316316320000901, 0.6849820471664814781
1.1341341341340001048, 0.6083664525757916941
1.1366366366369999863, 0.5454380574774460033
1.1391391391390000010, 0.4932274572322495887
1.1416416416420001045, 0.4495365937436970327
1.1441441441439998972, 0.4127112813926258061
1.1466466466470000007, 0.3814883647191363858
1.1491491491490000154, 0.3548908147165255600
1.1516516516519998969, 0.3321543458708829388
1.1541541541539999116, 0.3126752002966044497
1.1566566566570000152, 0.2959724209747309209
1.1591591591590000299, 0.2816602183507010415
1.1616616616619999114, 0.2694274830261136344
1.1641641641639999261, 0.2590224352181200174
1.1666666666670000296, 0.2502410203511513664
1.1691691691690000443, 0.2429180753492439782
1.1716716716719999258, 0.2369205734217188775
1.1741741741739999405, 0.2321424514075365320
1.1766766766770000441, 0.2285006619336888978
1.1791791791790000588, 0.2259321915871903563
1.1816816816819999403, 0.2243918585084856143
1.1841841841839999550, 0.2238507567552641131
1.1866866866870000585, 0.2242952563261224608
1.1891891891890000732, 0.2257265010624775470
1.1916916916919999547, 0.2281603748903864859
1.1941941941939999694, 0.2316279325087262642
1.1966966966970000730, 0.2361763158412031327
1.1991991991990000876, 0.2418702044508739268
1.2017017017019999692, 0.2487938789614972390
1.2042042042039999838, 0.2570540141053723748
1.2067067067070000874, 0.2667833659159419835
1.2092092092090001021, 0.2781455807245781231
1.2117117117119999836, 0.2913414389808282601
1.2142142142139999983, 0.3066169646421763040
1.2167167167170001019, 0.3242739960361593621
1.2192192192189998945, 0.3446840494425400525
1.2217217217219999981, 0.3683066471506351580
1.2242242242240000127, 0.3957137820979530485
1.2267267267269998943, 0.4276229384383380405
1.2292292292289999089, 0.4649422227809771324
1.2317317317320000125, 0.5088329184212778689
1.2342342342340000272, 0.5607975512213452252
1.2367367367369999087, 0.6228060396020602685
1.2392392392389999234, 0.6974799211779971753
1.2417417417420000270, 0.7883672636504956976
1.2442442442440000416, 0.9003629693111439014
1.2467467467469999232, 1.0403692318828996477
1.2492492492489999378, 1.2183662895325177988
1.2517517517520000414, 1.4492117934237744858
1.2542542542540000561, 1.7557932079162510419
1.2567567567569999376, 2.1748275325227881538
1.2592592592589999523, 2.7681713332100215119
1.2617617617620000559, 3.6464858483034978676
1.2642642642640000705, 5.0232411624369053271
1.2667667667669999521, 7.3521463678264638020
1.2692692692689999667, 11.7291781761097340109
1.2717717717720000703, 21.2960902841873895852
1.2742742742740000850, 47.1157307979409551990
1.2767767767769999665, 122.9840067182578025040
1.2792792792789999812, 129.6578545068193477618
1.2817817817820000847, 50.0742509494275296333
1.2842842842840000994, 22.2842427442136852278
1.2867867867869999809, 12.1407711464352701114
1.2892892892889999956, 7.5550923616869027910
1.2917917917920000992, 5.1349446768764472893
1.2942942942939998918, 3.7122552069104419736
1.2967967967969999954, 2.8082021602990940856
1.2992992992990000101, 2.1991525114321288648
1.3018018018019998916, 1.7698289673412688217
1.3043043043039999063, 1.4560799969305215917
1.3068068068070000098, 1.2199619440533600034
1.3093093093090000245, 1.0378916746926125647
1.3118118118119999060, 0.8945970033742171035
1.3143143143139999207, 0.7798400814111524637
1.3168168168170000243, 0.6865527122084514877
1.3193193193190000390, 0.6097295732341811991
1.3218218218219999205, 0.5457470591946665950
1.3243243243239999352, 0.4919306560112640114
1.3268268268270000387, 0.4462724697914868255
1.3293293293290000534, 0.4072422413793803098
1.3318318318319999349, 0.3736581391879735259
1.3343343343339999496, 0.3445967021174622946
1.3368368368370000532, 0.3193289835321931891
1.3393393393390000679, 0.2972745806316686723
1.3418418418419999494, 0.2779680992238686699
1.3443443443439999641, 0.2610344170283796505
1.3468468468470000676, 0.2461702804658995603
1.3493493493490000823, 0.2331305430141660529
1.3518518518519999638, 0.2217178742063848074
1.3543543543539999785, 0.2117751279627369532
1.3568568568570000821, 0.2031798149130573106
1.3593593593590000967, 0.1958403137809480998
1.3618618618619999783, 0.1896936083621797997
1.3643643643639999929, 0.1847044696041225953
1.3668668668670000965, 0.1808661350882110053
1.3693693693689998891, 0.1782026907071473931
1.3718718718719999927, 0.1767735574470446491
1.3743743743740000074, 0.1766807686618482587
1.3768768768770001110, 0.1780801530584189829
1.3793793793789999036, 0.1811982240620540752
1.3818818818820000072, 0.1863577111942746889
1.3843843843840000218, 0.1940166137694209203
1.3868868868869999034, 0.2048291059724333396
1.3893893893889999180, 0.2197429680889121384
1.3918918918920000216, 0.2401603816227602106
1.3943943943940000363, 0.2682133427290891992
1.3968968968969999178, 0.3072566402891522275
1.3993993993989999325, 0.3627977698133398876
1.4019019019020000361, 0.4443652528378381761
1.4044044044040000507, 0.5695628377843423573
1.4069069069069999323, 0.7737510642092566560
1.4094094094089999469, 1.1361511235525891816
1.4119119119120000505, 1.8620814018065880990
1.4144144144140000652, 3.5962885041181333889
1.4169169169169999467, 8.7387360246686824894
1.4194194194189999614, 18.8752782992106702409
1.4219219219220000650, 10.3933246371371463823
1.4244244244240000796, 4.1197605592222190651
1.4269269269269999612, 2.0496619339968913387
1.4294294294289999758, 1.2126801847939741030
1.4319319319320000794, 0.8036561339101245816
1.4344344344340000941, 0.5755270095528139951
1.4369369369369999756, 0.4357889466165728032
1.4394394394389999903, 0.3440613182318380536
1.4419419419420000938, 0.2805707897594683642
1.4444444444440001085, 0.2347454091267283105
1.4469469469469999900, 0.2005288063257361919
1.4494494494490000047, 0.1742533108586800383
1.4519519519520001083, 0.1535941840777722556
1.4544544544539999009, 0.1370206720440787229
1.4569569569570000045, 0.1234917345888469492
1.4594594594590000192, 0.1122794601748083043
1.4619619619619999007, 0.1028624724654072370
1.4644644644639999154, 0.0948593587731978161
1.4669669669670000189, 0.0879858385362930484
1.4694694694690000336, 0.0820264740219946720
1.4719719719719999151, 0.0768155458339785380
1.4744744744739999298, 0.0722238522500045083
1.4769769769770000334, 0.0681494253132166466
1.4794794794790000481, 0.0645108900693797671
1.4819819819819999296, 0.0612426407936490988
1.4844844844839999443, 0.0582912874941141079
1.4869869869870000478, 0.0556130042579979500
1.4894894894890000625, 0.0531715269789106368
1.4919919919919999440, 0.0509366248027917218
1.4944944944939999587, 0.0488829213295097764
1.4969969969970000623, 0.0469889769410258770
1.4994994994990000770, 0.0452365681171466860
1.5020020020019999585, 0.0436101167967042763
1.5045045045050000621, 0.0420962350648931144
1.5070070070070000767, 0.0406833592340364869
1.5095095095099999583, 0.0393614537686623328
1.5120120120119999729, 0.0381217701898955985
1.5145145145150000765, 0.0369566495635348102
1.5170170170170000912, 0.0358593597685001667
1.5195195195199999727, 0.0348239606954486719
1.5220220220219999874, 0.0338451920084759522
1.5245245245250000909, 0.0329183792374028103
1.5270270270270001056, 0.0320393548422406166
1.5295295295299999871, 0.0312043915693456728
1.5320320320320000018, 0.0304101459478717980
1.5345345345350001054, 0.0296536101906092857
1.5370370370369998980, 0.0289320710914063653
1.5395395395400000016, 0.0282430747719295237
1.5420420420420000163, 0.0275843963385171906
1.5445445445449998978, 0.0269540136767461094
1.5470470470469999125, 0.0263500847458614899
1.5495495495500000160, 0.0257709278441592485
1.5520520520520000307, 0.0252150044050315145
1.5545545545549999122, 0.0246809039557803547
1.5570570570569999269, 0.0241673309306774005
1.5595595595600000305, 0.0236730930786470881
1.5620620620620000452, 0.0231970912463586379
1.5645645645649999267, 0.0227383103510374954
1.5670670670669999414, 0.0222958113852153236
1.5695695695700000449, 0.0218687243189423647
1.5720720720720000596, 0.0214562417845242312
1.5745745745749999411, 0.0210576134452606402
1.5770770770769999558, 0.0206721409635088893
1.5795795795800000594, 0.0202991734951049052
1.5820820820820000741, 0.0199381036470987344
1.5845845845849999556, 0.0195883638442102548
1.5870870870869999703, 0.0192494230566062942
1.5895895895900000738, 0.0189207838477565907
1.5920920920920000885, 0.0186019797064018028
1.5945945945949999700, 0.0182925726311951586
1.5970970970969999847, 0.0179921509404859133
1.5995995996000000883, 0.0177003272830774452
1.6021021021020001029, 0.0174167368287081181
1.6046046046049999845, 0.0171410356195296140
1.6071071071069999991, 0.0168728990660492323
1.6096096096100001027, 0.0166120205729165075
1.6121121121119998953, 0.0163581102815979693
1.6146146146149999989, 0.0161108939184416294
1.6171171171170000136, 0.0158701117379076821
1.6196196196199998951, 0.0156355175518605241
1.6221221221219999098, 0.0154068778368004478
1.6246246246250000134, 0.0151839709117787911
1.6271271271270000280, 0.0149665861805037964
1.6296296296299999096, 0.0147545234318184372
1.6321321321319999242, 0.0145475921933283080
1.6346346346350000278, 0.0143456111334862180
1.6371371371370000425, 0.0141484075079094645
1.6396396396399999240, 0.0139558166461228230
1.6421421421419999387, 0.0137676814752918236
1.6446446446450000423, 0.0135838520778416866
1.6471471471470000569, 0.0134041852801532815
1.6496496496499999385, 0.0132285442697913196
1.6521521521519999531, 0.0130567982389569251
1.6546546546550000567, 0.0128888220520687134
1.6571571571570000714, 0.0127244959355668191
1.6596596596599999529, 0.0125637051882054908
1.6621621621619999676, 0.0124063399102539596
1.6646646646650000712, 0.0122522947501637440
1.6671671671670000858, 0.0121014686673859839
1.6696696696699999674, 0.0119537647101352097
1.6721721721719999820, 0.0118090898069982443
1.6746746746750000856, 0.0116673545713794034
1.6771771771770001003, 0.0115284731178569473
1.6796796796799999818, 0.0113923628896017339
1.6821821821819999965, 0.0112589444960782045
1.6846846846850001000, 0.0111281415603104519
1.6871871871869998927, 0.0109998805750531926
1.6896896896899999962, 0.0108740907672597656
1.6921921921920000109, 0.0107507039702862874
1.6946946946949998924, 0.0106296545033147932
1.6971971971969999071, 0.0105108790575174048
1.6996996997000000107, 0.0103943165885199383
1.7022022022020000254, 0.0102799082147563697
1.7047047047049999069, 0.0101675971213358775
1.7072072072069999216, 0.0100573284690719487
1.7097097097100000251, 0.0099490493083486432
1.7122122122120000398, 0.0098427084975223449
1.7147147147149999213, 0.0097382566255790892
1.7172172172169999360, 0.0096356459387870203
1.7197197197200000396, 0.0095348302711021748
1.7222222222220000543, 0.0094357649781021610
1.7247247247249999358, 0.0093384068742381251
1.7272272272269999505, 0.0092427141732094511
1.7297297297300000540, 0.0091486464312789412
1.7322322322320000687, 0.0090561644933584463
1.7347347347349999502, 0.0089652304417060548
1.7372372372369999649, 0.0088758075470865352
1.7397397397400000685, 0.0087878602222562982
1.7422422422420000832, 0.0087013539776431351
1.7447447447449999647, 0.0086162553790992344
1.7472472472469999794, 0.0085325320076138252
1.7497497497500000829, 0.0084501524208787579
1.7522522522520000976, 0.0083690861166071818
1.7547547547549999791, 0.0082893034975114535
1.7572572572569999938, 0.0082107758378523760
1.7597597597600000974, 0.0081334752514770382
1.7622622622619998900, 0.0080573746612676543
1.7647647647649999936, 0.0079824477699283296
1.7672672672670000082, 0.0079086690320410800
1.7697697697699998898, 0.0078360136273265234
1.7722722722719999044, 0.0077644574350483227
1.7747747747750000080, 0.0076939770095040471
1.7772772772770000227, 0.0076245495565484623
1.7797797797799999042, 0.0075561529110982593
1.7822822822819999189, 0.0074887655155701461
1.7847847847850000225, 0.0074223663992069944
1.7872872872870000371, 0.0073569351582491137
1.7897897897899999187, 0.0072924519369102648
1.7922922922919999333, 0.0072288974091201472
1.7947947947950000369, 0.0071662527609971721
1.7972972972970000516, 0.0071044996740173482
1.7997997997999999331, 0.0070436203088469276
1.8023023023019999478, 0.0069835972898081317
1.8048048048050000514, 0.0069244136899489911
1.8073073073070000660, 0.0068660530166897663
1.8098098098099999476, 0.0068084991980199138
1.8123123123119999622, 0.0067517365692209069
1.8148148148150000658, 0.0066957498600914381
1.8173173173170000805, 0.0066405241826528062
1.8198198198199999620, 0.0065860450193133656
1.8223223223219999767, 0.0065322982114719838
1.8248248248250000803, 0.0064792699485414938
1.8273273273270000949, 0.0064269467573740083
1.8298298298299999765, 0.0063753154920709520
1.8323323323319999911, 0.0063243633241613934
1.8348348348350000947, 0.0062740777331331751
1.8373373373370001094, 0.0062244464973019963
1.8398398398399999909, 0.0061754576850043784
1.8423423423420000056, 0.0061270996461010802
1.8448448448450001091, 0.0060793610037781992
1.8473473473469999018, 0.0060322306466337496
1.8498498498500000053, 0.0059856977210381466
1.8523523523520000200, 0.0059397516237574962
1.8548548548549999015, 0.0058943819948291650
1.8573573573569999162, 0.0058495787106795285
1.8598598598600000198, 0.0058053318774743254
1.8623623623620000345, 0.0057616318246924113
1.8648648648649999160, 0.0057184690989141827
1.8673673673669999307, 0.0056758344578162877
1.8698698698700000342, 0.0056337188643646383
1.8723723723720000489, 0.0055921134811980910
1.8748748748749999304, 0.0055510096651954915
1.8773773773769999451, 0.0055103989622191010
1.8798798798800000487, 0.0054702731020277347
1.8823823823820000634, 0.0054306239933532164
1.8848848848849999449, 0.0053914437191340606
1.8873873873869999596, 0.0053527245319004869
1.8898898898900000631, 0.0053144588493052236
1.8923923923920000778, 0.0052766392497946880
1.8948948948949999593, 0.0052392584684154333
1.8973973973969999740, 0.0052023093927509303
1.8998998999000000776, 0.0051657850589839653
1.9024024024020000923, 0.0051296786480801377
1.9049049049049999738, 0.0050939834820881141
1.9074074074069999885, 0.0050586930205524846
1.9099099099100000920, 0.0050238008570352259
1.9124124124120001067, 0.0049893007157419626
1.9149149149149999882, 0.0049551864482493243
1.9174174174170000029, 0.0049214520303298929
1.9199199199200001065, 0.0048880915588713544
1.9224224224219998991, 0.0048550992488865866
1.9249249249250000027, 0.0048224694306115883
1.9274274274270000173, 0.0047901965466882156
1.9299299299299998989, 0.0047582751494288688
1.9324324324319999135, 0.0047266998981603525
1.9349349349350000171, 0.0046954655566442257
1.9374374374370000318, 0.0046645669905711201
1.9399399399399999133, 0.0046339991651265103
1.9424424424419999280, 0.0046037571426256118
1.9449449449450000316, 0.0045738360802151058
1.9474474474470000462, 0.0045442312276394994
1.9499499499499999278, 0.0045149379250699955
1.9524524524519999424, 0.0044859516009938764
1.9549549549550000460, 0.0044572677701623983
1.9574574574570000607, 0.0044288820315953404
1.9599599599599999422, 0.0044007900666403850
1.9624624624619999569, 0.0043729876370855788
1.9649649649650000605, 0.0043454705833231855
1.9674674674670000751, 0.0043182348225633098
1.9699699699699999567, 0.0042912763470957229
1.9724724724719999713, 0.0042645912225983910
1.9749749749750000749, 0.0042381755864912248
1.9774774774770000896, 0.0042120256463336813
1.9799799799799999711, 0.0041861376782648309
1.9824824824819999858, 0.0041605080254846025
1.9849849849850000894, 0.0041351330967749371
1.9874874874870001040, 0.0041100093650596418
1.9899899899899999856, 0.0040851333660017562
1.9924924924920000002, 0.0040605016966373123
1.9949949949950001038, 0.0040361110140443779
1.9974974974969998964, 0.0040119580340463416
2.0000000000000000000, 0.0039880395299484060
