# k1_lab: [1, 0, 0]
# k2_lab: [-0.8660254037844387, 0.49999999999999994, 0.0]
# k1_cf: [-0.8191520442889918, -0.5735764363510462, 0.0]
# k2_cf: [0.9961946980917455, 0.0871557427476583, 0.0]
# pol1_lab: [(0, 1, 0), (0, 0, 1)]
# pol2_lab: [array([-0.5      , -0.8660254,  0.       ]), array([0., 0., 1.])]
# pol1_cf: [array([ 0.57357644, -0.81915204,  0.        ]), array([0., 0., 1.])]
# pol2_cf: [array([-0.08715574,  0.9961947 ,  0.        ]), array([0., 0., 1.])]
# cf: [array([-0.81915204,  0.57357644,  0.        ]), array([-0.57357644, -0.81915204,  0.        ]), array([0., 0., 1.])]
# th: 100
-0.5000000000000000000, 0.0098785288159475623
-0.4974974974974999964, 0.0099714847919429063
-0.4949949949949999928, 0.0100658178525621072
-0.4924924924924999892, 0.0101615557714687509
-0.4899899899899999856, 0.0102587270302727154
-0.4874874874874999819, 0.0103573608403476208
-0.4849849849849999783, 0.0104574871654375678
-0.4824824824824999747, 0.0105591367450859445
-0.4799799799800000266, 0.0106623411189207557
-0.4774774774775000230, 0.0107671326518323784
-0.4749749749750000194, 0.0108735445600814263
-0.4724724724725000158, 0.0109816109383762996
-0.4699699699700000122, 0.0110913667879617792
-0.4674674674675000086, 0.0112028480457620119
-0.4649649649650000049, 0.0113160916146234532
-0.4624624624625000013, 0.0114311353947054543
-0.4599599599599999977, 0.0115480183160685656
-0.4574574574574999941, 0.0116667803725131053
-0.4549549549549999905, 0.0117874626567230894
-0.4524524524524999869, 0.0119101073967734748
-0.4499499499499000077, 0.0120347579940614929
-0.4474474474474000041, 0.0121614590627258986
-0.4449449449449000005, 0.0122902564706213330
-0.4424424424423999969, 0.0124211973819182177
-0.4399399399398999932, 0.0125543303014024471
-0.4374374374373999896, 0.0126897051205527734
-0.4349349349348999860, 0.0128273731654779607
-0.4324324324323999824, 0.0129673872467999957
-0.4299299299298999788, 0.0131098017115742326
-0.4274274274273999752, 0.0132546724973420602
-0.4249249249249000271, 0.0134020571884168969
-0.4224224224224000235, 0.0135520150745095554
-0.4199199199199000199, 0.0137046072118048451
-0.4174174174174000163, 0.0138598964866072823
-0.4149149149149000126, 0.0140179476816801353
-0.4124124124124000090, 0.0141788275454089625
-0.4099099099099000054, 0.0143426048639280074
-0.4074074074074000018, 0.0145093505363552196
-0.4049049049048999982, 0.0146791376532903299
-0.4024024024023999946, 0.0148520415787384823
-0.3998998998998999910, 0.0150281400356315903
-0.3973973973973999874, 0.0152075131951290941
-0.3948948948948999838, 0.0153902437698901669
-0.3923923923923999801, 0.0155764171115207618
-0.3898898898898999765, 0.0157661213124103555
-0.3873873873873999729, 0.0159594473121859037
-0.3848848848849000248, 0.0161564890090239062
-0.3823823823824000212, 0.0163573433760756531
-0.3798798798799000176, 0.0165621105832759706
-0.3773773773774000140, 0.0167708941248218488
-0.3748748748749000104, 0.0169838009526246773
-0.3723723723724000068, 0.0172009416160582608
-0.3698698698699000031, 0.0174224304083443610
-0.3673673673673999995, 0.0176483855199386537
-0.3648648648648999959, 0.0178789291993024235
-0.3623623623623999923, 0.0181141879214691895
-0.3598598598598999887, 0.0183542925648415255
-0.3573573573573999851, 0.0185993785966803160
-0.3548548548548999815, 0.0188495862677786896
-0.3523523523523999779, 0.0191050608168440994
-0.3498498498497999987, 0.0193659526851457757
-0.3473473473472999951, 0.0196324177420213186
-0.3448448448447999914, 0.0199046175218749594
-0.3423423423422999878, 0.0201827194733415899
-0.3398398398397999842, 0.0204668972213359265
-0.3373373373372999806, 0.0207573308427537705
-0.3348348348347999770, 0.0210542071566448309
-0.3323323323322999734, 0.0213577200297315924
-0.3298298298298000253, 0.0216680706982090160
-0.3273273273273000217, 0.0219854681068244809
-0.3248248248248000181, 0.0223101292663066865
-0.3223223223223000145, 0.0226422796302871952
-0.3198198198198000108, 0.0229821534929393577
-0.3173173173173000072, 0.0233299944086464428
-0.3148148148148000036, 0.0236860556351048412
-0.3123123123123000000, 0.0240506006013705385
-0.3098098098097999964, 0.0244239034024661926
-0.3073073073072999928, 0.0248062493222860024
-0.3048048048047999892, 0.0251979353866642747
-0.3023023023022999856, 0.0255992709486121198
-0.2997997997997999819, 0.0260105783078797732
-0.2972972972972999783, 0.0264321933671641390
-0.2947947947947999747, 0.0268644663274603679
-0.2922922922923000266, 0.0273077624252494669
-0.2897897897898000230, 0.0277624627144229252
-0.2872872872873000194, 0.0282289648960754071
-0.2847847847848000158, 0.0287076841995437884
-0.2822822822823000122, 0.0291990543183417127
-0.2797797797798000086, 0.0297035284049349986
-0.2772772772773000050, 0.0302215801286228256
-0.2747747747748000013, 0.0307537048011432279
-0.2722722722722999977, 0.0313004205750029990
-0.2697697697697999941, 0.0318622697199522770
-0.2672672672672999905, 0.0324398199834833728
-0.2647647647647999869, 0.0330336660417342234
-0.2622622622622999833, 0.0336444310477287678
-0.2597597597597999797, 0.0342727682844893022
-0.2572572572572999761, 0.0349193629312185838
-0.2547547547547999724, 0.0355849339514785548
-0.2522522522523000243, 0.0362702361130912976
-0.2497497497496999896, 0.0369760621503709974
-0.2472472472472000138, 0.0377032450802650895
-0.2447447447447000102, 0.0384526606850539854
-0.2422422422422000066, 0.0392252301754403565
-0.2397397397397000030, 0.0400219230491644304
-0.2372372372371999993, 0.0408437601617252025
-0.2347347347346999957, 0.0416918170273878202
-0.2322322322321999921, 0.0425672273704267648
-0.2297297297296999885, 0.0434711869485222280
-0.2272272272272000126, 0.0444049576724091094
-0.2247247247247000090, 0.0453698720483066142
-0.2222222222222000054, 0.0463673379723579526
-0.2197197197197000018, 0.0473988439093224120
-0.2172172172171999982, 0.0484659644911217963
-0.2147147147146999946, 0.0495703665745982486
-0.2122122122121999910, 0.0507138158020396038
-0.2097097097096999874, 0.0518981837127315410
-0.2072072072072000115, 0.0531254554590705474
-0.2047047047047000079, 0.0543977381866940224
-0.2022022022022000043, 0.0557172701447438135
-0.1996996996997000007, 0.0570864305998784322
-0.1971971971971999971, 0.0585077506361053878
-0.1946946946946999935, 0.0599839249320535325
-0.1921921921921999898, 0.0615178246181070712
-0.1896896896896999862, 0.0631125113280528310
-0.1871871871872000104, 0.0647712525737734190
-0.1846846846847000068, 0.0664975385872869917
-0.1821821821822000032, 0.0682951007923845027
-0.1796796796796999995, 0.0701679320885791602
-0.1771771771771999959, 0.0721203091534573515
-0.1746746746746999923, 0.0741568169962610324
-0.1721721721721999887, 0.0762823760261888278
-0.1696696696697000128, 0.0785022719341065822
-0.1671671671672000092, 0.0808221887268692069
-0.1646646646647000056, 0.0832482453001639061
-0.1621621621622000020, 0.0857870359897484613
-0.1596596596596999984, 0.0884456756034395220
-0.1571571571571999948, 0.0912318495087033055
-0.1546546546546999912, 0.0941538694350169819
-0.1521521521521999876, 0.0972207357484386886
-0.1496496496496000084, 0.1004422070706662562
-0.1471471471471000048, 0.1038288782493587553
-0.1446446446446000011, 0.1073922678444440837
-0.1421421421420999975, 0.1111449164811044860
-0.1396396396395999939, 0.1151004976396660384
-0.1371371371370999903, 0.1192739427125511648
-0.1346346346345999867, 0.1236815824670570441
-0.1321321321321000108, 0.1283413074202562898
-0.1296296296296000072, 0.1332727500713828395
-0.1271271271271000036, 0.1384974924632596804
-0.1246246246246000000, 0.1440393031770956789
-0.1221221221220999964, 0.1499244086285020372
-0.1196196196196000067, 0.1561818044572302056
-0.1171171171171000031, 0.1628436139271197125
-0.1146146146145999994, 0.1699455016243283378
-0.1121121121120999958, 0.1775271524224826536
-0.1096096096096000061, 0.1856328277512195313
-0.1071071071071000025, 0.1943120137601318242
-0.1046046046045999989, 0.2036201791429921859
-0.1021021021020999953, 0.2136196643452893673
-0.0995995995996000055, 0.2243807288407982936
-0.0970970970971000019, 0.2359827894177456975
-0.0945945945945900063, 0.2485158903419678877
-0.0920920920920900027, 0.2620824563683275543
-0.0895895895895899991, 0.2767993925285346934
-0.0870870870870899955, 0.2928006113450376535
-0.0845845845845799998, 0.3102400898455531242
-0.0820820820820799962, 0.3292955871779496557
-0.0795795795795800065, 0.3501731910951422222
-0.0770770770770800029, 0.3731129113626064919
-0.0745745745745699934, 0.3983956048370697611
-0.0720720720720700037, 0.4263516071130430962
-0.0695695695695700000, 0.4573715686307453510
-0.0670670670670699964, 0.4919201626407079253
-0.0645645645645600008, 0.5305535685156268499
-0.0620620620620599972, 0.5739419665240750312
-0.0595595595595600005, 0.6228987545617956645
-0.0570570570570599969, 0.6784188828296575657
-0.0545545545545500013, 0.7417297071115313001
-0.0520520520520499977, 0.8143592564178695481
-0.0495495495495500010, 0.8982290728910916622
-0.0470470470470499974, 0.9957822666921160026
-0.0445445445445400018, 1.1101629035199489515
-0.0420420420420399982, 1.2454716312336733264
-0.0395395395395400015, 1.4071368990962145329
-0.0370370370370399979, 1.6024655023656990682
-0.0345345345345300023, 1.8414785425945532360
-0.0320320320320299987, 2.1382149311302240946
-0.0295295295295299985, 2.5128261755074245976
-0.0270270270270299984, 2.9950611821842536564
-0.0245245245245199993, 3.6302999961206503521
-0.0220220220220199991, 4.4905015280641169539
-0.0195195195195199990, 5.6952010809246091938
-0.0170170170170199989, 7.4545667549874039537
-0.0145145145145099998, 10.1652236925017618319
-0.0120120120120099996, 14.6464992349184424114
-0.0095095095095099995, 22.8039603739236866886
-0.0070070070070070000, 39.8311969086731352263
-0.0045045045045049997, 83.0614439109650675164
-0.0020020020020019998, 214.9001578595654677883
0.0005005005005005000, 339.1180484820543483693
0.0030030030030029999, 144.3843657267218816287
0.0055055055055059999, 60.2980174349193731587
0.0080080080080079993, 31.3255891809711464191
0.0105105105105099995, 18.8894042958109444896
0.0130130130130099997, 12.5576445442616524417
0.0155155155155200005, 8.9286653536123008479
0.0180180180180199989, 6.6651518084532153097
0.0205205205205199991, 5.1617160209580372765
0.0230230230230199992, 4.1136475399038525680
0.0255255255255299983, 3.3545154257796085950
0.0280280280280299984, 2.7873463898404735595
0.0305305305305299986, 2.3526040376731254256
0.0330330330330299987, 2.0121248901219814798
0.0355355355355400013, 1.7405446643453081901
0.0380380380380399979, 1.5204791837278466282
0.0405405405405400016, 1.3396941454827666629
0.0430430430430399982, 1.1893791114195610970
0.0455455455455500008, 1.0630599210400575316
0.0480480480480499975, 0.9558934748876143361
0.0505505505505500011, 0.8641987426445403297
0.0530530530530499977, 0.7851377713876197539
0.0555555555555600003, 0.7164943035673667637
0.0580580580580599970, 0.6565173239353152557
0.0605605605605600006, 0.6038086615938506041
0.0630630630630600042, 0.5572410265493253911
0.0655655655655699998, 0.5158974186865901146
0.0680680680680700034, 0.4790257721344823860
0.0705705705705699932, 0.4460046108324093317
0.0730730730730699968, 0.4163167639734072223
0.0755755755755800063, 0.3895290506886192605
0.0780780780780799960, 0.3652764340036477320
0.0805805805805799996, 0.3432495550545546781
0.0830830830830800032, 0.3231848481461349065
0.0855855855855899988, 0.3048566437476111224
0.0880880880880900025, 0.2880708154306054758
0.0905905905905900061, 0.2726596352501369225
0.0930930930930899958, 0.2584775818942533498
0.0955955955956000053, 0.2453979051991398985
0.0980980980980999950, 0.2333097950179498781
0.1006006006005999986, 0.2221160359506338389
0.1031031031031000023, 0.2117310549471194125
0.1056056056056000059, 0.2020792883452796340
0.1081081081080999956, 0.1930938099929133955
0.1106106106105999992, 0.1847151738241553653
0.1131131131131000028, 0.1768904334234656373
0.1156156156156000064, 0.1695723083156699951
0.1181181181180999962, 0.1627184724187109854
0.1206206206205999998, 0.1562909446264248992
0.1231231231231000034, 0.1502555651096063871
0.1256256256256000070, 0.1445815438317953061
0.1281281281281000106, 0.1392410701229564729
0.1306306306305999865, 0.1342089740564780531
0.1331331331330999901, 0.1294624319235536114
0.1356356356355999937, 0.1249807093650205786
0.1381381381380999973, 0.1207449367598192880
0.1406406406406000009, 0.1167379123253542428
0.1431431431431000045, 0.1129439290930159268
0.1456456456456000081, 0.1093486225096645253
0.1481481481481000118, 0.1059388359051490064
0.1506506506506999910, 0.1027025014747183496
0.1531531531531999946, 0.0996285347677994260
0.1556556556556999982, 0.0967067409626707064
0.1581581581582000018, 0.0939277314494524757
0.1606606606607000054, 0.0912828494492384651
0.1631631631632000090, 0.0887641035713765680
0.1656656656657000126, 0.0863641083590122177
0.1681681681681999885, 0.0840760309992693439
0.1706706706706999921, 0.0818935434823551273
0.1731731731731999957, 0.0798107795863285951
0.1756756756756999993, 0.0778222961436785265
0.1781781781782000029, 0.0759230381142017019
0.1806806806807000065, 0.0741083070476462186
0.1831831831832000101, 0.0723737325705748336
0.1856856856857000138, 0.0707152465760865073
0.1881881881881999896, 0.0691290598334100975
0.1906906906906999932, 0.0676116407677687381
0.1931931931931999968, 0.0661596961900352415
0.1956956956957000004, 0.0647701537811380679
0.1981981981982000041, 0.0634401461584543358
0.2007007007007000077, 0.0621669963709721510
0.2032032032032000113, 0.0609482046871847039
0.2057057057056999871, 0.0597814365548190937
0.2082082082081999908, 0.0586645116248690549
0.2107107107106999944, 0.0575953937442260019
0.2132132132131999980, 0.0565721818316975295
0.2157157157157000016, 0.0555931015615273236
0.2182182182182000052, 0.0546564977868508606
0.2207207207207000088, 0.0537608276429579063
0.2232232232232000124, 0.0529046542769055911
0.2257257257256999883, 0.0520866411560355069
0.2282282282281999919, 0.0513055469133784775
0.2307307307306999955, 0.0505602206928662812
0.2332332332331999991, 0.0498495979617739268
0.2357357357357000027, 0.0491726967619540989
0.2382382382382000063, 0.0485286143752548943
0.2407407407407000099, 0.0479165243820780795
0.2432432432432000136, 0.0473356740953926602
0.2457457457456999894, 0.0467853823557052781
0.2482482482481999930, 0.0462650376755486537
0.2507507507508000000, 0.0457740967250247766
0.2532532532533000036, 0.0453120831528629059
0.2557557557558000072, 0.0448785867403730665
0.2582582582583000108, 0.0444732628886232717
0.2607607607608000144, 0.0440958324421925688
0.2632632632633000180, 0.0437460818559925399
0.2657657657658000216, 0.0434238637149537698
0.2682682682683000253, 0.0431290976198960424
0.2707707707707999734, 0.0428617714566952440
0.2732732732732999770, 0.0426219430699923962
0.2757757757757999806, 0.0424097423672352980
0.2782782782782999842, 0.0422253738838792858
0.2807807807807999878, 0.0420691198462045945
0.2832832832832999914, 0.0419413437745369683
0.2857857857857999950, 0.0418424946768239103
0.2882882882882999986, 0.0417731118906682630
0.2907907907908000023, 0.0417338306412388463
0.2932932932933000059, 0.0417253883931754735
0.2957957957958000095, 0.0417486320869395605
0.2982982982983000131, 0.0418045263643330584
0.3008008008008000167, 0.0418941629044827513
0.3033033033033000203, 0.0420187710108991877
0.3058058058058000239, 0.0421797296127956051
0.3083083083083000275, 0.0423785808703298489
0.3108108108107999756, 0.0426170456045805862
0.3133133133132999792, 0.0428970408098304085
0.3158158158157999829, 0.0432206995492489948
0.3183183183182999865, 0.0435903935867570300
0.3208208208207999901, 0.0440087591694386659
0.3233233233232999937, 0.0444787264484952233
0.3258258258257999973, 0.0450035531150460022
0.3283283283283000009, 0.0455868629333885736
0.3308308308308000045, 0.0462326899827490423
0.3333333333333000081, 0.0469455295742698397
0.3358358358358000118, 0.0477303969995173244
0.3383383383383000154, 0.0485928954984202605
0.3408408408408000190, 0.0495392951187922786
0.3433433433433000226, 0.0505766244899000239
0.3458458458458000262, 0.0517127779662238662
0.3483483483482999743, 0.0529566411369659720
0.3508508508509000090, 0.0543182383710661479
0.3533533533534000126, 0.0558089069144815306
0.3558558558559000162, 0.0574415031262540884
0.3583583583584000198, 0.0592306477986263777
0.3608608608609000235, 0.0611930192423703750
0.3633633633634000271, 0.0633477050500097644
0.3658658658658999752, 0.0657166263369083903
0.3683683683683999788, 0.0683250520215744755
0.3708708708708999824, 0.0712022256420785510
0.3733733733733999860, 0.0743821337311591363
0.3758758758758999896, 0.0779044534704594199
0.3783783783783999932, 0.0818157290367399065
0.3808808808808999968, 0.0861708419136770903
0.3833833833834000004, 0.0910348621661583174
0.3858858858859000041, 0.0964853977332972845
0.3883883883884000077, 0.1026156008484721549
0.3908908908909000113, 0.1095380502174155973
0.3933933933934000149, 0.1173898129022036829
0.3958958958959000185, 0.1263391138113676981
0.3983983983984000221, 0.1365942234232924990
0.4009009009009000257, 0.1484154480196612780
0.4034034034033999738, 0.1621315235885165962
0.4059059059058999774, 0.1781623615811668004
0.4084084084083999810, 0.1970511195780610125
0.4109109109108999847, 0.2195102299774641663
0.4134134134133999883, 0.2464887758433702836
0.4159159159158999919, 0.2792733053402619570
0.4184184184183999955, 0.3196424473672094257
0.4209209209208999991, 0.3701107457147775337
0.4234234234234000027, 0.4343256100800748087
0.4259259259259000063, 0.5177375881580208450
0.4284284284284000099, 0.6287812560218249969
0.4309309309309000136, 0.7810622768554185136
0.4334334334334000172, 0.9976565394902070505
0.4359359359359000208, 1.3201937367191487471
0.4384384384384000244, 1.8298391932255062553
0.4409409409408999725, 2.7015173581675022696
0.4434434434433999761, 4.3657022982228497199
0.4459459459458999797, 8.0870392956569592258
0.4484484484483999833, 18.4164552415204099134
0.4509509509510000180, 47.1297382715381942830
0.4534534534535000216, 40.7870708363202894020
0.4559559559560000253, 15.5791486681014408333
0.4584584584584999734, 7.1373300185958798991
0.4609609609609999770, 3.9675027216967002630
0.4634634634634999806, 2.5020449877484463030
0.4659659659659999842, 1.7165807062063844768
0.4684684684684999878, 1.2497412134574501508
0.4709709709709999914, 0.9506603702342555362
0.4734734734734999950, 0.7479049520911009719
0.4759759759759999986, 0.6042637410914388774
0.4784784784785000022, 0.4988563890256835220
0.4809809809810000059, 0.4192498175775983826
0.4834834834835000095, 0.3576736525398483968
0.4859859859860000131, 0.3090724059471386953
0.4884884884885000167, 0.2700435130437225939
0.4909909909910000203, 0.2382295980600398766
0.4934934934935000239, 0.2119560212814944888
0.4959959959960000275, 0.1900068765449258734
0.4984984984984999756, 0.1714821927587767691
0.5010010010009999792, 0.1557043865092708756
0.5035035035035000384, 0.1421554815783071801
0.5060060060059999865, 0.1304340593417276650
0.5085085085085000456, 0.1202251629478174461
0.5110110110109999937, 0.1112788872896976339
0.5135135135135000528, 0.1033949051743311559
0.5160160160160000009, 0.0964111214568070807
0.5185185185184999490, 0.0901952434956850707
0.5210210210210000081, 0.0846384420178673547
0.5235235235234999562, 0.0796505304971143330
0.5260260260260000154, 0.0751562612683433634
0.5285285285284999635, 0.0710924523140178399
0.5310310310310000226, 0.0674057385067014098
0.5335335335334999707, 0.0640507969298160784
0.5360360360360000298, 0.0609889354337331477
0.5385385385384999779, 0.0581869619021600296
0.5410410410410000370, 0.0556162722076397123
0.5435435435434999851, 0.0532521098322081277
0.5460460460460000442, 0.0510729612036620872
0.5485485485484999924, 0.0490600590490988808
0.5510510510510999715, 0.0471969722671848682
0.5535535535536000307, 0.0454692655163102047
0.5560560560560999788, 0.0438642152991393433
0.5585585585586000379, 0.0423705720781816994
0.5610610610610999860, 0.0409783600881363369
0.5635635635636000451, 0.0396787081704661759
0.5660660660660999932, 0.0384637062561378681
0.5685685685686000523, 0.0373262831474207302
0.5710710710711000004, 0.0362601020619371800
0.5735735735735999485, 0.0352594710493393595
0.5760760760761000077, 0.0343192659092288327
0.5785785785785999558, 0.0334348636559415255
0.5810810810811000149, 0.0326020849129212698
0.5835835835835999630, 0.0318171438931251493
0.5860860860861000221, 0.0310766048451083104
0.5885885885885999702, 0.0303773440271910902
0.5910910910911000293, 0.0297165164223372885
0.5935935935935999774, 0.0290915265303255642
0.5960960960961000366, 0.0285000026764427455
0.5985985985985999847, 0.0279397743612288356
0.6011011011011000438, 0.0274088522469291794
0.6036036036035999919, 0.0269054104358074642
0.6061061061061000510, 0.0264277707454019517
0.6086086086085999991, 0.0259743887278321393
0.6111111111110999472, 0.0255438412157387544
0.6136136136136000063, 0.0251348152074722594
0.6161161161160999544, 0.0247460979296382777
0.6186186186186000135, 0.0243765679368061830
0.6211211211210999616, 0.0240251871267019718
0.6236236236236000208, 0.0236909935650445186
0.6261261261260999689, 0.0233730950277647662
0.6286286286286000280, 0.0230706631800202851
0.6311311311310999761, 0.0227829283214722247
0.6336336336336000352, 0.0225091746359727084
0.6361361361360999833, 0.0222487358913210018
0.6386386386386000424, 0.0220009915412579665
0.6411411411410999905, 0.0217653631875249672
0.6436436436436000497, 0.0215413113647367066
0.6461461461460999978, 0.0213283326151113908
0.6486486486485999459, 0.0211259568238530981
0.6511511511512000361, 0.0209337447892649943
0.6536536536536999842, 0.0207512860045512212
0.6561561561562000433, 0.0205781966307946283
0.6586586586586999914, 0.0204141176428224748
0.6611611611612000505, 0.0202587131316333408
0.6636636636636999986, 0.0201116687487896961
0.6661661661661999467, 0.0199726902797107489
0.6686686686687000059, 0.0198415023341554850
0.6711711711711999540, 0.0197178471433875104
0.6736736736737000131, 0.0196014834545805428
0.6761761761761999612, 0.0194921855139728907
0.6786786786787000203, 0.0193897421311244843
0.6811811811811999684, 0.0192939558173845054
0.6836836836837000275, 0.0192046419923511541
0.6861861861861999756, 0.0191216282527078736
0.6886886886887000347, 0.0190447536983597600
0.6911911911911999828, 0.0189738683112785043
0.6936936936937000420, 0.0189088323828986646
0.6961961961961999901, 0.0188495159862993311
0.6986986986987000492, 0.0187957984897576813
0.7012012012011999973, 0.0187475681085784926
0.7037037037036999454, 0.0187047214923909064
0.7062062062062000045, 0.0186671633453633357
0.7087087087086999526, 0.0186348060770227010
0.7112112112112000117, 0.0186075694815778202
0.7137137137136999598, 0.0185853804438407891
0.7162162162162000190, 0.0185681726700168866
0.7187187187186999671, 0.0185558864417950040
0.7212212212212000262, 0.0185484683923177567
0.7237237237236999743, 0.0185458713027455771
0.7262262262262000334, 0.0185480539182531073
0.7287287287286999815, 0.0185549807824100799
0.7312312312312000406, 0.0185666220890044198
0.7337337337336999887, 0.0185829535504624110
0.7362362362362000479, 0.0186039562821115091
0.7387387387386999960, 0.0186296167016153716
0.7412412412412000551, 0.0186599264429894163
0.7437437437437000032, 0.0186948822846794011
0.7462462462461999513, 0.0187344860912547762
0.7487487487487000104, 0.0187787447683348367
0.7512512512512999896, 0.0188276702304283998
0.7537537537538000487, 0.0188812793814277999
0.7562562562562999968, 0.0189395941075558016
0.7587587587587999449, 0.0190026412826201710
0.7612612612613000040, 0.0190704527854849600
0.7637637637637999521, 0.0191430655297211150
0.7662662662663000113, 0.0192205215054518826
0.7687687687687999594, 0.0193028678334606699
0.7712712712713000185, 0.0193901568316817291
0.7737737737737999666, 0.0194824460942464063
0.7762762762763000257, 0.0195797985833115681
0.7787787787787999738, 0.0196822827339510863
0.7812812812813000329, 0.0197899725724471690
0.7837837837837999810, 0.0199029478483762068
0.7862862862863000402, 0.0200212941809434497
0.7887887887887999883, 0.0201451032200833623
0.7912912912913000474, 0.0202744728229080143
0.7937937937937999955, 0.0204095072461543715
0.7962962962963000546, 0.0205503173553545013
0.7987987987988000027, 0.0206970208515295795
0.8013013013012999508, 0.0208497425162907993
0.8038038038038000099, 0.0210086144763181396
0.8063063063062999580, 0.0211737764882815802
0.8088088088088000172, 0.0213453762453704836
0.8113113113112999653, 0.0215235697067052457
0.8138138138138000244, 0.0217085214510224465
0.8163163163162999725, 0.0219004050561512932
0.8188188188188000316, 0.0220994035059362756
0.8213213213212999797, 0.0223057096264093896
0.8238238238238000388, 0.0225195265531773353
0.8263263263262999869, 0.0227410682321644506
0.8288288288288000460, 0.0229705599560440579
0.8313313313312999941, 0.0232082389389000332
0.8338338338338000533, 0.0234543549318889967
0.8363363363363000014, 0.0237091708829237184
0.8388388388387999495, 0.0239729636436719178
0.8413413413413000086, 0.0242460247274663872
0.8438438438437999567, 0.0245286611220506476
0.8463463463463000158, 0.0248211961614491286
0.8488488488487999639, 0.0251239704616491345
0.8513513513514000541, 0.0254373429252220187
0.8538538538539000022, 0.0257616918204978222
0.8563563563563999503, 0.0260974159414415312
0.8588588588589000095, 0.0264449358549746667
0.8613613613613999576, 0.0268046952431400982
0.8638638638639000167, 0.0271771623482360419
0.8663663663663999648, 0.0275628315298524253
0.8688688688689000239, 0.0279622249436373080
0.8713713713713999720, 0.0283758943526195156
0.8738738738739000311, 0.0288044230830213702
0.8763763763763999792, 0.0292484281377327349
0.8788788788789000384, 0.0297085624819980951
0.8813813813813999865, 0.0301855175174090620
0.8838838838839000456, 0.0306800257620224864
0.8863863863863999937, 0.0311928637563559548
0.8888888888889000528, 0.0317248552171817133
0.8913913913914000009, 0.0322768744634776839
0.8938938938938999490, 0.0328498501416325944
0.8963963963964000081, 0.0334447692800931493
0.8988988988988999562, 0.0340626817071222193
0.9014014014014000153, 0.0347047048692738086
0.9039039039038999634, 0.0353720290926455849
0.9064064064064000226, 0.0360659233340145588
0.9089089089088999707, 0.0367877414746954623
0.9114114114114000298, 0.0375389292164736918
0.9139139139138999779, 0.0383210316463862208
0.9164164164164000370, 0.0391357015455917820
0.9189189189188999851, 0.0399847085272442004
0.9214214214214000442, 0.0408699490993671560
0.9239239239238999923, 0.0417934577614349420
0.9264264264264000515, 0.0427574192579737652
0.9289289289288999996, 0.0437641821293231204
0.9314314314313999477, 0.0448162737191064794
0.9339339339339000068, 0.0459164168204158341
0.9364364364363999549, 0.0470675481687271649
0.9389389389389000140, 0.0482728390197817228
0.9414414414413999621, 0.0495357180858454413
0.9439439439439000212, 0.0508598971447966341
0.9464464464463999693, 0.0522493996845062730
0.9489489489489000285, 0.0537085930012624960
0.9514514514515000076, 0.0552422242371728572
0.9539539539539999558, 0.0568554609194905358
0.9564564564565000149, 0.0585539366570144090
0.9589589589589999630, 0.0603438027580287251
0.9614614614615000221, 0.0622317866641928646
0.9639639639639999702, 0.0642252582497725433
0.9664664664665000293, 0.0663323052210026132
0.9689689689689999774, 0.0685618190728887883
0.9714714714715000365, 0.0709235933287581666
0.9739739739739999846, 0.0734284361117534673
0.9764764764765000438, 0.0760882994903594456
0.9789789789789999919, 0.0789164285184647679
0.9814814814815000510, 0.0819275334753032242
0.9839839839839999991, 0.0851379895285751254
0.9864864864864999472, 0.0885660689291425246
0.9889889889890000063, 0.0922322119418026443
0.9914914914914999544, 0.0961593440804170141
0.9939939939940000135, 0.1003732489207751627
0.9964964964964999616, 0.1049030079074224492
0.9989989989990000208, 0.1097815212780411942
1.0015015015019999023, 0.1150461276688930640
1.0040040040039999170, 0.1207393443612640727
1.0065065065070000205, 0.1269097557827041922
1.0090090090090000352, 0.1336130851951981835
1.0115115115119999167, 0.1409134940403787006
1.0140140140139999314, 0.1488851659329734345
1.0165165165170000350, 0.1576142488567317534
1.0190190190190000497, 0.1672012512046786581
1.0215215215219999312, 0.1777640170135286746
1.0240240240239999459, 0.1894414460641429543
1.0265265265270000494, 0.2023981797796438331
1.0290290290290000641, 0.2168305503674754775
1.0315315315319999456, 0.2329741977678794485
1.0340340340339999603, 0.2511139107021947980
1.0365365365370000639, 0.2715964657719405206
1.0390390390390000785, 0.2948475550557930203
1.0415415415419999601, 0.3213943596557405913
1.0440440440439999747, 0.3518960267296665778
1.0465465465470000783, 0.3871853752423961015
1.0490490490490000930, 0.4283268147729160091
1.0515515515519999745, 0.4766980931472489802
1.0540540540539999892, 0.5341077571479742048
1.0565565565570000928, 0.6029673083887311380
1.0590590590590001074, 0.6865491681975210980
1.0615615615619999890, 0.7893829471423352562
1.0640640640640000036, 0.9178815197794349956
1.0665665665670001072, 1.0813623835130838913
1.0690690690689998998, 1.2937764580173287676
1.0715715715720000034, 1.5767625357688170862
1.0740740740740000181, 1.9653232603754193786
1.0765765765769998996, 2.5190275763737157710
1.0790790790789999143, 3.3457972342234225671
1.0815815815820000179, 4.6571894296768165944
1.0840840840840000325, 6.9123865525446213098
1.0865865865869999141, 11.2521664175764168903
1.0890890890889999287, 21.0697948558521090945
1.0915915915920000323, 48.6928977296779379458
1.0940940940940000470, 122.4363507316093233612
1.0965965965969999285, 96.2806167184682237803
1.0990990990989999432, 36.7842061532010689007
1.1016016016020000468, 17.0906118590083231368
1.1041041041040000614, 9.5914649244340459688
1.1066066066069999430, 6.0876779076506801758
1.1091091091089999576, 4.1962749358841344716
1.1116116116120000612, 3.0666822783825580245
1.1141141141140000759, 2.3406505028769313270
1.1166166166169999574, 1.8474271232335797155
1.1191191191189999721, 1.4976102732212899227
1.1216216216220000756, 1.2408331296157388834
1.1241241241240000903, 1.0470090393569995157
1.1266266266269999718, 0.8972858378535504276
1.1291291291289999865, 0.7793723261782204981
1.1316316316320000901, 0.6849820471664711530
1.1341341341340001048, 0.6083664525757828123
1.1366366366369999863, 0.5454380574774386758
1.1391391391390000010, 0.4932274572322433714
1.1416416416420001045, 0.4495365937436915926
1.1441441441439998972, 0.4127112813926211432
1.1466466466470000007, 0.3814883647191322780
1.1491491491490000154, 0.3548908147165220628
1.1516516516519998969, 0.3321543458708798302
1.1541541541539999116, 0.3126752002966016186
1.1566566566570000152, 0.2959724209747284784
1.1591591591590000299, 0.2816602183506988766
1.1616616616619999114, 0.2694274830261115805
1.1641641641639999261, 0.2590224352181181855
1.1666666666670000296, 0.2502410203511497011
1.1691691691690000443, 0.2429180753492424516
1.1716716716719999258, 0.2369205734217175729
1.1741741741739999405, 0.2321424514075353940
1.1766766766770000441, 0.2285006619336878708
1.1791791791790000588, 0.2259321915871894682
1.1816816816819999403, 0.2243918585084847261
1.1841841841839999550, 0.2238507567552633359
1.1866866866870000585, 0.2242952563261218224
1.1891891891890000732, 0.2257265010624769919
1.1916916916919999547, 0.2281603748903859863
1.1941941941939999694, 0.2316279325087259033
1.1966966966970000730, 0.2361763158412028552
1.1991991991990000876, 0.2418702044508736493
1.2017017017019999692, 0.2487938789614970170
1.2042042042039999838, 0.2570540141053723193
1.2067067067070000874, 0.2667833659159420390
1.2092092092090001021, 0.2781455807245782896
1.2117117117119999836, 0.2913414389808284266
1.2142142142139999983, 0.3066169646421766926
1.2167167167170001019, 0.3242739960361599172
1.2192192192189998945, 0.3446840494425406631
1.2217217217219999981, 0.3683066471506359907
1.2242242242240000127, 0.3957137820979541032
1.2267267267269998943, 0.4276229384383392618
1.2292292292289999089, 0.4649422227809786312
1.2317317317320000125, 0.5088329184212795342
1.2342342342340000272, 0.5607975512213474456
1.2367367367369999087, 0.6228060396020630440
1.2392392392389999234, 0.6974799211780005059
1.2417417417420000270, 0.7883672636504996944
1.2442442442440000416, 0.9003629693111493415
1.2467467467469999232, 1.0403692318829069752
1.2492492492489999378, 1.2183662895325264586
1.2517517517520000414, 1.4492117934237853660
1.2542542542540000561, 1.7557932079162661410
1.2567567567569999376, 2.1748275325228099142
1.2592592592589999523, 2.7681713332100521541
1.2617617617620000559, 3.6464858483035449410
1.2642642642640000705, 5.0232411624369799341
1.2667667667669999521, 7.3521463678265970287
1.2692692692689999667, 11.7291781761100004644
1.2717717717720000703, 21.2960902841880148628
1.2742742742740000850, 47.1157307979428310318
1.2767767767769999665, 122.9840067182622505015
1.2792792792789999812, 129.6578545068149992403
1.2817817817820000847, 50.0742509494255116920
1.2842842842840000994, 22.2842427442130173176
1.2867867867869999809, 12.1407711464349894470
1.2892892892889999956, 7.5550923616867642352
1.2917917917920000992, 5.1349446768763691296
1.2942942942939998918, 3.7122552069103944561
1.2967967967969999954, 2.8082021602990616671
1.2992992992990000101, 2.1991525114321062162
1.3018018018019998916, 1.7698289673412532785
1.3043043043039999063, 1.4560799969305096013
1.3068068068070000098, 1.2199619440533515657
1.3093093093090000245, 1.0378916746926056813
1.3118118118119999060, 0.8945970033742121075
1.3143143143139999207, 0.7798400814111479118
1.3168168168170000243, 0.6865527122084476019
1.3193193193190000390, 0.6097295732341780905
1.3218218218219999205, 0.5457470591946638194
1.3243243243239999352, 0.4919306560112619020
1.3268268268270000387, 0.4462724697914848271
1.3293293293290000534, 0.4072422413793786999
1.3318318318319999349, 0.3736581391879720826
1.3343343343339999496, 0.3445967021174610734
1.3368368368370000532, 0.3193289835321919123
1.3393393393390000679, 0.2972745806316677841
1.3418418418419999494, 0.2779680992238677262
1.3443443443439999641, 0.2610344170283788179
1.3468468468470000676, 0.2461702804658987831
1.3493493493490000823, 0.2331305430141654145
1.3518518518519999638, 0.2217178742063843078
1.3543543543539999785, 0.2117751279627364536
1.3568568568570000821, 0.2031798149130568110
1.3593593593590000967, 0.1958403137809477390
1.3618618618619999783, 0.1896936083621794389
1.3643643643639999929, 0.1847044696041222900
1.3668668668670000965, 0.1808661350882107000
1.3693693693689998891, 0.1782026907071472266
1.3718718718719999927, 0.1767735574470445381
1.3743743743740000074, 0.1766807686618481754
1.3768768768770001110, 0.1780801530584190939
1.3793793793789999036, 0.1811982240620542972
1.3818818818820000072, 0.1863577111942749664
1.3843843843840000218, 0.1940166137694213089
1.3868868868869999034, 0.2048291059724339780
1.3893893893889999180, 0.2197429680889131098
1.3918918918920000216, 0.2401603816227616539
1.3943943943940000363, 0.2682133427290913086
1.3968968968969999178, 0.3072566402891552806
1.3993993993989999325, 0.3627977698133443840
1.4019019019020000361, 0.4443652528378451705
1.4044044044040000507, 0.5695628377843535706
1.4069069069069999323, 0.7737510642092763069
1.4094094094089999469, 1.1361511235526267072
1.4119119119120000505, 1.8620814018066720319
1.4144144144140000652, 3.5962885041183589863
1.4169169169169999467, 8.7387360246694036903
1.4194194194189999614, 18.8752782992108656401
1.4219219219220000650, 10.3933246371361818206
1.4244244244240000796, 4.1197605592219019854
1.4269269269269999612, 2.0496619339967727669
1.4294294294289999758, 1.2126801847939185919
1.4319319319320000794, 0.8036561339100942725
1.4344344344340000941, 0.5755270095527957874
1.4369369369369999756, 0.4357889466165609238
1.4394394394389999903, 0.3440613182318298380
1.4419419419420000938, 0.2805707897594624245
1.4444444444440001085, 0.2347454091267239251
1.4469469469469999900, 0.2005288063257327502
1.4494494494490000047, 0.1742533108586773460
1.4519519519520001083, 0.1535941840777700629
1.4544544544539999009, 0.1370206720440768910
1.4569569569570000045, 0.1234917345888454504
1.4594594594590000192, 0.1122794601748070553
1.4619619619619999007, 0.1028624724654061962
1.4644644644639999154, 0.0948593587731969001
1.4669669669670000189, 0.0879858385362922296
1.4694694694690000336, 0.0820264740219939642
1.4719719719719999151, 0.0768155458339779412
1.4744744744739999298, 0.0722238522500039531
1.4769769769770000334, 0.0681494253132161193
1.4794794794790000481, 0.0645108900693792814
1.4819819819819999296, 0.0612426407936486755
1.4844844844839999443, 0.0582912874941137193
1.4869869869870000478, 0.0556130042579975892
1.4894894894890000625, 0.0531715269789102968
1.4919919919919999440, 0.0509366248027914095
1.4944944944939999587, 0.0488829213295095127
1.4969969969970000623, 0.0469889769410256203
1.4994994994990000770, 0.0452365681171464432
1.5020020020019999585, 0.0436101167967040473
1.5045045045050000621, 0.0420962350648928854
1.5070070070070000767, 0.0406833592340362787
1.5095095095099999583, 0.0393614537686621316
1.5120120120119999729, 0.0381217701898954112
1.5145145145150000765, 0.0369566495635346437
1.5170170170170000912, 0.0358593597685000071
1.5195195195199999727, 0.0348239606954485123
1.5220220220219999874, 0.0338451920084757996
1.5245245245250000909, 0.0329183792374026715
1.5270270270270001056, 0.0320393548422404847
1.5295295295299999871, 0.0312043915693455479
1.5320320320320000018, 0.0304101459478716800
1.5345345345350001054, 0.0296536101906091643
1.5370370370369998980, 0.0289320710914062473
1.5395395395400000016, 0.0282430747719294162
1.5420420420420000163, 0.0275843963385170796
1.5445445445449998978, 0.0269540136767460123
1.5470470470469999125, 0.0263500847458613963
1.5495495495500000160, 0.0257709278441591652
1.5520520520520000307, 0.0252150044050314243
1.5545545545549999122, 0.0246809039557802715
1.5570570570569999269, 0.0241673309306773172
1.5595595595600000305, 0.0236730930786470048
1.5620620620620000452, 0.0231970912463585546
1.5645645645649999267, 0.0227383103510374156
1.5670670670669999414, 0.0222958113852152542
1.5695695695700000449, 0.0218687243189422884
1.5720720720720000596, 0.0214562417845241722
1.5745745745749999411, 0.0210576134452605743
1.5770770770769999558, 0.0206721409635088268
1.5795795795800000594, 0.0202991734951048428
1.5820820820820000741, 0.0199381036470986685
1.5845845845849999556, 0.0195883638442101958
1.5870870870869999703, 0.0192494230566062456
1.5895895895900000738, 0.0189207838477565386
1.5920920920920000885, 0.0186019797064017472
1.5945945945949999700, 0.0182925726311951066
1.5970970970969999847, 0.0179921509404858612
1.5995995996000000883, 0.0177003272830773967
1.6021021021020001029, 0.0174167368287080696
1.6046046046049999845, 0.0171410356195295654
1.6071071071069999991, 0.0168728990660491837
1.6096096096100001027, 0.0166120205729164624
1.6121121121119998953, 0.0163581102815979242
1.6146146146149999989, 0.0161108939184415809
1.6171171171170000136, 0.0158701117379076370
1.6196196196199998951, 0.0156355175518604825
1.6221221221219999098, 0.0154068778368004061
1.6246246246250000134, 0.0151839709117787495
1.6271271271270000280, 0.0149665861805037582
1.6296296296299999096, 0.0147545234318183956
1.6321321321319999242, 0.0145475921933282681
1.6346346346350000278, 0.0143456111334861799
1.6371371371370000425, 0.0141484075079094281
1.6396396396399999240, 0.0139558166461227918
1.6421421421419999387, 0.0137676814752917872
1.6446446446450000423, 0.0135838520778416502
1.6471471471470000569, 0.0134041852801532538
1.6496496496499999385, 0.0132285442697912849
1.6521521521519999531, 0.0130567982389568921
1.6546546546550000567, 0.0128888220520686839
1.6571571571570000714, 0.0127244959355667844
1.6596596596599999529, 0.0125637051882054561
1.6621621621619999676, 0.0124063399102539267
1.6646646646650000712, 0.0122522947501637197
1.6671671671670000858, 0.0121014686673859596
1.6696696696699999674, 0.0119537647101351802
1.6721721721719999820, 0.0118090898069982148
1.6746746746750000856, 0.0116673545713793791
1.6771771771770001003, 0.0115284731178569213
1.6796796796799999818, 0.0113923628896017079
1.6821821821819999965, 0.0112589444960781784
1.6846846846850001000, 0.0111281415603104259
1.6871871871869998927, 0.0109998805750531684
1.6896896896899999962, 0.0108740907672597378
1.6921921921920000109, 0.0107507039702862649
1.6946946946949998924, 0.0106296545033147723
1.6971971971969999071, 0.0105108790575173822
1.6996996997000000107, 0.0103943165885199123
1.7022022022020000254, 0.0102799082147563472
1.7047047047049999069, 0.0101675971213358550
1.7072072072069999216, 0.0100573284690719262
1.7097097097100000251, 0.0099490493083486207
1.7122122122120000398, 0.0098427084975223275
1.7147147147149999213, 0.0097382566255790667
1.7172172172169999360, 0.0096356459387869978
1.7197197197200000396, 0.0095348302711021522
1.7222222222220000543, 0.0094357649781021367
1.7247247247249999358, 0.0093384068742381060
1.7272272272269999505, 0.0092427141732094320
1.7297297297300000540, 0.0091486464312789222
1.7322322322320000687, 0.0090561644933584273
1.7347347347349999502, 0.0089652304417060374
1.7372372372369999649, 0.0088758075470865144
1.7397397397400000685, 0.0087878602222562791
1.7422422422420000832, 0.0087013539776431160
1.7447447447449999647, 0.0086162553790992136
1.7472472472469999794, 0.0085325320076138043
1.7497497497500000829, 0.0084501524208787440
1.7522522522520000976, 0.0083690861166071662
1.7547547547549999791, 0.0082893034975114362
1.7572572572569999938, 0.0082107758378523552
1.7597597597600000974, 0.0081334752514770226
1.7622622622619998900, 0.0080573746612676404
1.7647647647649999936, 0.0079824477699283140
1.7672672672670000082, 0.0079086690320410644
1.7697697697699998898, 0.0078360136273265078
1.7722722722719999044, 0.0077644574350483062
1.7747747747750000080, 0.0076939770095040307
1.7772772772770000227, 0.0076245495565484510
1.7797797797799999042, 0.0075561529110982429
1.7822822822819999189, 0.0074887655155701340
1.7847847847850000225, 0.0074223663992069771
1.7872872872870000371, 0.0073569351582490963
1.7897897897899999187, 0.0072924519369102474
1.7922922922919999333, 0.0072288974091201351
1.7947947947950000369, 0.0071662527609971608
1.7972972972970000516, 0.0071044996740173352
1.7997997997999999331, 0.0070436203088469146
1.8023023023019999478, 0.0069835972898081187
1.8048048048050000514, 0.0069244136899489772
1.8073073073070000660, 0.0068660530166897524
1.8098098098099999476, 0.0068084991980199008
1.8123123123119999622, 0.0067517365692208947
1.8148148148150000658, 0.0066957498600914243
1.8173173173170000805, 0.0066405241826527923
1.8198198198199999620, 0.0065860450193133534
1.8223223223219999767, 0.0065322982114719725
1.8248248248250000803, 0.0064792699485414808
1.8273273273270000949, 0.0064269467573739971
1.8298298298299999765, 0.0063753154920709399
1.8323323323319999911, 0.0063243633241613813
1.8348348348350000947, 0.0062740777331331639
1.8373373373370001094, 0.0062244464973019850
1.8398398398399999909, 0.0061754576850043671
1.8423423423420000056, 0.0061270996461010689
1.8448448448450001091, 0.0060793610037781888
1.8473473473469999018, 0.0060322306466337400
1.8498498498500000053, 0.0059856977210381353
1.8523523523520000200, 0.0059397516237574858
1.8548548548549999015, 0.0058943819948291546
1.8573573573569999162, 0.0058495787106795189
1.8598598598600000198, 0.0058053318774743149
1.8623623623620000345, 0.0057616318246924009
1.8648648648649999160, 0.0057184690989141723
1.8673673673669999307, 0.0056758344578162782
1.8698698698700000342, 0.0056337188643646278
1.8723723723720000489, 0.0055921134811980806
1.8748748748749999304, 0.0055510096651954829
1.8773773773769999451, 0.0055103989622190923
1.8798798798800000487, 0.0054702731020277251
1.8823823823820000634, 0.0054306239933532077
1.8848848848849999449, 0.0053914437191340510
1.8873873873869999596, 0.0053527245319004773
1.8898898898900000631, 0.0053144588493052140
1.8923923923920000778, 0.0052766392497946794
1.8948948948949999593, 0.0052392584684154237
1.8973973973969999740, 0.0052023093927509208
1.8998998999000000776, 0.0051657850589839566
1.9024024024020000923, 0.0051296786480801290
1.9049049049049999738, 0.0050939834820881063
1.9074074074069999885, 0.0050586930205524750
1.9099099099100000920, 0.0050238008570352164
1.9124124124120001067, 0.0049893007157419539
1.9149149149149999882, 0.0049551864482493147
1.9174174174170000029, 0.0049214520303298851
1.9199199199200001065, 0.0048880915588713457
1.9224224224219998991, 0.0048550992488865796
1.9249249249250000027, 0.0048224694306115805
1.9274274274270000173, 0.0047901965466882069
1.9299299299299998989, 0.0047582751494288610
1.9324324324319999135, 0.0047266998981603447
1.9349349349350000171, 0.0046954655566442188
1.9374374374370000318, 0.0046645669905711132
1.9399399399399999133, 0.0046339991651265034
1.9424424424419999280, 0.0046037571426256040
1.9449449449450000316, 0.0045738360802150988
1.9474474474470000462, 0.0045442312276394916
1.9499499499499999278, 0.0045149379250699877
1.9524524524519999424, 0.0044859516009938694
1.9549549549550000460, 0.0044572677701623913
1.9574574574570000607, 0.0044288820315953326
1.9599599599599999422, 0.0044007900666403772
1.9624624624619999569, 0.0043729876370855719
1.9649649649650000605, 0.0043454705833231794
1.9674674674670000751, 0.0043182348225633028
1.9699699699699999567, 0.0042912763470957169
1.9724724724719999713, 0.0042645912225983840
1.9749749749750000749, 0.0042381755864912178
1.9774774774770000896, 0.0042120256463336753
1.9799799799799999711, 0.0041861376782648240
1.9824824824819999858, 0.0041605080254845956
1.9849849849850000894, 0.0041351330967749301
1.9874874874870001040, 0.0041100093650596348
1.9899899899899999856, 0.0040851333660017501
1.9924924924920000002, 0.0040605016966373062
1.9949949949950001038, 0.0040361110140443718
1.9974974974969998964, 0.0040119580340463356
2.0000000000000000000, 0.0039880395299483999
