# k1_lab: [1, 0, 0]
# k2_lab: [-0.8660254037844387, 0.49999999999999994, 0.0]
# k1_cf: [-0.9659258262890683, 0.25881904510252085, 0.0]
# k2_cf: [0.7071067811865476, -0.7071067811865476, 0.0]
# pol1_lab: [(0, 1, 0), (0, 0, 1)]
# pol2_lab: [array([-0.5      , -0.8660254,  0.       ]), array([0., 0., 1.])]
# pol1_cf: [array([-0.25881905, -0.96592583,  0.        ]), array([0., 0., 1.])]
# pol2_cf: [array([0.70710678, 0.70710678, 0.        ]), array([0., 0., 1.])]
# cf: [array([-0.96592583, -0.25881905,  0.        ]), array([ 0.25881905, -0.96592583,  0.        ]), array([0., 0., 1.])]
# th: 150
-0.5000000000000000000, 0.0098785288159475761
-0.4974974974974999964, 0.0099714847919429202
-0.4949949949949999928, 0.0100658178525621193
-0.4924924924924999892, 0.0101615557714687596
-0.4899899899899999856, 0.0102587270302727223
-0.4874874874874999819, 0.0103573608403476347
-0.4849849849849999783, 0.0104574871654375800
-0.4824824824824999747, 0.0105591367450859567
-0.4799799799800000266, 0.0106623411189207731
-0.4774774774775000230, 0.0107671326518323906
-0.4749749749750000194, 0.0108735445600814402
-0.4724724724725000158, 0.0109816109383763134
-0.4699699699700000122, 0.0110913667879617966
-0.4674674674675000086, 0.0112028480457620275
-0.4649649649650000049, 0.0113160916146234653
-0.4624624624625000013, 0.0114311353947054665
-0.4599599599599999977, 0.0115480183160685795
-0.4574574574574999941, 0.0116667803725131174
-0.4549549549549999905, 0.0117874626567231015
-0.4524524524524999869, 0.0119101073967734870
-0.4499499499499000077, 0.0120347579940615051
-0.4474474474474000041, 0.0121614590627259159
-0.4449449449449000005, 0.0122902564706213521
-0.4424424424423999969, 0.0124211973819182350
-0.4399399399398999932, 0.0125543303014024644
-0.4374374374373999896, 0.0126897051205527890
-0.4349349349348999860, 0.0128273731654779764
-0.4324324324323999824, 0.0129673872468000131
-0.4299299299298999788, 0.0131098017115742448
-0.4274274274273999752, 0.0132546724973420793
-0.4249249249249000271, 0.0134020571884169125
-0.4224224224224000235, 0.0135520150745095727
-0.4199199199199000199, 0.0137046072118048659
-0.4174174174174000163, 0.0138598964866073031
-0.4149149149149000126, 0.0140179476816801526
-0.4124124124124000090, 0.0141788275454089851
-0.4099099099099000054, 0.0143426048639280247
-0.4074074074074000018, 0.0145093505363552422
-0.4049049049048999982, 0.0146791376532903455
-0.4024024024023999946, 0.0148520415787384980
-0.3998998998998999910, 0.0150281400356316111
-0.3973973973973999874, 0.0152075131951291166
-0.3948948948948999838, 0.0153902437698901842
-0.3923923923923999801, 0.0155764171115207843
-0.3898898898898999765, 0.0157661213124103763
-0.3873873873873999729, 0.0159594473121859246
-0.3848848848849000248, 0.0161564890090239270
-0.3823823823824000212, 0.0163573433760756740
-0.3798798798799000176, 0.0165621105832759880
-0.3773773773774000140, 0.0167708941248218731
-0.3748748748749000104, 0.0169838009526247051
-0.3723723723724000068, 0.0172009416160582851
-0.3698698698699000031, 0.0174224304083443887
-0.3673673673673999995, 0.0176483855199386780
-0.3648648648648999959, 0.0178789291993024443
-0.3623623623623999923, 0.0181141879214692207
-0.3598598598598999887, 0.0183542925648415567
-0.3573573573573999851, 0.0185993785966803368
-0.3548548548548999815, 0.0188495862677787243
-0.3523523523523999779, 0.0191050608168441341
-0.3498498498497999987, 0.0193659526851458069
-0.3473473473472999951, 0.0196324177420213498
-0.3448448448447999914, 0.0199046175218749871
-0.3423423423422999878, 0.0201827194733416211
-0.3398398398397999842, 0.0204668972213359543
-0.3373373373372999806, 0.0207573308427538017
-0.3348348348347999770, 0.0210542071566448621
-0.3323323323322999734, 0.0213577200297316236
-0.3298298298298000253, 0.0216680706982090507
-0.3273273273273000217, 0.0219854681068245121
-0.3248248248248000181, 0.0223101292663067212
-0.3223223223223000145, 0.0226422796302872334
-0.3198198198198000108, 0.0229821534929393993
-0.3173173173173000072, 0.0233299944086464810
-0.3148148148148000036, 0.0236860556351048759
-0.3123123123123000000, 0.0240506006013705767
-0.3098098098097999964, 0.0244239034024662238
-0.3073073073072999928, 0.0248062493222860475
-0.3048048048047999892, 0.0251979353866643163
-0.3023023023022999856, 0.0255992709486121614
-0.2997997997997999819, 0.0260105783078798114
-0.2972972972972999783, 0.0264321933671641772
-0.2947947947947999747, 0.0268644663274604095
-0.2922922922923000266, 0.0273077624252495120
-0.2897897897898000230, 0.0277624627144229703
-0.2872872872873000194, 0.0282289648960754556
-0.2847847847848000158, 0.0287076841995438370
-0.2822822822823000122, 0.0291990543183417682
-0.2797797797798000086, 0.0297035284049350506
-0.2772772772773000050, 0.0302215801286228845
-0.2747747747748000013, 0.0307537048011432834
-0.2722722722722999977, 0.0313004205750030545
-0.2697697697697999941, 0.0318622697199523325
-0.2672672672672999905, 0.0324398199834834353
-0.2647647647647999869, 0.0330336660417342859
-0.2622622622622999833, 0.0336444310477288233
-0.2597597597597999797, 0.0342727682844893647
-0.2572572572572999761, 0.0349193629312186532
-0.2547547547547999724, 0.0355849339514786173
-0.2522522522523000243, 0.0362702361130913531
-0.2497497497496999896, 0.0369760621503710737
-0.2472472472472000138, 0.0377032450802651589
-0.2447447447447000102, 0.0384526606850540548
-0.2422422422422000066, 0.0392252301754404328
-0.2397397397397000030, 0.0400219230491645137
-0.2372372372371999993, 0.0408437601617252788
-0.2347347347346999957, 0.0416918170273879035
-0.2322322322321999921, 0.0425672273704268550
-0.2297297297296999885, 0.0434711869485223112
-0.2272272272272000126, 0.0444049576724092065
-0.2247247247247000090, 0.0453698720483067114
-0.2222222222222000054, 0.0463673379723580498
-0.2197197197197000018, 0.0473988439093225161
-0.2172172172171999982, 0.0484659644911219004
-0.2147147147146999946, 0.0495703665745983596
-0.2122122122121999910, 0.0507138158020397217
-0.2097097097096999874, 0.0518981837127316589
-0.2072072072072000115, 0.0531254554590706654
-0.2047047047047000079, 0.0543977381866941403
-0.2022022022022000043, 0.0557172701447439384
-0.1996996996997000007, 0.0570864305998786195
-0.1971971971971999971, 0.0585077506361054711
-0.1946946946946999935, 0.0599839249320536644
-0.1921921921921999898, 0.0615178246181071961
-0.1896896896896999862, 0.0631125113280529698
-0.1871871871872000104, 0.0647712525737735439
-0.1846846846847000068, 0.0664975385872871722
-0.1821821821822000032, 0.0682951007923846415
-0.1796796796796999995, 0.0701679320885793406
-0.1771771771771999959, 0.0721203091534575180
-0.1746746746746999923, 0.0741568169962612128
-0.1721721721721999887, 0.0762823760261890499
-0.1696696696697000128, 0.0785022719341067626
-0.1671671671672000092, 0.0808221887268694289
-0.1646646646647000056, 0.0832482453001641282
-0.1621621621622000020, 0.0857870359897486834
-0.1596596596596999984, 0.0884456756034397301
-0.1571571571571999948, 0.0912318495087036385
-0.1546546546546999912, 0.0941538694350172595
-0.1521521521521999876, 0.0972207357484389384
-0.1496496496496000084, 0.1004422070706665754
-0.1471471471471000048, 0.1038288782493590745
-0.1446446446446000011, 0.1073922678444444584
-0.1421421421420999975, 0.1111449164811048468
-0.1396396396395999939, 0.1151004976396663854
-0.1371371371370999903, 0.1192739427125515256
-0.1346346346345999867, 0.1236815824670574049
-0.1321321321321000108, 0.1283413074202566229
-0.1296296296296000072, 0.1332727500713833113
-0.1271271271271000036, 0.1384974924632601245
-0.1246246246246000000, 0.1440393031770961507
-0.1221221221220999964, 0.1499244086285025368
-0.1196196196196000067, 0.1561818044572307607
-0.1171171171171000031, 0.1628436139271202954
-0.1146146146145999994, 0.1699455016243289207
-0.1121121121120999958, 0.1775271524224833197
-0.1096096096096000061, 0.1856328277512202529
-0.1071071071071000025, 0.1943120137601325459
-0.1046046046045999989, 0.2036201791429929908
-0.1021021021020999953, 0.2136196643452902832
-0.0995995995996000055, 0.2243807288407992651
-0.0970970970971000019, 0.2359827894177468077
-0.0945945945945900063, 0.2485158903419689702
-0.0920920920920900027, 0.2620824563683287201
-0.0895895895895899991, 0.2767993925285360257
-0.0870870870870899955, 0.2928006113450390413
-0.0845845845845799998, 0.3102400898455546230
-0.0820820820820799962, 0.3292955871779513766
-0.0795795795795800065, 0.3501731910951439986
-0.0770770770770800029, 0.3731129113626084348
-0.0745745745745699934, 0.3983956048370719261
-0.0720720720720700037, 0.4263516071130454277
-0.0695695695695700000, 0.4573715686307480710
-0.0670670670670699964, 0.4919201626407109229
-0.0645645645645600008, 0.5305535685156301806
-0.0620620620620599972, 0.5739419665240790280
-0.0595595595595600005, 0.6228987545618002164
-0.0570570570570599969, 0.6784188828296625617
-0.0545545545545500013, 0.7417297071115366291
-0.0520520520520499977, 0.8143592564178758764
-0.0495495495495500010, 0.8982290728910988786
-0.0470470470470499974, 0.9957822666921242183
-0.0445445445445400018, 1.1101629035199584994
-0.0420420420420399982, 1.2454716312336850947
-0.0395395395395400015, 1.4071368990962287437
-0.0370370370370399979, 1.6024655023657157216
-0.0345345345345300023, 1.8414785425945734421
-0.0320320320320299987, 2.1382149311302502959
-0.0295295295295299985, 2.5128261755074579042
-0.0270270270270299984, 2.9950611821842954008
-0.0245245245245199993, 3.6302999961207058632
-0.0220220220220199991, 4.4905015280641924491
-0.0195195195195199990, 5.6952010809247175516
-0.0170170170170199989, 7.4545667549875673785
-0.0145145145145099998, 10.1652236925020176272
-0.0120120120120099996, 14.6464992349188811716
-0.0095095095095099995, 22.8039603739245251290
-0.0070070070070070000, 39.8311969086750181646
-0.0045045045045049997, 83.0614439109703255326
-0.0020020020020019998, 214.9001578595810997285
0.0005005005005005000, 339.1180484820449692052
0.0030030030030029999, 144.3843657267114224396
0.0055055055055059999, 60.2980174349160549241
0.0080080080080079993, 31.3255891809698461259
0.0105105105105099995, 18.8894042958103334229
0.0130130130130099997, 12.5576445442613167103
0.0155155155155200005, 8.9286653536121001196
0.0180180180180199989, 6.6651518084530883002
0.0205205205205199991, 5.1617160209579484587
0.0230230230230199992, 4.1136475399037903955
0.0255255255255299983, 3.3545154257795628538
0.0280280280280299984, 2.7873463898404380323
0.0305305305305299986, 2.3526040376730992243
0.0330330330330299987, 2.0121248901219601635
0.0355355355355400013, 1.7405446643452915367
0.0380380380380399979, 1.5204791837278328615
0.0405405405405400016, 1.3396941454827553386
0.0430430430430399982, 1.1893791114195513270
0.0455455455455500008, 1.0630599210400493160
0.0480480480480499975, 0.9558934748876075638
0.0505505505505500011, 0.8641987426445345566
0.0530530530530499977, 0.7851377713876147579
0.0555555555555600003, 0.7164943035673626559
0.0580580580580599970, 0.6565173239353115919
0.0605605605605600006, 0.6038086615938474955
0.0630630630630600042, 0.5572410265493226156
0.0655655655655699998, 0.5158974186865875611
0.0680680680680700034, 0.4790257721344800546
0.0705705705705699932, 0.4460046108324072778
0.0730730730730699968, 0.4163167639734054459
0.0755755755755800063, 0.3895290506886175397
0.0780780780780799960, 0.3652764340036462887
0.0805805805805799996, 0.3432495550545532903
0.0830830830830800032, 0.3231848481461336853
0.0855855855855899988, 0.3048566437476100122
0.0880880880880900025, 0.2880708154306044211
0.0905905905905900061, 0.2726596352501359233
0.0930930930930899958, 0.2584775818942524617
0.0955955955956000053, 0.2453979051991390936
0.0980980980980999950, 0.2333097950179491287
0.1006006006005999986, 0.2221160359506331727
0.1031031031031000023, 0.2117310549471187464
0.1056056056056000059, 0.2020792883452791067
0.1081081081080999956, 0.1930938099929128404
0.1106106106105999992, 0.1847151738241548657
0.1131131131131000028, 0.1768904334234651654
0.1156156156156000064, 0.1695723083156695787
0.1181181181180999962, 0.1627184724187106246
0.1206206206205999998, 0.1562909446264244551
0.1231231231231000034, 0.1502555651096059985
0.1256256256256000070, 0.1445815438317950286
0.1281281281281000106, 0.1392410701229561676
0.1306306306305999865, 0.1342089740564777756
0.1331331331330999901, 0.1294624319235533061
0.1356356356355999937, 0.1249807093650202872
0.1381381381380999973, 0.1207449367598189827
0.1406406406406000009, 0.1167379123253540069
0.1431431431431000045, 0.1129439290930157325
0.1456456456456000081, 0.1093486225096642894
0.1481481481481000118, 0.1059388359051488260
0.1506506506506999910, 0.1027025014747181553
0.1531531531531999946, 0.0996285347677992317
0.1556556556556999982, 0.0967067409626705121
0.1581581581582000018, 0.0939277314494522675
0.1606606606607000054, 0.0912828494492383125
0.1631631631632000090, 0.0887641035713764154
0.1656656656657000126, 0.0863641083590120651
0.1681681681681999885, 0.0840760309992691912
0.1706706706706999921, 0.0818935434823549746
0.1731731731731999957, 0.0798107795863284425
0.1756756756756999993, 0.0778222961436783739
0.1781781781782000029, 0.0759230381142015909
0.1806806806807000065, 0.0741083070476461214
0.1831831831832000101, 0.0723737325705747364
0.1856856856857000138, 0.0707152465760864102
0.1881881881881999896, 0.0691290598334099865
0.1906906906906999932, 0.0676116407677686271
0.1931931931931999968, 0.0661596961900351305
0.1956956956957000004, 0.0647701537811379430
0.1981981981982000041, 0.0634401461584542248
0.2007007007007000077, 0.0621669963709720885
0.2032032032032000113, 0.0609482046871846206
0.2057057057056999871, 0.0597814365548190105
0.2082082082081999908, 0.0586645116248689785
0.2107107107106999944, 0.0575953937442259256
0.2132132132131999980, 0.0565721818316974531
0.2157157157157000016, 0.0555931015615272542
0.2182182182182000052, 0.0546564977868507773
0.2207207207207000088, 0.0537608276429578369
0.2232232232232000124, 0.0529046542769055286
0.2257257257256999883, 0.0520866411560354375
0.2282282282281999919, 0.0513055469133784081
0.2307307307306999955, 0.0505602206928662257
0.2332332332331999991, 0.0498495979617738644
0.2357357357357000027, 0.0491726967619540364
0.2382382382382000063, 0.0485286143752548318
0.2407407407407000099, 0.0479165243820780101
0.2432432432432000136, 0.0473356740953926047
0.2457457457456999894, 0.0467853823557052156
0.2482482482481999930, 0.0462650376755485843
0.2507507507508000000, 0.0457740967250247141
0.2532532532533000036, 0.0453120831528628365
0.2557557557558000072, 0.0448785867403730040
0.2582582582583000108, 0.0444732628886232162
0.2607607607608000144, 0.0440958324421925202
0.2632632632633000180, 0.0437460818559924774
0.2657657657658000216, 0.0434238637149537005
0.2682682682683000253, 0.0431290976198959800
0.2707707707707999734, 0.0428617714566951885
0.2732732732732999770, 0.0426219430699923407
0.2757757757757999806, 0.0424097423672352355
0.2782782782782999842, 0.0422253738838792303
0.2807807807807999878, 0.0420691198462045252
0.2832832832832999914, 0.0419413437745369058
0.2857857857857999950, 0.0418424946768238409
0.2882882882882999986, 0.0417731118906682006
0.2907907907908000023, 0.0417338306412387700
0.2932932932933000059, 0.0417253883931754041
0.2957957957958000095, 0.0417486320869394911
0.2982982982983000131, 0.0418045263643329751
0.3008008008008000167, 0.0418941629044826749
0.3033033033033000203, 0.0420187710108991114
0.3058058058058000239, 0.0421797296127955218
0.3083083083083000275, 0.0423785808703297656
0.3108108108107999756, 0.0426170456045805099
0.3133133133132999792, 0.0428970408098303113
0.3158158158157999829, 0.0432206995492488977
0.3183183183182999865, 0.0435903935867569259
0.3208208208207999901, 0.0440087591694385549
0.3233233233232999937, 0.0444787264484951261
0.3258258258257999973, 0.0450035531150459051
0.3283283283283000009, 0.0455868629333884695
0.3308308308308000045, 0.0462326899827489243
0.3333333333333000081, 0.0469455295742697148
0.3358358358358000118, 0.0477303969995171926
0.3383383383383000154, 0.0485928954984201147
0.3408408408408000190, 0.0495392951187921191
0.3433433433433000226, 0.0505766244898998713
0.3458458458458000262, 0.0517127779662236858
0.3483483483482999743, 0.0529566411369657986
0.3508508508509000090, 0.0543182383710659467
0.3533533533534000126, 0.0558089069144813293
0.3558558558559000162, 0.0574415031262538733
0.3583583583584000198, 0.0592306477986261487
0.3608608608609000235, 0.0611930192423701183
0.3633633633634000271, 0.0633477050500094729
0.3658658658658999752, 0.0657166263369080850
0.3683683683683999788, 0.0683250520215741286
0.3708708708708999824, 0.0712022256420782457
0.3733733733733999860, 0.0743821337311587893
0.3758758758758999896, 0.0779044534704590036
0.3783783783783999932, 0.0818157290367394485
0.3808808808808999968, 0.0861708419136765907
0.3833833833834000004, 0.0910348621661577762
0.3858858858859000041, 0.0964853977332966184
0.3883883883884000077, 0.1026156008484714471
0.3908908908909000113, 0.1095380502174147924
0.3933933933934000149, 0.1173898129022027809
0.3958958958959000185, 0.1263391138113667544
0.3983983983984000221, 0.1365942234232913333
0.4009009009009000257, 0.1484154480196600012
0.4034034034033999738, 0.1621315235885150974
0.4059059059058999774, 0.1781623615811651073
0.4084084084083999810, 0.1970511195780589864
0.4109109109108999847, 0.2195102299774617793
0.4134134134133999883, 0.2464887758433673415
0.4159159159158999919, 0.2792733053402585153
0.4184184184183999955, 0.3196424473672051514
0.4209209209208999991, 0.3701107457147721491
0.4234234234234000027, 0.4343256100800678698
0.4259259259259000063, 0.5177375881580118522
0.4284284284284000099, 0.6287812560218128954
0.4309309309309000136, 0.7810622768554019713
0.4334334334334000172, 0.9976565394901825146
0.4359359359359000208, 1.3201937367191116657
0.4384384384384000244, 1.8298391932254467473
0.4409409409408999725, 2.7015173581673974645
0.4434434434433999761, 4.3657022982226365571
0.4459459459458999797, 8.0870392956564440823
0.4484484484483999833, 18.4164552415188502721
0.4509509509510000180, 47.1297382715352171090
0.4534534534535000216, 40.7870708363234228955
0.4559559559560000253, 15.5791486681026647432
0.4584584584584999734, 7.1373300185962991193
0.4609609609609999770, 3.9675027216968770105
0.4634634634634999806, 2.5020449877485351209
0.4659659659659999842, 1.7165807062064348809
0.4684684684684999878, 1.2497412134574810150
0.4709709709709999914, 0.9506603702342759643
0.4734734734734999950, 0.7479049520911155158
0.4759759759759999986, 0.6042637410914493135
0.4784784784785000022, 0.4988563890256910716
0.4809809809810000059, 0.4192498175776041558
0.4834834834835000095, 0.3576736525398528377
0.4859859859860000131, 0.3090724059471421925
0.4884884884885000167, 0.2700435130437254250
0.4909909909910000203, 0.2382295980600421526
0.4934934934935000239, 0.2119560212814963762
0.4959959959960000275, 0.1900068765449274277
0.4984984984984999756, 0.1714821927587781292
0.5010010010009999792, 0.1557043865092720136
0.5035035035035000384, 0.1421554815783081793
0.5060060060059999865, 0.1304340593417285254
0.5085085085085000456, 0.1202251629478181399
0.5110110110109999937, 0.1112788872896982445
0.5135135135135000528, 0.1033949051743316971
0.5160160160160000009, 0.0964111214568075664
0.5185185185184999490, 0.0901952434956855148
0.5210210210210000081, 0.0846384420178677016
0.5235235235234999562, 0.0796505304971146383
0.5260260260260000154, 0.0751562612683436548
0.5285285285284999635, 0.0710924523140180897
0.5310310310310000226, 0.0674057385067016596
0.5335335335334999707, 0.0640507969298162727
0.5360360360360000298, 0.0609889354337333489
0.5385385385384999779, 0.0581869619021601822
0.5410410410410000370, 0.0556162722076398788
0.5435435435434999851, 0.0532521098322082873
0.5460460460460000442, 0.0510729612036622121
0.5485485485484999924, 0.0490600590490990057
0.5510510510510999715, 0.0471969722671849792
0.5535535535536000307, 0.0454692655163103157
0.5560560560560999788, 0.0438642152991394405
0.5585585585586000379, 0.0423705720781817896
0.5610610610610999860, 0.0409783600881364202
0.5635635635636000451, 0.0396787081704662453
0.5660660660660999932, 0.0384637062561379375
0.5685685685686000523, 0.0373262831474207926
0.5710710710711000004, 0.0362601020619372424
0.5735735735735999485, 0.0352594710493394151
0.5760760760761000077, 0.0343192659092288813
0.5785785785785999558, 0.0334348636559415741
0.5810810810811000149, 0.0326020849129213114
0.5835835835835999630, 0.0318171438931251910
0.5860860860861000221, 0.0310766048451083486
0.5885885885885999702, 0.0303773440271911249
0.5910910910911000293, 0.0297165164223373197
0.5935935935935999774, 0.0290915265303256024
0.5960960960961000366, 0.0285000026764427768
0.5985985985985999847, 0.0279397743612288564
0.6011011011011000438, 0.0274088522469292072
0.6036036036035999919, 0.0269054104358074919
0.6061061061061000510, 0.0264277707454019795
0.6086086086085999991, 0.0259743887278321602
0.6111111111110999472, 0.0255438412157387683
0.6136136136136000063, 0.0251348152074722803
0.6161161161160999544, 0.0247460979296382881
0.6186186186186000135, 0.0243765679368061899
0.6211211211210999616, 0.0240251871267019856
0.6236236236236000208, 0.0236909935650445255
0.6261261261260999689, 0.0233730950277647800
0.6286286286286000280, 0.0230706631800202989
0.6311311311310999761, 0.0227829283214722317
0.6336336336336000352, 0.0225091746359727188
0.6361361361360999833, 0.0222487358913210052
0.6386386386386000424, 0.0220009915412579700
0.6411411411410999905, 0.0217653631875249706
0.6436436436436000497, 0.0215413113647367101
0.6461461461460999978, 0.0213283326151113943
0.6486486486485999459, 0.0211259568238531051
0.6511511511512000361, 0.0209337447892649943
0.6536536536536999842, 0.0207512860045512212
0.6561561561562000433, 0.0205781966307946353
0.6586586586586999914, 0.0204141176428224783
0.6611611611612000505, 0.0202587131316333408
0.6636636636636999986, 0.0201116687487896996
0.6661661661661999467, 0.0199726902797107454
0.6686686686687000059, 0.0198415023341554919
0.6711711711711999540, 0.0197178471433875069
0.6736736736737000131, 0.0196014834545805428
0.6761761761761999612, 0.0194921855139728942
0.6786786786787000203, 0.0193897421311244877
0.6811811811811999684, 0.0192939558173845019
0.6836836836837000275, 0.0192046419923511610
0.6861861861861999756, 0.0191216282527078736
0.6886886886887000347, 0.0190447536983597565
0.6911911911911999828, 0.0189738683112785043
0.6936936936937000420, 0.0189088323828986646
0.6961961961961999901, 0.0188495159862993311
0.6986986986987000492, 0.0187957984897576744
0.7012012012011999973, 0.0187475681085784857
0.7037037037036999454, 0.0187047214923909064
0.7062062062062000045, 0.0186671633453633357
0.7087087087086999526, 0.0186348060770226906
0.7112112112112000117, 0.0186075694815778132
0.7137137137136999598, 0.0185853804438407787
0.7162162162162000190, 0.0185681726700168796
0.7187187187186999671, 0.0185558864417950005
0.7212212212212000262, 0.0185484683923177497
0.7237237237236999743, 0.0185458713027455771
0.7262262262262000334, 0.0185480539182531004
0.7287287287286999815, 0.0185549807824100764
0.7312312312312000406, 0.0185666220890044094
0.7337337337336999887, 0.0185829535504624006
0.7362362362362000479, 0.0186039562821115056
0.7387387387386999960, 0.0186296167016153646
0.7412412412412000551, 0.0186599264429894024
0.7437437437437000032, 0.0186948822846793906
0.7462462462461999513, 0.0187344860912547588
0.7487487487487000104, 0.0187787447683348194
0.7512512512512999896, 0.0188276702304283894
0.7537537537538000487, 0.0188812793814277860
0.7562562562562999968, 0.0189395941075557843
0.7587587587587999449, 0.0190026412826201606
0.7612612612613000040, 0.0190704527854849495
0.7637637637637999521, 0.0191430655297211011
0.7662662662663000113, 0.0192205215054518652
0.7687687687687999594, 0.0193028678334606595
0.7712712712713000185, 0.0193901568316817222
0.7737737737737999666, 0.0194824460942463890
0.7762762762763000257, 0.0195797985833115577
0.7787787787787999738, 0.0196822827339510689
0.7812812812813000329, 0.0197899725724471551
0.7837837837837999810, 0.0199029478483761964
0.7862862862863000402, 0.0200212941809434289
0.7887887887887999883, 0.0201451032200833449
0.7912912912913000474, 0.0202744728229079969
0.7937937937937999955, 0.0204095072461543542
0.7962962962963000546, 0.0205503173553544874
0.7987987987988000027, 0.0206970208515295587
0.8013013013012999508, 0.0208497425162907819
0.8038038038038000099, 0.0210086144763181222
0.8063063063062999580, 0.0211737764882815593
0.8088088088088000172, 0.0213453762453704697
0.8113113113112999653, 0.0215235697067052215
0.8138138138138000244, 0.0217085214510224223
0.8163163163162999725, 0.0219004050561512793
0.8188188188188000316, 0.0220994035059362548
0.8213213213212999797, 0.0223057096264093653
0.8238238238238000388, 0.0225195265531773145
0.8263263263262999869, 0.0227410682321644297
0.8288288288288000460, 0.0229705599560440302
0.8313313313312999941, 0.0232082389388999985
0.8338338338338000533, 0.0234543549318889759
0.8363363363363000014, 0.0237091708829236907
0.8388388388387999495, 0.0239729636436718865
0.8413413413413000086, 0.0242460247274663560
0.8438438438437999567, 0.0245286611220506164
0.8463463463463000158, 0.0248211961614491078
0.8488488488487999639, 0.0251239704616491033
0.8513513513514000541, 0.0254373429252219875
0.8538538538539000022, 0.0257616918204977806
0.8563563563563999503, 0.0260974159414414930
0.8588588588589000095, 0.0264449358549746251
0.8613613613613999576, 0.0268046952431400601
0.8638638638639000167, 0.0271771623482360038
0.8663663663663999648, 0.0275628315298523871
0.8688688688689000239, 0.0279622249436372698
0.8713713713713999720, 0.0283758943526194705
0.8738738738739000311, 0.0288044230830213320
0.8763763763763999792, 0.0292484281377326898
0.8788788788789000384, 0.0297085624819980465
0.8813813813813999865, 0.0301855175174090169
0.8838838838839000456, 0.0306800257620224379
0.8863863863863999937, 0.0311928637563559027
0.8888888888889000528, 0.0317248552171816647
0.8913913913914000009, 0.0322768744634776283
0.8938938938938999490, 0.0328498501416325320
0.8963963963964000081, 0.0334447692800930868
0.8988988988988999562, 0.0340626817071221638
0.9014014014014000153, 0.0347047048692737531
0.9039039039038999634, 0.0353720290926455225
0.9064064064064000226, 0.0360659233340144963
0.9089089089088999707, 0.0367877414746953929
0.9114114114114000298, 0.0375389292164736293
0.9139139139138999779, 0.0383210316463861445
0.9164164164164000370, 0.0391357015455916987
0.9189189189188999851, 0.0399847085272441241
0.9214214214214000442, 0.0408699490993670797
0.9239239239238999923, 0.0417934577614348518
0.9264264264264000515, 0.0427574192579736681
0.9289289289288999996, 0.0437641821293230301
0.9314314314313999477, 0.0448162737191063823
0.9339339339339000068, 0.0459164168204157369
0.9364364364363999549, 0.0470675481687270678
0.9389389389389000140, 0.0482728390197816049
0.9414414414413999621, 0.0495357180858453233
0.9439439439439000212, 0.0508598971447965162
0.9464464464463999693, 0.0522493996845061273
0.9489489489489000285, 0.0537085930012623572
0.9514514514515000076, 0.0552422242371727115
0.9539539539539999558, 0.0568554609194903346
0.9564564564565000149, 0.0585539366570142633
0.9589589589589999630, 0.0603438027580285308
0.9614614614615000221, 0.0622317866641926634
0.9639639639639999702, 0.0642252582497723629
0.9664664664665000293, 0.0663323052210024189
0.9689689689689999774, 0.0685618190728885524
0.9714714714715000365, 0.0709235933287579307
0.9739739739739999846, 0.0734284361117532314
0.9764764764765000438, 0.0760882994903592097
0.9789789789789999919, 0.0789164285184644904
0.9814814814815000510, 0.0819275334753029466
0.9839839839839999991, 0.0851379895285748478
0.9864864864864999472, 0.0885660689291422332
0.9889889889890000063, 0.0922322119418022418
0.9914914914914999544, 0.0961593440804166810
0.9939939939940000135, 0.1003732489207747880
0.9964964964964999616, 0.1049030079074220051
0.9989989989990000208, 0.1097815212780406946
1.0015015015019999023, 0.1150461276688925782
1.0040040040039999170, 0.1207393443612634759
1.0065065065070000205, 0.1269097557827036094
1.0090090090090000352, 0.1336130851951975174
1.0115115115119999167, 0.1409134940403779512
1.0140140140139999314, 0.1488851659329726851
1.0165165165170000350, 0.1576142488567309208
1.0190190190190000497, 0.1672012512046777422
1.0215215215219999312, 0.1777640170135276476
1.0240240240239999459, 0.1894414460641418441
1.0265265265270000494, 0.2023981797796425564
1.0290290290290000641, 0.2168305503674740620
1.0315315315319999456, 0.2329741977678778664
1.0340340340339999603, 0.2511139107021929107
1.0365365365370000639, 0.2715964657719386333
1.0390390390390000785, 0.2948475550557907443
1.0415415415419999601, 0.3213943596557379268
1.0440440440439999747, 0.3518960267296635802
1.0465465465470000783, 0.3871853752423926043
1.0490490490490000930, 0.4283268147729119013
1.0515515515519999745, 0.4766980931472440952
1.0540540540539999892, 0.5341077571479682096
1.0565565565570000928, 0.6029673083887241436
1.0590590590590001074, 0.6865491681975126603
1.0615615615619999890, 0.7893829471423247091
1.0640640640640000036, 0.9178815197794214509
1.0665665665670001072, 1.0813623835130667938
1.0690690690689998998, 1.2937764580173067852
1.0715715715720000034, 1.5767625357687879983
1.0740740740740000181, 1.9653232603753780783
1.0765765765769998996, 2.5190275763736558190
1.0790790790789999143, 3.3457972342233315288
1.0815815815820000179, 4.6571894296766664922
1.0840840840840000325, 6.9123865525443513036
1.0865865865869999141, 11.2521664175758662196
1.0890890890889999287, 21.0697948558507484051
1.0915915915920000323, 48.6928977296737741653
1.0940940940940000470, 122.4363507316025305727
1.0965965965969999285, 96.2806167184760113287
1.0990990990989999432, 36.7842061532039537042
1.1016016016020000468, 17.0906118590093178966
1.1041041041040000614, 9.5914649244344705181
1.1066066066069999430, 6.0876779076508995558
1.1091091091089999576, 4.1962749358842597047
1.1116116116120000612, 3.0666822783826361842
1.1141141141140000759, 2.3406505028769828414
1.1166166166169999574, 1.8474271232336156867
1.1191191191189999721, 1.4976102732213156798
1.1216216216220000756, 1.2408331296157586454
1.1241241241240000903, 1.0470090393570141707
1.1266266266269999718, 0.8972858378535615298
1.1291291291289999865, 0.7793723261782296019
1.1316316316320000901, 0.6849820471664781474
1.1341341341340001048, 0.6083664525757889185
1.1366366366369999863, 0.5454380574774437829
1.1391391391390000010, 0.4932274572322474793
1.1416416416420001045, 0.4495365937436951453
1.1441441441439998972, 0.4127112813926241408
1.1466466466470000007, 0.3814883647191349425
1.1491491491490000154, 0.3548908147165242832
1.1516516516519998969, 0.3321543458708817176
1.1541541541539999116, 0.3126752002966032840
1.1566566566570000152, 0.2959724209747299772
1.1591591591590000299, 0.2816602183507001533
1.1616616616619999114, 0.2694274830261127462
1.1641641641639999261, 0.2590224352181192957
1.1666666666670000296, 0.2502410203511506448
1.1691691691690000443, 0.2429180753492432843
1.1716716716719999258, 0.2369205734217183223
1.1741741741739999405, 0.2321424514075360324
1.1766766766770000441, 0.2285006619336884259
1.1791791791790000588, 0.2259321915871899678
1.1816816816819999403, 0.2243918585084852257
1.1841841841839999550, 0.2238507567552637800
1.1866866866870000585, 0.2242952563261221555
1.1891891891890000732, 0.2257265010624772694
1.1916916916919999547, 0.2281603748903862361
1.1941941941939999694, 0.2316279325087261531
1.1966966966970000730, 0.2361763158412030217
1.1991991991990000876, 0.2418702044508738158
1.2017017017019999692, 0.2487938789614971280
1.2042042042039999838, 0.2570540141053724303
1.2067067067070000874, 0.2667833659159420945
1.2092092092090001021, 0.2781455807245782896
1.2117117117119999836, 0.2913414389808284266
1.2142142142139999983, 0.3066169646421765815
1.2167167167170001019, 0.3242739960361597507
1.2192192192189998945, 0.3446840494425404411
1.2217217217219999981, 0.3683066471506356576
1.2242242242240000127, 0.3957137820979537146
1.2267267267269998943, 0.4276229384383388177
1.2292292292289999089, 0.4649422227809781316
1.2317317317320000125, 0.5088329184212789791
1.2342342342340000272, 0.5607975512213465574
1.2367367367369999087, 0.6228060396020620448
1.2392392392389999234, 0.6974799211779991737
1.2417417417420000270, 0.7883672636504982512
1.2442442442440000416, 0.9003629693111472321
1.2467467467469999232, 1.0403692318829045327
1.2492492492489999378, 1.2183662895325231279
1.2517517517520000414, 1.4492117934237813692
1.2542542542540000561, 1.7557932079162603678
1.2567567567569999376, 2.1748275325228019206
1.2592592592589999523, 2.7681713332100414959
1.2617617617620000559, 3.6464858483035280656
1.2642642642640000705, 5.0232411624369532888
1.2667667667669999521, 7.3521463678265490671
1.2692692692689999667, 11.7291781761099009884
1.2717717717720000703, 21.2960902841877803837
1.2742742742740000850, 47.1157307979421347000
1.2767767767769999665, 122.9840067182605878315
1.2792792792789999812, 129.6578545068166476995
1.2817817817820000847, 50.0742509494262719727
1.2842842842840000994, 22.2842427442132695603
1.2867867867869999809, 12.1407711464350960284
1.2892892892889999956, 7.5550923616868166377
1.2917917917920000992, 5.1349446768763993276
1.2942942942939998918, 3.7122552069104126637
1.2967967967969999954, 2.8082021602990745457
1.2992992992990000101, 2.1991525114321150980
1.3018018018019998916, 1.7698289673412594958
1.3043043043039999063, 1.4560799969305144863
1.3068068068070000098, 1.2199619440533551185
1.3093093093090000245, 1.0378916746926087900
1.3118118118119999060, 0.8945970033742137728
1.3143143143139999207, 0.7798400814111496882
1.3168168168170000243, 0.6865527122084491563
1.3193193193190000390, 0.6097295732341792007
1.3218218218219999205, 0.5457470591946648186
1.3243243243239999352, 0.4919306560112627347
1.3268268268270000387, 0.4462724697914857153
1.3293293293290000534, 0.4072422413793792551
1.3318318318319999349, 0.3736581391879726377
1.3343343343339999496, 0.3445967021174614064
1.3368368368370000532, 0.3193289835321923009
1.3393393393390000679, 0.2972745806316680617
1.3418418418419999494, 0.2779680992238680592
1.3443443443439999641, 0.2610344170283789844
1.3468468468470000676, 0.2461702804658990607
1.3493493493490000823, 0.2331305430141654977
1.3518518518519999638, 0.2217178742063843355
1.3543543543539999785, 0.2117751279627364536
1.3568568568570000821, 0.2031798149130567555
1.3593593593590000967, 0.1958403137809476557
1.3618618618619999783, 0.1896936083621793556
1.3643643643639999929, 0.1847044696041222067
1.3668668668670000965, 0.1808661350882104224
1.3693693693689998891, 0.1782026907071469490
1.3718718718719999927, 0.1767735574470441495
1.3743743743740000074, 0.1766807686618477036
1.3768768768770001110, 0.1780801530584184555
1.3793793793789999036, 0.1811982240620534923
1.3818818818820000072, 0.1863577111942740783
1.3843843843840000218, 0.1940166137694201709
1.3868868868869999034, 0.2048291059724325347
1.3893893893889999180, 0.2197429680889112502
1.3918918918920000216, 0.2401603816227591837
1.3943943943940000363, 0.2682133427290880334
1.3968968968969999178, 0.3072566402891508397
1.3993993993989999325, 0.3627977698133381113
1.4019019019020000361, 0.4443652528378358446
1.4044044044040000507, 0.5695628377843389156
1.4069069069069999323, 0.7737510642092522151
1.4094094094089999469, 1.1361511235525822983
1.4119119119120000505, 1.8620814018065769968
1.4144144144140000652, 3.5962885041181116286
1.4169169169169999467, 8.7387360246686274223
1.4194194194189999614, 18.8752782992105601068
1.4219219219220000650, 10.3933246371370824335
1.4244244244240000796, 4.1197605592221941961
1.4269269269269999612, 2.0496619339968797924
1.4294294294289999758, 1.2126801847939672196
1.4319319319320000794, 0.8036561339101196966
1.4344344344340000941, 0.5755270095528111085
1.4369369369369999756, 0.4357889466165704162
1.4394394394389999903, 0.3440613182318361662
1.4419419419420000938, 0.2805707897594668654
1.4444444444440001085, 0.2347454091267271725
1.4469469469469999900, 0.2005288063257352205
1.4494494494490000047, 0.1742533108586792057
1.4519519519520001083, 0.1535941840777715339
1.4544544544539999009, 0.1370206720440780845
1.4569569569570000045, 0.1234917345888463802
1.4594594594590000192, 0.1122794601748078464
1.4619619619619999007, 0.1028624724654068207
1.4644644644639999154, 0.0948593587731974275
1.4669669669670000189, 0.0879858385362926598
1.4694694694690000336, 0.0820264740219943389
1.4719719719719999151, 0.0768155458339782604
1.4744744744739999298, 0.0722238522500042307
1.4769769769770000334, 0.0681494253132164107
1.4794794794790000481, 0.0645108900693795173
1.4819819819819999296, 0.0612426407936488629
1.4844844844839999443, 0.0582912874941139067
1.4869869869870000478, 0.0556130042579977557
1.4894894894890000625, 0.0531715269789104564
1.4919919919919999440, 0.0509366248027915483
1.4944944944939999587, 0.0488829213295096238
1.4969969969970000623, 0.0469889769410257313
1.4994994994990000770, 0.0452365681171465403
1.5020020020019999585, 0.0436101167967041306
1.5045045045050000621, 0.0420962350648929756
1.5070070070070000767, 0.0406833592340363689
1.5095095095099999583, 0.0393614537686622079
1.5120120120119999729, 0.0381217701898954875
1.5145145145150000765, 0.0369566495635346923
1.5170170170170000912, 0.0358593597685000626
1.5195195195199999727, 0.0348239606954485609
1.5220220220219999874, 0.0338451920084758620
1.5245245245250000909, 0.0329183792374027132
1.5270270270270001056, 0.0320393548422405333
1.5295295295299999871, 0.0312043915693455895
1.5320320320320000018, 0.0304101459478717216
1.5345345345350001054, 0.0296536101906091989
1.5370370370369998980, 0.0289320710914062786
1.5395395395400000016, 0.0282430747719294578
1.5420420420420000163, 0.0275843963385171073
1.5445445445449998978, 0.0269540136767460400
1.5470470470469999125, 0.0263500847458614275
1.5495495495500000160, 0.0257709278441591930
1.5520520520520000307, 0.0252150044050314520
1.5545545545549999122, 0.0246809039557802888
1.5570570570569999269, 0.0241673309306773450
1.5595595595600000305, 0.0236730930786470256
1.5620620620620000452, 0.0231970912463585754
1.5645645645649999267, 0.0227383103510374329
1.5670670670669999414, 0.0222958113852152751
1.5695695695700000449, 0.0218687243189423057
1.5720720720720000596, 0.0214562417845241896
1.5745745745749999411, 0.0210576134452605951
1.5770770770769999558, 0.0206721409635088442
1.5795795795800000594, 0.0202991734951048601
1.5820820820820000741, 0.0199381036470986893
1.5845845845849999556, 0.0195883638442102166
1.5870870870869999703, 0.0192494230566062491
1.5895895895900000738, 0.0189207838477565525
1.5920920920920000885, 0.0186019797064017611
1.5945945945949999700, 0.0182925726311951205
1.5970970970969999847, 0.0179921509404858751
1.5995995996000000883, 0.0177003272830774105
1.6021021021020001029, 0.0174167368287080834
1.6046046046049999845, 0.0171410356195295724
1.6071071071069999991, 0.0168728990660491907
1.6096096096100001027, 0.0166120205729164729
1.6121121121119998953, 0.0163581102815979346
1.6146146146149999989, 0.0161108939184415947
1.6171171171170000136, 0.0158701117379076474
1.6196196196199998951, 0.0156355175518604929
1.6221221221219999098, 0.0154068778368004113
1.6246246246250000134, 0.0151839709117787582
1.6271271271270000280, 0.0149665861805037635
1.6296296296299999096, 0.0147545234318184060
1.6321321321319999242, 0.0145475921933282751
1.6346346346350000278, 0.0143456111334861903
1.6371371371370000425, 0.0141484075079094315
1.6396396396399999240, 0.0139558166461227953
1.6421421421419999387, 0.0137676814752917959
1.6446446446450000423, 0.0135838520778416606
1.6471471471470000569, 0.0134041852801532538
1.6496496496499999385, 0.0132285442697912901
1.6521521521519999531, 0.0130567982389569008
1.6546546546550000567, 0.0128888220520686908
1.6571571571570000714, 0.0127244959355667896
1.6596596596599999529, 0.0125637051882054613
1.6621621621619999676, 0.0124063399102539301
1.6646646646650000712, 0.0122522947501637197
1.6671671671670000858, 0.0121014686673859631
1.6696696696699999674, 0.0119537647101351854
1.6721721721719999820, 0.0118090898069982200
1.6746746746750000856, 0.0116673545713793826
1.6771771771770001003, 0.0115284731178569248
1.6796796796799999818, 0.0113923628896017079
1.6821821821819999965, 0.0112589444960781854
1.6846846846850001000, 0.0111281415603104311
1.6871871871869998927, 0.0109998805750531718
1.6896896896899999962, 0.0108740907672597430
1.6921921921920000109, 0.0107507039702862718
1.6946946946949998924, 0.0106296545033147775
1.6971971971969999071, 0.0105108790575173874
1.6996996997000000107, 0.0103943165885199175
1.7022022022020000254, 0.0102799082147563524
1.7047047047049999069, 0.0101675971213358602
1.7072072072069999216, 0.0100573284690719314
1.7097097097100000251, 0.0099490493083486259
1.7122122122120000398, 0.0098427084975223275
1.7147147147149999213, 0.0097382566255790719
1.7172172172169999360, 0.0096356459387870030
1.7197197197200000396, 0.0095348302711021557
1.7222222222220000543, 0.0094357649781021419
1.7247247247249999358, 0.0093384068742381060
1.7272272272269999505, 0.0092427141732094320
1.7297297297300000540, 0.0091486464312789274
1.7322322322320000687, 0.0090561644933584325
1.7347347347349999502, 0.0089652304417060374
1.7372372372369999649, 0.0088758075470865144
1.7397397397400000685, 0.0087878602222562843
1.7422422422420000832, 0.0087013539776431212
1.7447447447449999647, 0.0086162553790992205
1.7472472472469999794, 0.0085325320076138095
1.7497497497500000829, 0.0084501524208787440
1.7522522522520000976, 0.0083690861166071662
1.7547547547549999791, 0.0082893034975114431
1.7572572572569999938, 0.0082107758378523604
1.7597597597600000974, 0.0081334752514770244
1.7622622622619998900, 0.0080573746612676456
1.7647647647649999936, 0.0079824477699283192
1.7672672672670000082, 0.0079086690320410644
1.7697697697699998898, 0.0078360136273265130
1.7722722722719999044, 0.0077644574350483114
1.7747747747750000080, 0.0076939770095040367
1.7772772772770000227, 0.0076245495565484510
1.7797797797799999042, 0.0075561529110982429
1.7822822822819999189, 0.0074887655155701349
1.7847847847850000225, 0.0074223663992069823
1.7872872872870000371, 0.0073569351582490963
1.7897897897899999187, 0.0072924519369102526
1.7922922922919999333, 0.0072288974091201351
1.7947947947950000369, 0.0071662527609971608
1.7972972972970000516, 0.0071044996740173361
1.7997997997999999331, 0.0070436203088469164
1.8023023023019999478, 0.0069835972898081205
1.8048048048050000514, 0.0069244136899489798
1.8073073073070000660, 0.0068660530166897542
1.8098098098099999476, 0.0068084991980199034
1.8123123123119999622, 0.0067517365692208973
1.8148148148150000658, 0.0066957498600914260
1.8173173173170000805, 0.0066405241826527940
1.8198198198199999620, 0.0065860450193133534
1.8223223223219999767, 0.0065322982114719742
1.8248248248250000803, 0.0064792699485414842
1.8273273273270000949, 0.0064269467573739997
1.8298298298299999765, 0.0063753154920709416
1.8323323323319999911, 0.0063243633241613830
1.8348348348350000947, 0.0062740777331331647
1.8373373373370001094, 0.0062244464973019858
1.8398398398399999909, 0.0061754576850043680
1.8423423423420000056, 0.0061270996461010706
1.8448448448450001091, 0.0060793610037781897
1.8473473473469999018, 0.0060322306466337400
1.8498498498500000053, 0.0059856977210381371
1.8523523523520000200, 0.0059397516237574867
1.8548548548549999015, 0.0058943819948291563
1.8573573573569999162, 0.0058495787106795207
1.8598598598600000198, 0.0058053318774743175
1.8623623623620000345, 0.0057616318246924026
1.8648648648649999160, 0.0057184690989141741
1.8673673673669999307, 0.0056758344578162782
1.8698698698700000342, 0.0056337188643646296
1.8723723723720000489, 0.0055921134811980824
1.8748748748749999304, 0.0055510096651954837
1.8773773773769999451, 0.0055103989622190932
1.8798798798800000487, 0.0054702731020277260
1.8823823823820000634, 0.0054306239933532095
1.8848848848849999449, 0.0053914437191340519
1.8873873873869999596, 0.0053527245319004782
1.8898898898900000631, 0.0053144588493052158
1.8923923923920000778, 0.0052766392497946794
1.8948948948949999593, 0.0052392584684154255
1.8973973973969999740, 0.0052023093927509216
1.8998998999000000776, 0.0051657850589839575
1.9024024024020000923, 0.0051296786480801299
1.9049049049049999738, 0.0050939834820881071
1.9074074074069999885, 0.0050586930205524768
1.9099099099100000920, 0.0050238008570352181
1.9124124124120001067, 0.0049893007157419548
1.9149149149149999882, 0.0049551864482493164
1.9174174174170000029, 0.0049214520303298859
1.9199199199200001065, 0.0048880915588713466
1.9224224224219998991, 0.0048550992488865796
1.9249249249250000027, 0.0048224694306115805
1.9274274274270000173, 0.0047901965466882078
1.9299299299299998989, 0.0047582751494288618
1.9324324324319999135, 0.0047266998981603456
1.9349349349350000171, 0.0046954655566442197
1.9374374374370000318, 0.0046645669905711149
1.9399399399399999133, 0.0046339991651265034
1.9424424424419999280, 0.0046037571426256040
1.9449449449450000316, 0.0045738360802150997
1.9474474474470000462, 0.0045442312276394925
1.9499499499499999278, 0.0045149379250699886
1.9524524524519999424, 0.0044859516009938703
1.9549549549550000460, 0.0044572677701623913
1.9574574574570000607, 0.0044288820315953343
1.9599599599599999422, 0.0044007900666403789
1.9624624624619999569, 0.0043729876370855727
1.9649649649650000605, 0.0043454705833231794
1.9674674674670000751, 0.0043182348225633028
1.9699699699699999567, 0.0042912763470957177
1.9724724724719999713, 0.0042645912225983849
1.9749749749750000749, 0.0042381755864912187
1.9774774774770000896, 0.0042120256463336753
1.9799799799799999711, 0.0041861376782648257
1.9824824824819999858, 0.0041605080254845956
1.9849849849850000894, 0.0041351330967749319
1.9874874874870001040, 0.0041100093650596357
1.9899899899899999856, 0.0040851333660017509
1.9924924924920000002, 0.0040605016966373071
1.9949949949950001038, 0.0040361110140443726
1.9974974974969998964, 0.0040119580340463364
2.0000000000000000000, 0.0039880395299484016
