# k1_lab: [1, 0, 0]
# k2_lab: [-0.8660254037844387, 0.49999999999999994, 0.0]
# k1_cf: [0.0871557427476582, -0.9961946980917455, 0.0]
# k2_cf: [0.4226182617406994, 0.90630778703665, 0.0]
# pol1_lab: [(0, 1, 0), (0, 0, 1)]
# pol2_lab: [array([-0.5      , -0.8660254,  0.       ]), array([0., 0., 1.])]
# pol1_cf: [array([0.9961947 , 0.08715574, 0.        ]), array([0., 0., 1.])]
# pol2_cf: [array([-0.90630779,  0.42261826,  0.        ]), array([0., 0., 1.])]
# cf: [array([0.08715574, 0.9961947 , 0.        ]), array([-0.9961947 ,  0.08715574,  0.        ]), array([0., 0., 1.])]
# th: 40
-0.5000000000000000000, 0.0098785288159475310
-0.4974974974974999964, 0.0099714847919428751
-0.4949949949949999928, 0.0100658178525620760
-0.4924924924924999892, 0.0101615557714687145
-0.4899899899899999856, 0.0102587270302726841
-0.4874874874874999819, 0.0103573608403475896
-0.4849849849849999783, 0.0104574871654375314
-0.4824824824824999747, 0.0105591367450859064
-0.4799799799800000266, 0.0106623411189207262
-0.4774774774775000230, 0.0107671326518323490
-0.4749749749750000194, 0.0108735445600813899
-0.4724724724725000158, 0.0109816109383762631
-0.4699699699700000122, 0.0110913667879617428
-0.4674674674675000086, 0.0112028480457619754
-0.4649649649650000049, 0.0113160916146234185
-0.4624624624625000013, 0.0114311353947054179
-0.4599599599599999977, 0.0115480183160685292
-0.4574574574574999941, 0.0116667803725130637
-0.4549549549549999905, 0.0117874626567230495
-0.4524524524524999869, 0.0119101073967734349
-0.4499499499499000077, 0.0120347579940614478
-0.4474474474474000041, 0.0121614590627258570
-0.4449449449449000005, 0.0122902564706212931
-0.4424424424423999969, 0.0124211973819181778
-0.4399399399398999932, 0.0125543303014024072
-0.4374374374373999896, 0.0126897051205527335
-0.4349349349348999860, 0.0128273731654779191
-0.4324324324323999824, 0.0129673872467999524
-0.4299299299298999788, 0.0131098017115741858
-0.4274274274273999752, 0.0132546724973420151
-0.4249249249249000271, 0.0134020571884168518
-0.4224224224224000235, 0.0135520150745095103
-0.4199199199199000199, 0.0137046072118048000
-0.4174174174174000163, 0.0138598964866072372
-0.4149149149149000126, 0.0140179476816800867
-0.4124124124124000090, 0.0141788275454089192
-0.4099099099099000054, 0.0143426048639279588
-0.4074074074074000018, 0.0145093505363551711
-0.4049049049048999982, 0.0146791376532902796
-0.4024024024023999946, 0.0148520415787384268
-0.3998998998998999910, 0.0150281400356315417
-0.3973973973973999874, 0.0152075131951290403
-0.3948948948948999838, 0.0153902437698901148
-0.3923923923923999801, 0.0155764171115207080
-0.3898898898898999765, 0.0157661213124103035
-0.3873873873873999729, 0.0159594473121858517
-0.3848848848849000248, 0.0161564890090238472
-0.3823823823824000212, 0.0163573433760755942
-0.3798798798799000176, 0.0165621105832759116
-0.3773773773774000140, 0.0167708941248217898
-0.3748748748749000104, 0.0169838009526246218
-0.3723723723724000068, 0.0172009416160582053
-0.3698698698699000031, 0.0174224304083442985
-0.3673673673673999995, 0.0176483855199385913
-0.3648648648648999959, 0.0178789291993023576
-0.3623623623623999923, 0.0181141879214691305
-0.3598598598598999887, 0.0183542925648414630
-0.3573573573573999851, 0.0185993785966802501
-0.3548548548548999815, 0.0188495862677786237
-0.3523523523523999779, 0.0191050608168440404
-0.3498498498497999987, 0.0193659526851457063
-0.3473473473472999951, 0.0196324177420212458
-0.3448448448447999914, 0.0199046175218748900
-0.3423423423422999878, 0.0201827194733415274
-0.3398398398397999842, 0.0204668972213358537
-0.3373373373372999806, 0.0207573308427536976
-0.3348348348347999770, 0.0210542071566447581
-0.3323323323322999734, 0.0213577200297315091
-0.3298298298298000253, 0.0216680706982089397
-0.3273273273273000217, 0.0219854681068244046
-0.3248248248248000181, 0.0223101292663066067
-0.3223223223223000145, 0.0226422796302871120
-0.3198198198198000108, 0.0229821534929392779
-0.3173173173173000072, 0.0233299944086463630
-0.3148148148148000036, 0.0236860556351047545
-0.3123123123123000000, 0.0240506006013704518
-0.3098098098097999964, 0.0244239034024661024
-0.3073073073072999928, 0.0248062493222859122
-0.3048048048047999892, 0.0251979353866641914
-0.3023023023022999856, 0.0255992709486120226
-0.2997997997997999819, 0.0260105783078796830
-0.2972972972972999783, 0.0264321933671640419
-0.2947947947947999747, 0.0268644663274602638
-0.2922922922923000266, 0.0273077624252493732
-0.2897897897898000230, 0.0277624627144228281
-0.2872872872873000194, 0.0282289648960753065
-0.2847847847848000158, 0.0287076841995436843
-0.2822822822823000122, 0.0291990543183416051
-0.2797797797798000086, 0.0297035284049348945
-0.2772772772773000050, 0.0302215801286227180
-0.2747747747748000013, 0.0307537048011431169
-0.2722722722722999977, 0.0313004205750028811
-0.2697697697697999941, 0.0318622697199521590
-0.2672672672672999905, 0.0324398199834832479
-0.2647647647647999869, 0.0330336660417341055
-0.2622622622622999833, 0.0336444310477286429
-0.2597597597597999797, 0.0342727682844891704
-0.2572572572572999761, 0.0349193629312184520
-0.2547547547547999724, 0.0355849339514784160
-0.2522522522523000243, 0.0362702361130911588
-0.2497497497496999896, 0.0369760621503708656
-0.2472472472472000138, 0.0377032450802649508
-0.2447447447447000102, 0.0384526606850538466
-0.2422422422422000066, 0.0392252301754402108
-0.2397397397397000030, 0.0400219230491642847
-0.2372372372371999993, 0.0408437601617250567
-0.2347347347346999957, 0.0416918170273876607
-0.2322322322321999921, 0.0425672273704266191
-0.2297297297296999885, 0.0434711869485220684
-0.2272272272272000126, 0.0444049576724089498
-0.2247247247247000090, 0.0453698720483064477
-0.2222222222222000054, 0.0463673379723577792
-0.2197197197197000018, 0.0473988439093222386
-0.2172172172171999982, 0.0484659644911216089
-0.2147147147146999946, 0.0495703665745980682
-0.2122122122121999910, 0.0507138158020394164
-0.2097097097096999874, 0.0518981837127313467
-0.2072072072072000115, 0.0531254554590703532
-0.2047047047047000079, 0.0543977381866938142
-0.2022022022022000043, 0.0557172701447436053
-0.1996996996997000007, 0.0570864305998782240
-0.1971971971971999971, 0.0585077506361051242
-0.1946946946946999935, 0.0599839249320533174
-0.1921921921921999898, 0.0615178246181068145
-0.1896896896896999862, 0.0631125113280525674
-0.1871871871872000104, 0.0647712525737731692
-0.1846846846847000068, 0.0664975385872867419
-0.1821821821822000032, 0.0682951007923842529
-0.1796796796796999995, 0.0701679320885788965
-0.1771771771771999959, 0.0721203091534570601
-0.1746746746746999923, 0.0741568169962607271
-0.1721721721721999887, 0.0762823760261885225
-0.1696696696697000128, 0.0785022719341062908
-0.1671671671672000092, 0.0808221887268689154
-0.1646646646647000056, 0.0832482453001636147
-0.1621621621622000020, 0.0857870359897481283
-0.1596596596596999984, 0.0884456756034391750
-0.1571571571571999948, 0.0912318495087030279
-0.1546546546546999912, 0.0941538694350166627
-0.1521521521521999876, 0.0972207357484383000
-0.1496496496496000084, 0.1004422070706659231
-0.1471471471471000048, 0.1038288782493583806
-0.1446446446446000011, 0.1073922678444437229
-0.1421421421420999975, 0.1111449164811040696
-0.1396396396395999939, 0.1151004976396655666
-0.1371371371370999903, 0.1192739427125507068
-0.1346346346345999867, 0.1236815824670565306
-0.1321321321321000108, 0.1283413074202557624
-0.1296296296296000072, 0.1332727500713823954
-0.1271271271271000036, 0.1384974924632591253
-0.1246246246246000000, 0.1440393031770951793
-0.1221221221220999964, 0.1499244086285014266
-0.1196196196196000067, 0.1561818044572295672
-0.1171171171171000031, 0.1628436139271191019
-0.1146146146145999994, 0.1699455016243276995
-0.1121121121120999958, 0.1775271524224820152
-0.1096096096096000061, 0.1856328277512188096
-0.1071071071071000025, 0.1943120137601310748
-0.1046046046045999989, 0.2036201791429914087
-0.1021021021020999953, 0.2136196643452886179
-0.0995995995996000055, 0.2243807288407974332
-0.0970970970971000019, 0.2359827894177448371
-0.0945945945945900063, 0.2485158903419669996
-0.0920920920920900027, 0.2620824563683266106
-0.0895895895895899991, 0.2767993925285336942
-0.0870870870870899955, 0.2928006113450364878
-0.0845845845845799998, 0.3102400898455519584
-0.0820820820820799962, 0.3292955871779484900
-0.0795795795795800065, 0.3501731910951409454
-0.0770770770770800029, 0.3731129113626052152
-0.0745745745745699934, 0.3983956048370682623
-0.0720720720720700037, 0.4263516071130415419
-0.0695695695695700000, 0.4573715686307437966
-0.0670670670670699964, 0.4919201626407060934
-0.0645645645645600008, 0.5305535685156250736
-0.0620620620620599972, 0.5739419665240730328
-0.0595595595595600005, 0.6228987545617937771
-0.0570570570570599969, 0.6784188828296552343
-0.0545545545545500013, 0.7417297071115285245
-0.0520520520520499977, 0.8143592564178669946
-0.0495495495495500010, 0.8982290728910886646
-0.0470470470470499974, 0.9957822666921127830
-0.0445445445445400018, 1.1101629035199449547
-0.0420420420420399982, 1.2454716312336693296
-0.0395395395395400015, 1.4071368990962098700
-0.0370370370370399979, 1.6024655023656941832
-0.0345345345345300023, 1.8414785425945479069
-0.0320320320320299987, 2.1382149311302178774
-0.0295295295295299985, 2.5128261755074179362
-0.0270270270270299984, 2.9950611821842447746
-0.0245245245245199993, 3.6302999961206405821
-0.0220220220220199991, 4.4905015280641062958
-0.0195195195195199990, 5.6952010809245967593
-0.0170170170170199989, 7.4545667549873924074
-0.0145145145145099998, 10.1652236925017422919
-0.0120120120120099996, 14.6464992349184264242
-0.0095095095095099995, 22.8039603739236724778
-0.0070070070070070000, 39.8311969086731636480
-0.0045045045045049997, 83.0614439109652664683
-0.0020020020020019998, 214.9001578595661214877
0.0005005005005005000, 339.1180484820520177891
0.0030030030030029999, 144.3843657267201479044
0.0055055055055059999, 60.2980174349187976190
0.0080080080080079993, 31.3255891809708799656
0.0105105105105099995, 18.8894042958108059338
0.0130130130130099997, 12.5576445442615654002
0.0155155155155200005, 8.9286653536122422281
0.0180180180180199989, 6.6651518084531744535
0.0205205205205199991, 5.1617160209580070784
0.0230230230230199992, 4.1136475399038285872
0.0255255255255299983, 3.3545154257795894992
0.0280280280280299984, 2.7873463898404575723
0.0305305305305299986, 2.3526040376731129911
0.0330330330330299987, 2.0121248901219703775
0.0355355355355400013, 1.7405446643452995303
0.0380380380380399979, 1.5204791837278388567
0.0405405405405400016, 1.3396941454827597795
0.0430430430430399982, 1.1893791114195553238
0.0455455455455500008, 1.0630599210400519805
0.0480480480480499975, 0.9558934748876100063
0.0505505505505500011, 0.8641987426445361109
0.0530530530530499977, 0.7851377713876160902
0.0555555555555600003, 0.7164943035673634331
0.0580580580580599970, 0.6565173239353120360
0.0605605605605600006, 0.6038086615938474955
0.0630630630630600042, 0.5572410265493227266
0.0655655655655699998, 0.5158974186865876721
0.0680680680680700034, 0.4790257721344801101
0.0705705705705699932, 0.4460046108324072223
0.0730730730730699968, 0.4163167639734053349
0.0755755755755800063, 0.3895290506886174287
0.0780780780780799960, 0.3652764340036460666
0.0805805805805799996, 0.3432495550545531238
0.0830830830830800032, 0.3231848481461334632
0.0855855855855899988, 0.3048566437476097901
0.0880880880880900025, 0.2880708154306042545
0.0905905905905900061, 0.2726596352501356457
0.0930930930930899958, 0.2584775818942522951
0.0955955955956000053, 0.2453979051991387883
0.0980980980980999950, 0.2333097950179488511
0.1006006006005999986, 0.2221160359506328674
0.1031031031031000023, 0.2117310549471184689
0.1056056056056000059, 0.2020792883452787736
0.1081081081080999956, 0.1930938099929125629
0.1106106106105999992, 0.1847151738241545882
0.1131131131131000028, 0.1768904334234649156
0.1156156156156000064, 0.1695723083156693012
0.1181181181180999962, 0.1627184724187103193
0.1206206206205999998, 0.1562909446264242053
0.1231231231231000034, 0.1502555651096057487
0.1256256256256000070, 0.1445815438317947232
0.1281281281281000106, 0.1392410701229559178
0.1306306306305999865, 0.1342089740564774980
0.1331331331330999901, 0.1294624319235530285
0.1356356356355999937, 0.1249807093650200651
0.1381381381380999973, 0.1207449367598187606
0.1406406406406000009, 0.1167379123253537154
0.1431431431431000045, 0.1129439290930154549
0.1456456456456000081, 0.1093486225096640535
0.1481481481481000118, 0.1059388359051486039
0.1506506506506999910, 0.1027025014747179332
0.1531531531531999946, 0.0996285347677990096
0.1556556556556999982, 0.0967067409626703317
0.1581581581582000018, 0.0939277314494521148
0.1606606606607000054, 0.0912828494492380904
0.1631631631632000090, 0.0887641035713761933
0.1656656656657000126, 0.0863641083590118985
0.1681681681681999885, 0.0840760309992690247
0.1706706706706999921, 0.0818935434823548219
0.1731731731731999957, 0.0798107795863282343
0.1756756756756999993, 0.0778222961436782212
0.1781781781782000029, 0.0759230381142014243
0.1806806806807000065, 0.0741083070476459549
0.1831831831832000101, 0.0723737325705745838
0.1856856856857000138, 0.0707152465760862436
0.1881881881881999896, 0.0691290598334098338
0.1906906906906999932, 0.0676116407677685161
0.1931931931931999968, 0.0661596961900349778
0.1956956956957000004, 0.0647701537811377903
0.1981981981982000041, 0.0634401461584541138
0.2007007007007000077, 0.0621669963709719359
0.2032032032032000113, 0.0609482046871844957
0.2057057057056999871, 0.0597814365548188925
0.2082082082081999908, 0.0586645116248688675
0.2107107107106999944, 0.0575953937442258146
0.2132132132131999980, 0.0565721818316973352
0.2157157157157000016, 0.0555931015615271501
0.2182182182182000052, 0.0546564977868506732
0.2207207207207000088, 0.0537608276429577467
0.2232232232232000124, 0.0529046542769054245
0.2257257257256999883, 0.0520866411560353473
0.2282282282281999919, 0.0513055469133783248
0.2307307307306999955, 0.0505602206928661285
0.2332332332331999991, 0.0498495979617737811
0.2357357357357000027, 0.0491726967619539601
0.2382382382382000063, 0.0485286143752547555
0.2407407407407000099, 0.0479165243820779477
0.2432432432432000136, 0.0473356740953925353
0.2457457457456999894, 0.0467853823557051532
0.2482482482481999930, 0.0462650376755485288
0.2507507507508000000, 0.0457740967250246586
0.2532532532533000036, 0.0453120831528627879
0.2557557557558000072, 0.0448785867403729555
0.2582582582583000108, 0.0444732628886231746
0.2607607607608000144, 0.0440958324421924647
0.2632632632633000180, 0.0437460818559924428
0.2657657657658000216, 0.0434238637149536519
0.2682682682683000253, 0.0431290976198959453
0.2707707707707999734, 0.0428617714566951469
0.2732732732732999770, 0.0426219430699923268
0.2757757757757999806, 0.0424097423672352009
0.2782782782782999842, 0.0422253738838792095
0.2807807807807999878, 0.0420691198462045182
0.2832832832832999914, 0.0419413437745368919
0.2857857857857999950, 0.0418424946768238409
0.2882882882882999986, 0.0417731118906681936
0.2907907907908000023, 0.0417338306412387630
0.2932932932933000059, 0.0417253883931754110
0.2957957957958000095, 0.0417486320869395050
0.2982982982983000131, 0.0418045263643330028
0.3008008008008000167, 0.0418941629044826819
0.3033033033033000203, 0.0420187710108991322
0.3058058058058000239, 0.0421797296127955634
0.3083083083083000275, 0.0423785808703297934
0.3108108108107999756, 0.0426170456045805585
0.3133133133132999792, 0.0428970408098303529
0.3158158158157999829, 0.0432206995492489532
0.3183183183182999865, 0.0435903935867570022
0.3208208208207999901, 0.0440087591694386104
0.3233233233232999937, 0.0444787264484952094
0.3258258258257999973, 0.0450035531150459675
0.3283283283283000009, 0.0455868629333885528
0.3308308308308000045, 0.0462326899827490284
0.3333333333333000081, 0.0469455295742697981
0.3358358358358000118, 0.0477303969995173105
0.3383383383383000154, 0.0485928954984202188
0.3408408408408000190, 0.0495392951187922717
0.3433433433433000226, 0.0505766244899000239
0.3458458458458000262, 0.0517127779662238107
0.3483483483482999743, 0.0529566411369659651
0.3508508508509000090, 0.0543182383710661063
0.3533533533534000126, 0.0558089069144815375
0.3558558558559000162, 0.0574415031262540954
0.3583583583584000198, 0.0592306477986263430
0.3608608608609000235, 0.0611930192423703820
0.3633633633634000271, 0.0633477050500097089
0.3658658658658999752, 0.0657166263369084180
0.3683683683683999788, 0.0683250520215744478
0.3708708708708999824, 0.0712022256420785371
0.3733733733733999860, 0.0743821337311591640
0.3758758758758999896, 0.0779044534704593089
0.3783783783783999932, 0.0818157290367398787
0.3808808808808999968, 0.0861708419136770626
0.3833833833834000004, 0.0910348621661582064
0.3858858858859000041, 0.0964853977332972429
0.3883883883884000077, 0.1026156008484719329
0.3908908908909000113, 0.1095380502174155279
0.3933933933934000149, 0.1173898129022035164
0.3958958958959000185, 0.1263391138113673928
0.3983983983984000221, 0.1365942234232922770
0.4009009009009000257, 0.1484154480196607229
0.4034034034033999738, 0.1621315235885163464
0.4059059059058999774, 0.1781623615811664951
0.4084084084083999810, 0.1970511195780600966
0.4109109109108999847, 0.2195102299774635557
0.4134134134133999883, 0.2464887758433687848
0.4159159159158999919, 0.2792733053402609023
0.4184184184183999955, 0.3196424473672079825
0.4209209209208999991, 0.3701107457147743696
0.4234234234234000027, 0.4343256100800721442
0.4259259259259000063, 0.5177375881580147388
0.4284284284284000099, 0.6287812560218193347
0.4309309309309000136, 0.7810622768554108530
0.4334334334334000172, 0.9976565394901889539
0.4359359359359000208, 1.3201937367191287631
0.4384384384384000244, 1.8298391932254582937
0.4409409409408999725, 2.7015173581674392089
0.4434434434433999761, 4.3657022982227173813
0.4459459459458999797, 8.0870392956564938203
0.4484484484483999833, 18.4164552415193440993
0.4509509509510000180, 47.1297382715355155369
0.4534534534535000216, 40.7870708363228828830
0.4559559559560000253, 15.5791486681024551331
0.4584584584584999734, 7.1373300185963444164
0.4609609609609999770, 3.9675027216968570265
0.4634634634634999806, 2.5020449877485511081
0.4659659659659999842, 1.7165807062064324384
0.4684684684684999878, 1.2497412134574805709
0.4709709709709999914, 0.9506603702342819595
0.4734734734734999950, 0.7479049520911164040
0.4759759759759999986, 0.6042637410914528662
0.4784784784785000022, 0.4988563890256921263
0.4809809809810000059, 0.4192498175776050995
0.4834834834835000095, 0.3576736525398550581
0.4859859859860000131, 0.3090724059471430252
0.4884884884885000167, 0.2700435130437270348
0.4909909909910000203, 0.2382295980600428742
0.4934934934935000239, 0.2119560212814970701
0.4959959959960000275, 0.1900068765449286212
0.4984984984984999756, 0.1714821927587787120
0.5010010010009999792, 0.1557043865092728741
0.5035035035035000384, 0.1421554815783089287
0.5060060060059999865, 0.1304340593417292193
0.5085085085085000456, 0.1202251629478187922
0.5110110110109999937, 0.1112788872896988968
0.5135135135135000528, 0.1033949051743322523
0.5160160160160000009, 0.0964111214568081215
0.5185185185184999490, 0.0901952434956859728
0.5210210210210000081, 0.0846384420178681596
0.5235235235234999562, 0.0796505304971150963
0.5260260260260000154, 0.0751562612683440712
0.5285285285284999635, 0.0710924523140184506
0.5310310310310000226, 0.0674057385067020204
0.5335335335334999707, 0.0640507969298165919
0.5360360360360000298, 0.0609889354337336612
0.5385385385384999779, 0.0581869619021604390
0.5410410410410000370, 0.0556162722076401494
0.5435435435434999851, 0.0532521098322085301
0.5460460460460000442, 0.0510729612036624619
0.5485485485484999924, 0.0490600590490992208
0.5510510510510999715, 0.0471969722671851805
0.5535535535536000307, 0.0454692655163105100
0.5560560560560999788, 0.0438642152991396347
0.5585585585586000379, 0.0423705720781819631
0.5610610610610999860, 0.0409783600881365728
0.5635635635636000451, 0.0396787081704664119
0.5660660660660999932, 0.0384637062561380971
0.5685685685686000523, 0.0373262831474209453
0.5710710710711000004, 0.0362601020619373812
0.5735735735735999485, 0.0352594710493395538
0.5760760760761000077, 0.0343192659092290062
0.5785785785785999558, 0.0334348636559416990
0.5810810810811000149, 0.0326020849129214363
0.5835835835835999630, 0.0318171438931253089
0.5860860860861000221, 0.0310766048451084666
0.5885885885885999702, 0.0303773440271912325
0.5910910910911000293, 0.0297165164223374308
0.5935935935935999774, 0.0290915265303257030
0.5960960960961000366, 0.0285000026764428704
0.5985985985985999847, 0.0279397743612289570
0.6011011011011000438, 0.0274088522469292870
0.6036036036035999919, 0.0269054104358075752
0.6061061061061000510, 0.0264277707454020627
0.6086086086085999991, 0.0259743887278322434
0.6111111111110999472, 0.0255438412157388550
0.6136136136136000063, 0.0251348152074723531
0.6161161161160999544, 0.0247460979296383610
0.6186186186186000135, 0.0243765679368062663
0.6211211211210999616, 0.0240251871267020550
0.6236236236236000208, 0.0236909935650445949
0.6261261261260999689, 0.0233730950277648460
0.6286286286286000280, 0.0230706631800203579
0.6311311311310999761, 0.0227829283214723011
0.6336336336336000352, 0.0225091746359727882
0.6361361361360999833, 0.0222487358913210677
0.6386386386386000424, 0.0220009915412580290
0.6411411411410999905, 0.0217653631875250296
0.6436436436436000497, 0.0215413113647367691
0.6461461461460999978, 0.0213283326151114498
0.6486486486485999459, 0.0211259568238531606
0.6511511511512000361, 0.0209337447892650498
0.6536536536536999842, 0.0207512860045512768
0.6561561561562000433, 0.0205781966307946838
0.6586586586586999914, 0.0204141176428225338
0.6611611611612000505, 0.0202587131316333963
0.6636636636636999986, 0.0201116687487897447
0.6661661661661999467, 0.0199726902797108044
0.6686686686687000059, 0.0198415023341555405
0.6711711711711999540, 0.0197178471433875555
0.6736736736737000131, 0.0196014834545805913
0.6761761761761999612, 0.0194921855139729427
0.6786786786787000203, 0.0193897421311245363
0.6811811811811999684, 0.0192939558173845435
0.6836836836837000275, 0.0192046419923512061
0.6861861861861999756, 0.0191216282527079187
0.6886886886887000347, 0.0190447536983598016
0.6911911911911999828, 0.0189738683112785460
0.6936936936937000420, 0.0189088323828987097
0.6961961961961999901, 0.0188495159862993693
0.6986986986987000492, 0.0187957984897577195
0.7012012012011999973, 0.0187475681085785308
0.7037037037036999454, 0.0187047214923909515
0.7062062062062000045, 0.0186671633453633738
0.7087087087086999526, 0.0186348060770227322
0.7112112112112000117, 0.0186075694815778549
0.7137137137136999598, 0.0185853804438408203
0.7162162162162000190, 0.0185681726700169247
0.7187187187186999671, 0.0185558864417950456
0.7212212212212000262, 0.0185484683923177948
0.7237237237236999743, 0.0185458713027456153
0.7262262262262000334, 0.0185480539182531386
0.7287287287286999815, 0.0185549807824101146
0.7312312312312000406, 0.0185666220890044510
0.7337337337336999887, 0.0185829535504624388
0.7362362362362000479, 0.0186039562821115473
0.7387387387386999960, 0.0186296167016154063
0.7412412412412000551, 0.0186599264429894510
0.7437437437437000032, 0.0186948822846794357
0.7462462462461999513, 0.0187344860912548108
0.7487487487487000104, 0.0187787447683348645
0.7512512512512999896, 0.0188276702304284310
0.7537537537538000487, 0.0188812793814278242
0.7562562562562999968, 0.0189395941075558259
0.7587587587587999449, 0.0190026412826201987
0.7612612612613000040, 0.0190704527854849912
0.7637637637637999521, 0.0191430655297211427
0.7662662662663000113, 0.0192205215054519103
0.7687687687687999594, 0.0193028678334607046
0.7712712712713000185, 0.0193901568316817603
0.7737737737737999666, 0.0194824460942464375
0.7762762762763000257, 0.0195797985833115959
0.7787787787787999738, 0.0196822827339511140
0.7812812812813000329, 0.0197899725724471967
0.7837837837837999810, 0.0199029478483762415
0.7862862862863000402, 0.0200212941809434775
0.7887887887887999883, 0.0201451032200833935
0.7912912912913000474, 0.0202744728229080420
0.7937937937937999955, 0.0204095072461544028
0.7962962962963000546, 0.0205503173553545325
0.7987987987988000027, 0.0206970208515296038
0.8013013013012999508, 0.0208497425162908340
0.8038038038038000099, 0.0210086144763181742
0.8063063063062999580, 0.0211737764882816183
0.8088088088088000172, 0.0213453762453705183
0.8113113113112999653, 0.0215235697067052770
0.8138138138138000244, 0.0217085214510224708
0.8163163163162999725, 0.0219004050561513314
0.8188188188188000316, 0.0220994035059363068
0.8213213213212999797, 0.0223057096264094139
0.8238238238238000388, 0.0225195265531773665
0.8263263263262999869, 0.0227410682321644853
0.8288288288288000460, 0.0229705599560440892
0.8313313313312999941, 0.0232082389389000575
0.8338338338338000533, 0.0234543549318890210
0.8363363363363000014, 0.0237091708829237496
0.8388388388387999495, 0.0239729636436719490
0.8413413413413000086, 0.0242460247274664184
0.8438438438437999567, 0.0245286611220506788
0.8463463463463000158, 0.0248211961614491633
0.8488488488487999639, 0.0251239704616491588
0.8513513513514000541, 0.0254373429252220569
0.8538538538539000022, 0.0257616918204978465
0.8563563563563999503, 0.0260974159414415589
0.8588588588589000095, 0.0264449358549746945
0.8613613613613999576, 0.0268046952431401295
0.8638638638639000167, 0.0271771623482360662
0.8663663663663999648, 0.0275628315298524669
0.8688688688689000239, 0.0279622249436373427
0.8713713713713999720, 0.0283758943526195399
0.8738738738739000311, 0.0288044230830214014
0.8763763763763999792, 0.0292484281377327626
0.8788788788789000384, 0.0297085624819981263
0.8813813813813999865, 0.0301855175174090863
0.8838838838839000456, 0.0306800257620225142
0.8863863863863999937, 0.0311928637563559930
0.8888888888889000528, 0.0317248552171817480
0.8913913913914000009, 0.0322768744634777185
0.8938938938938999490, 0.0328498501416326222
0.8963963963964000081, 0.0334447692800931770
0.8988988988988999562, 0.0340626817071222540
0.9014014014014000153, 0.0347047048692738502
0.9039039039038999634, 0.0353720290926456196
0.9064064064064000226, 0.0360659233340145935
0.9089089089088999707, 0.0367877414746954970
0.9114114114114000298, 0.0375389292164737334
0.9139139139138999779, 0.0383210316463862416
0.9164164164164000370, 0.0391357015455918097
0.9189189189188999851, 0.0399847085272442351
0.9214214214214000442, 0.0408699490993671768
0.9239239239238999923, 0.0417934577614349698
0.9264264264264000515, 0.0427574192579737861
0.9289289289288999996, 0.0437641821293231412
0.9314314314313999477, 0.0448162737191065003
0.9339339339339000068, 0.0459164168204158618
0.9364364364363999549, 0.0470675481687271927
0.9389389389389000140, 0.0482728390197817367
0.9414414414413999621, 0.0495357180858454690
0.9439439439439000212, 0.0508598971447966550
0.9464464464463999693, 0.0522493996845062800
0.9489489489489000285, 0.0537085930012625098
0.9514514514515000076, 0.0552422242371728711
0.9539539539539999558, 0.0568554609194905011
0.9564564564565000149, 0.0585539366570144229
0.9589589589589999630, 0.0603438027580286904
0.9614614614615000221, 0.0622317866641928230
0.9639639639639999702, 0.0642252582497725155
0.9664664664665000293, 0.0663323052210026270
0.9689689689689999774, 0.0685618190728887605
0.9714714714715000365, 0.0709235933287581249
0.9739739739739999846, 0.0734284361117534395
0.9764764764765000438, 0.0760882994903594040
0.9789789789789999919, 0.0789164285184646985
0.9814814814815000510, 0.0819275334753031409
0.9839839839839999991, 0.0851379895285750421
0.9864864864864999472, 0.0885660689291424830
0.9889889889890000063, 0.0922322119418024916
0.9914914914914999544, 0.0961593440804169169
0.9939939939940000135, 0.1003732489207750933
0.9964964964964999616, 0.1049030079074222549
0.9989989989990000208, 0.1097815212780409999
1.0015015015019999023, 0.1150461276688928280
1.0040040040039999170, 0.1207393443612638229
1.0065065065070000205, 0.1269097557827039147
1.0090090090090000352, 0.1336130851951978504
1.0115115115119999167, 0.1409134940403783121
1.0140140140139999314, 0.1488851659329729626
1.0165165165170000350, 0.1576142488567312538
1.0190190190190000497, 0.1672012512046779920
1.0215215215219999312, 0.1777640170135279807
1.0240240240239999459, 0.1894414460641422049
1.0265265265270000494, 0.2023981797796429172
1.0290290290290000641, 0.2168305503674744505
1.0315315315319999456, 0.2329741977678782550
1.0340340340339999603, 0.2511139107021932992
1.0365365365370000639, 0.2715964657719389108
1.0390390390390000785, 0.2948475550557910774
1.0415415415419999601, 0.3213943596557382598
1.0440440440439999747, 0.3518960267296638023
1.0465465465470000783, 0.3871853752423928818
1.0490490490490000930, 0.4283268147729120678
1.0515515515519999745, 0.4766980931472442617
1.0540540540539999892, 0.5341077571479680985
1.0565565565570000928, 0.6029673083887234775
1.0590590590590001074, 0.6865491681975121052
1.0615615615619999890, 0.7893829471423235988
1.0640640640640000036, 0.9178815197794204517
1.0665665665670001072, 1.0813623835130643513
1.0690690690689998998, 1.2937764580173027884
1.0715715715720000034, 1.5767625357687806709
1.0740740740740000181, 1.9653232603753678642
1.0765765765769998996, 2.5190275763736393877
1.0790790790789999143, 3.3457972342233035512
1.0815815815820000179, 4.6571894296766176424
1.0840840840840000325, 6.9123865525442562685
1.0865865865869999141, 11.2521664175756512805
1.0890890890889999287, 21.0697948558501906291
1.0915915915920000323, 48.6928977296719693868
1.0940940940940000470, 122.4363507315997736669
1.0965965965969999285, 96.2806167184804735371
1.0990990990989999432, 36.7842061532055879525
1.1016016016020000468, 17.0906118590099076471
1.1041041041040000614, 9.5914649244347405244
1.1066066066069999430, 6.0876779076510398880
1.1091091091089999576, 4.1962749358843449698
1.1116116116120000612, 3.0666822783826908072
1.1141141141140000759, 2.3406505028770205890
1.1166166166169999574, 1.8474271232336434423
1.1191191191189999721, 1.4976102732213363300
1.1216216216220000756, 1.2408331296157748547
1.1241241241240000903, 1.0470090393570268272
1.1266266266269999718, 0.8972858378535717438
1.1291291291289999865, 0.7793723261782383727
1.1316316316320000901, 0.6849820471664854749
1.1341341341340001048, 0.6083664525757951358
1.1366366366369999863, 0.5454380574774490009
1.1391391391390000010, 0.4932274572322518646
1.1416416416420001045, 0.4495365937436991421
1.1441441441439998972, 0.4127112813926275270
1.1466466466470000007, 0.3814883647191378846
1.1491491491490000154, 0.3548908147165268923
1.1516516516519998969, 0.3321543458708841046
1.1541541541539999116, 0.3126752002966054489
1.1566566566570000152, 0.2959724209747318646
1.1591591591590000299, 0.2816602183507017632
1.1616616616619999114, 0.2694274830261142450
1.1641641641639999261, 0.2590224352181206835
1.1666666666670000296, 0.2502410203511519216
1.1691691691690000443, 0.2429180753492443945
1.1716716716719999258, 0.2369205734217192938
1.1741741741739999405, 0.2321424514075369760
1.1766766766770000441, 0.2285006619336892864
1.1791791791790000588, 0.2259321915871906894
1.1816816816819999403, 0.2243918585084858641
1.1841841841839999550, 0.2238507567552643074
1.1866866866870000585, 0.2242952563261226273
1.1891891891890000732, 0.2257265010624777135
1.1916916916919999547, 0.2281603748903865969
1.1941941941939999694, 0.2316279325087264307
1.1966966966970000730, 0.2361763158412031882
1.1991991991990000876, 0.2418702044508739546
1.2017017017019999692, 0.2487938789614972113
1.2042042042039999838, 0.2570540141053723748
1.2067067067070000874, 0.2667833659159418724
1.2092092092090001021, 0.2781455807245780676
1.2117117117119999836, 0.2913414389808280935
1.2142142142139999983, 0.3066169646421760819
1.2167167167170001019, 0.3242739960361591400
1.2192192192189998945, 0.3446840494425397194
1.2217217217219999981, 0.3683066471506347694
1.2242242242240000127, 0.3957137820979524934
1.2267267267269998943, 0.4276229384383373744
1.2292292292289999089, 0.4649422227809765218
1.2317317317320000125, 0.5088329184212768697
1.2342342342340000272, 0.5607975512213442260
1.2367367367369999087, 0.6228060396020590472
1.2392392392389999234, 0.6974799211779956210
1.2417417417420000270, 0.7883672636504936992
1.2442442442440000416, 0.9003629693111412369
1.2467467467469999232, 1.0403692318828969832
1.2492492492489999378, 1.2183662895325135800
1.2517517517520000414, 1.4492117934237684906
1.2542542542540000561, 1.7557932079162439365
1.2567567567569999376, 2.1748275325227779398
1.2592592592589999523, 2.7681713332100068570
1.2617617617620000559, 3.6464858483034747749
1.2642642642640000705, 5.0232411624368680236
1.2667667667669999521, 7.3521463678263980768
1.2692692692689999667, 11.7291781761096025605
1.2717717717720000703, 21.2960902841870733937
1.2742742742740000850, 47.1157307979400172826
1.2767767767769999665, 122.9840067182555571890
1.2792792792789999812, 129.6578545068215362335
1.2817817817820000847, 50.0742509494285883420
1.2842842842840000994, 22.2842427442140333937
1.2867867867869999809, 12.1407711464354157727
1.2892892892889999956, 7.5550923616869773980
1.2917917917920000992, 5.1349446768764881455
1.2942942942939998918, 3.7122552069104672867
1.2967967967969999954, 2.8082021602991109610
1.2992992992990000101, 2.1991525114321408552
1.3018018018019998916, 1.7698289673412781475
1.3043043043039999063, 1.4560799969305275869
1.3068068068070000098, 1.2199619440533651105
1.3093093093090000245, 1.0378916746926167836
1.3118118118119999060, 0.8945970033742204341
1.3143143143139999207, 0.7798400814111549062
1.3168168168170000243, 0.6865527122084535971
1.3193193193190000390, 0.6097295732341828645
1.3218218218219999205, 0.5457470591946680383
1.3243243243239999352, 0.4919306560112653437
1.3268268268270000387, 0.4462724697914879357
1.3293293293290000534, 0.4072422413793812535
1.3318318318319999349, 0.3736581391879743586
1.3343343343339999496, 0.3445967021174630163
1.3368368368370000532, 0.3193289835321937442
1.3393393393390000679, 0.2972745806316693384
1.3418418418419999494, 0.2779680992238692250
1.3443443443439999641, 0.2610344170283800946
1.3468468468470000676, 0.2461702804658999488
1.3493493493490000823, 0.2331305430141664692
1.3518518518519999638, 0.2217178742063852237
1.3543543543539999785, 0.2117751279627372862
1.3568568568570000821, 0.2031798149130575326
1.3593593593590000967, 0.1958403137809484051
1.3618618618619999783, 0.1896936083621800773
1.3643643643639999929, 0.1847044696041229006
1.3668668668670000965, 0.1808661350882111996
1.3693693693689998891, 0.1782026907071476429
1.3718718718719999927, 0.1767735574470448712
1.3743743743740000074, 0.1766807686618483975
1.3768768768770001110, 0.1780801530584191772
1.3793793793789999036, 0.1811982240620543250
1.3818818818820000072, 0.1863577111942749109
1.3843843843840000218, 0.1940166137694210868
1.3868868868869999034, 0.2048291059724334784
1.3893893893889999180, 0.2197429680889123604
1.3918918918920000216, 0.2401603816227604327
1.3943943943940000363, 0.2682133427290894212
1.3968968968969999178, 0.3072566402891525050
1.3993993993989999325, 0.3627977698133401097
1.4019019019020000361, 0.4443652528378383981
1.4044044044040000507, 0.5695628377843429124
1.4069069069069999323, 0.7737510642092572111
1.4094094094089999469, 1.1361511235525898478
1.4119119119120000505, 1.8620814018065892093
1.4144144144140000652, 3.5962885041181347212
1.4169169169169999467, 8.7387360246686878185
1.4194194194189999614, 18.8752782992106773463
1.4219219219220000650, 10.3933246371371517114
1.4244244244240000796, 4.1197605592222217297
1.4269269269269999612, 2.0496619339968926710
1.4294294294289999758, 1.2126801847939745471
1.4319319319320000794, 0.8036561339101245816
1.4344344344340000941, 0.5755270095528146612
1.4369369369369999756, 0.4357889466165730807
1.4394394394389999903, 0.3440613182318382202
1.4419419419420000938, 0.2805707897594685307
1.4444444444440001085, 0.2347454091267284770
1.4469469469469999900, 0.2005288063257363029
1.4494494494490000047, 0.1742533108586801216
1.4519519519520001083, 0.1535941840777723666
1.4544544544539999009, 0.1370206720440788339
1.4569569569570000045, 0.1234917345888470186
1.4594594594590000192, 0.1122794601748083876
1.4619619619619999007, 0.1028624724654073064
1.4644644644639999154, 0.0948593587731978577
1.4669669669670000189, 0.0879858385362930623
1.4694694694690000336, 0.0820264740219947414
1.4719719719719999151, 0.0768155458339786212
1.4744744744739999298, 0.0722238522500045776
1.4769769769770000334, 0.0681494253132167022
1.4794794794790000481, 0.0645108900693798226
1.4819819819819999296, 0.0612426407936491127
1.4844844844839999443, 0.0582912874941141496
1.4869869869870000478, 0.0556130042579979778
1.4894894894890000625, 0.0531715269789106715
1.4919919919919999440, 0.0509366248027917634
1.4944944944939999587, 0.0488829213295098181
1.4969969969970000623, 0.0469889769410259117
1.4994994994990000770, 0.0452365681171467138
1.5020020020019999585, 0.0436101167967043110
1.5045045045050000621, 0.0420962350648931283
1.5070070070070000767, 0.0406833592340365285
1.5095095095099999583, 0.0393614537686623675
1.5120120120119999729, 0.0381217701898956193
1.5145145145150000765, 0.0369566495635348310
1.5170170170170000912, 0.0358593597685001944
1.5195195195199999727, 0.0348239606954486858
1.5220220220219999874, 0.0338451920084759800
1.5245245245250000909, 0.0329183792374028311
1.5270270270270001056, 0.0320393548422406443
1.5295295295299999871, 0.0312043915693457075
1.5320320320320000018, 0.0304101459478718188
1.5345345345350001054, 0.0296536101906093065
1.5370370370369998980, 0.0289320710914063792
1.5395395395400000016, 0.0282430747719295480
1.5420420420420000163, 0.0275843963385172045
1.5445445445449998978, 0.0269540136767461372
1.5470470470469999125, 0.0263500847458615108
1.5495495495500000160, 0.0257709278441592762
1.5520520520520000307, 0.0252150044050315318
1.5545545545549999122, 0.0246809039557803721
1.5570570570569999269, 0.0241673309306774178
1.5595595595600000305, 0.0236730930786471019
1.5620620620620000452, 0.0231970912463586448
1.5645645645649999267, 0.0227383103510375092
1.5670670670669999414, 0.0222958113852153444
1.5695695695700000449, 0.0218687243189423786
1.5720720720720000596, 0.0214562417845242451
1.5745745745749999411, 0.0210576134452606541
1.5770770770769999558, 0.0206721409635089032
1.5795795795800000594, 0.0202991734951049191
1.5820820820820000741, 0.0199381036470987448
1.5845845845849999556, 0.0195883638442102652
1.5870870870869999703, 0.0192494230566063115
1.5895895895900000738, 0.0189207838477566045
1.5920920920920000885, 0.0186019797064018132
1.5945945945949999700, 0.0182925726311951690
1.5970970970969999847, 0.0179921509404859237
1.5995995996000000883, 0.0177003272830774591
1.6021021021020001029, 0.0174167368287081320
1.6046046046049999845, 0.0171410356195296244
1.6071071071069999991, 0.0168728990660492427
1.6096096096100001027, 0.0166120205729165180
1.6121121121119998953, 0.0163581102815979797
1.6146146146149999989, 0.0161108939184416433
1.6171171171170000136, 0.0158701117379076925
1.6196196196199998951, 0.0156355175518605415
1.6221221221219999098, 0.0154068778368004599
1.6246246246250000134, 0.0151839709117788033
1.6271271271270000280, 0.0149665861805038068
1.6296296296299999096, 0.0147545234318184493
1.6321321321319999242, 0.0145475921933283150
1.6346346346350000278, 0.0143456111334862267
1.6371371371370000425, 0.0141484075079094697
1.6396396396399999240, 0.0139558166461228352
1.6421421421419999387, 0.0137676814752918288
1.6446446446450000423, 0.0135838520778416988
1.6471471471470000569, 0.0134041852801532937
1.6496496496499999385, 0.0132285442697913265
1.6521521521519999531, 0.0130567982389569355
1.6546546546550000567, 0.0128888220520687255
1.6571571571570000714, 0.0127244959355668243
1.6596596596599999529, 0.0125637051882054977
1.6621621621619999676, 0.0124063399102539648
1.6646646646650000712, 0.0122522947501637492
1.6671671671670000858, 0.0121014686673859961
1.6696696696699999674, 0.0119537647101352167
1.6721721721719999820, 0.0118090898069982513
1.6746746746750000856, 0.0116673545713794156
1.6771771771770001003, 0.0115284731178569577
1.6796796796799999818, 0.0113923628896017409
1.6821821821819999965, 0.0112589444960782166
1.6846846846850001000, 0.0111281415603104571
1.6871871871869998927, 0.0109998805750531996
1.6896896896899999962, 0.0108740907672597708
1.6921921921920000109, 0.0107507039702862926
1.6946946946949998924, 0.0106296545033148053
1.6971971971969999071, 0.0105108790575174152
1.6996996997000000107, 0.0103943165885199452
1.7022022022020000254, 0.0102799082147563801
1.7047047047049999069, 0.0101675971213358828
1.7072072072069999216, 0.0100573284690719557
1.7097097097100000251, 0.0099490493083486484
1.7122122122120000398, 0.0098427084975223553
1.7147147147149999213, 0.0097382566255790962
1.7172172172169999360, 0.0096356459387870255
1.7197197197200000396, 0.0095348302711021800
1.7222222222220000543, 0.0094357649781021680
1.7247247247249999358, 0.0093384068742381303
1.7272272272269999505, 0.0092427141732094528
1.7297297297300000540, 0.0091486464312789464
1.7322322322320000687, 0.0090561644933584515
1.7347347347349999502, 0.0089652304417060565
1.7372372372369999649, 0.0088758075470865404
1.7397397397400000685, 0.0087878602222563051
1.7422422422420000832, 0.0087013539776431420
1.7447447447449999647, 0.0086162553790992413
1.7472472472469999794, 0.0085325320076138304
1.7497497497500000829, 0.0084501524208787648
1.7522522522520000976, 0.0083690861166071870
1.7547547547549999791, 0.0082893034975114570
1.7572572572569999938, 0.0082107758378523812
1.7597597597600000974, 0.0081334752514770400
1.7622622622619998900, 0.0080573746612676612
1.7647647647649999936, 0.0079824477699283365
1.7672672672670000082, 0.0079086690320410852
1.7697697697699998898, 0.0078360136273265303
1.7722722722719999044, 0.0077644574350483287
1.7747747747750000080, 0.0076939770095040532
1.7772772772770000227, 0.0076245495565484683
1.7797797797799999042, 0.0075561529110982602
1.7822822822819999189, 0.0074887655155701513
1.7847847847850000225, 0.0074223663992069996
1.7872872872870000371, 0.0073569351582491137
1.7897897897899999187, 0.0072924519369102700
1.7922922922919999333, 0.0072288974091201533
1.7947947947950000369, 0.0071662527609971782
1.7972972972970000516, 0.0071044996740173534
1.7997997997999999331, 0.0070436203088469311
1.8023023023019999478, 0.0069835972898081352
1.8048048048050000514, 0.0069244136899489954
1.8073073073070000660, 0.0068660530166897698
1.8098098098099999476, 0.0068084991980199181
1.8123123123119999622, 0.0067517365692209112
1.8148148148150000658, 0.0066957498600914399
1.8173173173170000805, 0.0066405241826528088
1.8198198198199999620, 0.0065860450193133682
1.8223223223219999767, 0.0065322982114719881
1.8248248248250000803, 0.0064792699485414973
1.8273273273270000949, 0.0064269467573740118
1.8298298298299999765, 0.0063753154920709555
1.8323323323319999911, 0.0063243633241613960
1.8348348348350000947, 0.0062740777331331786
1.8373373373370001094, 0.0062244464973019997
1.8398398398399999909, 0.0061754576850043819
1.8423423423420000056, 0.0061270996461010845
1.8448448448450001091, 0.0060793610037782036
1.8473473473469999018, 0.0060322306466337539
1.8498498498500000053, 0.0059856977210381492
1.8523523523520000200, 0.0059397516237575006
1.8548548548549999015, 0.0058943819948291676
1.8573573573569999162, 0.0058495787106795320
1.8598598598600000198, 0.0058053318774743297
1.8623623623620000345, 0.0057616318246924147
1.8648648648649999160, 0.0057184690989141862
1.8673673673669999307, 0.0056758344578162903
1.8698698698700000342, 0.0056337188643646409
1.8723723723720000489, 0.0055921134811980945
1.8748748748749999304, 0.0055510096651954959
1.8773773773769999451, 0.0055103989622191044
1.8798798798800000487, 0.0054702731020277364
1.8823823823820000634, 0.0054306239933532207
1.8848848848849999449, 0.0053914437191340632
1.8873873873869999596, 0.0053527245319004903
1.8898898898900000631, 0.0053144588493052262
1.8923923923920000778, 0.0052766392497946906
1.8948948948949999593, 0.0052392584684154359
1.8973973973969999740, 0.0052023093927509321
1.8998998999000000776, 0.0051657850589839679
1.9024024024020000923, 0.0051296786480801411
1.9049049049049999738, 0.0050939834820881175
1.9074074074069999885, 0.0050586930205524863
1.9099099099100000920, 0.0050238008570352276
1.9124124124120001067, 0.0049893007157419652
1.9149149149149999882, 0.0049551864482493269
1.9174174174170000029, 0.0049214520303298964
1.9199199199200001065, 0.0048880915588713561
1.9224224224219998991, 0.0048550992488865892
1.9249249249250000027, 0.0048224694306115909
1.9274274274270000173, 0.0047901965466882173
1.9299299299299998989, 0.0047582751494288714
1.9324324324319999135, 0.0047266998981603534
1.9349349349350000171, 0.0046954655566442283
1.9374374374370000318, 0.0046645669905711236
1.9399399399399999133, 0.0046339991651265120
1.9424424424419999280, 0.0046037571426256136
1.9449449449450000316, 0.0045738360802151084
1.9474474474470000462, 0.0045442312276395011
1.9499499499499999278, 0.0045149379250699982
1.9524524524519999424, 0.0044859516009938798
1.9549549549550000460, 0.0044572677701624000
1.9574574574570000607, 0.0044288820315953421
1.9599599599599999422, 0.0044007900666403876
1.9624624624619999569, 0.0043729876370855814
1.9649649649650000605, 0.0043454705833231889
1.9674674674670000751, 0.0043182348225633115
1.9699699699699999567, 0.0042912763470957255
1.9724724724719999713, 0.0042645912225983927
1.9749749749750000749, 0.0042381755864912274
1.9774774774770000896, 0.0042120256463336839
1.9799799799799999711, 0.0041861376782648336
1.9824824824819999858, 0.0041605080254846043
1.9849849849850000894, 0.0041351330967749397
1.9874874874870001040, 0.0041100093650596435
1.9899899899899999856, 0.0040851333660017579
1.9924924924920000002, 0.0040605016966373140
1.9949949949950001038, 0.0040361110140443796
1.9974974974969998964, 0.0040119580340463434
2.0000000000000000000, 0.0039880395299484086
