# k1_lab: [1, 0, 0]
# k2_lab: [-0.8660254037844387, 0.49999999999999994, 0.0]
# k1_cf: [-0.12278780396897285, -0.12278780396897285, 0.984807753012208]
# k2_cf: [0.45451947767204365, 0.45451947767204365, -0.7660444431189781]
# pol1_lab: [(0, 1, 0), (0, 0, 1)]
# pol2_lab: [array([-0.5      , -0.8660254,  0.       ]), array([0., 0., 1.])]
# pol1_cf: [array([0.69636424, 0.69636424, 0.17364818]), array([-0.70710678,  0.70710678,  0.        ])]
# pol2_cf: [array([-0.54167522, -0.54167522, -0.64278761]), array([-0.70710678,  0.70710678,  0.        ])]
# cf: [array([-0.1227878 ,  0.69636424, -0.70710678]), array([-0.1227878 ,  0.69636424,  0.70710678]), array([0.98480775, 0.17364818, 0.        ])]
# th: 10
-0.5000000000000000000, 0.0074098528932321807
-0.4974974974974999964, 0.0074807025253359740
-0.4949949949949999928, 0.0075526094970177256
-0.4924924924924999892, 0.0076255951780466544
-0.4899899899899999856, 0.0076996814825246694
-0.4874874874874999819, 0.0077748908856258197
-0.4849849849849999783, 0.0078512464409396139
-0.4824824824824999747, 0.0079287717984432050
-0.4799799799800000266, 0.0080074912231286408
-0.4774774774775000230, 0.0080874296143126443
-0.4749749749750000194, 0.0081686125256576307
-0.4724724724725000158, 0.0082510661859340889
-0.4699699699700000122, 0.0083348175205557925
-0.4674674674675000086, 0.0084198941739210484
-0.4649649649650000049, 0.0085063245325944642
-0.4624624624625000013, 0.0085941377493657604
-0.4599599599599999977, 0.0086833637682235884
-0.4574574574574999941, 0.0087740333502844634
-0.4549549549549999905, 0.0088661781007187551
-0.4524524524524999869, 0.0089598304967177730
-0.4499499499499000077, 0.0090550239165482892
-0.4474474474474000041, 0.0091517926697429700
-0.4449449449449000005, 0.0092501720284778946
-0.4424424424423999969, 0.0093501982601907289
-0.4399399399398999932, 0.0094519086614959519
-0.4374374374373999896, 0.0095553415934564699
-0.4349349349348999860, 0.0096605365182738743
-0.4324324324323999824, 0.0097675340374630947
-0.4299299299298999788, 0.0098763759315802953
-0.4274274274273999752, 0.0099871052015768416
-0.4249249249249000271, 0.0100997661118557690
-0.4224224224224000235, 0.0102144042351113053
-0.4199199199199000199, 0.0103310664990364457
-0.4174174174174000163, 0.0104498012349879960
-0.4149149149149000126, 0.0105706582287034036
-0.4124124124124000090, 0.0106936887731688829
-0.4099099099099000054, 0.0108189457237437697
-0.4074074074074000018, 0.0109464835556517849
-0.4049049049048999982, 0.0110763584239561841
-0.4024024024023999946, 0.0112086282261420374
-0.3998998998998999910, 0.0113433526674361941
-0.3973973973973999874, 0.0114805933290025499
-0.3948948948948999838, 0.0116204137391581232
-0.3923923923923999801, 0.0117628794477640727
-0.3898898898898999765, 0.0119080581039542732
-0.3873873873873999729, 0.0120560195373737716
-0.3848848848849000248, 0.0122068358431094912
-0.3823823823824000212, 0.0123605814705061001
-0.3798798798799000176, 0.0125173333160717333
-0.3773773773774000140, 0.0126771708206900070
-0.3748748748749000104, 0.0128401760713681874
-0.3723723723724000068, 0.0130064339077648906
-0.3698698698699000031, 0.0131760320337558114
-0.3673673673673999995, 0.0133490611343115469
-0.3648648648648999959, 0.0135256149979786425
-0.3623623623623999923, 0.0137057906452729625
-0.3598598598598999887, 0.0138896884633138672
-0.3573573573573999851, 0.0140774123470483615
-0.3548548548548999815, 0.0142690698474364011
-0.3523523523523999779, 0.0144647723269923888
-0.3498498498497999987, 0.0146646351231031966
-0.3473473473472999951, 0.0148687777195702954
-0.3448448448447999914, 0.0150773239268527232
-0.3423423423422999878, 0.0152904020715190648
-0.3398398398397999842, 0.0155081451954500408
-0.3373373373372999806, 0.0157306912653697069
-0.3348348348347999770, 0.0159581833933217267
-0.3323323323322999734, 0.0161907700687492599
-0.3298298298298000253, 0.0164286054028816748
-0.3273273273273000217, 0.0166718493861796324
-0.3248248248248000181, 0.0169206681596423825
-0.3223223223223000145, 0.0171752343008367038
-0.3198198198198000108, 0.0174357271255679049
-0.3173173173173000072, 0.0177023330061782044
-0.3148148148148000036, 0.0179752457075281896
-0.3123123123123000000, 0.0182546667417934003
-0.3098098098097999964, 0.0185408057432897462
-0.3073073073072999928, 0.0188338808646307497
-0.3048048048047999892, 0.0191341191956156849
-0.3023023023022999856, 0.0194417572063512491
-0.2997997997997999819, 0.0197570412162231049
-0.2972972972972999783, 0.0200802278904547438
-0.2947947947947999747, 0.0204115847661246984
-0.2922922922923000266, 0.0207513908096564198
-0.2897897897898000230, 0.0210999370079517287
-0.2872872872873000194, 0.0214575269955086106
-0.2847847847848000158, 0.0218244777200491541
-0.2822822822823000122, 0.0222011201493841417
-0.2797797797798000086, 0.0225878000224608647
-0.2772772772773000050, 0.0229848786477785602
-0.2747747747748000013, 0.0233927337526175887
-0.2722722722722999977, 0.0238117603868123542
-0.2697697697697999941, 0.0242423718851090958
-0.2672672672672999905, 0.0246850008924901221
-0.2647647647647999869, 0.0251401004572173389
-0.2622622622622999833, 0.0256081451967564433
-0.2597597597597999797, 0.0260896325421890972
-0.2572572572572999761, 0.0265850840672113217
-0.2547547547547999724, 0.0270950469083539348
-0.2522522522523000243, 0.0276200952836530358
-0.2497497497496999896, 0.0281608321176488249
-0.2472472472472000138, 0.0287178907813079518
-0.2447447447447000102, 0.0292919369562541429
-0.2422422422422000066, 0.0298836706335628595
-0.2397397397397000030, 0.0304938282583382889
-0.2372372372371999993, 0.0311231850323532150
-0.2347347347346999957, 0.0317725573882101167
-0.2322322322321999921, 0.0324428056497837458
-0.2297297297296999885, 0.0331348368951509403
-0.2272272272272000126, 0.0338496080398167157
-0.2247247247247000090, 0.0345881291598281460
-0.2222222222222000054, 0.0353514670763493133
-0.2197197197197000018, 0.0361407492254789547
-0.2172172172171999982, 0.0369571678395539741
-0.2147147147146999946, 0.0378019844689303219
-0.2122122122121999910, 0.0386765348763047426
-0.2097097097096999874, 0.0395822343390786410
-0.2072072072072000115, 0.0405205833991180986
-0.2047047047047000079, 0.0414931741035865775
-0.2022022022022000043, 0.0425016967853839717
-0.1996996996997000007, 0.0435479474371904401
-0.1971971971971999971, 0.0446338357392705512
-0.1946946946946999935, 0.0457613938081405172
-0.1921921921921999898, 0.0469327857410523769
-0.1896896896896999862, 0.0481503180401333455
-0.1871871871872000104, 0.0494164510100899082
-0.1846846846847000068, 0.0507338112348192372
-0.1821821821822000032, 0.0521052052512726224
-0.1796796796796999995, 0.0535336345537255689
-0.1771771771771999959, 0.0550223120785072045
-0.1746746746746999923, 0.0565746803385585792
-0.1721721721721999887, 0.0581944313993086118
-0.1696696696697000128, 0.0598855289127337362
-0.1671671671672000092, 0.0616522324556387294
-0.1646646646647000056, 0.0634991244517940923
-0.1621621621622000020, 0.0654311399963403428
-0.1596596596596999984, 0.0674535999457157170
-0.1571571571571999948, 0.0695722476883375018
-0.1546546546546999912, 0.0717932900716450606
-0.1521521521521999876, 0.0741234430313994219
-0.1496496496496000084, 0.0765699825511692300
-0.1471471471471000048, 0.0791408016758909927
-0.1446446446446000011, 0.0818444744159376458
-0.1421421421420999975, 0.0846903275104605308
-0.1396396396395999939, 0.0876885211747866072
-0.1371371371370999903, 0.0908501401411086484
-0.1346346346345999867, 0.0941872965204020585
-0.1321321321321000108, 0.0977132462735708640
-0.1296296296296000072, 0.1014425213900465861
-0.1271271271271000036, 0.1053910802432786453
-0.1246246246246000000, 0.1095764790382413312
-0.1221221221220999964, 0.1140180678029946715
-0.1196196196196000067, 0.1187372150254720898
-0.1171171171171000031, 0.1237575658243771914
-0.1146146146145999994, 0.1291053395026152129
-0.1121121121120999958, 0.1348096735052430328
-0.1096096096096000061, 0.1409030222452085646
-0.1071071071071000025, 0.1474216210379511172
-0.1046046046045999989, 0.1544060275887829126
-0.1021021021020999953, 0.1619017562194345339
-0.0995995995996000055, 0.1699600234513444219
-0.0970970970971000019, 0.1786386278784670989
-0.0945945945945900063, 0.1880029927188102412
-0.0920920920920900027, 0.1981274063728099000
-0.0895895895895899991, 0.2090965051936187757
-0.0870870870870899955, 0.2210070541023107515
-0.0845845845845799998, 0.2339700954905377106
-0.0820820820820799962, 0.2481135561791554811
-0.0795795795795800065, 0.2635854276074482971
-0.0770770770770800029, 0.2805576680874360962
-0.0745745745745699934, 0.2992310209217786121
-0.0720720720720700037, 0.3198410027754732821
-0.0695695695695700000, 0.3426653991044651959
-0.0670670670670699964, 0.3680337166511490343
-0.0645645645645600008, 0.3963392001738040293
-0.0620620620620599972, 0.4280542412233651062
-0.0595595595595600005, 0.4637503203361316162
-0.0570570570570599969, 0.5041240754282710901
-0.0545545545545500013, 0.5500317482417185211
-0.0520520520520499977, 0.6025352375988859421
-0.0495495495495500010, 0.6629644602338803372
-0.0470470470470499974, 0.7330029779830298242
-0.0445445445445400018, 0.8148073820834700332
-0.0420420420420399982, 0.9111765694812703487
-0.0395395395395400015, 1.0257962806475278139
-0.0370370370370399979, 1.1635997769350092668
-0.0345345345345300023, 1.3313123482249165086
-0.0320320320320299987, 1.5382952314981288566
-0.0295295295295299985, 1.7978932542531644856
-0.0270270270270299984, 2.1296619308426594230
-0.0245245245245199993, 2.5631970999522115662
-0.0220220220220199991, 3.1450341859535919653
-0.0195195195195199990, 3.9517845037651477824
-0.0170170170170199989, 5.1168729010926448098
-0.0145145145145099998, 6.8896051958609954013
-0.0120120120120099996, 9.7797483764765829051
-0.0095095095095099995, 14.9608812481214030754
-0.0070070070070070000, 25.6009038258802412713
-0.0045045045045049997, 52.1864421404021570083
-0.0020020020020019998, 132.2958386885491677276
0.0005005005005005000, 209.2191095545981056603
0.0030030030030029999, 99.4382492413398182407
0.0055055055055059999, 68.7982288504769172732
0.0080080080080079993, 86.2747265118725863431
0.0105105105105099995, 46.0924585334056686747
0.0130130130130099997, 21.3341460050263442838
0.0155155155155200005, 12.2065421730453458338
0.0180180180180199989, 8.0079355732982211435
0.0205205205205199991, 5.7088451356520746316
0.0230230230230199992, 4.2985722150140066589
0.0255255255255299983, 3.3642930327609135155
0.0280280280280299984, 2.7102433916127042224
0.0305305305305299986, 2.2329846533517727636
0.0330330330330299987, 1.8732744240081289355
0.0355355355355400013, 1.5950132994615975335
0.0380380380380399979, 1.3750980204234615201
0.0405405405405400016, 1.1981424398538396137
0.0430430430430399982, 1.0535564719886321150
0.0455455455455500008, 0.9338458470143840007
0.0480480480480499975, 0.8335796778292881015
0.0505505505505500011, 0.7487406232303758236
0.0530530530530499977, 0.6763030481568901298
0.0555555555555600003, 0.6139517437015201695
0.0580580580580599970, 0.5598899034739985847
0.0605605605605600006, 0.5127052721937916946
0.0630630630630600042, 0.4712750924969403288
0.0655655655655699998, 0.4346974672025269992
0.0680680680680700034, 0.4022410427052227067
0.0705705705705699932, 0.3733076141992999752
0.0730730730730699968, 0.3474039845352687728
0.0755755755755800063, 0.3241205426782101662
0.0780780780780799960, 0.3031147843386404195
0.0805805805805799996, 0.2840985104737891453
0.0830830830830800032, 0.2668277926764452412
0.0855855855855899988, 0.2510950411757157386
0.0880880880880900025, 0.2367226856817222502
0.0905905905905900061, 0.2235581042349228387
0.0930930930930899958, 0.2114695256614105290
0.0955955955956000053, 0.2003426973956181079
0.0980980980980999950, 0.1900781593046659002
0.1006006006005999986, 0.1805890005831847778
0.1031031031031000023, 0.1717990041840380955
0.1056056056056000059, 0.1636411040185010990
0.1081081081080999956, 0.1560560960236292982
0.1106106106105999992, 0.1489915564005777071
0.1131131131131000028, 0.1424009297834920584
0.1156156156156000064, 0.1362427574715759371
0.1181181181180999962, 0.1304800216413408709
0.1206206206205999998, 0.1250795860207860877
0.1231231231231000034, 0.1200117171296306851
0.1256256256256000070, 0.1152496730795856683
0.1281281281281000106, 0.1107693492458549367
0.1306306306305999865, 0.1065489719880892278
0.1331331331330999901, 0.1025688331103303819
0.1356356356355999937, 0.0988110589782826010
0.1381381381380999973, 0.0952594092156013317
0.1406406406406000009, 0.0918991007235098606
0.1431431431431000045, 0.0887166534451356709
0.1456456456456000081, 0.0856997548553543043
0.1481481481481000118, 0.0828371406207675104
0.1506506506506999910, 0.0801184892603880039
0.1531531531531999946, 0.0775343289598156155
0.1556556556556999982, 0.0750759549615636346
0.1581581581582000018, 0.0727353561809365029
0.1606606606607000054, 0.0705051498879385730
0.1631631631632000090, 0.0683785234571862299
0.1656656656657000126, 0.0663491823246655232
0.1681681681681999885, 0.0644113034064966311
0.1706706706706999921, 0.0625594933339780890
0.1731731731731999957, 0.0607887509438476553
0.1756756756756999993, 0.0590944335352042854
0.1781781781782000029, 0.0574722264667661062
0.1806806806807000065, 0.0559181157216908920
0.1831831831832000101, 0.0544283631133576917
0.1856856856857000138, 0.0529994838454105888
0.1881881881881999896, 0.0516282261739255816
0.1906906906906999932, 0.0503115529495461733
0.1931931931931999968, 0.0490466248435120628
0.1956956956957000004, 0.0478307850842221716
0.1981981981982000041, 0.0466615455508013893
0.2007007007007000077, 0.0455365740874835445
0.2032032032032000113, 0.0444536829178102458
0.2057057057056999871, 0.0434108180509775454
0.2082082082081999908, 0.0424060495843801843
0.2107107107106999944, 0.0414375628167190924
0.2132132132131999980, 0.0405036500951393361
0.2157157157157000016, 0.0396027033278998700
0.2182182182182000052, 0.0387332071011883342
0.2207207207207000088, 0.0378937323449925409
0.2232232232232000124, 0.0370829304985280800
0.2257257257256999883, 0.0362995281306894083
0.2282282282281999919, 0.0355423219754071804
0.2307307307306999955, 0.0348101743457330526
0.2332332332331999991, 0.0341020088939839108
0.2357357357357000027, 0.0334168066884143120
0.2382382382382000063, 0.0327536025796925923
0.2407407407407000099, 0.0321114818329673174
0.2432432432432000136, 0.0314895770035645284
0.2457457457456999894, 0.0308870650363779996
0.2482482482481999930, 0.0303031645708321910
0.2507507507508000000, 0.0297371334349327970
0.2532532532533000036, 0.0291882663133921291
0.2557557557558000072, 0.0286558925761452379
0.2582582582583000108, 0.0281393742547708173
0.2607607607608000144, 0.0276381041554141921
0.2632632632633000180, 0.0271515040977898109
0.2657657657658000216, 0.0266790232707270827
0.2682682682683000253, 0.0262201366955279701
0.2707707707707999734, 0.0257743437891335310
0.2732732732732999770, 0.0253411670197593933
0.2757757757757999806, 0.0249201506482615957
0.2782782782782999842, 0.0245108595490419884
0.2807807807807999878, 0.0241128781048010540
0.2832832832832999914, 0.0237258091699001153
0.2857857857857999950, 0.0233492730975093932
0.2882882882882999986, 0.0229829068260966884
0.2907907907908000023, 0.0226263630211570380
0.2932932932933000059, 0.0222793092683996330
0.2957957957958000095, 0.0219414273148975450
0.2982982982983000131, 0.0216124123549706199
0.3008008008008000167, 0.0212919723578143850
0.3033033033033000203, 0.0209798274341108197
0.3058058058058000239, 0.0206757092390607404
0.3083083083083000275, 0.0203793604094655301
0.3108108108107999756, 0.0200905340326582721
0.3133133133132999792, 0.0198089931452431652
0.3158158158157999829, 0.0195345102597481168
0.3183183183182999865, 0.0192668669174298306
0.3208208208207999901, 0.0190058532655950144
0.3233233233232999937, 0.0187512676579154117
0.3258258258257999973, 0.0185029162763201312
0.3283283283283000009, 0.0182606127731462196
0.3308308308308000045, 0.0180241779323183395
0.3333333333333000081, 0.0177934393484120955
0.3358358358358000118, 0.0175682311225322865
0.3383383383383000154, 0.0173483935740088441
0.3408408408408000190, 0.0171337729669795193
0.3433433433433000226, 0.0169242212509892985
0.3458458458458000262, 0.0167195958147937224
0.3483483483482999743, 0.0165197592526057611
0.3508508508509000090, 0.0163245791420750588
0.3533533533534000126, 0.0161339278333336028
0.3558558558559000162, 0.0159476822484845085
0.3583583583584000198, 0.0157657236909495499
0.3608608608609000235, 0.0155879376641279901
0.3633633633634000271, 0.0154142136988529889
0.3658658658658999752, 0.0152444451891639958
0.3683683683683999788, 0.0150785292359426996
0.3708708708708999824, 0.0149163664979878804
0.3733733733733999860, 0.0147578610501303345
0.3758758758758999896, 0.0146029202480126505
0.3783783783783999932, 0.0144514545991815610
0.3808808808808999968, 0.0143033776401609598
0.3833833833834000004, 0.0141586058191937453
0.3858858858859000041, 0.0140170583843585717
0.3883883883884000077, 0.0138786572767848511
0.3908908908909000113, 0.0137433270287054907
0.3933933933934000149, 0.0136109946661015242
0.3958958958959000185, 0.0134815896157071402
0.3983983983984000221, 0.0133550436161566748
0.4009009009009000257, 0.0132312906330673552
0.4034034034033999738, 0.0131102667778633906
0.4059059059058999774, 0.0129919102301576210
0.4084084084083999810, 0.0128761611635173356
0.4109109109108999847, 0.0127629616744503252
0.4134134134133999883, 0.0126522557144561447
0.4159159159158999919, 0.0125439890249964200
0.4184184184183999955, 0.0124381090752452902
0.4209209209208999991, 0.0123345650024892697
0.4234234234234000027, 0.0122333075550524646
0.4259259259259000063, 0.0121342890376295500
0.4284284284284000099, 0.0120374632589157413
0.4309309309309000136, 0.0119427854814281049
0.4334334334334000172, 0.0118502123734187947
0.4359359359359000208, 0.0117597019627855293
0.4384384384384000244, 0.0116712135928897544
0.4409409409408999725, 0.0115847078801976158
0.4434434434433999761, 0.0115001466736631454
0.4459459459458999797, 0.0114174930157772345
0.4484484484483999833, 0.0113367111052099755
0.4509509509510000180, 0.0112577662609774677
0.4534534534535000216, 0.0111806248880678954
0.4559559559560000253, 0.0111052544444648228
0.4584584584584999734, 0.0110316234095088287
0.4609609609609999770, 0.0109597012535416136
0.4634634634634999806, 0.0108894584087794628
0.4659659659659999842, 0.0108208662413656065
0.4684684684684999878, 0.0107538970245535919
0.4709709709709999914, 0.0106885239129760560
0.4734734734734999950, 0.0106247209179557225
0.4759759759759999986, 0.0105624628838173439
0.4784784784785000022, 0.0105017254651617216
0.4809809809810000059, 0.0104424851050644169
0.4834834834835000095, 0.0103847190141640178
0.4859859859860000131, 0.0103284051506063144
0.4884884884885000167, 0.0102735222008124988
0.4909909909910000203, 0.0102200495610411668
0.4934934934935000239, 0.0101679673197151415
0.4959959959960000275, 0.0101172562404859868
0.4984984984984999756, 0.0100678977460100239
0.5010010010009999792, 0.0100198739024112606
0.5035035035035000384, 0.0099731674044078386
0.5060060060059999865, 0.0099277615610796465
0.5085085085085000456, 0.0098836402822560752
0.5110110110109999937, 0.0098407880655039335
0.5135135135135000528, 0.0097991899836964470
0.5160160160160000009, 0.0097588316731455037
0.5185185185184999490, 0.0097196993222800603
0.5210210210210000081, 0.0096817796608546260
0.5235235235234999562, 0.0096450599496726765
0.5260260260260000154, 0.0096095279708106069
0.5285285285284999635, 0.0095751720183286943
0.5310310310310000226, 0.0095419808894563647
0.5335335335334999707, 0.0095099438762397508
0.5360360360360000298, 0.0094790507576403196
0.5385385385384999779, 0.0094492917920740351
0.5410410410410000370, 0.0094206577103812320
0.5435435435434999851, 0.0093931397092180194
0.5460460460460000442, 0.0093667294448606820
0.5485485485484999924, 0.0093414190274152473
0.5510510510510999715, 0.0093172010154249016
0.5535535535536000307, 0.0092940684108686090
0.5560560560560999788, 0.0092720146545448752
0.5585585585586000379, 0.0092510336218351447
0.5610610610610999860, 0.0092311196188419112
0.5635635635636000451, 0.0092122673788971755
0.5660660660660999932, 0.0091944720594374311
0.5685685685686000523, 0.0091777292392419101
0.5710710710711000004, 0.0091620349160313613
0.5735735735735999485, 0.0091473855044251502
0.5760760760761000077, 0.0091337778342550219
0.5785785785785999558, 0.0091212091492344199
0.5810810810811000149, 0.0091096771059827070
0.5835835835835999630, 0.0090991797734042631
0.5860860860861000221, 0.0090897156324228953
0.5885885885885999702, 0.0090812835760725741
0.5910910910911000293, 0.0090738829099460371
0.5935935935935999774, 0.0090675133530033047
0.5960960960961000366, 0.0090621750387428601
0.5985985985985999847, 0.0090578685167385202
0.6011011011011000438, 0.0090545947545459891
0.6036036036035999919, 0.0090523551399832557
0.6061061061061000510, 0.0090511514837899286
0.6086086086085999991, 0.0090509860226710460
0.6111111111110999472, 0.0090518614227314900
0.6136136136136000063, 0.0090537807833079680
0.6161161161160999544, 0.0090567476412059152
0.6186186186186000135, 0.0090607659753496883
0.6211211211210999616, 0.0090658402118547511
0.6236236236236000208, 0.0090719752295316154
0.6261261261260999689, 0.0090791763658318904
0.6286286286286000280, 0.0090874494232475855
0.6311311311310999761, 0.0090968006761756419
0.6336336336336000352, 0.0091072368782606217
0.6361361361360999833, 0.0091187652702291785
0.6386386386386000424, 0.0091313935882310140
0.6411411411410999905, 0.0091451300727019603
0.6436436436436000497, 0.0091599834777657506
0.6461461461460999978, 0.0091759630811922479
0.6486486486485999459, 0.0091930786949308597
0.6511511511512000361, 0.0092113406762391811
0.6536536536536999842, 0.0092307599394279172
0.6561561561562000433, 0.0092513479682447136
0.6586586586586999914, 0.0092731168289205794
0.6611611611612000505, 0.0092960791839042066
0.6636636636636999986, 0.0093202483063108445
0.6661661661661999467, 0.0093456380951141647
0.6686686686687000059, 0.0093722630911108832
0.6711711711711999540, 0.0094001384936900703
0.6736736736737000131, 0.0094292801784405487
0.6761761761761999612, 0.0094597047156320148
0.6786786786787000203, 0.0094914293896074340
0.6811811811811999684, 0.0095244722191264765
0.6836836836837000275, 0.0095588519787021577
0.6861861861861999756, 0.0095945882209751820
0.6886886886887000347, 0.0096317013001731740
0.6911911911911999828, 0.0096702123967046978
0.6936936936937000420, 0.0097101435429409258
0.6961961961961999901, 0.0097515176502408693
0.6986986986987000492, 0.0097943585372794531
0.7012012012011999973, 0.0098386909597411379
0.7037037037036999454, 0.0098845406414455796
0.7062062062062000045, 0.0099319343069757780
0.7087087087086999526, 0.0099808997158832950
0.7112112112112000117, 0.0100314656985497231
0.7137137137136999598, 0.0100836621937883293
0.7162162162162000190, 0.0101375202882747761
0.7187187187186999671, 0.0101930722579014477
0.7212212212212000262, 0.0102503516111555545
0.7237237237236999743, 0.0103093931346274030
0.7262262262262000334, 0.0103702329407617862
0.7287287287286999815, 0.0104329085179726243
0.7312312312312000406, 0.0104974587832482938
0.7337337337336999887, 0.0105639241373833275
0.7362362362362000479, 0.0106323465229807151
0.7387387387386999960, 0.0107027694853781483
0.7412412412412000551, 0.0107752382366616342
0.7437437437437000032, 0.0108497997229402548
0.7462462462461999513, 0.0109265026950673000
0.7487487487487000104, 0.0110053977830051383
0.7512512512512999896, 0.0110865375740442293
0.7537537537538000487, 0.0111699766951006366
0.7562562562562999968, 0.0112557718993314231
0.7587587587587999449, 0.0113439821573236392
0.7612612612613000040, 0.0114346687531296579
0.7637637637637999521, 0.0115278953854406757
0.7662662662663000113, 0.0116237282742099879
0.7687687687687999594, 0.0117222362730595338
0.7712712712713000185, 0.0118234909878264412
0.7737737737737999666, 0.0119275669016315252
0.7762762762763000257, 0.0120345415068788437
0.7787787787787999738, 0.0121444954446247137
0.7812812812813000329, 0.0122575126517863193
0.7837837837837999810, 0.0123736805166941837
0.7862862862863000402, 0.0124930900435299558
0.7887887887887999883, 0.0126158360262308474
0.7912912912913000474, 0.0127420172324855668
0.7937937937937999955, 0.0128717365984936105
0.7962962962963000546, 0.0130051014352106226
0.7987987987988000027, 0.0131422236468580773
0.8013013013012999508, 0.0132832199625353697
0.8038038038038000099, 0.0134282121818377100
0.8063063063062999580, 0.0135773274354543186
0.8088088088088000172, 0.0137306984617983716
0.8113113113112999653, 0.0138884639008043341
0.8138138138138000244, 0.0140507686061199250
0.8163163163162999725, 0.0142177639770197060
0.8188188188188000316, 0.0143896083114763464
0.8213213213212999797, 0.0145664671819446916
0.8238238238238000388, 0.0147485138355436321
0.8263263263262999869, 0.0149359296204633618
0.8288288288288000460, 0.0151289044405811621
0.8313313313312999941, 0.0153276372404395952
0.8338338338338000533, 0.0155323365229282674
0.8363363363363000014, 0.0157432209022155926
0.8388388388387999495, 0.0159605196947025796
0.8413413413413000086, 0.0161844735510193669
0.8438438438437999567, 0.0164153351323571665
0.8463463463463000158, 0.0166533698347302271
0.8488488488487999639, 0.0168988565650933578
0.8513513513514000541, 0.0171520885736064221
0.8538538538539000022, 0.0174133743467423802
0.8563563563563999503, 0.0176830385663811346
0.8588588588589000095, 0.0179614231405278296
0.8613613613613999576, 0.0182488883118416753
0.8638638638639000167, 0.0185458138507698864
0.8663663663663999648, 0.0188526003407577247
0.8688688688689000239, 0.0191696705637550771
0.8713713713713999720, 0.0194974709950779847
0.8738738738739000311, 0.0198364734176135482
0.8763763763763999792, 0.0201871766663965779
0.8788788788789000384, 0.0205501085157475394
0.8813813813813999865, 0.0209258277224584378
0.8838838838839000456, 0.0213149262399688587
0.8863863863863999937, 0.0217180316201030059
0.8888888888889000528, 0.0221358096207695011
0.8913913913914000009, 0.0225689670400838309
0.8938938938938999490, 0.0230182547996884285
0.8963963963964000081, 0.0234844713026591718
0.8988988988988999562, 0.0239684660943348914
0.9014014014014000153, 0.0244711438577411497
0.9039039039038999634, 0.0249934687790576773
0.9064064064064000226, 0.0255364693228599636
0.9089089089088999707, 0.0261012434617357257
0.9114114114114000298, 0.0266889644104131400
0.9139139139138999779, 0.0273008869208524775
0.9164164164164000370, 0.0279383542019633127
0.9189189189188999851, 0.0286028055358549804
0.9214214214214000442, 0.0292957846719837621
0.9239239239238999923, 0.0300189490914114544
0.9264264264264000515, 0.0307740802458779973
0.9289289289288999996, 0.0315630948907867082
0.9314314314313999477, 0.0323880576478248056
0.9339339339339000068, 0.0332511949521947583
0.9364364364363999549, 0.0341549105617574358
0.9389389389389000140, 0.0351018028313526270
0.9414414414413999621, 0.0360946839858208371
0.9439439439439000212, 0.0371366016605911009
0.9464464464463999693, 0.0382308630200971084
0.9489489489489000285, 0.0393810618128734025
0.9514514514515000076, 0.0405911087793860981
0.9539539539539999558, 0.0418652658961688809
0.9564564564565000149, 0.0432081850197387624
0.9589589589589999630, 0.0446249515886294676
0.9614614614615000221, 0.0461211341548091319
0.9639639639639999702, 0.0477028406506281796
0.9664664664665000293, 0.0493767824590481269
0.9689689689689999774, 0.0511503475491622492
0.9714714714715000365, 0.0530316841733751015
0.9739739739739999846, 0.0550297969063091724
0.9764764764765000438, 0.0571546571502648398
0.9789789789789999919, 0.0594173306526275813
0.9814814814815000510, 0.0618301250957230125
0.9839839839839999991, 0.0644067614532246729
0.9864864864864999472, 0.0671625735899388371
0.9889889889890000063, 0.0701147415532082791
0.9914914914914999544, 0.0732825652155297685
0.9939939939940000135, 0.0766877864460743519
0.9964964964964999616, 0.0803549699013312857
0.9989989989990000208, 0.0843119549476835650
1.0015015015019999023, 0.0885903943151446494
1.0040040040039999170, 0.0932263990373170259
1.0065065065070000205, 0.0982613143350454799
1.0090090090090000352, 0.1037426577265413430
1.0115115115119999167, 0.1097252593100855600
1.0140140140139999314, 0.1162726555780488891
1.0165165165170000350, 0.1234588032735506186
1.0190190190190000497, 0.1313702000868553210
1.0215215215219999312, 0.1401085263864453034
1.0240240240239999459, 0.1497939595304158822
1.0265265265270000494, 0.1605693637321536638
1.0290290290290000641, 0.1726056300211548100
1.0315315315319999456, 0.1861085415672221466
1.0340340340339999603, 0.2013276831386233146
1.0365365365370000639, 0.2185681205920768921
1.0390390390390000785, 0.2382058794851695249
1.0415415415419999601, 0.2607087025020387028
1.0440440440439999747, 0.2866642461610326986
1.0465465465470000783, 0.3168189243599192073
1.0490490490490000930, 0.3521322485318134077
1.0515515515519999745, 0.3938541454155520816
1.0540540540539999892, 0.4436370496199061875
1.0565565565570000928, 0.5037018347743991153
1.0590590590590001074, 0.5770892398096476583
1.0615615615619999890, 0.6680509868848469868
1.0640640640640000036, 0.7826766285208536233
1.0665665665670001072, 0.9299331082577940721
1.0690690690689998998, 1.1234582066712466286
1.0715715715720000034, 1.3848007895433203096
1.0740740740740000181, 1.7496040706239952556
1.0765765765769998996, 2.2802068467366796156
1.0790790790789999143, 3.0934756095481930060
1.0815815815820000179, 4.4287666890530186237
1.0840840840840000325, 6.8364768881246407162
1.0865865865869999141, 11.7940448354045859247
1.0890890890889999287, 24.1452866467793256788
1.0915915915920000323, 61.6806882516619765511
1.0940940940940000470, 108.5513439118491874069
1.0965965965969999285, 48.9607354005980468514
1.0990990990989999432, 20.0674084357106714549
1.1016016016020000468, 10.2682092079375006932
1.1041041041040000614, 6.1344683263749582025
1.1066066066069999430, 4.0552482815498578361
1.1091091091089999576, 2.8737459462335182003
1.1116116116120000612, 2.1414598065013121797
1.1141141141140000759, 1.6574529736332737073
1.1166166166169999574, 1.3213820586508353561
1.1191191191189999721, 1.0787766673948397944
1.1216216216220000756, 0.8980550793971151524
1.1241241241240000903, 0.7599060132785687705
1.1266266266269999718, 0.6519924527231690803
1.1291291291289999865, 0.5661384751176175012
1.1316316316320000901, 0.4967544039600510497
1.1341341341340001048, 0.4399150898850154867
1.1366366366369999863, 0.3927994751570242360
1.1391391391390000010, 0.3533383725244080842
1.1416416416420001045, 0.3199866019971591702
1.1441441441439998972, 0.2915717661141014605
1.1466466466470000007, 0.2671915840540318166
1.1491491491490000154, 0.2461427635309857420
1.1516516516519998969, 0.2278708154102636607
1.1541541541539999116, 0.2119340568419374737
1.1566566566570000152, 0.1979774034762553092
1.1591591591590000299, 0.1857130285913797252
1.1616616616619999114, 0.1749059133420894918
1.1641641641639999261, 0.1653629303430985131
1.1666666666670000296, 0.1569245135455345219
1.1691691691690000443, 0.1494582448458239843
1.1716716716719999258, 0.1428538781904485910
1.1741741741739999405, 0.1370194543671875986
1.1766766766770000441, 0.1318782530897932848
1.1791791791790000588, 0.1273663957767952881
1.1816816816819999403, 0.1234309608491544752
1.1841841841839999550, 0.1200285090091306739
1.1866866866870000585, 0.1171239426538613349
1.1891891891890000732, 0.1146896440128643557
1.1916916916919999547, 0.1127048527115322163
1.1941941941939999694, 0.1111552566892198002
1.1966966966970000730, 0.1100327818647290484
1.1991991991990000876, 0.1093355765920184658
1.2017017017019999692, 0.1090681976692312871
1.2042042042039999838, 0.1092420163811728823
1.2067067067070000874, 0.1098758768547002246
1.2092092092090001021, 0.1109970562807562899
1.2117117117119999836, 0.1126425992137076310
1.2142142142139999983, 0.1148611289315822348
1.2167167167170001019, 0.1177152817724276684
1.2192192192189998945, 0.1212849715789102861
1.2217217217219999981, 0.1256717803660462596
1.2242242242240000127, 0.1310049030371673584
1.2267267267269998943, 0.1374492724929017862
1.2292292292289999089, 0.1452167963775993498
1.2317317317320000125, 0.1545821144584529905
1.2342342342340000272, 0.1659050505965153355
1.2367367367369999087, 0.1796631874121998595
1.2392392392389999234, 0.1965001021550695781
1.2417417417420000270, 0.2172984577353090918
1.2442442442440000416, 0.2432936823909920276
1.2467467467469999232, 0.2762561037839517675
1.2492492492489999378, 0.3187928595467666160
1.2517517517520000414, 0.3748684480923099582
1.2542542542540000561, 0.4507445461324560698
1.2567567567569999376, 0.5567718836097181878
1.2592592592589999523, 0.7110381625522276261
1.2617617617620000559, 0.9474146379718226818
1.2642642642640000705, 1.3351724434155711752
1.2667667667669999521, 2.0332904491913339484
1.2692692692689999667, 3.4674069812308427885
1.2717717717720000703, 7.0286562057260120184
1.2742742742740000850, 17.8388628501541397497
1.2767767767769999665, 31.9183577229703914213
1.2792792792789999812, 14.5881413571377098748
1.2817817817820000847, 5.9886381401111048461
1.2842842842840000994, 3.0799374690208614069
1.2867867867869999809, 1.8570761652469918168
1.2892892892889999956, 1.2437160242591436266
1.2917917917920000992, 0.8961078146216583384
1.2942942942939998918, 0.6813066038763340160
1.2967967967969999954, 0.5398626250921063630
1.2992992992990000101, 0.4421325794452547475
1.3018018018019998916, 0.3720459032762744034
1.3043043043039999063, 0.3202968014518886575
1.3068068068070000098, 0.2812031030062542847
1.3093093093090000245, 0.2511411763348823101
1.3118118118119999060, 0.2277153787185803580
1.3143143143139999207, 0.2092935202876154421
1.3168168168170000243, 0.1947352453271254946
1.3193193193190000390, 0.1832270770296933471
1.3218218218219999205, 0.1741789215510686495
1.3243243243239999352, 0.1671572864816238124
1.3268268268270000387, 0.1618411454389412918
1.3293293293290000534, 0.1579921813013592524
1.3318318318319999349, 0.1554344071279324391
1.3343343343339999496, 0.1540400634554504045
1.3368368368370000532, 0.1537198286239694900
1.3393393393390000679, 0.1544160800194400163
1.3418418418419999494, 0.1560983888507917472
1.3443443443439999641, 0.1587607223736462458
1.3468468468470000676, 0.1624200261947099655
1.3493493493490000823, 0.1671160027500011580
1.3518518518519999638, 0.1729120143463136472
1.3543543543539999785, 0.1798971371858117396
1.3568568568570000821, 0.1881894900220373035
1.3593593593590000967, 0.1979410702617863671
1.3618618618619999783, 0.2093444658573075934
1.3643643643639999929, 0.2226419920771997019
1.3668668668670000965, 0.2381380552493820024
1.3693693693689998891, 0.2562159119266343432
1.3718718718719999927, 0.2773605364225920633
1.3743743743740000074, 0.3021901373698429039
1.3768768768770001110, 0.3315001495577613033
1.3793793793789999036, 0.3663255685546407681
1.3818818818820000072, 0.4080308133042135910
1.3843843843840000218, 0.4584418329210832588
1.3868868868869999034, 0.5200446565810288302
1.3893893893889999180, 0.5962913570542229813
1.3918918918920000216, 0.6920851161081307268
1.3943943943940000363, 0.8145746067240022814
1.3968968968969999178, 0.9745045575665011173
1.3993993993989999325, 1.1886142446894631952
1.4019019019020000361, 1.4841217270704460951
1.4044044044040000507, 1.9076391913913819387
1.4069069069069999323, 2.5442735301122305636
1.4094094094089999469, 3.5625179178913146671
1.4119119119120000505, 5.3328556598016749746
1.4144144144140000652, 8.7918161073594998101
1.4169169169169999467, 16.7885608578899194754
1.4194194194189999614, 39.8198353788278964771
1.4219219219220000650, 95.5466254015192362203
1.4244244244240000796, 63.8774589485783224063
1.4269269269269999612, 24.5877093141052185388
1.4294294294289999758, 11.7002141936781534071
1.4319319319320000794, 6.6679041058979162671
1.4344344344340000941, 4.2720782360513593900
1.4369369369369999756, 2.9615668292828214447
1.4394394394389999903, 2.1712346965636686313
1.4419419419420000938, 1.6593712282356205545
1.4444444444440001085, 1.3094310898942111976
1.4469469469469999900, 1.0598469439319808671
1.4494494494490000047, 0.8756866144750161673
1.4519519519520001083, 0.7359625870353949662
1.4544544544539999009, 0.6274607316831479764
1.4569569569570000045, 0.5415302321943900044
1.4594594594590000192, 0.4723178467751231735
1.4619619619619999007, 0.4157497946992639859
1.4644644644639999154, 0.3689206211207077257
1.4669669669670000189, 0.3297133829184789588
1.4694694694690000336, 0.2965563315202580097
1.4719719719719999151, 0.2682628233353909208
1.4744744744739999298, 0.2439234671404760246
1.4769769769770000334, 0.2228319119166812801
1.4794794794790000481, 0.2044328037083832927
1.4819819819819999296, 0.1882846578785995484
1.4844844844839999443, 0.1740329565654920585
1.4869869869870000478, 0.1613903766267772988
1.4894894894890000625, 0.1501220680886762027
1.4919919919919999440, 0.1400345613391369981
1.4944944944939999587, 0.1309673160564820416
1.4969969969970000623, 0.1227862168241340979
1.4994994994990000770, 0.1153785194766824840
1.5020020020019999585, 0.1086488899296722266
1.5045045045050000621, 0.1025162737553093339
1.5070070070070000767, 0.0969114032375192058
1.5095095095099999583, 0.0917747977771515844
1.5120120120119999729, 0.0870551491598996197
1.5145145145150000765, 0.0827080093127806615
1.5170170170170000912, 0.0786947174881684475
1.5195195195199999727, 0.0749815182252528412
1.5220220220219999874, 0.0715388322821201156
1.5245245245250000909, 0.0683406509550489316
1.5270270270270001056, 0.0653640304849568143
1.5295295295299999871, 0.0625886680859190359
1.5320320320320000018, 0.0599965448761806755
1.5345345345350001054, 0.0575716239122251727
1.5370370370369998980, 0.0552995938168584569
1.5395395395400000016, 0.0531676502992065939
1.5420420420420000163, 0.0511643092978926045
1.5445445445449998978, 0.0492792466216516178
1.5470470470469999125, 0.0475031598777417713
1.5495495495500000160, 0.0458276492162062940
1.5520520520520000307, 0.0442451140148816813
1.5545545545549999122, 0.0427486631150321150
1.5570570570569999269, 0.0413320366132366515
1.5595595595600000305, 0.0399895375394445640
1.5620620620620000452, 0.0387159720178281291
1.5645645645649999267, 0.0375065967272916259
1.5670670670669999414, 0.0363570726609845213
1.5695695695700000449, 0.0352634243358921629
1.5720720720720000596, 0.0342220037301894930
1.5745745745749999411, 0.0332294583319917430
1.5770770770769999558, 0.0322827027721082002
1.5795795795800000594, 0.0313788935883304518
1.5820820820820000741, 0.0305154067320576455
1.5845845845849999556, 0.0296898174816689411
1.5870870870869999703, 0.0288998824725631466
1.5895895895900000738, 0.0281435235925481253
1.5920920920920000885, 0.0274188135243548306
1.5945945945949999700, 0.0267239627453601594
1.5970970970969999847, 0.0260573078189051156
1.5995995996000000883, 0.0254173008324745722
1.6021021021020001029, 0.0248024998560083670
1.6046046046049999845, 0.0242115603091623346
1.6071071071069999991, 0.0236432271397867336
1.6096096096100001027, 0.0230963277275679189
1.6121121121119998953, 0.0225697654369136219
1.6146146146149999989, 0.0220625137519962697
1.6171171171170000136, 0.0215736109345710109
1.6196196196199998951, 0.0211021551519180693
1.6221221221219999098, 0.0206473000281539240
1.6246246246250000134, 0.0202082505773260243
1.6271271271270000280, 0.0197842594812484562
1.6296296296299999096, 0.0193746236790336215
1.6321321321319999242, 0.0189786812387986101
1.6346346346350000278, 0.0185958084851362351
1.6371371371370000425, 0.0182254173586913412
1.6396396396399999240, 0.0178669529866191112
1.6421421421419999387, 0.0175198914448621880
1.6446446446450000423, 0.0171837376951025703
1.6471471471470000569, 0.0168580236809498588
1.6496496496499999385, 0.0165423065694478566
1.6521521521519999531, 0.0162361671253359249
1.6546546546550000567, 0.0159392082067121403
1.6571571571570000714, 0.0156510533718266995
1.6596596596599999529, 0.0153713455877026693
1.6621621621619999676, 0.0150997460321491746
1.6646646646650000712, 0.0148359329815108097
1.6671671671670000858, 0.0145796007771969646
1.6696696696699999674, 0.0143304588646640495
1.6721721721719999820, 0.0140882308990900908
1.6746746746750000856, 0.0138526539124922392
1.6771771771770001003, 0.0136234775374984504
1.6796796796799999818, 0.0134004632834010071
1.6821821821819999965, 0.0131833838604960459
1.6846846846850001000, 0.0129720225490541179
1.6871871871869998927, 0.0127661726095753686
1.6896896896899999962, 0.0125656367312632095
1.6921921921920000109, 0.0123702265159043936
1.6946946946949998924, 0.0121797619945744548
1.6971971971969999071, 0.0119940711747975361
1.6996996997000000107, 0.0118129896159809272
1.7022022022020000254, 0.0116363600311187622
1.7047047047049999069, 0.0114640319129182891
1.7072072072069999216, 0.0112958611826470840
1.7097097097100000251, 0.0111317098601320802
1.7122122122120000398, 0.0109714457534622785
1.7147147147149999213, 0.0108149421670579206
1.7172172172169999360, 0.0106620776268701607
1.7197197197200000396, 0.0105127356215683615
1.7222222222220000543, 0.0103668043586573611
1.7247247247249999358, 0.0102241765345451388
1.7272272272269999505, 0.0100847491176533893
1.7297297297300000540, 0.0099484231437292694
1.7322322322320000687, 0.0098151035225775493
1.7347347347349999502, 0.0096846988554881268
1.7372372372369999649, 0.0095571212626853943
1.7397397397400000685, 0.0094322862201734279
1.7422422422420000832, 0.0093101124053946212
1.7447447447449999647, 0.0091905215511599060
1.7472472472469999794, 0.0090734383073457943
1.7497497497500000829, 0.0089587901098881449
1.7522522522520000976, 0.0088465070566342684
1.7547547547549999791, 0.0087365217896444441
1.7572572572569999938, 0.0086287693835613473
1.7597597597600000974, 0.0085231872396910376
1.7622622622619998900, 0.0084197149854625484
1.7647647647649999936, 0.0083182943789550257
1.7672672672670000082, 0.0082188692182013166
1.7697697697699998898, 0.0081213852549957069
1.7722722722719999044, 0.0080257901129509729
1.7747747747750000080, 0.0079320332095658749
1.7772772772770000227, 0.0078400656820794661
1.7797797797799999042, 0.0077498403169024132
1.7822822822819999189, 0.0076613114824285698
1.7847847847850000225, 0.0075744350650422728
1.7872872872870000371, 0.0074891684081479660
1.7897897897899999187, 0.0074054702540594097
1.7922922922919999333, 0.0073233006885955023
1.7947947947950000369, 0.0072426210882389451
1.7972972972970000516, 0.0071633940697224986
1.7997997997999999331, 0.0070855834419156129
1.8023023023019999478, 0.0070091541598916885
1.8048048048050000514, 0.0069340722810631835
1.8073073073070000660, 0.0068603049232783490
1.8098098098099999476, 0.0067878202247794832
1.8123123123119999622, 0.0067165873059283274
1.8148148148150000658, 0.0066465762326095822
1.8173173173170000805, 0.0065777579812285585
1.8198198198199999620, 0.0065101044052237097
1.8223223223219999767, 0.0064435882030191623
1.8248248248250000803, 0.0063781828873465769
1.8273273273270000949, 0.0063138627558695154
1.8298298298299999765, 0.0062506028630471555
1.8323323323319999911, 0.0061883789931776682
1.8348348348350000947, 0.0061271676345647248
1.8373373373370001094, 0.0060669459547537385
1.8398398398399999909, 0.0060076917767871874
1.8423423423420000056, 0.0059493835564311424
1.8448448448450001091, 0.0058920003603276181
1.8473473473469999018, 0.0058355218450297144
1.8498498498500000053, 0.0057799282368788257
1.8523523523520000200, 0.0057252003126852333
1.8548548548549999015, 0.0056713193811754638
1.8573573573569999162, 0.0056182672651715910
1.8598598598600000198, 0.0055660262844695121
1.8623623623620000345, 0.0055145792393848378
1.8648648648649999160, 0.0054639093949366488
1.8673673673669999307, 0.0054140004656408431
1.8698698698700000342, 0.0053648366008862249
1.8723723723720000489, 0.0053164023708677727
1.8748748748749999304, 0.0052686827530528581
1.8773773773769999451, 0.0052216631191572748
1.8798798798800000487, 0.0051753292226091631
1.8823823823820000634, 0.0051296671864798759
1.8848848848849999449, 0.0050846634918619476
1.8873873873869999596, 0.0050403049666751781
1.8898898898900000631, 0.0049965787748828087
1.8923923923920000778, 0.0049534724061006067
1.8948948948949999593, 0.0049109736655824788
1.8973973973969999740, 0.0048690706645669862
1.8998998999000000776, 0.0048277518109699109
1.9024024024020000923, 0.0047870058004086530
1.9049049049049999738, 0.0047468216075449276
1.9074074074069999885, 0.0047071884777328517
1.9099099099100000920, 0.0046680959189600796
1.9124124124120001067, 0.0046295336940702300
1.9149149149149999882, 0.0045914918132553559
1.9174174174170000029, 0.0045539605268077356
1.9199199199200001065, 0.0045169303181207205
1.9224224224219998991, 0.0044803918969288474
1.9249249249250000027, 0.0044443361927778615
1.9274274274270000173, 0.0044087543487156700
1.9299299299299998989, 0.0043736377151956992
1.9324324324319999135, 0.0043389778441844532
1.9349349349350000171, 0.0043047664834654272
1.9374374374370000318, 0.0042709955711319157
1.9399399399399999133, 0.0042376572302615075
1.9424424424419999280, 0.0042047437637654263
1.9449449449450000316, 0.0041722476494061370
1.9474474474470000462, 0.0041401615349769081
1.9499499499499999278, 0.0041084782336373140
1.9524524524519999424, 0.0040771907193989021
1.9549549549550000460, 0.0040462921227554646
1.9574574574570000607, 0.0040157757264526351
1.9599599599599999422, 0.0039856349613917041
1.9624624624619999569, 0.0039558634026627734
1.9649649649650000605, 0.0039264547657025832
1.9674674674670000751, 0.0038974029025725079
1.9699699699699999567, 0.0038687017983524237
1.9724724724719999713, 0.0038403455676463043
1.9749749749750000749, 0.0038123284511955933
1.9774774774770000896, 0.0037846448125965233
1.9799799799799999711, 0.0037572891351177443
1.9824824824819999858, 0.0037302560186147295
1.9849849849850000894, 0.0037035401765376087
1.9874874874870001040, 0.0036771364330291582
1.9899899899899999856, 0.0036510397201098637
1.9924924924920000002, 0.0036252450749470252
1.9949949949950001038, 0.0035997476372050729
1.9974974974969998964, 0.0035745426464742782
2.0000000000000000000, 0.0035496254397752334
