# k1_lab: [1, 0, 0]
# k2_lab: [-0.8660254037844387, 0.49999999999999994, 0.0]
# k1_cf: [-0.45451947767204365, -0.45451947767204365, 0.766044443118978]
# k2_cf: [0.6644630243886747, 0.6644630243886747, -0.3420201433256688]
# pol1_lab: [(0, 1, 0), (0, 0, 1)]
# pol2_lab: [array([-0.5      , -0.8660254,  0.       ]), array([0., 0., 1.])]
# pol1_cf: [array([0.54167522, 0.54167522, 0.64278761]), array([-0.70710678,  0.70710678,  0.        ])]
# pol2_cf: [array([-0.24184476, -0.24184476, -0.93969262]), array([-0.70710678,  0.70710678,  0.        ])]
# cf: [array([-0.45451948,  0.54167522, -0.70710678]), array([-0.45451948,  0.54167522,  0.70710678]), array([0.76604444, 0.64278761, 0.        ])]
# th: 40
-0.5000000000000000000, 0.0067671787848470905
-0.4974974974974999964, 0.0068312577742465127
-0.4949949949949999928, 0.0068962895379509233
-0.4924924924924999892, 0.0069622933051558238
-0.4899899899899999856, 0.0070292887945547448
-0.4874874874874999819, 0.0070972962293868007
-0.4849849849849999783, 0.0071663363530268783
-0.4824824824824999747, 0.0072364304451410051
-0.4799799799800000266, 0.0073076003384303636
-0.4774774774775000230, 0.0073798684359886579
-0.4749749749750000194, 0.0074532577292986280
-0.4724724724725000158, 0.0075277918168947383
-0.4699699699700000122, 0.0076034949237203994
-0.4674674674675000086, 0.0076803919212094151
-0.4649649649650000049, 0.0077585083481227814
-0.4624624624625000013, 0.0078378704321735160
-0.4599599599599999977, 0.0079185051124737553
-0.4574574574574999941, 0.0080004400628400120
-0.4549549549549999905, 0.0080837037159943864
-0.4524524524524999869, 0.0081683252887012163
-0.4499499499499000077, 0.0082543348078807956
-0.4474474474474000041, 0.0083417631377438062
-0.4449449449449000005, 0.0084306420079922721
-0.4424424424423999969, 0.0085210040431352736
-0.4399399399398999932, 0.0086128827929700547
-0.4374374374373999896, 0.0087063127642817636
-0.4349349349348999860, 0.0088013294538178809
-0.4324324324323999824, 0.0088979693825961704
-0.4299299299298999788, 0.0089962701316082770
-0.4274274274273999752, 0.0090962703789841167
-0.4249249249249000271, 0.0091980099386858687
-0.4224224224224000235, 0.0093015298008038878
-0.4199199199199000199, 0.0094068721735308392
-0.4174174174174000163, 0.0095140805268943904
-0.4149149149149000126, 0.0096231996383331856
-0.4124124124124000090, 0.0097342756402053997
-0.4099099099099000054, 0.0098473560693242701
-0.4074074074074000018, 0.0099624899186197720
-0.4049049049048999982, 0.0100797276910317077
-0.4024024024023999946, 0.0101991214557447755
-0.3998998998998999910, 0.0103207249068828881
-0.3973973973973999874, 0.0104445934247862811
-0.3948948948948999838, 0.0105707841400022439
-0.3923923923923999801, 0.0106993560001275752
-0.3898898898898999765, 0.0108303698396491448
-0.3873873873873999729, 0.0109638884529370019
-0.3848848848849000248, 0.0110999766705540057
-0.3823823823824000212, 0.0112387014390550686
-0.3798798798799000176, 0.0113801319044598316
-0.3773773773774000140, 0.0115243394995932120
-0.3748748748749000104, 0.0116713980355000017
-0.3723723723724000068, 0.0118213837971523315
-0.3698698698699000031, 0.0119743756436817925
-0.3673673673673999995, 0.0121304551133824962
-0.3648648648648999959, 0.0122897065337463848
-0.3623623623623999923, 0.0124522171368082364
-0.3598598598598999887, 0.0126180771800954439
-0.3573573573573999851, 0.0127873800734957972
-0.3548548548548999815, 0.0129602225123767595
-0.3523523523523999779, 0.0131367046173106773
-0.3498498498497999987, 0.0133169300807833776
-0.3473473473472999951, 0.0135010063212878690
-0.3448448448447999914, 0.0136890446452311802
-0.3423423423422999878, 0.0138811604171104348
-0.3398398398397999842, 0.0140774732384443858
-0.3373373373372999806, 0.0142781071359791671
-0.3348348348347999770, 0.0144831907597216571
-0.3323323323322999734, 0.0146928575913915609
-0.3298298298298000253, 0.0149072461639233288
-0.3273273273273000217, 0.0151265002926925188
-0.3248248248248000181, 0.0153507693191880425
-0.3223223223223000145, 0.0155802083679016257
-0.3198198198198000108, 0.0158149786172606180
-0.3173173173173000072, 0.0160552475854882984
-0.3148148148148000036, 0.0163011894323392900
-0.3123123123123000000, 0.0165529852777257930
-0.3098098098097999964, 0.0168108235383239921
-0.3073073073072999928, 0.0170749002833298705
-0.3048048048047999892, 0.0173454196106197882
-0.3023023023022999856, 0.0176225940446642949
-0.2997997997997999819, 0.0179066449576455039
-0.2972972972972999783, 0.0181978030153369490
-0.2947947947947999747, 0.0184963086494247808
-0.2922922922923000266, 0.0188024125580776441
-0.2897897897898000230, 0.0191163762367127961
-0.2872872872873000194, 0.0194384725410588800
-0.2847847847848000158, 0.0197689862847810517
-0.2822822822823000122, 0.0201082148741147486
-0.2797797797798000086, 0.0204564689821514038
-0.2772772772773000050, 0.0208140732656325531
-0.2747747747748000013, 0.0211813671273440862
-0.2722722722722999977, 0.0215587055274560971
-0.2697697697697999941, 0.0219464598474335207
-0.2672672672672999905, 0.0223450188104473806
-0.2647647647647999869, 0.0227547894625499750
-0.2622622622622999833, 0.0231761982192428169
-0.2597597597597999797, 0.0236096919824669328
-0.2572572572572999761, 0.0240557393334840594
-0.2547547547547999724, 0.0245148318076004214
-0.2522522522523000243, 0.0249874852572144965
-0.2497497497496999896, 0.0254742413102539804
-0.2472472472472000138, 0.0259756689317091546
-0.2447447447447000102, 0.0264923660966778635
-0.2422422422422000066, 0.0270249615841178792
-0.2397397397397000030, 0.0275741169013650721
-0.2372372372371999993, 0.0281405283504277161
-0.2347347347346999957, 0.0287249292481232613
-0.2322322322321999921, 0.0293280923132895749
-0.2297297297296999885, 0.0299508322355990751
-0.2272272272272000126, 0.0305940084419399697
-0.2247247247247000090, 0.0312585280779261732
-0.2222222222222000054, 0.0319453492238732650
-0.2197197197197000018, 0.0326554843665559161
-0.2172172172171999982, 0.0333900041502677852
-0.2147147147146999946, 0.0341500414331666752
-0.2122122122121999910, 0.0349367956776396385
-0.2097097097096999874, 0.0357515377065021622
-0.2072072072072000115, 0.0365956148602960551
-0.2047047047047000079, 0.0374704565948223781
-0.2022022022022000043, 0.0383775805623955829
-0.1996996996997000007, 0.0393185992251988761
-0.1971971971971999971, 0.0402952270546342722
-0.1946946946946999935, 0.0413092883767818345
-0.1921921921921999898, 0.0423627259311118304
-0.1896896896896999862, 0.0434576102175481607
-0.1871871871872000104, 0.0445961497159976447
-0.1846846846847000068, 0.0457807020726947386
-0.1821821821822000032, 0.0470137863593499336
-0.1796796796796999995, 0.0482980965243457877
-0.1771771771771999959, 0.0496365161703495525
-0.1746746746746999923, 0.0510321348099977840
-0.1721721721721999887, 0.0524882657711036316
-0.1696696696697000128, 0.0540084659455452171
-0.1671671671672000092, 0.0555965576020946914
-0.1646646646647000056, 0.0572566525135073945
-0.1621621621622000020, 0.0589931786828790800
-0.1596596596596999984, 0.0608109099943955761
-0.1571571571571999948, 0.0627149991600884776
-0.1546546546546999912, 0.0647110143882116962
-0.1521521521521999876, 0.0668049802617109723
-0.1496496496496000084, 0.0690034233886183679
-0.1471471471471000048, 0.0713134234720027016
-0.1446446446446000011, 0.0737426705477308986
-0.1421421421420999975, 0.0762995292565962768
-0.1396396396395999939, 0.0789931111568297206
-0.1371371371370999903, 0.0818333562478769927
-0.1346346346345999867, 0.0848311250717710130
-0.1321321321321000108, 0.0879983029908295022
-0.1296296296296000072, 0.0913479185175893604
-0.1271271271271000036, 0.0948942779045316293
-0.1246246246246000000, 0.0986531185992827186
-0.1221221221220999964, 0.1026417846505364995
-0.1196196196196000067, 0.1068794277296691020
-0.1171171171171000031, 0.1113872381364086617
-0.1146146146145999994, 0.1161887110136391316
-0.1121121121120999958, 0.1213099540440715496
-0.1096096096096000061, 0.1267800441879957385
-0.1071071071071000025, 0.1326314426079358011
-0.1046046046045999989, 0.1389004788916944899
-0.1021021021020999953, 0.1456279181320505045
-0.0995995995996000055, 0.1528596274821498735
-0.0970970970971000019, 0.1606473626543247490
-0.0945945945945900063, 0.1690496996957963072
-0.0920920920920900027, 0.1781331435613129066
-0.0895895895895899991, 0.1879734529158571255
-0.0870870870870899955, 0.1986572307856665498
-0.0845845845845799998, 0.2102838438721681968
-0.0820820820820799962, 0.2229677505607328136
-0.0795795795795800065, 0.2368413402853898342
-0.0770770770770800029, 0.2520584168848853390
-0.0745745745745699934, 0.2687984986169988932
-0.0720720720720700037, 0.2872721614300955406
-0.0695695695695700000, 0.3077277254277880902
-0.0670670670670699964, 0.3304596851764045051
-0.0645645645645600008, 0.3558194242816816177
-0.0620620620620599972, 0.3842289508516514851
-0.0595595595595600005, 0.4161986691843526653
-0.0570570570570599969, 0.4523506041678440615
-0.0545545545545500013, 0.4934490803710657736
-0.0520520520520499977, 0.5404417253783214692
-0.0495495495495500010, 0.5945149737488119035
-0.0470470470470499974, 0.6571702519182336388
-0.0445445445445400018, 0.7303301577665534117
-0.0420420420420399982, 0.8164889539515911565
-0.0395395395395400015, 0.9189298804080070493
-0.0370370370370399979, 1.0420455339372245440
-0.0345345345345300023, 1.1918213124661223290
-0.0320320320320299987, 1.3765843225179081877
-0.0295295295295299985, 1.6081986773450931416
-0.0270270270270299984, 1.9040397473355623603
-0.0245245245245199993, 2.2903870636288687912
-0.0220220220220199991, 2.8085331270612523547
-0.0195195195195199990, 3.5264074815810548813
-0.0170170170170199989, 4.5622213872800463363
-0.0145145145145099998, 6.1366691792494609814
-0.0120120120120099996, 8.7006224807086471884
-0.0095095095095099995, 13.2911622841404337692
-0.0070070070070070000, 22.7053888079471555272
-0.0045045045045049997, 46.1958392441328840050
-0.0020020020020019998, 116.9047798611930772950
0.0005005005005005000, 184.9133931447843224305
0.0030030030030029999, 88.6769020033159165450
0.0055055055055059999, 63.2170757717101423623
0.0080080080080079993, 81.3608591893261063888
0.0105105105105099995, 43.3659695239120708266
0.0130130130130099997, 19.8927580662490370855
0.0155155155155200005, 11.2998829812050800570
0.0180180180180199989, 7.3752227445544438211
0.0205205205205199991, 5.2385695331546235920
0.0230230230230199992, 3.9338623219491775096
0.0255255255255299983, 3.0725702269025125801
0.0280280280280299984, 2.4712987272445170461
0.0305305305305299986, 2.0335357504508548843
0.0330330330330299987, 1.7041973400146943618
0.0355355355355400013, 1.4498173450385527516
0.0380380380380399979, 1.2490319638985321049
0.0405405405405400016, 1.0876444083577982980
0.0430430430430399982, 0.9559015610600047896
0.0455455455455500008, 0.8469127141490683242
0.0480480480480499975, 0.7556914955855810190
0.0505505505505500011, 0.6785540181975988627
0.0530530530530499977, 0.6127288746715182643
0.0555555555555600003, 0.5560974934308213768
0.0580580580580599970, 0.5070171358111121851
0.0605605605605600006, 0.4641976723168886876
0.0630630630630600042, 0.4266141775486965715
0.0655655655655699998, 0.3934438813269637292
0.0680680680680700034, 0.3640199932904515934
0.0705705705705699932, 0.3377974157919842457
0.0730730730730699968, 0.3143269620733340486
0.0755755755755800063, 0.2932357451342665344
0.0780780780780799960, 0.2742121013421049969
0.0805805805805799996, 0.2569938861516021245
0.0830830830830800032, 0.2413593049050194450
0.0855855855855899988, 0.2271196688319463974
0.0880880880880900025, 0.2141136269086823529
0.0905905905905900061, 0.2022025390774191966
0.0930930930930899958, 0.1912667394025704404
0.0955955955956000053, 0.1812024984737224120
0.0980980980980999950, 0.1719195391992405786
0.1006006006005999986, 0.1633389935386228564
0.1031031031031000023, 0.1553917128253483049
0.1056056056056000059, 0.1480168633518162691
0.1081081081080999956, 0.1411607534093882732
0.1106106106105999992, 0.1347758491441544138
0.1131131131131000028, 0.1288199452365650921
0.1156156156156000064, 0.1232554631529075018
0.1181181181180999962, 0.1180488550021417116
0.1206206206205999998, 0.1131700952010785549
0.1231231231231000034, 0.1085922454583775620
0.1256256256256000070, 0.1042910812255888470
0.1281281281281000106, 0.1002447698778044793
0.1306306306305999865, 0.0964335925895359464
0.1331331331330999901, 0.0928397032495882346
0.1356356356355999937, 0.0894469188789116521
0.1381381381380999973, 0.0862405369298505364
0.1406406406406000009, 0.0832071755947262209
0.1431431431431000045, 0.0803346338684525207
0.1456456456456000081, 0.0776117686193167344
0.1481481481481000118, 0.0750283863443734905
0.1506506506506999910, 0.0725751476372143850
0.1531531531531999946, 0.0702434826891140118
0.1556556556556999982, 0.0680255163901087867
0.1581581581582000018, 0.0659140018028345070
0.1606606606607000054, 0.0639022609557401838
0.1631631631632000090, 0.0619841320491520131
0.1656656656657000126, 0.0601539222921039091
0.1681681681681999885, 0.0584063656935900552
0.1706706706706999921, 0.0567365852219780531
0.1731731731731999957, 0.0551400588232586336
0.1756756756756999993, 0.0536125888546896689
0.1781781781782000029, 0.0521502745469266532
0.1806806806807000065, 0.0507494871563750130
0.1831831831832000101, 0.0494068475114334479
0.1856856856857000138, 0.0481192056925332096
0.1881881881881999896, 0.0468836226172566831
0.1906906906906999932, 0.0456973533290411377
0.1931931931931999968, 0.0445578318116456595
0.1956956956957000004, 0.0434626571721782873
0.1981981981982000041, 0.0424095810534746293
0.2007007007007000077, 0.0413964961523571179
0.2032032032032000113, 0.0404214257340829927
0.2057057057056999871, 0.0394825140453856221
0.2082082082081999908, 0.0385780175391421329
0.2107107107106999944, 0.0377062968330582893
0.2132132132131999980, 0.0368658093330153716
0.2157157157157000016, 0.0360551024590103075
0.2182182182182000052, 0.0352728074180687495
0.2207207207207000088, 0.0345176334742217580
0.2232232232232000124, 0.0337883626707027110
0.2257257257256999883, 0.0330838449640244725
0.2282282282281999919, 0.0324029937335994778
0.2307307307306999955, 0.0317447816341349665
0.2332332332331999991, 0.0311082367612176315
0.2357357357357000027, 0.0304924391033441766
0.2382382382382000063, 0.0298965172561984210
0.2407407407407000099, 0.0293196453772501184
0.2432432432432000136, 0.0287610403607932372
0.2457457457456999894, 0.0282199592153732359
0.2482482482481999930, 0.0276956966271981984
0.2507507507508000000, 0.0271875826946120745
0.2532532532533000036, 0.0266949808200392831
0.2557557557558000072, 0.0262172857470157235
0.2582582582583000108, 0.0257539217310047419
0.2607607607608000144, 0.0253043408336781871
0.2632632632633000180, 0.0248680213312308489
0.2657657657658000216, 0.0244444662280976430
0.2682682682683000253, 0.0240332018681732595
0.2707707707707999734, 0.0236337766362926908
0.2732732732732999770, 0.0232457597433309016
0.2757757757757999806, 0.0228687400888258480
0.2782782782782999842, 0.0225023251955229348
0.2807807807807999878, 0.0221461402106921668
0.2832832832832999914, 0.0217998269694790296
0.2857857857857999950, 0.0214630431159260407
0.2882882882882999986, 0.0211354612776440860
0.2907907907908000023, 0.0208167682904251347
0.2932932932933000059, 0.0205066644693744603
0.2957957957958000095, 0.0202048629234016230
0.2982982982983000131, 0.0199110889101493035
0.3008008008008000167, 0.0196250792286590293
0.3033033033033000203, 0.0193465816472734378
0.3058058058058000239, 0.0190753543644605686
0.3083083083083000275, 0.0188111655004147144
0.3108108108107999756, 0.0185537926174446054
0.3133133133132999792, 0.0183030222673038097
0.3158158158157999829, 0.0180586495637493905
0.3183183183182999865, 0.0178204777787374785
0.3208208208207999901, 0.0175883179607761453
0.3233233233232999937, 0.0173619885740592846
0.3258258258257999973, 0.0171413151571013986
0.3283283283283000009, 0.0169261299996803574
0.3308308308308000045, 0.0167162718369777107
0.3333333333333000081, 0.0165115855598806094
0.3358358358358000118, 0.0163119219404798399
0.3383383383383000154, 0.0161171373718624611
0.3408408408408000190, 0.0159270936213576249
0.3433433433433000226, 0.0157416575964495660
0.3458458458458000262, 0.0155607011226229098
0.3483483483482999743, 0.0153841007324534290
0.3508508508509000090, 0.0152117374653015849
0.3533533533534000126, 0.0150434966770069505
0.3558558558559000162, 0.0148792678590206600
0.3583583583584000198, 0.0147189444664475415
0.3608608608609000235, 0.0145624237545035895
0.3633633633634000271, 0.0144096066229247345
0.3658658658658999752, 0.0142603974678915096
0.3683683683683999788, 0.0141147040410613996
0.3708708708708999824, 0.0139724373153249752
0.3733733733733999860, 0.0138335113569256363
0.3758758758758999896, 0.0136978432036043603
0.3783783783783999932, 0.0135653527484508006
0.3808808808808999968, 0.0134359626291616352
0.3833833833834000004, 0.0133095981224240351
0.3858858858859000041, 0.0131861870431592369
0.3883883883884000077, 0.0130656596483764188
0.3908908908909000113, 0.0129479485454013811
0.3933933933934000149, 0.0128329886042586779
0.3958958958959000185, 0.0127207168739976867
0.3983983983984000221, 0.0126110725027659513
0.4009009009009000257, 0.0125039966614434155
0.4034034034033999738, 0.0123994324706623200
0.4059059059058999774, 0.0122973249310469185
0.4084084084083999810, 0.0121976208565165167
0.4109109109108999847, 0.0121002688105041785
0.4134134134133999883, 0.0120052190449511931
0.4159159159158999919, 0.0119124234419454456
0.4184184184183999955, 0.0118218354578787412
0.4209209209208999991, 0.0117334100700050258
0.4234234234234000027, 0.0116471037252877836
0.4259259259259000063, 0.0115628742914308455
0.4284284284284000099, 0.0114806810099926035
0.4309309309309000136, 0.0114004844514887758
0.4334334334334000172, 0.0113222464723939896
0.4359359359359000208, 0.0112459301739571971
0.4384384384384000244, 0.0111714998627502789
0.4409409409408999725, 0.0110989210128735680
0.4434434434433999761, 0.0110281602297458373
0.4459459459458999797, 0.0109591852154101166
0.4484484484483999833, 0.0108919647352903118
0.4509509509510000180, 0.0108264685863368286
0.4534534534535000216, 0.0107626675665026973
0.4559559559560000253, 0.0107005334454946081
0.4584584584584999734, 0.0106400389367461243
0.4609609609609999770, 0.0105811576705630728
0.4634634634634999806, 0.0105238641683936436
0.4659659659659999842, 0.0104681338181780714
0.4684684684684999878, 0.0104139428507351965
0.4709709709709999914, 0.0103612683171452821
0.4734734734734999950, 0.0103100880670905191
0.4759759759759999986, 0.0102603807281166862
0.4784784784785000022, 0.0102121256857812537
0.4809809809810000059, 0.0101653030646549330
0.4834834834835000095, 0.0101198937101455045
0.4859859859860000131, 0.0100758791711141778
0.4884884884885000167, 0.0100332416832564150
0.4909909909910000203, 0.0099919641532205637
0.4934934934935000239, 0.0099520301434389523
0.4959959959960000275, 0.0099134238576475495
0.4984984984984999756, 0.0098761301270715099
0.5010010010009999792, 0.0098401343972550452
0.5035035035035000384, 0.0098054227155154293
0.5060060060059999865, 0.0097719817190017877
0.5085085085085000456, 0.0097397986233406647
0.5110110110109999937, 0.0097088612118511296
0.5135135135135000528, 0.0096791578253133184
0.5160160160160000009, 0.0096506773522752297
0.5185185185184999490, 0.0096234092198834026
0.5210210210210000081, 0.0095973433852241490
0.5235235235234999562, 0.0095724703271626542
0.5260260260260000154, 0.0095487810386682623
0.5285285285284999635, 0.0095262670196148633
0.5310310310310000226, 0.0095049202700462875
0.5335335335334999707, 0.0094847332838970833
0.5360360360360000298, 0.0094656990431600477
0.5385385385384999779, 0.0094478110124923357
0.5410410410410000370, 0.0094310631342528206
0.5435435435434999851, 0.0094154498239640040
0.5460460460460000442, 0.0094009659661923647
0.5485485485484999924, 0.0093876069108417455
0.5510510510510999715, 0.0093753684698549868
0.5535535535536000307, 0.0093642469143196093
0.5560560560560999788, 0.0093542389719739882
0.5585585585586000379, 0.0093453418251110629
0.5610610610610999860, 0.0093375531088771557
0.5635635635636000451, 0.0093308709099642270
0.5660660660660999932, 0.0093252937656942599
0.5685685685686000523, 0.0093208206634952454
0.5710710710711000004, 0.0093174510407687990
0.5735735735735999485, 0.0093151847851498555
0.5760760760761000077, 0.0093140222351597267
0.5785785785785999558, 0.0093139641812543111
0.5810810810811000149, 0.0093150118672696864
0.5835835835835999630, 0.0093171669922682190
0.5860860860861000221, 0.0093204317127886863
0.5885885885885999702, 0.0093248086455046883
0.5910910910911000293, 0.0093303008702961959
0.5935935935935999774, 0.0093369119337397104
0.5960960960961000366, 0.0093446458530232791
0.5985985985985999847, 0.0093535071202931717
0.6011011011011000438, 0.0093635007074397945
0.6036036036035999919, 0.0093746320713311224
0.6061061061061000510, 0.0093869071595026332
0.6086086086085999991, 0.0094003324163135765
0.6111111111110999472, 0.0094149147895800818
0.6136136136136000063, 0.0094306617376965288
0.6161161161160999544, 0.0094475812372573909
0.6186186186186000135, 0.0094656817911926532
0.6211211211210999616, 0.0094849724374308254
0.6236236236236000208, 0.0095054627581044934
0.6261261261260999689, 0.0095271628893143969
0.6286286286286000280, 0.0095500835314689565
0.6311311311310999761, 0.0095742359602173730
0.6336336336336000352, 0.0095996320379953971
0.6361361361360999833, 0.0096262842262041758
0.6386386386386000424, 0.0096542055980437715
0.6411411411410999905, 0.0096834098520241600
0.6436436436436000497, 0.0097139113261779722
0.6461461461460999978, 0.0097457250130006702
0.6486486486485999459, 0.0097788665751451821
0.6511511511512000361, 0.0098133523618998374
0.6536536536536999842, 0.0098491994264798249
0.6561561561562000433, 0.0098864255441644018
0.6586586586586999914, 0.0099250492313136471
0.6611611611612000505, 0.0099650897653007480
0.6636636636636999986, 0.0100065672053975818
0.6661661661661999467, 0.0100495024146537420
0.6686686686687000059, 0.0100939170828112795
0.6711711711711999540, 0.0101398337502998578
0.6736736736737000131, 0.0101872758333595766
0.6761761761761999612, 0.0102362676503414095
0.6786786786787000203, 0.0102868344492380373
0.6811811811811999684, 0.0103390024365008146
0.6836836836837000275, 0.0103927988072018453
0.6861861861861999756, 0.0104482517766035649
0.6886886886887000347, 0.0105053906132016560
0.6911911911911999828, 0.0105642456733111064
0.6936936936937000420, 0.0106248484372691004
0.6961961961961999901, 0.0106872315473328580
0.6986986986987000492, 0.0107514288473549123
0.7012012012011999973, 0.0108174754243233646
0.7037037037036999454, 0.0108854076518595938
0.7062062062062000045, 0.0109552632357715514
0.7087087087086999526, 0.0110270812617664464
0.7112112112112000117, 0.0111009022454329458
0.7137137137136999598, 0.0111767681846095777
0.7162162162162000190, 0.0112547226142630449
0.7187187187186999671, 0.0113348106640077211
0.7212212212212000262, 0.0114170791184056222
0.7237237237236999743, 0.0115015764801946058
0.7262262262262000334, 0.0115883530366018492
0.7287287287286999815, 0.0116774609289092487
0.7312312312312000406, 0.0117689542254479623
0.7337337337336999887, 0.0118628889982103653
0.7362362362362000479, 0.0119593234032796883
0.7387387387386999960, 0.0120583177652903960
0.7412412412412000551, 0.0121599346661459724
0.7437437437437000032, 0.0122642390382355290
0.7462462462461999513, 0.0123712982624063182
0.7487487487487000104, 0.0124811822709661423
0.7512512512512999896, 0.0125939636560075986
0.7537537537538000487, 0.0127097177833657947
0.7562562562562999968, 0.0128285229125417160
0.7587587587587999449, 0.0129504603229460835
0.7612612612613000040, 0.0130756144468425206
0.7637637637637999521, 0.0132040730093949191
0.7662662662663000113, 0.0133359271762516132
0.7687687687687999594, 0.0134712717091293142
0.7712712712713000185, 0.0136102051298919620
0.7737737737737999666, 0.0137528298936547607
0.7762762762763000257, 0.0138992525714812139
0.7787787787787999738, 0.0140495840432819496
0.7812812812813000329, 0.0142039397015678442
0.7837837837837999810, 0.0143624396667576728
0.7862862862863000402, 0.0145252090147919635
0.7887887887887999883, 0.0146923780178602262
0.7912912912913000474, 0.0148640823991091613
0.7937937937937999955, 0.0150404636022647611
0.7962962962963000546, 0.0152216690771718455
0.7987987987988000027, 0.0154078525823318074
0.8013013013012999508, 0.0155991745056023000
0.8038038038038000099, 0.0157958022043136956
0.8063063063062999580, 0.0159979103661555475
0.8088088088088000172, 0.0162056813922934091
0.8113113113112999653, 0.0164193058042935297
0.8138138138138000244, 0.0166389826765597978
0.8163163163162999725, 0.0168649200961264664
0.8188188188188000316, 0.0170973356518013264
0.8213213213212999797, 0.0173364569548197373
0.8238238238238000388, 0.0175825221933504187
0.8263263263262999869, 0.0178357807233919356
0.8288288288288000460, 0.0180964936988152435
0.8313313313312999941, 0.0183649347435448050
0.8338338338338000533, 0.0186413906691312650
0.8363363363363000014, 0.0189261622412538501
0.8388388388387999495, 0.0192195649990046340
0.8413413413413000086, 0.0195219301311519190
0.8438438438437999567, 0.0198336054139586389
0.8463463463463000158, 0.0201549562155512452
0.8488488488487999639, 0.0204863665722943948
0.8513513513514000541, 0.0208282403431359411
0.8538538538539000022, 0.0211810024484494659
0.8563563563563999503, 0.0215451002005216941
0.8588588588589000095, 0.0219210047335220981
0.8613613613613999576, 0.0223092125415532139
0.8638638638639000167, 0.0227102471342261539
0.8663663663663999648, 0.0231246608201466641
0.8688688688689000239, 0.0235530366297387918
0.8713713713713999720, 0.0239959903899984728
0.8738738738739000311, 0.0244541729650631298
0.8763763763763999792, 0.0249282726779284716
0.8788788788789000384, 0.0254190179302594341
0.8813813813813999865, 0.0259271800390452820
0.8838838838839000456, 0.0264535763108732017
0.8863863863863999937, 0.0269990733768596392
0.8888888888889000528, 0.0275645908138247228
0.8913913913914000009, 0.0281511050801573869
0.8938938938938999490, 0.0287596537980381074
0.8963963963964000081, 0.0293913404173217693
0.8988988988988999562, 0.0300473393004819372
0.9014014014014000153, 0.0307289012726562338
0.9039039039038999634, 0.0314373596860863802
0.9064064064064000226, 0.0321741370542008298
0.9089089089088999707, 0.0329407523173610231
0.9114114114114000298, 0.0337388288099921205
0.9139139139138999779, 0.0345701030076012231
0.9164164164164000370, 0.0354364341422154089
0.9189189189188999851, 0.0363398147862385862
0.9214214214214000442, 0.0372823825178789509
0.9239239239238999923, 0.0382664327963898876
0.9264264264264000515, 0.0392944331927367746
0.9289289289288999996, 0.0403690391413244337
0.9314314314313999477, 0.0414931114015418823
0.9339339339339000068, 0.0426697354446589558
0.9364364364363999549, 0.0439022430126619831
0.9389389389389000140, 0.0451942361317284047
0.9414414414413999621, 0.0465496139051269353
0.9439439439439000212, 0.0479726024594850781
0.9464464464463999693, 0.0494677884759452333
0.9489489489489000285, 0.0510401568053144086
0.9514514514515000076, 0.0526951327458762137
0.9539539539539999558, 0.0544386296564424721
0.9564564564565000149, 0.0562771026883627720
0.9589589589589999630, 0.0582176095521557899
0.9614614614615000221, 0.0602678793915037911
0.9639639639639999702, 0.0624363910249572246
0.9664664664665000293, 0.0647324620404787221
0.9689689689689999774, 0.0671663504981588333
0.9714714714715000365, 0.0697493713224087153
0.9739739739739999846, 0.0724940298595493776
0.9764764764765000438, 0.0754141755562514060
0.9789789789789999919, 0.0785251792992665981
0.9814814814815000510, 0.0818441386733795295
0.9839839839839999991, 0.0853901162758123333
0.9864864864864999472, 0.0891844173140427521
0.9889889889890000063, 0.0932509140651848478
0.9914914914914999544, 0.0976164264600142828
0.9939939939940000135, 0.1023111701663175360
0.9964964964964999616, 0.1073692862064797998
0.9989989989990000208, 0.1128294695139397674
1.0015015015019999023, 0.1187357181262015671
1.0040040040039999170, 0.1251382302144818381
1.0065065065070000205, 0.1320944832472932262
1.0090090090090000352, 0.1396705388007708493
1.0115115115119999167, 0.1479426285788617845
1.0140140140139999314, 0.1569990930809701812
1.0165165165170000350, 0.1669427654312405362
1.0190190190190000497, 0.1778939211003068843
1.0215215215219999312, 0.1899939523595611246
1.0240240240239999459, 0.2034099782612439622
1.0265265265270000494, 0.2183406724722681269
1.0290290290290000641, 0.2350236908362220156
1.0315315315319999456, 0.2537452206455463322
1.0340340340339999603, 0.2748523732116199825
1.0365365365370000639, 0.2987694294258596561
1.0390390390390000785, 0.3260193697333467200
1.0415415415419999601, 0.3572527467065825246
1.0440440440439999747, 0.3932869053405665394
1.0465465465470000783, 0.4351600126445042127
1.0490490490490000930, 0.4842066423616266380
1.0515515515519999745, 0.5421653205805676556
1.0540540540539999892, 0.6113344416221400124
1.0565565565570000928, 0.6948030711416508520
1.0590590590590001074, 0.7968006693774787319
1.0615615615619999890, 0.9232411196420922117
1.0640640640640000036, 1.0825946462958149219
1.0665665665670001072, 1.2873338000143073057
1.0690690690689998998, 1.5564280661525231597
1.0715715715720000034, 1.9198509145934234965
1.0740740740740000181, 2.4271804602313133969
1.0765765765769998996, 3.1651272555268792352
1.0790790790789999143, 4.2962475978236147611
1.0815815815820000179, 6.1534760386044977665
1.0840840840840000325, 9.5023914591379483596
1.0865865865869999141, 16.3980492844691312371
1.0890890890889999287, 33.5779957477680568445
1.0915915915920000323, 85.7880554190467989883
1.0940940940940000470, 150.9830601093473205765
1.0965965965969999285, 68.0948776306409513381
1.0990990990989999432, 27.9053320386010597076
1.1016016016020000468, 14.2749174244102636777
1.1041041041040000614, 8.5249143710221630954
1.1066066066069999430, 5.6326591355803641292
1.1091091091089999576, 3.9890865466328100375
1.1116116116120000612, 2.9703494263047649504
1.1141141141140000759, 2.2969526500431842742
1.1166166166169999574, 1.8293224372030953973
1.1191191191189999721, 1.4916924081830107429
1.1216216216220000756, 1.2401333498517128628
1.1241241241240000903, 1.0477836915571359100
1.1266266266269999718, 0.8974827452651857884
1.1291291291289999865, 0.7778576985990253156
1.1316316316320000901, 0.6811330642808320901
1.1341341341340001048, 0.6018486038659633941
1.1366366366369999863, 0.5360797812797716277
1.1391391391390000010, 0.4809478333439197728
1.1416416416420001045, 0.4343028164098641786
1.1441441441439998972, 0.3945132532672990799
1.1466466466470000007, 0.3603233226083485397
1.1491491491490000154, 0.3307539153415128830
1.1516516516519998969, 0.3050328203206655875
1.1541541541539999116, 0.2825446445042080756
1.1566566566570000152, 0.2627943479111706226
1.1591591591590000299, 0.2453803285175826798
1.1616616616619999114, 0.2299743085616099969
1.1641641641639999261, 0.2163061332870765963
1.1666666666670000296, 0.2041521644125573187
1.1691691691690000443, 0.1933263364890935587
1.1716716716719999258, 0.1836732089331415685
1.1741741741739999405, 0.1750625305855386948
1.1766766766770000441, 0.1673849634144766174
1.1791791791790000588, 0.1605487046724105027
1.1816816816819999403, 0.1544768138998600104
1.1841841841839999550, 0.1491051003920920992
1.1866866866870000585, 0.1443804634257096486
1.1891891891890000732, 0.1402596053932419207
1.1916916916919999547, 0.1367080596607628262
1.1941941941939999694, 0.1336994923866351437
1.1966966966970000730, 0.1312152522021918233
1.1991991991990000876, 0.1292441547650986511
1.2017017017019999692, 0.1277825018269724555
1.2042042042039999838, 0.1268343476751256915
1.2067067067070000874, 0.1264120408049919930
1.2092092092090001021, 0.1265370869289433042
1.2117117117119999836, 0.1272414029020939308
1.2142142142139999983, 0.1285690626358812760
1.2167167167170001019, 0.1305786796714307751
1.2192192192189998945, 0.1333466329800862549
1.2217217217219999981, 0.1369714322971918030
1.2242242242240000127, 0.1415796519320945968
1.2267267267269998943, 0.1473340617525867868
1.2292292292289999089, 0.1544448907034924323
1.2317317317320000125, 0.1631856386154529048
1.2342342342340000272, 0.1739156211615885406
1.2367367367369999087, 0.1871126936623692394
1.2392392392389999234, 0.2034217210464032699
1.2417417417420000270, 0.2237280360587369510
1.2442442442440000416, 0.2492717018614489244
1.2467467467469999232, 0.2818305915139523443
1.2492492492489999378, 0.3240238767881976623
1.2517517517520000414, 0.3798353113198459918
1.2542542542540000561, 0.4555579924387860302
1.2567567567569999376, 0.5615956747073325150
1.2592592592589999523, 0.7161299164432712860
1.2617617617620000559, 0.9532090867120208699
1.2642642642640000705, 1.3424681348248141965
1.2667667667669999521, 2.0437228522077859338
1.2692692692689999667, 3.4848548061901842843
1.2717717717720000703, 7.0643333065143067984
1.2742742742740000850, 17.9309934735798641725
1.2767767767769999665, 32.0841760981631836103
1.2792792792789999812, 14.6619864573344909076
1.2817817817820000847, 6.0165437134622052895
1.2842842842840000994, 3.0919032156714321147
1.2867867867869999809, 1.8619780398284395684
1.2892892892889999956, 1.2447513876201885541
1.2917917917920000992, 0.8946588934907783175
1.2942942942939998918, 0.6780520893290948869
1.2967967967969999954, 0.5351650925767281741
1.2992992992990000101, 0.4361954720797437401
1.3018018018019998916, 0.3649848695403837828
1.3043043043039999063, 0.3121750935711463670
1.3068068068070000098, 0.2720503694618321977
1.3093093093090000245, 0.2409639545370445002
1.3118118118119999060, 0.2165031546515875094
1.3143143143139999207, 0.1970222770559220959
1.3168168168170000243, 0.1813695080086629996
1.3193193193190000390, 0.1687210043638130985
1.3218218218219999205, 0.1584767541565310633
1.3243243243239999352, 0.1501933278065767929
1.3268268268270000387, 0.1435393737488207533
1.3293293293290000534, 0.1382655428048945589
1.3318318318319999349, 0.1341838082084167993
1.3343343343339999496, 0.1311530563739331523
1.3368368368370000532, 0.1290689655369716415
1.3393393393390000679, 0.1278568918169796509
1.3418418418419999494, 0.1274669260300024809
1.3443443443439999641, 0.1278705730409724073
1.3468468468470000676, 0.1290586993849512087
1.3493493493490000823, 0.1310405312527002930
1.3518518518519999638, 0.1338435871591184823
1.3543543543539999785, 0.1375145135281385933
1.3568568568570000821, 0.1421208688843895451
1.3593593593590000967, 0.1477539836511690963
1.3618618618619999783, 0.1545331184699688665
1.3643643643639999929, 0.1626112677185613531
1.3668668668670000965, 0.1721831248694974947
1.3693693693689998891, 0.1834959699131593069
1.3718718718719999927, 0.1968645991509126447
1.3743743743740000074, 0.2126919635385293716
1.3768768768770001110, 0.2314980284664081567
1.3793793793789999036, 0.2539607113340037747
1.3818818818820000072, 0.2809749361358094277
1.3843843843840000218, 0.3137394828313453399
1.3868868868869999034, 0.3538875469249421757
1.3893893893889999180, 0.4036879566126909680
1.3918918918920000216, 0.4663641997870062728
1.3943943943940000363, 0.5466169096003258288
1.3968968968969999178, 0.6515121848537914762
1.3993993993989999325, 0.7920591922764943504
1.4019019019020000361, 0.9861596790488786901
1.4044044044040000507, 1.2644720704469074590
1.4069069069069999323, 1.6829749547167600632
1.4094094094089999469, 2.3524947209822020255
1.4119119119120000505, 3.5167177950906052253
1.4144144144140000652, 5.7916501393749273419
1.4169169169169999467, 11.0513407116677342401
1.4194194194189999614, 26.2000731160105644335
1.4219219219220000650, 62.8544440313119565644
1.4244244244240000796, 42.0237172751860015296
1.4269269269269999612, 16.1805227178334902760
1.4294294294289999758, 7.7035431058168697405
1.4319319319320000794, 4.3933550514579398083
1.4344344344340000941, 2.8173329656846859415
1.4369369369369999756, 1.9551872555971985257
1.4394394394389999903, 1.4351972690860708148
1.4419419419420000938, 1.0983764276756491363
1.4444444444440001085, 0.8680662260130789232
1.4469469469469999900, 0.7037702145847866131
1.4494494494490000047, 0.5825113639318684200
1.4519519519520001083, 0.4904848264884993370
1.4544544544539999009, 0.4189987487701255509
1.4569569569570000045, 0.3623628309639039813
1.4594594594590000192, 0.3167269025699547824
1.4619619619619999007, 0.2794112526259946439
1.4644644644639999154, 0.2485046518375302049
1.4669669669670000189, 0.2226145272869440861
1.4694694694690000336, 0.2007069187420237877
1.4719719719719999151, 0.1820011783772186031
1.4744744744739999298, 0.1658990296502108053
1.4769769769770000334, 0.1519357533920213665
1.4794794794790000481, 0.1397459557183298173
1.4819819819819999296, 0.1290391466520173780
1.4844844844839999443, 0.1195820444548446465
1.4869869869870000478, 0.1111855701027721910
1.4894894894890000625, 0.1036951637831178274
1.4919919919919999440, 0.0969834882414020716
1.4944944944939999587, 0.0909448697658079980
1.4969969969970000623, 0.0854910196351649776
1.4994994994990000770, 0.0805477098119921769
1.5020020020019999585, 0.0760521672398378062
1.5045045045050000621, 0.0719510145840989990
1.5070070070070000767, 0.0681986302929394883
1.5095095095099999583, 0.0647558331753842614
1.5120120120119999729, 0.0615888201373312044
1.5145145145150000765, 0.0586683028924621791
1.5170170170170000912, 0.0559688021684384418
1.5195195195199999727, 0.0534680674076807583
1.5220220220219999874, 0.0511465970943533674
1.5245245245250000909, 0.0489872402482217084
1.5270270270270001056, 0.0469748637590119561
1.5295295295299999871, 0.0450960734151927833
1.5320320320320000018, 0.0433389789447686108
1.5345345345350001054, 0.0416929953064586745
1.5370370370369998980, 0.0401486739761947875
1.5395395395400000016, 0.0386975591624317133
1.5420420420420000163, 0.0373320648266022709
1.5445445445449998978, 0.0360453691368894241
1.5470470470469999125, 0.0348313235860842063
1.5495495495500000160, 0.0336843744895476277
1.5520520520520000307, 0.0325994949718925106
1.5545545545549999122, 0.0315721258700239066
1.5570570570569999269, 0.0305981242404992915
1.5595595595600000305, 0.0296737183724914144
1.5620620620620000452, 0.0287954683830836736
1.5645645645649999267, 0.0279602316165010745
1.5670670670669999414, 0.0271651321889254116
1.5695695695700000449, 0.0264075341203545803
1.5720720720720000596, 0.0256850175782566414
1.5745745745749999411, 0.0249953578274681870
1.5770770770769999558, 0.0243365065393175636
1.5795795795800000594, 0.0237065751622454329
1.5820820820820000741, 0.0231038200978194060
1.5845845845849999556, 0.0225266294613085463
1.5870870870869999703, 0.0219735112359238406
1.5895895895900000738, 0.0214430826553341641
1.5920920920920000885, 0.0209340606708391698
1.5945945945949999700, 0.0204452533782067958
1.5970970970969999847, 0.0199755522951731435
1.5995995996000000883, 0.0195239253943406479
1.6021021021020001029, 0.0190894108080568205
1.6046046046049999845, 0.0186711111320870260
1.6071071071069999991, 0.0182681882637445239
1.6096096096100001027, 0.0178798587178259603
1.6121121121119998953, 0.0175053893703696895
1.6146146146149999989, 0.0171440935860677282
1.6171171171170000136, 0.0167953276902313986
1.6196196196199998951, 0.0164584877506415150
1.6221221221219999098, 0.0161330066384938360
1.6246246246250000134, 0.0158183513410536797
1.6271271271270000280, 0.0155140205016232290
1.6296296296299999096, 0.0152195421650565613
1.6321321321319999242, 0.0149344717093771538
1.6346346346350000278, 0.0146583899461003447
1.6371371371370000425, 0.0143909013736742402
1.6396396396399999240, 0.0141316325700562642
1.6421421421419999387, 0.0138802307118649805
1.6446446446450000423, 0.0136363622088097360
1.6471471471470000569, 0.0133997114432247103
1.6496496496499999385, 0.0131699796055341004
1.6521521521519999531, 0.0129468836173678645
1.6546546546550000567, 0.0127301551348442191
1.6571571571570000714, 0.0125195396252475548
1.6596596596599999529, 0.0123147955109682815
1.6621621621619999676, 0.0121156933751428789
1.6646646646650000712, 0.0119220152239453946
1.6671671671670000858, 0.0117335538009426359
1.6696696696699999674, 0.0115501119493398897
1.6721721721719999820, 0.0113715020183173098
1.6746746746750000856, 0.0111975453099937491
1.6771771771770001003, 0.0110280715638584222
1.6796796796799999818, 0.0108629184757852333
1.6821821821819999965, 0.0107019312489927670
1.6846846846850001000, 0.0105449621745373548
1.6871871871869998927, 0.0103918702391304196
1.6896896896899999962, 0.0102425207582556785
1.6921921921920000109, 0.0100967850327294724
1.6946946946949998924, 0.0099545400269997926
1.6971971971969999071, 0.0098156680676180358
1.6996996997000000107, 0.0096800565604436700
1.7022022022020000254, 0.0095475977252569393
1.7047047047049999069, 0.0094181883465593169
1.7072072072069999216, 0.0092917295394374533
1.7097097097100000251, 0.0091681265294532646
1.7122122122120000398, 0.0090472884456030828
1.7147147147149999213, 0.0089291281254616633
1.7172172172169999360, 0.0088135619316938533
1.7197197197200000396, 0.0087005095791780687
1.7222222222220000543, 0.0085898939720419065
1.7247247247249999358, 0.0084816410499619979
1.7272272272269999505, 0.0083756796431274753
1.7297297297300000540, 0.0082719413353101318
1.7322322322320000687, 0.0081703603345243993
1.7347347347349999502, 0.0080708733507971961
1.7372372372369999649, 0.0079734194806016651
1.7397397397400000685, 0.0078779400975402293
1.7422422422420000832, 0.0077843787488912101
1.7447447447449999647, 0.0076926810576599877
1.7472472472469999794, 0.0076027946298003052
1.7497497497500000829, 0.0075146689662940851
1.7522522522520000976, 0.0074282553797991946
1.7547547547549999791, 0.0073435069155940620
1.7572572572569999938, 0.0072603782765660917
1.7597597597600000974, 0.0071788257520075506
1.7622622622619998900, 0.0070988071499980690
1.7647647647649999936, 0.0070202817331672931
1.7672672672670000082, 0.0069432101576445207
1.7697697697699998898, 0.0068675544150145753
1.7722722722719999044, 0.0067932777771106696
1.7747747747750000080, 0.0067203447434856642
1.7772772772770000227, 0.0066487209914131359
1.7797797797799999042, 0.0065783733282788756
1.7822822822819999189, 0.0065092696462320764
1.7847847847850000225, 0.0064413788789734932
1.7872872872870000371, 0.0063746709605653562
1.7897897897899999187, 0.0063091167861547663
1.7922922922919999333, 0.0062446881745088206
1.7947947947950000369, 0.0061813578322658397
1.7972972972970000516, 0.0061190993198126480
1.7997997997999999331, 0.0060578870187032504
1.8023023023019999478, 0.0059976961005391719
1.8048048048050000514, 0.0059385024972363164
1.8073073073070000660, 0.0058802828726076534
1.8098098098099999476, 0.0058230145951949407
1.8123123123119999622, 0.0057666757122866452
1.8148148148150000658, 0.0057112449250626843
1.8173173173170000805, 0.0056567015648100001
1.8198198198199999620, 0.0056030255701560658
1.8223223223219999767, 0.0055501974652704140
1.8248248248250000803, 0.0054981983389869732
1.8273273273270000949, 0.0054470098248026438
1.8298298298299999765, 0.0053966140817099080
1.8323323323319999911, 0.0053469937758236349
1.8348348348350000947, 0.0052981320627642856
1.8373373373370001094, 0.0052500125707618485
1.8398398398399999909, 0.0052026193844466415
1.8423423423420000056, 0.0051559370292949720
1.8448448448450001091, 0.0051099504566992655
1.8473473473469999018, 0.0050646450296339416
1.8498498498500000053, 0.0050200065088896965
1.8523523523520000200, 0.0049760210398503632
1.8548548548549999015, 0.0049326751397877925
1.8573573573569999162, 0.0048899556856514398
1.8598598598600000198, 0.0048478499023305571
1.8623623623620000345, 0.0048063453513679869
1.8648648648649999160, 0.0047654299201055975
1.8673673673669999307, 0.0047250918112423969
1.8698698698700000342, 0.0046853195327873215
1.8723723723720000489, 0.0046461018883895465
1.8748748748749999304, 0.0046074279680300249
1.8773773773769999451, 0.0045692871390587645
1.8798798798800000487, 0.0045316690375630667
1.8823823823820000634, 0.0044945635600526987
1.8848848848849999449, 0.0044579608554486203
1.8873873873869999596, 0.0044218513173625313
1.8898898898900000631, 0.0043862255766550983
1.8923923923920000778, 0.0043510744942613028
1.8948948948949999593, 0.0043163891542718864
1.8973973973969999740, 0.0042821608572603826
1.8998998999000000776, 0.0042483811138457140
1.9024024024020000923, 0.0042150416384807779
1.9049049049049999738, 0.0041821343434579293
1.9074074074069999885, 0.0041496513331226101
1.9099099099100000920, 0.0041175848982868439
1.9124124124120001067, 0.0040859275108346338
1.9149149149149999882, 0.0040546718185116952
1.9174174174170000029, 0.0040238106398922634
1.9199199199200001065, 0.0039933369595160674
1.9224224224219998991, 0.0039632439231888318
1.9249249249250000027, 0.0039335248334399966
1.9274274274270000173, 0.0039041731451315838
1.9299299299299998989, 0.0038751824612124437
1.9324324324319999135, 0.0038465465286123247
1.9349349349350000171, 0.0038182592342704651
1.9374374374370000318, 0.0037903146012936498
1.9399399399399999133, 0.0037627067852388538
1.9424424424419999280, 0.0037354300705158363
1.9449449449450000316, 0.0037084788669052185
1.9474474474470000462, 0.0036818477061877821
1.9499499499499999278, 0.0036555312388808921
1.9524524524519999424, 0.0036295242310781361
1.9549549549550000460, 0.0036038215613883968
1.9574574574570000607, 0.0035784182179707832
1.9599599599599999422, 0.0035533092956619369
1.9624624624619999569, 0.0035284899931924199
1.9649649649650000605, 0.0035039556104889810
1.9674674674670000751, 0.0034797015460596662
1.9699699699699999567, 0.0034557232944588353
1.9724724724719999713, 0.0034320164438292637
1.9749749749750000749, 0.0034085766735186462
1.9774774774770000896, 0.0033853997517678857
1.9799799799799999711, 0.0033624815334686977
1.9824824824819999858, 0.0033398179579881117
1.9849849849850000894, 0.0033174050470575990
1.9874874874870001040, 0.0032952389027245781
1.9899899899899999856, 0.0032733157053642086
1.9924924924920000002, 0.0032516317117493982
1.9949949949950001038, 0.0032301832531770841
1.9974974974969998964, 0.0032089667336488771
2.0000000000000000000, 0.0031879786281042580
