# k1_lab: [1, 0, 0]
# k2_lab: [-0.8660254037844387, 0.49999999999999994, 0.0]
# k1_cf: [-0.7071067811865476, -0.7071067811865476, 0.0]
# k2_cf: [0.6123724356957946, 0.6123724356957946, 0.49999999999999994]
# pol1_lab: [(0, 1, 0), (0, 0, 1)]
# pol2_lab: [array([-0.5      , -0.8660254,  0.       ]), array([0., 0., 1.])]
# pol1_cf: [array([0., 0., 1.]), array([-0.70710678,  0.70710678,  0.        ])]
# pol2_cf: [array([ 0.35355339,  0.35355339, -0.8660254 ]), array([-0.70710678,  0.70710678,  0.        ])]
# cf: [array([-0.70710678,  0.        , -0.70710678]), array([-0.70710678,  0.        ,  0.70710678]), array([0., 1., 0.])]
# th: 90
-0.5000000000000000000, 0.0069491317676525733
-0.4974974974974999964, 0.0070151276518194928
-0.4949949949949999928, 0.0070821059146633034
-0.4924924924924999892, 0.0071500863914156984
-0.4899899899899999856, 0.0072190894223311203
-0.4874874874874999819, 0.0072891358682133098
-0.4849849849849999783, 0.0073602471265018449
-0.4824824824824999747, 0.0074324451479418768
-0.4799799799800000266, 0.0075057524538613349
-0.4774774774775000230, 0.0075801921540810443
-0.4749749749750000194, 0.0076557879654844257
-0.4724724724725000158, 0.0077325642312746348
-0.4699699699700000122, 0.0078105459409484298
-0.4674674674675000086, 0.0078897587510173908
-0.4649649649650000049, 0.0079702290065086431
-0.4624624624625000013, 0.0080519837632787670
-0.4599599599599999977, 0.0081350508111762837
-0.4574574574574999941, 0.0082194586980897100
-0.4549549549549999905, 0.0083052367549201929
-0.4524524524524999869, 0.0083924151215195482
-0.4499499499499000077, 0.0084810247736365335
-0.4474474474474000041, 0.0085710975509164945
-0.4449449449449000005, 0.0086626661860017048
-0.4424424424423999969, 0.0087557643347820242
-0.4399399399398999932, 0.0088504266078482663
-0.4374374374373999896, 0.0089466886032032490
-0.4349349349348999860, 0.0090445869402882000
-0.4324324324323999824, 0.0091441592953854581
-0.4299299299298999788, 0.0092454444384614115
-0.4274274274273999752, 0.0093484822715170814
-0.4249249249249000271, 0.0094533138685171381
-0.4224224224224000235, 0.0095599815169722536
-0.4199199199199000199, 0.0096685287612533425
-0.4174174174174000163, 0.0097790004477206864
-0.4149149149149000126, 0.0098914427717553925
-0.4124124124124000090, 0.0100059033267853245
-0.4099099099099000054, 0.0101224311554029608
-0.4074074074074000018, 0.0102410768026775182
-0.4049049049048999982, 0.0103618923717699631
-0.4024024024023999946, 0.0104849315819651508
-0.3998998998998999910, 0.0106102498292419377
-0.3973973973973999874, 0.0107379042495089599
-0.3948948948948999838, 0.0108679537846410115
-0.3923923923923999801, 0.0110004592514586219
-0.3898898898898999765, 0.0111354834138018555
-0.3873873873873999729, 0.0112730910578578529
-0.3848848848849000248, 0.0114133490709112349
-0.3823823823824000212, 0.0115563265236961147
-0.3798798798799000176, 0.0117020947565394540
-0.3773773773774000140, 0.0118507274694963916
-0.3748748748749000104, 0.0120023008166905022
-0.3723723723724000068, 0.0121568935050846184
-0.3698698698699000031, 0.0123145868979217445
-0.3673673673673999995, 0.0124754651230900935
-0.3648648648648999959, 0.0126396151866819614
-0.3623623623623999923, 0.0128071270920330355
-0.3598598598598999887, 0.0129780939645464180
-0.3573573573573999851, 0.0131526121826250134
-0.3548548548548999815, 0.0133307815150562441
-0.3523523523523999779, 0.0135127052652151605
-0.3498498498497999987, 0.0136984904224754771
-0.3473473473472999951, 0.0138882478212432221
-0.3448448448447999914, 0.0140820923080549210
-0.3423423423422999878, 0.0142801429172109938
-0.3398398398397999842, 0.0144825230554464311
-0.3373373373372999806, 0.0146893606961741585
-0.3348348348347999770, 0.0149007885838724173
-0.3323323323322999734, 0.0151169444492263074
-0.3298298298298000253, 0.0153379712356750582
-0.3273273273273000217, 0.0155640173380614047
-0.3248248248248000181, 0.0157952368541278074
-0.3223223223223000145, 0.0160317898496558781
-0.3198198198198000108, 0.0162738426381017071
-0.3173173173173000072, 0.0165215680756400120
-0.3148148148148000036, 0.0167751458725952235
-0.3123123123123000000, 0.0170347629223082456
-0.3098098098097999964, 0.0173006136485633587
-0.3073073073072999928, 0.0175729003727824254
-0.3048048048047999892, 0.0178518337022824207
-0.3023023023022999856, 0.0181376329409884893
-0.2997997997997999819, 0.0184305265240996413
-0.2972972972972999783, 0.0187307524783168478
-0.2947947947947999747, 0.0190385589093665306
-0.2922922922923000266, 0.0193542045186855874
-0.2897897897898000230, 0.0196779591512785783
-0.2872872872873000194, 0.0200101043769157078
-0.2847847847848000158, 0.0203509341070107971
-0.2822822822823000122, 0.0207007552497049455
-0.2797797797798000086, 0.0210598884058849703
-0.2772772772773000050, 0.0214286686090861336
-0.2747747747748000013, 0.0218074461124708741
-0.2722722722722999977, 0.0221965872263382435
-0.2697697697697999941, 0.0225964752099067252
-0.2672672672672999905, 0.0230075112214283041
-0.2647647647647999869, 0.0234301153310356725
-0.2622622622622999833, 0.0238647276011021356
-0.2597597597597999797, 0.0243118092393074144
-0.2572572572572999761, 0.0247718438300561332
-0.2547547547547999724, 0.0252453386503944353
-0.2522522522523000243, 0.0257328260771173926
-0.2497497497496999896, 0.0262348650923627871
-0.2472472472472000138, 0.0267520428956496588
-0.2447447447447000102, 0.0272849766310514948
-0.2422422422422000066, 0.0278343152389999363
-0.2397397397397000030, 0.0284007414431055732
-0.2372372372371999993, 0.0289849738833662454
-0.2347347347346999957, 0.0295877694082226431
-0.2322322322321999921, 0.0302099255391265441
-0.2297297297296999885, 0.0308522831226244951
-0.2272272272272000126, 0.0315157291864437278
-0.2247247247247000090, 0.0322012000177165358
-0.2222222222222000054, 0.0329096844833134256
-0.2197197197197000018, 0.0336422276142988030
-0.2172172172171999982, 0.0343999344788008116
-0.2147147147146999946, 0.0351839743701300167
-0.2122122122121999910, 0.0359955853398240058
-0.2097097097096999874, 0.0368360791084759165
-0.2072072072072000115, 0.0377068463907693704
-0.2047047047047000079, 0.0386093626751415342
-0.2022022022022000043, 0.0395451945029895099
-0.1996996996997000007, 0.0405160062973907095
-0.1971971971971999971, 0.0415235677970036687
-0.1946946946946999935, 0.0425697621572422719
-0.1921921921921999898, 0.0436565947880782484
-0.1896896896896999862, 0.0447862030060448696
-0.1871871871872000104, 0.0459608665873293687
-0.1846846846847000068, 0.0471830193194161251
-0.1821821821822000032, 0.0484552616607672459
-0.1796796796796999995, 0.0497803746317226695
-0.1771771771771999959, 0.0511613350754292623
-0.1746746746746999923, 0.0526013324454695508
-0.1721721721721999887, 0.0541037872973137365
-0.1696696696697000128, 0.0556723716841825284
-0.1671671671672000092, 0.0573110316848785689
-0.1646646646647000056, 0.0590240123222056032
-0.1621621621622000020, 0.0608158851664405004
-0.1596596596596999984, 0.0626915789597780049
-0.1571571571571999948, 0.0646564136457110639
-0.1546546546546999912, 0.0667161382431146199
-0.1521521521521999876, 0.0688769730697638138
-0.1496496496496000084, 0.0711456568958305224
-0.1471471471471000048, 0.0735294996965806802
-0.1446446446446000011, 0.0760364417774905543
-0.1421421421420999975, 0.0786751201672772071
-0.1396396396395999939, 0.0814549433184824506
-0.1371371371370999903, 0.0843861753256650304
-0.1346346346345999867, 0.0874800310732833236
-0.1321321321321000108, 0.0907487839655845008
-0.1296296296296000072, 0.0942058881773531753
-0.1271271271271000036, 0.0978661177072176203
-0.1246246246246000000, 0.1017457249268071962
-0.1221221221220999964, 0.1058626218148510656
-0.1196196196196000067, 0.1102365876646877185
-0.1171171171171000031, 0.1148895077809146681
-0.1146146146145999994, 0.1198456485667405980
-0.1121121121120999958, 0.1251319754868982226
-0.1096096096096000061, 0.1307785217212876216
-0.1071071071071000025, 0.1368188169652578001
-0.1046046046045999989, 0.1432903878652490026
-0.1021021021020999953, 0.1502353441090102659
-0.0995995995996000055, 0.1577010673552579068
-0.0970970970971000019, 0.1657410241684051655
-0.0945945945945900063, 0.1744157291569632395
-0.0920920920920900027, 0.1837938909137931953
-0.0895895895895899991, 0.1939537815423711953
-0.0870870870870899955, 0.2049848810902002438
-0.0845845845845799998, 0.2169898618635773824
-0.0820820820820799962, 0.2300869954122417571
-0.0795795795795800065, 0.2444130883878398997
-0.0770770770770800029, 0.2601270844978639807
-0.0745745745745699934, 0.2774145112047208817
-0.0720720720720700037, 0.2964930056371237743
-0.0695695695695700000, 0.3176192300874818297
-0.0670670670670699964, 0.3410975917197935359
-0.0645645645645600008, 0.3672913258099806955
-0.0620620620620599972, 0.3966367049550288404
-0.0595595595595600005, 0.4296614252709990978
-0.0570570570570599969, 0.4670086359807321119
-0.0545545545545500013, 0.5094686851129260896
-0.0520520520520499977, 0.5580215525628799966
-0.0495495495495500010, 0.6138942953598184316
-0.0470470470470499974, 0.6786399058559525743
-0.0445445445445400018, 0.7542472297989301078
-0.0420420420420399982, 0.8432967774745503409
-0.0395395395395400015, 0.9491857441989501876
-0.0370370370370399979, 1.0764597989551274448
-0.0345345345345300023, 1.2313138168315376220
-0.0320320320320299987, 1.4223676859010565554
-0.0295295295295299985, 1.6619047371351416409
-0.0270270270270299984, 1.9679175801914090549
-0.0245245245245199993, 2.3676246545021619738
-0.0220220220220199991, 2.9038028299850475733
-0.0195195195195199990, 3.6468396212821474478
-0.0170170170170199989, 4.7192535378506841326
-0.0145145145145099998, 6.3498393572552629394
-0.0120120120120099996, 9.0061430750438500326
-0.0095095095095099995, 13.7638907509938288598
-0.0070070070070070000, 23.5251629164684779028
-0.0045045045045049997, 47.8918902465900444554
-0.0020020020020019998, 121.2622746250814032010
0.0005005005005005000, 191.7947931300744528471
0.0030030030030029999, 91.7236393829823839496
0.0055055055055059999, 64.7972039220760365197
0.0080080080080079993, 82.7520663420362438956
0.0105105105105099995, 44.1378892284648429722
0.0130130130130099997, 20.3008417768264699532
0.0155155155155200005, 11.5565750467348458130
0.0180180180180199989, 7.5543555039847909427
0.0205205205205199991, 5.3717132952865584983
0.0230230230230199992, 4.0371184700280746682
0.0255255255255299983, 3.1551623742845555931
0.0280280280280299984, 2.5389484020019512656
0.0305305305305299986, 2.0900034411927661537
0.0330330330330299987, 1.7520662044286918757
0.0355355355355400013, 1.4909250178915285368
0.0380380380380399979, 1.2847236071683725278
0.0405405405405400016, 1.1189284544435600388
0.0430430430430399982, 0.9835494810512448449
0.0455455455455500008, 0.8715250995293042369
0.0480480480480499975, 0.7777430873638055964
0.0505505505505500011, 0.6984251503500933378
0.0530530530530499977, 0.6307279045750654456
0.0555555555555600003, 0.5724771067797735924
0.0580580580580599970, 0.5219863988636086471
0.0605605605605600006, 0.4779310752518799443
0.0630630630630600042, 0.4392585124979845324
0.0655655655655699998, 0.4051235380978635003
0.0680680680680700034, 0.3748410826361066039
0.0705705705705699932, 0.3478510128420693182
0.0730730730730699968, 0.3236916817979186289
0.0755755755755800063, 0.3019798052467633775
0.0780780780780799960, 0.2823949879928774331
0.0805805805805799996, 0.2646677089785975379
0.0830830830830800032, 0.2485699070704011915
0.0855855855855899988, 0.2339075422734066545
0.0880880880880900025, 0.2205146715882579933
0.0905905905905900061, 0.2082486964209427360
0.0930930930930899958, 0.1969865236179557388
0.0955955955956000053, 0.1866214444681091045
0.0980980980980999950, 0.1770605819901448497
0.1006006006005999986, 0.1682227910873692056
0.1031031031031000023, 0.1600369219033583312
0.1056056056056000059, 0.1524403762275998719
0.1081081081080999956, 0.1453779017015160990
0.1106106106105999992, 0.1388005800369166987
0.1131131131131000028, 0.1326649743353069955
0.1156156156156000064, 0.1269324075155682241
0.1181181181180999962, 0.1215683492843030317
0.1206206206205999998, 0.1165418933645140931
0.1231231231231000034, 0.1118253100949294504
0.1256256256256000070, 0.1073936622214112513
0.1281281281281000106, 0.1032244738736630696
0.1306306306305999865, 0.0992974444699250003
0.1331331331330999901, 0.0955942007082026535
0.1356356356355999937, 0.0920980809535289491
0.1381381381380999973, 0.0887939472703692112
0.1406406406406000009, 0.0856680211194949665
0.1431431431431000045, 0.0827077393724907906
0.1456456456456000081, 0.0799016278206383934
0.1481481481481000118, 0.0772391897889922185
0.1506506506506999910, 0.0747108078275807719
0.1531531531531999946, 0.0723076567531102943
0.1556556556556999982, 0.0700216265669861837
0.1581581581582000018, 0.0678452539875346872
0.1606606606607000054, 0.0657716615129926990
0.1631631631632000090, 0.0637945030828337700
0.1656656656657000126, 0.0619079155329593164
0.1681681681681999885, 0.0601064751490184845
0.1706706706706999921, 0.0583851587147596190
0.1731731731731999957, 0.0567393085314407131
0.1756756756756999993, 0.0551646009520843986
0.1781781781782000029, 0.0536570180325098012
0.1806806806807000065, 0.0522128219511064084
0.1831831831832000101, 0.0508285318924493745
0.1856856856857000138, 0.0495009031271285080
0.1881881881881999896, 0.0482269080524436178
0.1906906906906999932, 0.0470037189866222491
0.1931931931931999968, 0.0458286925335703588
0.1956956956957000004, 0.0446993553563784368
0.1981981981982000041, 0.0436133912163201298
0.2007007007007000077, 0.0425686291502716183
0.2032032032032000113, 0.0415630326736586772
0.2057057057056999871, 0.0405946899084840482
0.2082082082081999908, 0.0396618045469247782
0.2107107107106999944, 0.0387626875706184315
0.2132132132131999980, 0.0378957496542508127
0.2157157157157000016, 0.0370594941895559804
0.2182182182182000052, 0.0362525108724756906
0.2207207207207000088, 0.0354734698021027389
0.2232232232232000124, 0.0347211160452460532
0.2257257257256999883, 0.0339942646250908365
0.2282282282281999919, 0.0332917958965460378
0.2307307307306999955, 0.0326126512745457328
0.2332332332331999991, 0.0319558292848460615
0.2357357357357000027, 0.0313203819097849778
0.2382382382382000063, 0.0307054112040903646
0.2407407407407000099, 0.0301100661581639450
0.2432432432432000136, 0.0295335397883706649
0.2457457457456999894, 0.0289750664357482993
0.2482482482481999930, 0.0284339192562474107
0.2507507507508000000, 0.0279094078871361187
0.2532532532533000036, 0.0274008762755776417
0.2557557557558000072, 0.0269077006566266139
0.2582582582583000108, 0.0264292876690083098
0.2607607607608000144, 0.0259650725980539732
0.2632632632633000180, 0.0255145177360795797
0.2657657657658000216, 0.0250771108513221444
0.2682682682683000253, 0.0246523637572966386
0.2707707707707999734, 0.0242398109751172722
0.2732732732732999770, 0.0238390084819435910
0.2757757757757999806, 0.0234495325392731352
0.2782782782782999842, 0.0230709785953127633
0.2807807807807999878, 0.0227029602561253166
0.2832832832832999914, 0.0223451083206718942
0.2857857857857999950, 0.0219970698752561152
0.2882882882882999986, 0.0216585074432292246
0.2907907907908000023, 0.0213290981861371694
0.2932932932933000059, 0.0210085331527849958
0.2957957957958000095, 0.0206965165729635359
0.2982982982983000131, 0.0203927651928301340
0.3008008008008000167, 0.0200970076491611555
0.3033033033033000203, 0.0198089838799015601
0.3058058058058000239, 0.0195284445686271999
0.3083083083083000275, 0.0192551506207102388
0.3108108108107999756, 0.0189888726691390258
0.3133133133132999792, 0.0187293906080913501
0.3158158158157999829, 0.0184764931524963039
0.3183183183182999865, 0.0182299774219452024
0.3208208208207999901, 0.0179896485474275794
0.3233233233232999937, 0.0177553192994748324
0.3258258258257999973, 0.0175268097363924097
0.3283283283283000009, 0.0173039468713523693
0.3308308308308000045, 0.0170865643572018291
0.3333333333333000081, 0.0168745021879207480
0.3358358358358000118, 0.0166676064157339696
0.3383383383383000154, 0.0164657288829492092
0.3408408408408000190, 0.0162687269676540583
0.3433433433433000226, 0.0160764633424621793
0.3458458458458000262, 0.0158888057455519177
0.3483483483482999743, 0.0157056267632895222
0.3508508508509000090, 0.0155268036237749610
0.3533533533534000126, 0.0153522180006903167
0.3558558558559000162, 0.0151817558268707159
0.3583583583584000198, 0.0150153071170536952
0.3608608608609000235, 0.0148527657992975747
0.3633633633634000271, 0.0146940295545906138
0.3658658658658999752, 0.0145389996642027834
0.3683683683683999788, 0.0143875808643589911
0.3708708708708999824, 0.0142396812078387607
0.3733733733733999860, 0.0140952119321309400
0.3758758758758999896, 0.0139540873337945064
0.3783783783783999932, 0.0138162246486975109
0.3808808808808999968, 0.0136815439378254848
0.3833833833834000004, 0.0135499679783689687
0.3858858858859000041, 0.0134214221598168842
0.3883883883884000077, 0.0132958343847982899
0.3908908908909000113, 0.0131731349744301542
0.3933933933934000149, 0.0130532565779425212
0.3958958958959000185, 0.0129361340863657186
0.3983983983984000221, 0.0128217045500763887
0.4009009009009000257, 0.0127099071000107214
0.4034034034033999738, 0.0126006828723639087
0.4059059059058999774, 0.0124939749366051126
0.4084084084083999810, 0.0123897282266465930
0.4109109109108999847, 0.0122878894750146923
0.4134134134133999883, 0.0121884071498785662
0.4159159159158999919, 0.0120912313948007017
0.4184184184183999955, 0.0119963139710803045
0.4209209209208999991, 0.0119036082025680383
0.4234234234234000027, 0.0118130689228366642
0.4259259259259000063, 0.0117246524245987645
0.4284284284284000099, 0.0116383164112681889
0.4309309309309000136, 0.0115540199505676129
0.4334334334334000172, 0.0114717234300894567
0.4359359359359000208, 0.0113913885147226696
0.4384384384384000244, 0.0113129781058620288
0.4409409409408999725, 0.0112364563023213630
0.4434434434433999761, 0.0111617883628758758
0.4459459459458999797, 0.0110889406703628055
0.4484484484483999833, 0.0110178806972731913
0.4509509509510000180, 0.0109485769727710146
0.4534534534535000216, 0.0108809990510793479
0.4559559559560000253, 0.0108151174811759142
0.4584584584584999734, 0.0107509037777438789
0.4609609609609999770, 0.0106883303933259337
0.4634634634634999806, 0.0106273706916327100
0.4659659659659999842, 0.0105679989219589834
0.4684684684684999878, 0.0105101901946633124
0.4709709709709999914, 0.0104539204576692326
0.4734734734734999950, 0.0103991664739480384
0.4759759759759999986, 0.0103459057999453381
0.4784784784785000022, 0.0102941167649154321
0.4809809809810000059, 0.0102437784511293459
0.4834834834835000095, 0.0101948706749241582
0.4859859859860000131, 0.0101473739685628127
0.4884884884885000167, 0.0101012695628752737
0.4909909909910000203, 0.0100565393706533134
0.4934934934935000239, 0.0100131659707726160
0.4959959959960000275, 0.0099711325930173320
0.4984984984984999756, 0.0099304231035834307
0.5010010010009999792, 0.0098910219912384661
0.5035035035035000384, 0.0098529143541165980
0.5060060060059999865, 0.0098160858871287112
0.5085085085085000456, 0.0097805228699687358
0.5110110110109999937, 0.0097462121556982258
0.5135135135135000528, 0.0097131411598921358
0.5160160160160000009, 0.0096812978503299889
0.5185185185184999490, 0.0096506707372171954
0.5210210210210000081, 0.0096212488639224551
0.5235235235234999562, 0.0095930217982178913
0.5260260260260000154, 0.0095659796240093724
0.5285285285284999635, 0.0095401129335453971
0.5310310310310000226, 0.0095154128200935079
0.5335335335334999707, 0.0094918708710741515
0.5360360360360000298, 0.0094694791616424315
0.5385385385384999779, 0.0094482302487090344
0.5410410410410000370, 0.0094281171653922639
0.5435435435434999851, 0.0094091334158937241
0.5460460460460000442, 0.0093912729707909554
0.5485485485484999924, 0.0093745302627408315
0.5510510510510999715, 0.0093589001825882916
0.5535535535536000307, 0.0093443780758754730
0.5560560560560999788, 0.0093309597397469995
0.5585585585586000379, 0.0093186414202477072
0.5610610610610999860, 0.0093074198100097545
0.5635635635636000451, 0.0092972920463265784
0.5660660660660999932, 0.0092882557096117709
0.5685685685686000523, 0.0092803088222415207
0.5710710710711000004, 0.0092734498477798702
0.5735735735735999485, 0.0092676776905864927
0.5760760760761000077, 0.0092629916958075105
0.5785785785785999558, 0.0092593916497501032
0.5810810810811000149, 0.0092568777806426444
0.5835835835835999630, 0.0092554507597823119
0.5860860860861000221, 0.0092551117030729834
0.5885885885885999702, 0.0092558621729566873
0.5910910910911000293, 0.0092577041807425341
0.5935935935935999774, 0.0092606401893376815
0.5960960960961000366, 0.0092646731163854787
0.5985985985985999847, 0.0092698063378166828
0.6011011011011000438, 0.0092760436918201197
0.6036036036035999919, 0.0092833894832401054
0.6061061061061000510, 0.0092918484884083434
0.6086086086085999991, 0.0093014259604189652
0.6111111111110999472, 0.0093121276348561016
0.6136136136136000063, 0.0093239597359838881
0.6161161161160999544, 0.0093369289834100214
0.6186186186186000135, 0.0093510425992344281
0.6211211211210999616, 0.0093663083156956296
0.6236236236236000208, 0.0093827343833283467
0.6261261261260999689, 0.0094003295796465762
0.6286286286286000280, 0.0094191032183675721
0.6311311311310999761, 0.0094390651591930979
0.6336336336336000352, 0.0094602258181651772
0.6361361361360999833, 0.0094825961786149902
0.6386386386386000424, 0.0095061878027244712
0.6411411411410999905, 0.0095310128437213707
0.6436436436436000497, 0.0095570840587299519
0.6461461461460999978, 0.0095844148223006645
0.6486486486485999459, 0.0096130191406435424
0.6511511511512000361, 0.0096429116665916678
0.6536536536536999842, 0.0096741077153222940
0.6561561561562000433, 0.0097066232808651603
0.6586586586586999914, 0.0097404750534289455
0.6611611611612000505, 0.0097756804375787876
0.6636636636636999986, 0.0098122575712995160
0.6661661661661999467, 0.0098502253459814212
0.6686686686687000059, 0.0098896034273672842
0.6711711711711999540, 0.0099304122775017538
0.6736736736737000131, 0.0099726731777264217
0.6761761761761999612, 0.0100164082527664771
0.6786786786787000203, 0.0100616404959573795
0.6811811811811999684, 0.0101083937956628137
0.6836836836837000275, 0.0101566929629381304
0.6861861861861999756, 0.0102065637604965807
0.6886886886887000347, 0.0102580329330389016
0.6911911911911999828, 0.0103111282390104513
0.6936936936937000420, 0.0103658784838536779
0.6961961961961999901, 0.0104223135548276863
0.6986986986987000492, 0.0104804644574709276
0.7012012012011999973, 0.0105403633537874651
0.7037037037036999454, 0.0106020436022419076
0.7062062062062000045, 0.0106655397996533521
0.7087087087086999526, 0.0107308878250838673
0.7112112112112000117, 0.0107981248858228691
0.7137137137136999598, 0.0108672895655747316
0.7162162162162000190, 0.0109384218749636400
0.7187187187186999671, 0.0110115633044764200
0.7212212212212000262, 0.0110867568799715918
0.7237237237236999743, 0.0111640472208907708
0.7262262262262000334, 0.0112434806013168194
0.7287287287286999815, 0.0113251050140324282
0.7312312312312000406, 0.0114089702377420527
0.7337337337336999887, 0.0114951279076307405
0.7362362362362000479, 0.0115836315894441780
0.7387387387386999960, 0.0116745368572861059
0.7412412412412000551, 0.0117679013753419007
0.7437437437437000032, 0.0118637849837505589
0.7462462462461999513, 0.0119622497888618486
0.7487487487487000104, 0.0120633602581308747
0.7512512512512999896, 0.0121671833199190130
0.7537537537538000487, 0.0122737884684879991
0.7562562562562999968, 0.0123832478744932122
0.7587587587587999449, 0.0124956365013028127
0.7612612612613000040, 0.0126110322274916795
0.7637637637637999521, 0.0127295159758827915
0.7662662662663000113, 0.0128511718495346490
0.7687687687687999594, 0.0129760872751008994
0.7712712712713000185, 0.0131043531540181099
0.7737737737737999666, 0.0132360640220100731
0.7762762762763000257, 0.0133713182174314479
0.7787787787787999738, 0.0135102180590112742
0.7812812812813000329, 0.0136528700335973151
0.7837837837837999810, 0.0137993849945459122
0.7862862862863000402, 0.0139498783714495037
0.7887887887887999883, 0.0141044703919450867
0.7912912912913000474, 0.0142632863164024667
0.7937937937937999955, 0.0144264566863512994
0.7962962962963000546, 0.0145941175875709903
0.7987987987988000027, 0.0147664109288385172
0.8013013013012999508, 0.0149434847374057544
0.8038038038038000099, 0.0151254934723616639
0.8063063063062999580, 0.0153125983571252636
0.8088088088088000172, 0.0155049677324140302
0.8113113113112999653, 0.0157027774311401455
0.8138138138138000244, 0.0159062111768038493
0.8163163163162999725, 0.0161154610070812013
0.8188188188188000316, 0.0163307277244427833
0.8213213213212999797, 0.0165522213757923302
0.8238238238238000388, 0.0167801617632805690
0.8263263263262999869, 0.0170147789886317263
0.8288288288288000460, 0.0172563140335195223
0.8313313313312999941, 0.0175050193787476549
0.8338338338338000533, 0.0177611596652296234
0.8363363363363000014, 0.0180250124000253392
0.8388388388387999495, 0.0182968687109807647
0.8413413413413000086, 0.0185770341538348330
0.8438438438437999567, 0.0188658295760061670
0.8463463463463000158, 0.0191635920416584823
0.8488488488487999639, 0.0194706758230669026
0.8513513513514000541, 0.0197874534637759794
0.8538538538539000022, 0.0201143169195583567
0.8563563563563999503, 0.0204516787837537364
0.8588588588589000095, 0.0207999736042031209
0.8613613613613999576, 0.0211596592996934618
0.8638638638639000167, 0.0215312186846075108
0.8663663663663999648, 0.0219151611113385970
0.8688688688689000239, 0.0223120242409898320
0.8713713713713999720, 0.0227223759539495612
0.8738738738739000311, 0.0231468164131253887
0.8763763763763999792, 0.0235859802939500512
0.8788788788789000384, 0.0240405391967590601
0.8813813813813999865, 0.0245112042587998583
0.8838838838839000456, 0.0249987289849958327
0.8863863863863999937, 0.0255039123186730082
0.8888888888889000528, 0.0260276019758009999
0.8913913913914000009, 0.0265706980689342717
0.8938938938938999490, 0.0271341570500032471
0.8963963963964000081, 0.0277189960044510603
0.8988988988988999562, 0.0283262973329843799
0.9014014014014000153, 0.0289572138614766043
0.9039039039038999634, 0.0296129744243971288
0.9064064064064000226, 0.0302948899726215998
0.9089089089088999707, 0.0310043602627119337
0.9114114114114000298, 0.0317428811918425424
0.9139139139138999779, 0.0325120528506326403
0.9164164164164000370, 0.0333135883753755413
0.9189189189188999851, 0.0341493236917110657
0.9214214214214000442, 0.0350212282538926792
0.9239239239238999923, 0.0359314168976922824
0.9264264264264000515, 0.0368821629409724835
0.9289289289288999996, 0.0378759126843860039
0.9314314314313999477, 0.0389153014859439580
0.9339339339339000068, 0.0400031716078421626
0.9364364364363999549, 0.0411425920625164698
0.9389389389389000140, 0.0423368807181375220
0.9414414414413999621, 0.0435896289624937011
0.9439439439439000212, 0.0449047292694544908
0.9464464464463999693, 0.0462864060652049547
0.9489489489489000285, 0.0477392503536481494
0.9514514514515000076, 0.0492682586336047265
0.9539539539539999558, 0.0508788767268761599
0.9564564564565000149, 0.0525770492385345400
0.9589589589589999630, 0.0543692754922491944
0.9614614614615000221, 0.0562626729280381460
0.9639639639639999702, 0.0582650491225107786
0.9664664664665000293, 0.0603849837985631216
0.9689689689689999774, 0.0626319224401899327
0.9714714714715000365, 0.0650162834281115265
0.9739739739739999846, 0.0675495809751266302
0.9764764764765000438, 0.0702445665814794978
0.9789789789789999919, 0.0731153922689656427
0.9814814814815000510, 0.0761777995119733292
0.9839839839839999991, 0.0794493385948353836
0.9864864864864999472, 0.0829496241269547935
0.9889889889890000063, 0.0867006336908365538
0.9914914914914999544, 0.0907270581490133843
0.9939939939940000135, 0.0950567140794163351
0.9964964964964999616, 0.0997210312572892055
0.9989989989990000208, 0.1047556312033097320
1.0015015015019999023, 0.1102010167690204157
1.0040040040039999170, 0.1161033977952001112
1.0065065065070000205, 0.1225156844112631899
1.0090090090090000352, 0.1294986880259451079
1.0115115115119999167, 0.1371225811509258763
1.0140140140139999314, 0.1454686818102891854
1.0165165165170000350, 0.1546316476881054169
1.0190190190190000497, 0.1647221911376984815
1.0215215215219999312, 0.1758704612527858535
1.0240240240239999459, 0.1882302870196849442
1.0265265265270000494, 0.2019845414119159355
1.0290290290290000641, 0.2173519779135166807
1.0315315315319999456, 0.2345960199156708614
1.0340340340339999603, 0.2540361671530805276
1.0365365365370000639, 0.2760629485254831317
1.0390390390390000785, 0.3011577388184687454
1.0415415415419999601, 0.3299193337280126870
1.0440440440439999747, 0.3631000491731057878
1.0465465465470000783, 0.4016554514354991334
1.0490490490490000930, 0.4468139271487002184
1.0515515515519999745, 0.5001756708458430234
1.0540540540539999892, 0.5638561936494834725
1.0565565565570000928, 0.6406987599189404303
1.0590590590590001074, 0.7345962808005253031
1.0615615615619999890, 0.8509920508965098662
1.0640640640640000036, 0.9976822821297779420
1.0665665665670001072, 1.1861470226517203397
1.0690690690689998998, 1.4338462531159363866
1.0715715715720000034, 1.7683682814312104981
1.0740740740740000181, 2.2353459930275989542
1.0765765765769998996, 2.9145898434479948769
1.0790790790789999143, 3.9557204970016397461
1.0815815815820000179, 5.6651787717172830128
1.0840840840840000325, 8.7476215037716489320
1.0865865865869999141, 15.0945700693768145584
1.0890890890889999287, 30.9074205145808065254
1.0915915915920000323, 78.9628117901681747526
1.0940940940940000470, 138.9698527512863392985
1.0965965965969999285, 62.6776463982789096008
1.0990990990989999432, 25.6862702156050914937
1.1016016016020000468, 13.1405438722384459993
1.1041041041040000614, 7.8481346744638473822
1.1066066066069999430, 5.1860648100028239327
1.1091091091089999576, 3.6733128964440227016
1.1116116116120000612, 2.7356753718004731546
1.1141141141140000759, 2.1158984079199791850
1.1166166166169999574, 1.6855150770511104774
1.1191191191189999721, 1.3747882888113687194
1.1216216216220000756, 1.1432846346941434312
1.1241241241240000903, 0.9662801712464980097
1.1266266266269999718, 0.8279798815353278663
1.1291291291289999865, 0.7179160520832009729
1.1316316316320000901, 0.6289320392615797006
1.1341341341340001048, 0.5560022168704814582
1.1366366366369999863, 0.4955144640588560745
1.1391391391390000010, 0.4448192236374410302
1.1416416416420001045, 0.4019377717876609357
1.1441441441439998972, 0.3653686053072022766
1.1466466466470000007, 0.3339559967697587339
1.1491491491490000154, 0.3067989259469423580
1.1516516516519998969, 0.2831868228399585519
1.1541541541539999116, 0.2625534749905027443
1.1566566566570000152, 0.2444434664575782512
1.1591591591590000299, 0.2284874071195187872
1.1616616616619999114, 0.2143834225468005117
1.1641641641639999261, 0.2018831658633349901
1.1666666666670000296, 0.1907811388273779329
1.1691691691690000443, 0.1809064645503704050
1.1716716716719999258, 0.1721164978600621398
1.1741741741739999405, 0.1642918287590438009
1.1766766766770000441, 0.1573323539054060083
1.1791791791790000588, 0.1511541764019305456
1.1816816816819999403, 0.1456871559805293093
1.1841841841839999550, 0.1408729770454095198
1.1866866866870000585, 0.1366636358911466897
1.1891891891890000732, 0.1330202741634978758
1.1916916916919999547, 0.1299123057252514479
1.1941941941939999694, 0.1273168003243681512
1.1966966966970000730, 0.1252181012188195164
1.1991991991990000876, 0.1236076663260201741
1.2017017017019999692, 0.1224841345546607840
1.2042042042039999838, 0.1218536317700147920
1.2067067067070000874, 0.1217303455014792229
1.2092092092090001021, 0.1221374154742599638
1.2117117117119999836, 0.1231082102904170472
1.2142142142139999983, 0.1246880918716097991
1.2167167167170001019, 0.1269368126875274061
1.2192192192189998945, 0.1299317524972732341
1.2217217217219999981, 0.1337722908556580048
1.2242242242240000127, 0.1385857440108843597
1.2267267267269998943, 0.1445354942255354380
1.2292292292289999089, 0.1518322457154662186
1.2317317317320000125, 0.1607498210485389933
1.2342342342340000272, 0.1716476797753213601
1.2367367367369999087, 0.1850036000098296829
1.2392392392389999234, 0.2014620821148058183
1.2417417417420000270, 0.2219077029554333835
1.2442442442440000416, 0.2475792134606753514
1.2467467467469999232, 0.2802523504476746585
1.2492492492489999378, 0.3225428785998970538
1.2517517517520000414, 0.3784291000416148965
1.2542542542540000561, 0.4541952163418726540
1.2567567567569999376, 0.5602299698077694012
1.2592592592589999523, 0.7146883462973718792
1.2617617617620000559, 0.9515685705962440011
1.2642642642640000705, 1.3404025890120454534
1.2667667667669999521, 2.0407692450499355097
1.2692692692689999667, 3.4799150027136751540
1.2717717717720000703, 7.0542324562984610736
1.2742742742740000850, 17.9049095820371917398
1.2767767767769999665, 32.0372298347670039220
1.2792792792789999812, 14.6410795372162532146
1.2817817817820000847, 6.0086431270813562833
1.2842842842840000994, 3.0885154904369440665
1.2867867867869999809, 1.8605902280436210638
1.2892892892889999956, 1.2444582570126816456
1.2917917917920000992, 0.8950691099880349055
1.2942942942939998918, 0.6789735028756058721
1.2967967967969999954, 0.5364950513254153064
1.2992992992990000101, 0.4378763775033456818
1.3018018018019998916, 0.3669839794052034976
1.3043043043039999063, 0.3144744999967298837
1.3068068068070000098, 0.2746416784122066024
1.3093093093090000245, 0.2438453151498802818
1.3118118118119999060, 0.2196775436401210979
1.3143143143139999207, 0.2004964940495849168
1.3168168168170000243, 0.1851535966171182213
1.3193193193190000390, 0.1728279430998118926
1.3218218218219999205, 0.1629223295370710312
1.3243243243239999352, 0.1549961397463170965
1.3268268268270000387, 0.1487209454135174913
1.3293293293290000534, 0.1438505207405647579
1.3318318318319999349, 0.1402002476593927627
1.3343343343339999496, 0.1376327933847120988
1.3368368368370000532, 0.1360480829603877007
1.3393393393390000679, 0.1353762915427176028
1.3418418418419999494, 0.1355730252089741572
1.3443443443439999641, 0.1366161483443091851
1.3468468468470000676, 0.1385039109535907143
1.3493493493490000823, 0.1412541676189480455
1.3518518518519999638, 0.1449045848988456675
1.3543543543539999785, 0.1495138218759002602
1.3568568568570000821, 0.1551637516150994878
1.3593593593590000967, 0.1619628804901354080
1.3618618618619999783, 0.1700512294668060642
1.3643643643639999929, 0.1796070813269142197
1.3668668668670000965, 0.1908561912911438951
1.3693693693689998891, 0.2040843368415252157
1.3718718718719999927, 0.2196544948370912631
1.3743743743740000074, 0.2380305596820233571
1.3768768768770001110, 0.2598104872725789383
1.3793793793789999036, 0.2857732904733435997
1.3818818818820000072, 0.3169468160234984455
1.3843843843840000218, 0.3547074071249628480
1.3868868868869999034, 0.4009297123425414888
1.3893893893889999180, 0.4582175583993136070
1.3918918918920000216, 0.5302699857372330516
1.3943943943940000363, 0.6224807130758507334
1.3968968968969999178, 0.7429573276901274559
1.3993993993989999325, 0.9043312967407961533
1.4019019019020000361, 1.1271419884017626067
1.4044044044040000507, 1.4465646342694979953
1.4069069069069999323, 1.9268245868002400467
1.4094094094089999469, 2.6950747737162630280
1.4119119119120000505, 4.0309001736220970713
1.4144144144140000652, 6.6410528765690175490
1.4169169169169999467, 12.6756543490093491755
1.4194194194189999614, 30.0560809067188436927
1.4219219219220000650, 72.1102080913770322468
1.4244244244240000796, 48.2109176479048784358
1.4269269269269999612, 18.5607534727937739660
1.4294294294289999758, 8.8350749603620197803
1.4319319319320000794, 5.0373221563921060095
1.4344344344340000941, 3.2291983850503225284
1.4369369369369999756, 2.2401120143163293363
1.4394394394389999903, 1.6435831424839824066
1.4419419419420000938, 1.2572044806008955131
1.4444444444440001085, 0.9930248207984172515
1.4469469469469999900, 0.8045821535862726082
1.4494494494490000047, 0.6655147253946798180
1.4519519519520001083, 0.5599841421776878825
1.4544544544539999009, 0.4780182099522252148
1.4569569569570000045, 0.4130884516946260465
1.4594594594590000192, 0.3607775901988565792
1.4619619619619999007, 0.3180112274467011835
1.4644644644639999154, 0.2825966504144526992
1.4669669669670000189, 0.2529362035190548808
1.4694694694690000336, 0.2278436686555662116
1.4719719719719999151, 0.2064234530527738198
1.4744744744739999298, 0.1879891978207449132
1.4769769769770000334, 0.1720077733235969575
1.4794794794790000481, 0.1580600044508225221
1.4819819819819999296, 0.1458126518311830822
1.4844844844839999443, 0.1349981095269348619
1.4869869869870000478, 0.1253994837785069039
1.4894894894890000625, 0.1168394831365899000
1.4919919919919999440, 0.1091720470473474536
1.4944944944939999587, 0.1022759680421326256
1.4969969969970000623, 0.0960499830107142127
1.4994994994990000770, 0.0904089592840547629
1.5020020020019999585, 0.0852809051735977514
1.5045045045050000621, 0.0806046074453383998
1.5070070070070000767, 0.0763277498789313447
1.5095095095099999583, 0.0724054041437260654
1.5120120120119999729, 0.0687988111207953612
1.5145145145150000765, 0.0654743905065041931
1.5170170170170000912, 0.0624029311079104324
1.5195195195199999727, 0.0595589251155362182
1.5220220220219999874, 0.0569200178220201289
1.5245245245250000909, 0.0544665504610067075
1.5270270270270001056, 0.0521811785824002269
1.5295295295299999871, 0.0500485520288775146
1.5320320320320000018, 0.0480550454051330289
1.5345345345350001054, 0.0461885301350511493
1.5370370370369998980, 0.0444381809304780356
1.5395395395400000016, 0.0427943108589009455
1.5420420420420000163, 0.0412482302790588354
1.5445445445449998978, 0.0397921257760911612
1.5470470470469999125, 0.0384189559191863567
1.5495495495500000160, 0.0371223612214141019
1.5520520520520000307, 0.0358965861318472704
1.5545545545549999122, 0.0347364112560898247
1.5570570570569999269, 0.0336370942999902056
1.5595595595600000305, 0.0325943184760581622
1.5620620620620000452, 0.0316041473133897577
1.5645645645649999267, 0.0306629849781127548
1.5670670670669999414, 0.0297675413490895019
1.5695695695700000449, 0.0289148012081232378
1.5720720720720000596, 0.0281019969994698859
1.5745745745749999411, 0.0273265846934188997
1.5770770770769999558, 0.0265862223558565001
1.5795795795800000594, 0.0258787510822736239
1.5820820820820000741, 0.0252021780024339129
1.5845845845849999556, 0.0245546611023780802
1.5870870870869999703, 0.0239344956447892845
1.5895895895900000738, 0.0233401019980016347
1.5920920920920000885, 0.0227700147089106228
1.5945945945949999700, 0.0222228726764122399
1.5970970970969999847, 0.0216974103003406971
1.5995995996000000883, 0.0211924494966350199
1.6021021021020001029, 0.0207068924830541845
1.6046046046049999845, 0.0202397152514971236
1.6071071071069999991, 0.0197899616531360192
1.6096096096100001027, 0.0193567380313865584
1.6121121121119998953, 0.0189392083453893620
1.6146146146149999989, 0.0185365897333454148
1.6171171171170000136, 0.0181481484708627544
1.6196196196199998951, 0.0177731962845546244
1.6221221221219999098, 0.0174110869855794437
1.6246246246250000134, 0.0170612133917163386
1.6271271271270000280, 0.0167230045099995353
1.6296296296299999096, 0.0163959229549530475
1.6321321321319999242, 0.0160794625801276049
1.6346346346350000278, 0.0157731463029908356
1.6371371371370000425, 0.0154765241052984594
1.6396396396399999240, 0.0151891711929139361
1.6421421421419999387, 0.0149106863006749045
1.6446446446450000423, 0.0146406901293540254
1.6471471471470000569, 0.0143788239030497901
1.6496496496499999385, 0.0141247480364910388
1.6521521521519999531, 0.0138781409027618312
1.6546546546550000567, 0.0136386976928674387
1.6571571571570000714, 0.0134061293593792496
1.6596596596599999529, 0.0131801616371277040
1.6621621621619999676, 0.0129605341345680244
1.6646646646650000712, 0.0127469994900319510
1.6671671671670000858, 0.0125393225876069339
1.6696696696699999674, 0.0123372798278599607
1.6721721721719999820, 0.0121406584490509842
1.6746746746750000856, 0.0119492558948670960
1.6771771771770001003, 0.0117628792250564669
1.6796796796799999818, 0.0115813445656559842
1.6821821821819999965, 0.0114044765957907537
1.6846846846850001000, 0.0112321080682812463
1.6871871871869998927, 0.0110640793615270818
1.6896896896899999962, 0.0109002380603482538
1.6921921921920000109, 0.0107404385636564494
1.6946946946949998924, 0.0105845417170039278
1.6971971971969999071, 0.0104324144682160676
1.6996996997000000107, 0.0102839295444582726
1.7022022022020000254, 0.0101389651492196572
1.7047047047049999069, 0.0099974046778159402
1.7072072072069999216, 0.0098591364501237552
1.7097097097100000251, 0.0097240534593585615
1.7122122122120000398, 0.0095920531357999612
1.7147147147149999213, 0.0094630371244520291
1.7172172172169999360, 0.0093369110757028639
1.7197197197200000396, 0.0092135844481178938
1.7222222222220000543, 0.0090929703225660595
1.7247247247249999358, 0.0089749852269368820
1.7272272272269999505, 0.0088595489707610480
1.7297297297300000540, 0.0087465844890969036
1.7322322322320000687, 0.0086360176950912877
1.7347347347349999502, 0.0085277773406653226
1.7372372372369999649, 0.0084217948848148323
1.7397397397400000685, 0.0083180043690509013
1.7422422422420000832, 0.0082163422995391467
1.7447447447449999647, 0.0081167475355269497
1.7472472472469999794, 0.0080191611836759984
1.7497497497500000829, 0.0079235264979436483
1.7522522522520000976, 0.0078297887846806649
1.7547547547549999791, 0.0077378953126352630
1.7572572572569999938, 0.0076477952275740219
1.7597597597600000974, 0.0075594394712493150
1.7622622622619998900, 0.0074727807044607459
1.7647647647649999936, 0.0073877732339744260
1.7672672672670000082, 0.0073043729430792743
1.7697697697699998898, 0.0072225372255736364
1.7722722722719999044, 0.0071422249229887280
1.7747747747750000080, 0.0070633962648676274
1.7772772772770000227, 0.0069860128119299415
1.7797797797799999042, 0.0069100374019628518
1.7822822822819999189, 0.0068354340982891074
1.7847847847850000225, 0.0067621681406717284
1.7872872872870000371, 0.0066902058985237566
1.7897897897899999187, 0.0066195148262993362
1.7922922922919999333, 0.0065500634209499017
1.7947947947950000369, 0.0064818211813361688
1.7972972972970000516, 0.0064147585694931310
1.7997997997999999331, 0.0063488469736513271
1.8023023023019999478, 0.0062840586729233164
1.8048048048050000514, 0.0062203668035695830
1.8073073073070000660, 0.0061577453267630923
1.8098098098099999476, 0.0060961689977762964
1.8123123123119999622, 0.0060356133365188237
1.8148148148150000658, 0.0059760545993580438
1.8173173173170000805, 0.0059174697521586529
1.8198198198199999620, 0.0058598364444808655
1.8223223223219999767, 0.0058031329848802658
1.8248248248250000803, 0.0057473383172554453
1.8273273273270000949, 0.0056924319981925646
1.8298298298299999765, 0.0056383941752587048
1.8323323323319999911, 0.0055852055661985449
1.8348348348350000947, 0.0055328474389912639
1.8373373373370001094, 0.0054813015927269899
1.8398398398399999909, 0.0054305503392641646
1.8423423423420000056, 0.0053805764856313335
1.8448448448450001091, 0.0053313633171387289
1.8473473473469999018, 0.0052828945811668497
1.8498498498500000053, 0.0052351544716009489
1.8523523523520000200, 0.0051881276138819278
1.8548548548549999015, 0.0051417990506456620
1.8573573573569999162, 0.0050961542279242267
1.8598598598600000198, 0.0050511789818837947
1.8623623623620000345, 0.0050068595260753020
1.8648648648649999160, 0.0049631824391751372
1.8673673673669999307, 0.0049201346531942691
1.8698698698700000342, 0.0048777034421352795
1.8723723723720000489, 0.0048358764110777875
1.8748748748749999304, 0.0047946414856737335
1.8773773773769999451, 0.0047539869020348270
1.8798798798800000487, 0.0047139011969954099
1.8823823823820000634, 0.0046743731987347117
1.8848848848849999449, 0.0046353920177433089
1.8873873873869999596, 0.0045969470381192618
1.8898898898900000631, 0.0045590279091801507
1.8923923923920000778, 0.0045216245373778403
1.8948948948949999593, 0.0044847270785034338
1.8973973973969999740, 0.0044483259301704671
1.8998998999000000776, 0.0044124117245649443
1.9024024024020000923, 0.0043769753214513377
1.9049049049049999738, 0.0043420078014241789
1.9074074074069999885, 0.0043075004593953357
1.9099099099100000920, 0.0042734447983075411
1.9124124124120001067, 0.0042398325230651214
1.9149149149149999882, 0.0042066555346733378
1.9174174174170000029, 0.0041739059245780794
1.9199199199200001065, 0.0041415759691980567
1.9224224224219998991, 0.0041096581246419708
1.9249249249250000027, 0.0040781450216034812
1.9274274274270000173, 0.0040470294604270738
1.9299299299299998989, 0.0040163044063382877
1.9324324324319999135, 0.0039859629848319868
1.9349349349350000171, 0.0039559984772126675
1.9374374374370000318, 0.0039264043162810496
1.9399399399399999133, 0.0038971740821614250
1.9424424424419999280, 0.0038683014982644958
1.9449449449450000316, 0.0038397804273806397
1.9474474474470000462, 0.0038116048678987656
1.9499499499499999278, 0.0037837689501461031
1.9524524524519999424, 0.0037562669328445120
1.9549549549550000460, 0.0037290931996790079
1.9574574574570000607, 0.0037022422559744531
1.9599599599599999422, 0.0036757087254764729
1.9624624624619999569, 0.0036494873472328413
1.9649649649650000605, 0.0036235729725717413
1.9674674674670000751, 0.0035979605621734301
1.9699699699699999567, 0.0035726451832319888
1.9724724724719999713, 0.0035476220067039779
1.9749749749750000749, 0.0035228863046409264
1.9774774774770000896, 0.0034984334476027314
1.9799799799799999711, 0.0034742589021491263
1.9824824824819999858, 0.0034503582284065313
1.9849849849850000894, 0.0034267270777076542
1.9874874874870001040, 0.0034033611903013664
1.9899899899899999856, 0.0033802563931304179
1.9924924924920000002, 0.0033574085976747071
1.9949949949950001038, 0.0033348137978578638
1.9974974974969998964, 0.0033124680680150093
2.0000000000000000000, 0.0032903675609196443
