# k1_lab: [1, 0, 0]
# k2_lab: [-0.8660254037844387, 0.49999999999999994, 0.0]
# k1_cf: [-0.696364240320019, -0.696364240320019, -0.1736481776669303]
# k2_cf: [0.541675220419702, 0.541675220419702, 0.6427876096865393]
# pol1_lab: [(0, 1, 0), (0, 0, 1)]
# pol2_lab: [array([-0.5      , -0.8660254,  0.       ]), array([0., 0., 1.])]
# pol1_cf: [array([-0.1227878 , -0.1227878 ,  0.98480775]), array([-0.70710678,  0.70710678,  0.        ])]
# pol2_cf: [array([ 0.45451948,  0.45451948, -0.76604444]), array([-0.70710678,  0.70710678,  0.        ])]
# cf: [array([-0.69636424, -0.1227878 , -0.70710678]), array([-0.69636424, -0.1227878 ,  0.70710678]), array([-0.17364818,  0.98480775,  0.        ])]
# th: 100
-0.5000000000000000000, 0.0071723301431621585
-0.4974974974974999964, 0.0072406774468635757
-0.4949949949949999928, 0.0073100434443800766
-0.4924924924924999892, 0.0073804487143568119
-0.4899899899899999856, 0.0074519143595055490
-0.4874874874874999819, 0.0075244620227188294
-0.4849849849849999783, 0.0075981139037653413
-0.4824824824824999747, 0.0076728927765906535
-0.4799799799800000266, 0.0077488220072484421
-0.4774774774775000230, 0.0078259255724886997
-0.4749749749750000194, 0.0079042280790305106
-0.4724724724725000158, 0.0079837547835484041
-0.4699699699700000122, 0.0080645316134026618
-0.4674674674675000086, 0.0081465851881453270
-0.4649649649650000049, 0.0082299428418353381
-0.4624624624625000013, 0.0083146326461977574
-0.4599599599599999977, 0.0084006834346637624
-0.4574574574574999941, 0.0084881248273299091
-0.4549549549549999905, 0.0085769872568770764
-0.4524524524524999869, 0.0086673019954914762
-0.4499499499499000077, 0.0087591011828322719
-0.4474474474474000041, 0.0088524178550926022
-0.4449449449449000005, 0.0089472859752030513
-0.4424424424423999969, 0.0090437404642292989
-0.4399399399398999932, 0.0091418172340181451
-0.4374374374373999896, 0.0092415532211490049
-0.4349349349348999860, 0.0093429864222508794
-0.4324324324323999824, 0.0094461559307478897
-0.4299299299298999788, 0.0095511019750998925
-0.4274274274273999752, 0.0096578659586080279
-0.4249249249249000271, 0.0097664905008588571
-0.4224224224224000235, 0.0098770194808846835
-0.4199199199199000199, 0.0099894980821216856
-0.4174174174174000163, 0.0101039728392520248
-0.4149149149149000126, 0.0102204916870207319
-0.4124124124124000090, 0.0103391040111229880
-0.4099099099099000054, 0.0104598607012629432
-0.4074074074074000018, 0.0105828142064904509
-0.4049049049048999982, 0.0107080185929283572
-0.4024024024023999946, 0.0108355296040089852
-0.3998998998998999910, 0.0109654047233453348
-0.3973973973973999874, 0.0110977032403695042
-0.3948948948948999838, 0.0112324863188783958
-0.3923923923923999801, 0.0113698170686348798
-0.3898898898898999765, 0.0115097606201811017
-0.3873873873873999729, 0.0116523842030295689
-0.3848848848849000248, 0.0117977572274076126
-0.3823823823824000212, 0.0119459513697408991
-0.3798798798799000176, 0.0120970406620727906
-0.3773773773774000140, 0.0122511015856280360
-0.3748748748749000104, 0.0124082131687417926
-0.3723723723724000068, 0.0125684570893883525
-0.3698698698699000031, 0.0127319177825580988
-0.3673673673673999995, 0.0128986825527466556
-0.3648648648648999959, 0.0130688416918361000
-0.3623623623623999923, 0.0132424886026659139
-0.3598598598598999887, 0.0134197199286095956
-0.3573573573573999851, 0.0136006356894928758
-0.3548548548548999815, 0.0137853394242108997
-0.3523523523523999779, 0.0139739383404242131
-0.3498498498497999987, 0.0141665434717382181
-0.3473473473472999951, 0.0143632698427966100
-0.3448448448447999914, 0.0145642366427475977
-0.3423423423422999878, 0.0147695674075717723
-0.3398398398397999842, 0.0149793902117928597
-0.3373373373372999806, 0.0151938378701273052
-0.3348348348347999770, 0.0154130481496660195
-0.3323323323322999734, 0.0156371639932217574
-0.3298298298298000253, 0.0158663337545187945
-0.3273273273273000217, 0.0161007114459479697
-0.3248248248248000181, 0.0163404569996604618
-0.3223223223223000145, 0.0165857365428272244
-0.3198198198198000108, 0.0168367226879496262
-0.3173173173173000072, 0.0170935948391691545
-0.3148148148148000036, 0.0173565395155921079
-0.3123123123123000000, 0.0176257506927181180
-0.3098098098097999964, 0.0179014301631404069
-0.3073073073072999928, 0.0181837879177712582
-0.3048048048047999892, 0.0184730425489386882
-0.3023023023022999856, 0.0187694216767999925
-0.2997997997997999819, 0.0190731624006270535
-0.2972972972972999783, 0.0193845117766350619
-0.2947947947947999747, 0.0197037273241544020
-0.2922922922923000266, 0.0200310775620838599
-0.2897897897898000230, 0.0203668425777130818
-0.2872872872873000194, 0.0207113146301666981
-0.2847847847848000158, 0.0210647987908993799
-0.2822822822823000122, 0.0214276136238650099
-0.2797797797798000086, 0.0218000919081943745
-0.2772772772773000050, 0.0221825814064445688
-0.2747747747748000013, 0.0225754456817353101
-0.2722722722722999977, 0.0229790649673599148
-0.2697697697697999941, 0.0233938370927585897
-0.2672672672672999905, 0.0238201784700682873
-0.2647647647647999869, 0.0242585251458214378
-0.2622622622622999833, 0.0247093339227578111
-0.2597597597597999797, 0.0251730835571435385
-0.2572572572572999761, 0.0256502760374624980
-0.2547547547547999724, 0.0261414379508635164
-0.2522522522523000243, 0.0266471219443148721
-0.2497497497496999896, 0.0271679082880444678
-0.2472472472472000138, 0.0277044065495321949
-0.2447447447447000102, 0.0282572573870812152
-0.2422422422422000066, 0.0288271344728320902
-0.2397397397397000030, 0.0294147465560092511
-0.2372372372371999993, 0.0300208396782111510
-0.2347347347346999957, 0.0306461995536877127
-0.2322322322321999921, 0.0312916541288007291
-0.2297297297296999885, 0.0319580763362528747
-0.2272272272272000126, 0.0326463870612127005
-0.2247247247247000090, 0.0333575583381767599
-0.2222222222222000054, 0.0340926167993159390
-0.2197197197197000018, 0.0348526473971759385
-0.2172172172171999982, 0.0356387974269691821
-0.2147147147146999946, 0.0364522808763375963
-0.2122122122121999910, 0.0372943831334195536
-0.2097097097096999874, 0.0381664660873593867
-0.2072072072072000115, 0.0390699736591023083
-0.2047047047047000079, 0.0400064378044730287
-0.2022022022022000043, 0.0409774850362066012
-0.1996996996997000007, 0.0419848435168531375
-0.1971971971971999971, 0.0430303507803976582
-0.1946946946946999935, 0.0441159621471151966
-0.1921921921921999898, 0.0452437599037283159
-0.1896896896896999862, 0.0464159633294753682
-0.1871871871872000104, 0.0476349396583786583
-0.1846846846847000068, 0.0489032160789926729
-0.1821821821822000032, 0.0502234928854099205
-0.1796796796796999995, 0.0515986579075380439
-0.1771771771771999959, 0.0530318023649043804
-0.1746746746746999923, 0.0545262383068106440
-0.1721721721721999887, 0.0560855178229206081
-0.1696696696697000128, 0.0577134542327546463
-0.1671671671672000092, 0.0594141454906012556
-0.1646646646647000056, 0.0611920000746464104
-0.1621621621622000020, 0.0630517656663859283
-0.1596596596596999984, 0.0649985609694842953
-0.1571571571571999948, 0.0670379110671903422
-0.1546546546546999912, 0.0691757867754405759
-0.1521521521521999876, 0.0714186485163230550
-0.1496496496496000084, 0.0737734953154023931
-0.1471471471471000048, 0.0762479196186106878
-0.1446446446446000011, 0.0788501687325484646
-0.1421421421420999975, 0.0815892138191858657
-0.1396396396395999939, 0.0844748275258522807
-0.1371371371370999903, 0.0875176715086173201
-0.1346346346345999867, 0.0907293953172714773
-0.1321321321321000108, 0.0941227483599555992
-0.1296296296296000072, 0.0977117069635000945
-0.1271271271271000036, 0.1015116189021242205
-0.1246246246246000000, 0.1055393681952553758
-0.1221221221220999964, 0.1098135634909456482
-0.1196196196196000067, 0.1143547539748440145
-0.1171171171171000031, 0.1191856775012314074
-0.1146146146145999994, 0.1243315465641632034
-0.1121121121120999958, 0.1298203788537923287
-0.1096096096096000061, 0.1356833805270174220
-0.1071071071071000025, 0.1419553920287392468
-0.1046046046045999989, 0.1486754084151990507
-0.1021021021020999953, 0.1558871887640516651
-0.0995995995996000055, 0.1636399725501245239
-0.0970970970971000019, 0.1719893250085942071
-0.0945945945945900063, 0.1809981387454300816
-0.0920920920920900027, 0.1907378255158128644
-0.0895895895895899991, 0.2012897406119637522
-0.0870870870870899955, 0.2127468932704258131
-0.0845845845845799998, 0.2252160107221571339
-0.0820820820820799962, 0.2388200420554528747
-0.0795795795795800065, 0.2537012124415204406
-0.0770770770770800029, 0.2700247705702528700
-0.0745745745745699934, 0.2879836152847859987
-0.0720720720720700037, 0.3078040455338190151
-0.0695695695695700000, 0.3297529568192341665
-0.0670670670670699964, 0.3541469159061704230
-0.0645645645645600008, 0.3813636962962576038
-0.0620620620620599972, 0.4118570685725708724
-0.0595595595595600005, 0.4461759404061167444
-0.0570570570570599969, 0.4849893738524579945
-0.0545545545545500013, 0.5291196394394668268
-0.0520520520520499977, 0.5795864030469567441
-0.0495495495495500010, 0.6376665525405522672
-0.0470470470470499974, 0.7049763352332822919
-0.0445445445445400018, 0.7835858619129102420
-0.0420420420420399982, 0.8761814412432545884
-0.0395395395395400015, 0.9863000555097760635
-0.0370370370370399979, 1.1186751445236133851
-0.0345345345345300023, 1.2797585451522990319
-0.0320320320320299987, 1.4785292952075959061
-0.0295295295295299985, 1.7277849723218923206
-0.0270270270270299984, 2.0462753422058614916
-0.0245245245245199993, 2.4623705858157167725
-0.0220220220220199991, 3.0206684213042902520
-0.0195195195195199990, 3.7945715107293795931
-0.0170170170170199989, 4.9118819870780985326
-0.0145145145145099998, 6.6113312916238555772
-0.0120120120120099996, 9.3809195655901209676
-0.0095095095095099995, 14.3437780616156800306
-0.0070070070070070000, 24.5307647290098245207
-0.0045045045045049997, 49.9724047987132848903
-0.0020020020020019998, 126.6075332605398671149
0.0005005005005005000, 200.2360798529881549257
0.0030030030030029999, 95.4610160572374013555
0.0055055055055059999, 66.7355180448929843351
0.0080080080080079993, 84.4586345537518639048
0.0105105105105099995, 45.0847889243222610389
0.0130130130130099997, 20.8014305545869220282
0.0155155155155200005, 11.8714544795913212738
0.0180180180180199989, 7.7740943633807013669
0.0205205205205199991, 5.5350382980364933871
0.0230230230230199992, 4.1637808866437806543
0.0255255255255299983, 3.2564766415270081090
0.0280280280280299984, 2.6219330130635407627
0.0305305305305299986, 2.1592713182456257925
0.0330330330330299987, 1.8107860594701161716
0.0355355355355400013, 1.5413510436718955710
0.0380380380380399979, 1.3285058891308103579
0.0405405405405400016, 1.1573040180537157440
0.0430430430430399982, 1.0174646756972216544
0.0455455455455500008, 0.9017166597311927489
0.0480480480480499975, 0.8047933691806335998
0.0505505505505500011, 0.7228007024712412854
0.0530530530530499977, 0.6528069833199041661
0.0555555555555600003, 0.5925696770393659163
0.0580580580580599970, 0.5403489183693478415
0.0605605605605600006, 0.4947775878951258810
0.0630630630630600042, 0.4547690854853888576
0.0655655655655699998, 0.4194507581169024668
0.0680680680680700034, 0.3881151137948949947
0.0705705705705699932, 0.3601835753261151130
0.0730730730730699968, 0.3351792111442472577
0.0755755755755800063, 0.3127059828690015308
0.0780780780780799960, 0.2924327844569462598
0.0805805805805799996, 0.2740810462183884688
0.0830830830830800032, 0.2574150200492840712
0.0855855855855899988, 0.2422341017061715451
0.0880880880880900025, 0.2283667152976652237
0.0905905905905900061, 0.2156654063662398202
0.0930930930930899958, 0.2040028776532411825
0.0955955955956000053, 0.1932687657940497794
0.0980980980980999950, 0.1833670045706523588
0.1006006006005999986, 0.1742136556634300004
0.1031031031031000023, 0.1657351143931329873
0.1056056056056000059, 0.1578666180659994978
0.1081081081080999956, 0.1505509999028919466
0.1106106106105999992, 0.1437376433555664079
0.1131131131131000028, 0.1373816007703009268
0.1156156156156000064, 0.1314428474980906258
0.1181181181180999962, 0.1258856481506453739
0.1206206206205999998, 0.1206780161200811802
0.1231231231231000034, 0.1157912509861944439
0.1256256256256000070, 0.1111995412318962512
0.1281281281281000106, 0.1068796219296094668
0.1306306306305999865, 0.1028104788678622927
0.1331331331330999901, 0.0989730920494086841
0.1356356356355999937, 0.0953502126808765949
0.1381381381380999973, 0.0919261687444324904
0.1406406406406000009, 0.0886866950375567592
0.1431431431431000045, 0.0856187842218102957
0.1456456456456000081, 0.0827105559624050635
0.1481481481481000118, 0.0799511416888818716
0.1506506506506999910, 0.0773305828803474982
0.1531531531531999946, 0.0748397410902247456
0.1556556556556999982, 0.0724702181863580291
0.1581581581582000018, 0.0702142855014904754
0.1606606606607000054, 0.0680648207738197702
0.1631631631632000090, 0.0660152519134224736
0.1656656656657000126, 0.0640595067626137521
0.1681681681681999885, 0.0621919681307180339
0.1706706706706999921, 0.0604074334795014489
0.1731731731731999957, 0.0587010787173246062
0.1756756756756999993, 0.0570684256301336665
0.1781781781782000029, 0.0555053125375323114
0.1806806806807000065, 0.0540078678139153043
0.1831831831832000101, 0.0525724859592499871
0.1856856856857000138, 0.0511958059426384920
0.1881881881881999896, 0.0498746915751789865
0.1906906906906999932, 0.0486062136976067247
0.1931931931931999968, 0.0473876339933857610
0.1956956956957000004, 0.0462163902598635573
0.1981981981982000041, 0.0450900829892508445
0.2007007007007000077, 0.0440064631279393215
0.2032032032032000113, 0.0429634208973360826
0.2057057057056999871, 0.0419589755722696786
0.2082082082081999908, 0.0409912661243373236
0.2107107107106999944, 0.0400585426475251888
0.2132132132131999980, 0.0391591584922215685
0.2157157157157000016, 0.0382915630415006925
0.2182182182182000052, 0.0374542950704216948
0.2207207207207000088, 0.0366459766351683175
0.2232232232232000124, 0.0358653074442501149
0.2257257257256999883, 0.0351110596687821269
0.2282282282281999919, 0.0343820731531226248
0.2307307307306999955, 0.0336772509909508341
0.2332332332331999991, 0.0329955554352559868
0.2357357357357000027, 0.0323360041137364246
0.2382382382382000063, 0.0316976665238178565
0.2407407407407000099, 0.0310796607839228384
0.2432432432432000136, 0.0304811506198001125
0.2457457457456999894, 0.0299013425666730809
0.2482482482481999930, 0.0293394833697214578
0.2507507507508000000, 0.0287948575669883522
0.2532532532533000036, 0.0282667852402259598
0.2557557557558000072, 0.0277546199204756518
0.2582582582583000108, 0.0272577466363343249
0.2607607607608000144, 0.0267755800939048078
0.2632632632633000180, 0.0263075629783732778
0.2657657657658000216, 0.0258531643680130485
0.2682682682683000253, 0.0254118782521896916
0.2707707707707999734, 0.0249832221456463520
0.2732732732732999770, 0.0245667357919873361
0.2757757757757999806, 0.0241619799498586502
0.2782782782782999842, 0.0237685352558528601
0.2807807807807999878, 0.0233860011586463981
0.2832832832832999914, 0.0230139949193160949
0.2857857857857999950, 0.0226521506731815307
0.2882882882882999986, 0.0223001185488846503
0.2907907907908000023, 0.0219575638407517940
0.2932932932933000059, 0.0216241662307880209
0.2957957957958000095, 0.0212996190569326935
0.2982982982983000131, 0.0209836286244606852
0.3008008008008000167, 0.0206759135576479250
0.3033033033033000203, 0.0203762041890346302
0.3058058058058000239, 0.0200842419838166766
0.3083083083083000275, 0.0197997789970767585
0.3108108108107999756, 0.0195225773617333856
0.3133133133132999792, 0.0192524088052386765
0.3158158158157999829, 0.0189890541931972100
0.3183183183182999865, 0.0187323030982075901
0.3208208208207999901, 0.0184819533923483055
0.3233233233232999937, 0.0182378108618396796
0.3258258258257999973, 0.0179996888425156404
0.3283283283283000009, 0.0177674078748329342
0.3308308308308000045, 0.0175407953772326181
0.3333333333333000081, 0.0173196853367486858
0.3358358358358000118, 0.0171039180158332887
0.3383383383383000154, 0.0168933396744369094
0.3408408408408000190, 0.0166878023064452458
0.3433433433433000226, 0.0164871633896341713
0.3458458458458000262, 0.0162912856483586332
0.3483483483482999743, 0.0161000368282423201
0.3508508508509000090, 0.0159132894821820484
0.3533533533534000126, 0.0157309207670250951
0.3558558558559000162, 0.0155528122503178056
0.3583583583584000198, 0.0153788497265624942
0.3608608608609000235, 0.0152089230424543448
0.3633633633634000271, 0.0150429259306031505
0.3658658658658999752, 0.0148807558512753443
0.3683683683683999788, 0.0147223138417202568
0.3708708708708999824, 0.0145675043726709030
0.3733733733733999860, 0.0144162352116349399
0.3758758758758999896, 0.0142684172926138865
0.3783783783783999932, 0.0141239645919109258
0.3808808808808999968, 0.0139827940097074638
0.3833833833834000004, 0.0138448252571075313
0.3858858858859000041, 0.0137099807483668061
0.3883883883884000077, 0.0135781854980396507
0.3908908908909000113, 0.0134493670227926812
0.3933933933934000149, 0.0133234552476482297
0.3958958958959000185, 0.0132003824164343298
0.3983983983984000221, 0.0130800830062306993
0.4009009009009000257, 0.0129624936456120398
0.4034034034033999738, 0.0128475530365011453
0.4059059059058999774, 0.0127352018794547710
0.4084084084083999810, 0.0126253828022151252
0.4109109109108999847, 0.0125180402913689787
0.4134134134133999883, 0.0124131206269650352
0.4159159159158999919, 0.0123105718199486396
0.4184184184183999955, 0.0122103435522801541
0.4209209209208999991, 0.0121123871196108200
0.4234234234234000027, 0.0120166553763967256
0.4259259259259000063, 0.0119231026833376275
0.4284284284284000099, 0.0118316848570338175
0.4309309309309000136, 0.0117423591217593673
0.4334334334334000172, 0.0116550840632559591
0.4359359359359000208, 0.0115698195844561418
0.4384384384384000244, 0.0114865268630497883
0.4409409409408999725, 0.0114051683108120881
0.4434434434433999761, 0.0113257075346153771
0.4459459459458999797, 0.0112481092990514148
0.4484484484483999833, 0.0111723394905942838
0.4509509509510000180, 0.0110983650832377143
0.4534534534535000216, 0.0110261541055440716
0.4559559559560000253, 0.0109556756090453782
0.4584584584584999734, 0.0108868996379397256
0.4609609609609999770, 0.0108197972000294296
0.4634634634634999806, 0.0107543402388497848
0.4659659659659999842, 0.0106905016069401247
0.4684684684684999878, 0.0106282550402110008
0.4709709709709999914, 0.0105675751333638955
0.4734734734734999950, 0.0105084373163218531
0.4759759759759999986, 0.0104508178316315981
0.4784784784785000022, 0.0103946937127997862
0.4809809809810000059, 0.0103400427635275891
0.4834834834835000095, 0.0102868435378099948
0.4859859859860000131, 0.0102350753208675718
0.4884884884885000167, 0.0101847181108802587
0.4909909909910000203, 0.0101357526014942759
0.4934934934935000239, 0.0100881601650744494
0.4959959959960000275, 0.0100419228366761641
0.4984984984984999756, 0.0099970232987118546
0.5010010010009999792, 0.0099534448662887583
0.5035035035035000384, 0.0099111714731955729
0.5060060060059999865, 0.0098701876585168598
0.5085085085085000456, 0.0098304785538552604
0.5110110110109999937, 0.0097920298711425303
0.5135135135135000528, 0.0097548278910214760
0.5160160160160000009, 0.0097188594517818704
0.5185185185184999490, 0.0096841119388343042
0.5210210210210000081, 0.0096505732747069108
0.5235235235234999562, 0.0096182319095507070
0.5260260260260000154, 0.0095870768121401485
0.5285285285284999635, 0.0095570974613563425
0.5310310310310000226, 0.0095282838381410707
0.5335335335334999707, 0.0095006264179105949
0.5360360360360000298, 0.0094741161634189133
0.5385385385384999779, 0.0094487445180608375
0.5410410410410000370, 0.0094245033996059827
0.5435435435434999851, 0.0094013851943553911
0.5460460460460000442, 0.0093793827517131782
0.5485485485484999924, 0.0093584893791662481
0.5510510510510999715, 0.0093386988376657001
0.5535535535536000307, 0.0093200053374041820
0.5560560560560999788, 0.0093024035339840799
0.5585585585586000379, 0.0092858885249719227
0.5610610610610999860, 0.0092704558468350764
0.5635635635636000451, 0.0092561014722572915
0.5660660660660999932, 0.0092428218078302402
0.5685685685686000523, 0.0092306136921188296
0.5710710710711000004, 0.0092194743940984675
0.5735735735735999485, 0.0092094016119631857
0.5760760760761000077, 0.0092003934723039957
0.5785785785785999558, 0.0091924485296573620
0.5810810810811000149, 0.0091855657664243525
0.5835835835835999630, 0.0091797445931615235
0.5860860860861000221, 0.0091749848492450551
0.5885885885885999702, 0.0091712868039105153
0.5910910910911000293, 0.0091686511576708069
0.5935935935935999774, 0.0091670790441158376
0.5960960960961000366, 0.0091665720320977251
0.5985985985985999847, 0.0091671321283061831
0.6011011011011000438, 0.0091687617802391954
0.6036036036035999919, 0.0091714638795748378
0.6061061061061000510, 0.0091752417659506907
0.6086086086085999991, 0.0091800992311579163
0.6111111111110999472, 0.0091860405237579271
0.6136136136136000063, 0.0091930703541300181
0.6161161161160999544, 0.0092011938999593465
0.6186186186186000135, 0.0092104168121751543
0.6211211211210999616, 0.0092207452213501160
0.6236236236236000208, 0.0092321857445723278
0.6261261261260999689, 0.0092447454928024364
0.6286286286286000280, 0.0092584320787291886
0.6311311311310999761, 0.0092732536251376434
0.6336336336336000352, 0.0092892187738052769
0.6361361361360999833, 0.0093063366949420554
0.6386386386386000424, 0.0093246170971917567
0.6411411411410999905, 0.0093440702382128812
0.6436436436436000497, 0.0093647069358584883
0.6461461461460999978, 0.0093865385799756455
0.6486486486485999459, 0.0094095771448463872
0.6511511511512000361, 0.0094338352022933572
0.6536536536536999842, 0.0094593259354746485
0.6561561561562000433, 0.0094860631533940157
0.6586586586586999914, 0.0095140613061538166
0.6611611611612000505, 0.0095433355009800075
0.6636636636636999986, 0.0095739015190499776
0.6661661661661999467, 0.0096057758331558069
0.6686686686687000059, 0.0096389756262376305
0.6711711711711999540, 0.0096735188108234525
0.6736736736737000131, 0.0097094240494141650
0.6761761761761999612, 0.0097467107758545633
0.6786786786787000203, 0.0097853992177335865
0.6811811811811999684, 0.0098255104198594380
0.6836836836837000275, 0.0098670662688579852
0.6861861861861999756, 0.0099100895189455293
0.6886886886887000347, 0.0099546038189299909
0.6911911911911999828, 0.0100006337404978853
0.6936936936937000420, 0.0100482048078474884
0.6961961961961999901, 0.0100973435287324276
0.6986986986987000492, 0.0101480774269835060
0.7012012012011999973, 0.0102004350765806835
0.7037037037036999454, 0.0102544461373512523
0.7062062062062000045, 0.0103101413923749018
0.7087087087086999526, 0.0103675527871811349
0.7112112112112000117, 0.0104267134708295288
0.7137137137136999598, 0.0104876578389689317
0.7162162162162000190, 0.0105504215789774328
0.7187187187186999671, 0.0106150417172910499
0.7212212212212000262, 0.0106815566690359152
0.7237237237236999743, 0.0107500062900855852
0.7262262262262000334, 0.0108204319316726645
0.7287287287286999815, 0.0108928764976922027
0.7312312312312000406, 0.0109673845048425221
0.7337337337336999887, 0.0110440021457587859
0.7362362362362000479, 0.0111227773553040782
0.7387387387386999960, 0.0112037598801935315
0.7412412412412000551, 0.0112870013521382158
0.7437437437437000032, 0.0113725553647076229
0.7462462462461999513, 0.0114604775541225223
0.7487487487487000104, 0.0115508256842038054
0.7512512512512999896, 0.0116436597357179733
0.7537537537538000487, 0.0117390420003757566
0.7562562562562999968, 0.0118370371797576757
0.7587587587587999449, 0.0119377124894587457
0.7612612612613000040, 0.0120411377687644396
0.7637637637637999521, 0.0121473855961913429
0.7662662662663000113, 0.0122565314112489943
0.7687687687687999594, 0.0123686536428041314
0.7712712712713000185, 0.0124838338444553248
0.7737737737737999666, 0.0126021568373546680
0.7762762762763000257, 0.0127237108609443601
0.7787787787787999738, 0.0128485877321095621
0.7812812812813000329, 0.0129768830132849858
0.7837837837837999810, 0.0131086961900920371
0.7862862862863000402, 0.0132441308591254511
0.7887887887887999883, 0.0133832949265545245
0.7912912912913000474, 0.0135263008182531907
0.7937937937937999955, 0.0136732657022274936
0.7962962962963000546, 0.0138243117241669301
0.7987987987988000027, 0.0139795662570095947
0.8013013013012999508, 0.0141391621654797517
0.8038038038038000099, 0.0143032380866309882
0.8063063063062999580, 0.0144719387275094157
0.8088088088088000172, 0.0146454151811396295
0.8113113113112999653, 0.0148238252621321759
0.8138138138138000244, 0.0150073338633163085
0.8163163163162999725, 0.0151961133349157382
0.8188188188188000316, 0.0153903438879101143
0.8213213213212999797, 0.0155902140233608044
0.8238238238238000388, 0.0157959209896286132
0.8263263263262999869, 0.0160076712695738053
0.8288288288288000460, 0.0162256811000069598
0.8313313313312999941, 0.0164501770258546273
0.8338338338338000533, 0.0166813964917177475
0.8363363363363000014, 0.0169195884737359213
0.8388388388387999495, 0.0171650141549287739
0.8413413413413000086, 0.0174179476474698412
0.8438438438437999567, 0.0176786767656599737
0.8463463463463000158, 0.0179475038537127082
0.8488488488487999639, 0.0182247466728422923
0.8513513513514000541, 0.0185107393525643094
0.8538538538539000022, 0.0188058334115821027
0.8563563563563999503, 0.0191103988541420494
0.8588588588589000095, 0.0194248253483092215
0.8613613613613999576, 0.0197495234932409287
0.8638638638639000167, 0.0200849261832321824
0.8663663663663999648, 0.0204314900770810465
0.8688688688689000239, 0.0207896971821796284
0.8713713713713999720, 0.0211600565636950386
0.8738738738739000311, 0.0215431061902693795
0.8763763763763999792, 0.0219394149288571830
0.8788788788789000384, 0.0223495847026484208
0.8813813813813999865, 0.0227742528275087577
0.8838838838839000456, 0.0232140945440347246
0.8863863863863999937, 0.0236698257641855640
0.8888888888889000528, 0.0241422060535479814
0.8913913913914000009, 0.0246320418726462959
0.8938938938938999490, 0.0251401901033589947
0.8963963963964000081, 0.0256675618894946535
0.8988988988988999562, 0.0262151268239529112
0.9014014014014000153, 0.0267839175187132225
0.9039039039038999634, 0.0273750345982171350
0.9064064064064000226, 0.0279896521616098230
0.9089089089088999707, 0.0286290237648796735
0.9114114114114000298, 0.0292944889802709101
0.9139139139138999779, 0.0299874805975706114
0.9164164164164000370, 0.0307095325401241341
0.9189189189188999851, 0.0314622885778685496
0.9214214214214000442, 0.0322475119304960964
0.9239239239238999923, 0.0330670958662779430
0.9264264264264000515, 0.0339230754163703935
0.9289289289288999996, 0.0348176403409011653
0.9314314314313999477, 0.0357531495021592149
0.9339339339339000068, 0.0367321468222450639
0.9364364364363999549, 0.0377573790280899407
0.9389389389389000140, 0.0388318154164670193
0.9414414414413999621, 0.0399586699062478429
0.9439439439439000212, 0.0411414256856038954
0.9464464464463999693, 0.0423838628092307323
0.9489489489489000285, 0.0436900891562822177
0.9514514514515000076, 0.0450645752251691151
0.9539539539539999558, 0.0465121933186463943
0.9564564564565000149, 0.0480382617640632420
0.9589589589589999630, 0.0496485949222168418
0.9614614614615000221, 0.0513495598674975490
0.9639639639639999702, 0.0531481407763785482
0.9664664664665000293, 0.0550520122462578171
0.9689689689689999774, 0.0570696229889871703
0.9714714714715000365, 0.0592102916116405073
0.9739739739739999846, 0.0614843165217649201
0.9764764764765000438, 0.0639031023889289895
0.9789789789789999919, 0.0664793060757169901
0.9814814814815000510, 0.0692270055408509138
0.9839839839839999991, 0.0721618959422736239
0.9864864864864999472, 0.0753015180638417769
0.9889889889890000063, 0.0786655253010517391
0.9914914914914999544, 0.0822759968276041143
0.9939939939940000135, 0.0861578063020549678
0.9964964964964999616, 0.0903390576626751374
0.9989989989990000208, 0.0948516023312688111
1.0015015015019999023, 0.0997316556790814601
1.0040040040039999170, 0.1050205351353413474
1.0065065065070000205, 0.1107655481586447693
1.0090090090090000352, 0.1170210658739969378
1.0115115115119999167, 0.1238498280934317020
1.0140140140139999314, 0.1313245384997923926
1.0165165165170000350, 0.1395298261152642383
1.0190190190190000497, 0.1485646723931574598
1.0215215215219999312, 0.1585454346280456284
1.0240240240239999459, 0.1696096391269564241
1.0265265265270000494, 0.1819207764436069630
1.0290290290290000641, 0.1956744128854365494
1.0315315315319999456, 0.2111060477848827610
1.0340340340339999603, 0.2285013102636768711
1.0365365365370000639, 0.2482093262745047324
1.0390390390390000785, 0.2706604337061309096
1.0415415415419999601, 0.2963899390465828398
1.0440440440439999747, 0.3260703882440486590
1.0465465465470000783, 0.3605560227880192370
1.0490490490490000930, 0.4009449715386760316
1.0515515515519999745, 0.4486677402557499028
1.0540540540539999892, 0.5056155006081122227
1.0565565565570000928, 0.5743299970287967238
1.0590590590590001074, 0.6582913020864220588
1.0615615615619999890, 0.7623654478727499573
1.0640640640640000036, 0.8935218476575721436
1.0665665665670001072, 1.0620230650108746229
1.0690690690689998998, 1.2834773989486634171
1.0715715715720000034, 1.5825473230803668301
1.0740740740740000181, 2.0000261824566774038
1.0765765765769998996, 2.6072602107145699257
1.0790790790789999143, 3.5380021691758605229
1.0815815815820000179, 5.0661935006077074561
1.0840840840840000325, 7.8217590896270667855
1.0865865865869999141, 13.4956161042753155499
1.0890890890889999287, 27.6314750228814318689
1.0915915915920000323, 70.5904110362357357644
1.0940940940940000470, 124.2334723653370360807
1.0965965965969999285, 56.0324285393493894958
1.0990990990989999432, 22.9641879149373515645
1.1016016016020000468, 11.7490287117717500109
1.1041041041040000614, 7.0179414755358822120
1.1066066066069999430, 4.6382357695340958870
1.1091091091089999576, 3.2859591709695554762
1.1116116116120000612, 2.4478050278687217833
1.1141141141140000759, 1.8938025010656742708
1.1166166166169999574, 1.5091092348530390499
1.1191191191189999721, 1.2313841569756780459
1.1216216216220000756, 1.0244820981263675908
1.1241241241240000903, 0.8663013027983916814
1.1266266266269999718, 0.7427219976656534994
1.1291291291289999865, 0.6443867374140019866
1.1316316316320000901, 0.5648980025308397712
1.1341341341340001048, 0.4997632976584996944
1.1366366366369999863, 0.4457537359513115693
1.1391391391390000010, 0.4005009229887102062
1.1416416416420001045, 0.3622361671665683125
1.1441441441439998972, 0.3296174020062528354
1.1466466466470000007, 0.3016116834039416217
1.1491491491490000154, 0.2774137813025491228
1.1516516516519998969, 0.2563887397643250798
1.1541541541539999116, 0.2380306752474162790
1.1566566566570000152, 0.2219327778914568228
1.1591591591590000299, 0.2077651713225380226
1.1616616616619999114, 0.1952583695929780983
1.1641641641639999261, 0.1841907771518596915
1.1666666666670000296, 0.1743791478102822701
1.1691691691690000443, 0.1656712362072123301
1.1716716716719999258, 0.1579400930659586033
1.1741741741739999405, 0.1510796070427232185
1.1766766766770000441, 0.1450010028197492862
1.1791791791790000588, 0.1396300814609219287
1.1816816816819999403, 0.1349050443677895506
1.1841841841839999550, 0.1307747828325758477
1.1866866866870000585, 0.1271975455680028622
1.1891891891890000732, 0.1241399197700658041
1.1916916916919999547, 0.1215760794354598801
1.1941941941939999694, 0.1194872694328688312
1.1966966966970000730, 0.1178615064736516088
1.1991991991990000876, 0.1166934896866306387
1.2017017017019999692, 0.1159847249280683834
1.2042042042039999838, 0.1157438792297995067
1.2067067067070000874, 0.1159873960303400009
1.2092092092090001021, 0.1167404194683684115
1.2117117117119999836, 0.1180380989772062128
1.2142142142139999983, 0.1199273764569487172
1.2167167167170001019, 0.1224694014799945219
1.2192192192189998945, 0.1257427814533737531
1.2217217217219999981, 0.1298479629234299548
1.2242242242240000127, 0.1349131722611053019
1.2267267267269998943, 0.1411025429424034583
1.2292292292289999089, 0.1486273621894061980
1.2317317317320000125, 0.1577618484657857534
1.2342342342340000272, 0.1688656378139261893
1.2367367367369999087, 0.1824164136401083547
1.2392392392389999234, 0.1990582291008346494
1.2417417417420000270, 0.2196747338373720992
1.2442442442440000416, 0.2455030690864692389
1.2467467467469999232, 0.2783163511761900244
1.2492492492489999378, 0.3207261653772566223
1.2517517517520000414, 0.3767041265452461540
1.2542542542540000561, 0.4525235239830835976
1.2567567567569999376, 0.5585546847406682724
1.2592592592589999523, 0.7129199987287437867
1.2617617617620000559, 0.9495561796675854316
1.2642642642640000705, 1.3378688219759422573
1.2667667667669999521, 2.0371461095048868373
1.2692692692689999667, 3.4738554366966569731
1.2717717717720000703, 7.0418419292254350594
1.2742742742740000850, 17.8729129523056542439
1.2767767767769999665, 31.9796417174156104579
1.2792792792789999812, 14.6154334030595993710
1.2817817817820000847, 5.9989516231633217558
1.2842842842840000994, 3.0843598302364698682
1.2867867867869999809, 1.8588878248672355831
1.2892892892889999956, 1.2440986790909747128
1.2917917917920000992, 0.8955723150159742296
1.2942942942939998918, 0.6801037839162545895
1.2967967967969999954, 0.5381264872470763461
1.2992992992990000101, 0.4399383132526191176
1.3018018018019998916, 0.3694362506865719320
1.3043043043039999063, 0.3172951395428011967
1.3068068068070000098, 0.2778203894135288232
1.3093093093090000245, 0.2473798271876956334
1.3118118118119999060, 0.2235715081937758308
1.3143143143139999207, 0.2047582520993685429
1.3168168168170000243, 0.1897954684741710585
1.3193193193190000390, 0.1778658492668810931
1.3218218218219999205, 0.1683756350440369087
1.3243243243239999352, 0.1608876607661958169
1.3268268268270000387, 0.1550770840176493026
1.3293293293290000534, 0.1507015103933759814
1.3318318318319999349, 0.1475805032128025551
1.3343343343339999496, 0.1455813675286236064
1.3368368368370000532, 0.1446092378663362821
1.3393393393390000679, 0.1446002008060582322
1.3418418418419999494, 0.1455166278945113079
1.3443443443439999641, 0.1473441846232654839
1.3468468468470000676, 0.1500901781637216659
1.3493493493490000823, 0.1537830473869110648
1.3518518518519999638, 0.1584729072695846563
1.3543543543539999785, 0.1642331526016964638
1.3568568568570000821, 0.1711632158314606023
1.3593593593590000967, 0.1793926727548271205
1.3618618618619999783, 0.1890870106453663435
1.3643643643639999929, 0.2004555331047201405
1.3668668668670000965, 0.2137620982283753857
1.3693693693689998891, 0.2293397076628936604
1.3718718718719999927, 0.2476104404707272222
1.3743743743740000074, 0.2691129492626731512
1.3768768768770001110, 0.2945408594532591962
1.3793793793789999036, 0.3247971958536780002
1.3818818818820000072, 0.3610728590878289346
1.3843843843840000218, 0.4049620059193693722
1.3868868868869999034, 0.4586354709389041662
1.3893893893889999180, 0.5251080173975596344
1.3918918918920000216, 0.6086620372981710325
1.3943943943940000363, 0.7155414446705476994
1.3968968968969999178, 0.8551314015338734587
1.3993993993989999325, 1.0420534211330285679
1.4019019019020000361, 1.3000823927742100050
1.4044044044040000507, 1.6699342312440454972
1.4069069069069999323, 2.2259504428892689099
1.4094094094089999469, 3.1153114198721159056
1.4119119119120000505, 4.6616382348198728280
1.4144144144140000652, 7.6829995826463211017
1.4169169169169999467, 14.6681699955392410573
1.4194194194189999614, 34.7861747011055655321
1.4219219219220000650, 83.4640835291599216816
1.4244244244240000796, 55.8006424814874435469
1.4269269269269999612, 21.4805387362925941375
1.4294294294289999758, 10.2231042626451653632
1.4319319319320000794, 5.8272647530275039074
1.4344344344340000941, 3.7344261153880058401
1.4369369369369999756, 2.5896239723398872812
1.4394394394389999903, 1.8992062584363251787
1.4419419419420000938, 1.4520359301966609955
1.4444444444440001085, 1.1463092293967895863
1.4469469469469999900, 0.9282463039077769595
1.4494494494490000047, 0.7673334213824232197
1.4519519519520001083, 0.6452376737311558141
1.4544544544539999009, 0.5504162968435977188
1.4569569569570000045, 0.4753126371366217517
1.4594594594590000192, 0.4148137580442725625
1.4619619619619999007, 0.3653611062002855570
1.4644644644639999154, 0.3244166776704991983
1.4669669669670000189, 0.2901312457403183998
1.4694694694690000336, 0.2611318203743412392
1.4719719719719999151, 0.2363818079518535398
1.4744744744739999298, 0.2150868005880913481
1.4769769769770000334, 0.1966297507863853100
1.4794794794790000481, 0.1805255109958056603
1.4819819819819999296, 0.1663884019500682654
1.4844844844839999443, 0.1539087128475686850
1.4869869869870000478, 0.1428354301045370034
1.4894894894890000625, 0.1329633777913455661
1.4919919919919999440, 0.1241235278274036569
1.4944944944939999587, 0.1161756177704300202
1.4969969969970000623, 0.1090024690659018858
1.4994994994990000770, 0.1025055725339300283
1.5020020020019999585, 0.0966016281596066839
1.5045045045050000621, 0.0912198105553354288
1.5070070070070000767, 0.0862995912741132964
1.5095095095099999583, 0.0817889920748151311
1.5120120120119999729, 0.0776431743740669256
1.5145145145150000765, 0.0738232929295774137
1.5170170170170000912, 0.0702955586700791668
1.5195195195199999727, 0.0670304681751337922
1.5220220220219999874, 0.0640021667798429256
1.5245245245250000909, 0.0611879194627675815
1.5270270270270001056, 0.0585676691639480107
1.5295295295299999871, 0.0561236664033536586
1.5320320320320000018, 0.0538401573418463217
1.5345345345350001054, 0.0517031199775341982
1.5370370370369998980, 0.0497000401710963463
1.5395395395400000016, 0.0478197207720519879
1.5420420420420000163, 0.0460521183700252218
1.5445445445449998978, 0.0443882031934842020
1.5470470470469999125, 0.0428198384786666469
1.5495495495500000160, 0.0413396762758007075
1.5520520520520000307, 0.0399410671810842624
1.5545545545549999122, 0.0386179819065345792
1.5570570570569999269, 0.0373649429455151505
1.5595595595600000305, 0.0361769648750243922
1.5620620620620000452, 0.0350495020688130349
1.5645645645649999267, 0.0339784027877768485
1.5670670670669999414, 0.0329598687734816292
1.5695695695700000449, 0.0319904196032164273
1.5720720720720000596, 0.0310668611755719852
1.5745745745749999411, 0.0301862577880928074
1.5770770770769999558, 0.0293459073462725116
1.5795795795800000594, 0.0285433193086139410
1.5820820820820000741, 0.0277761950277461769
1.5845845845849999556, 0.0270424101944205762
1.5870870870869999703, 0.0263399991309635484
1.5895895895900000738, 0.0256671407146259814
1.5920920920920000885, 0.0250221457401775989
1.5945945945949999700, 0.0244034455558253122
1.5970970970969999847, 0.0238095818277645199
1.5995995996000000883, 0.0232391973069131542
1.6021021021020001029, 0.0226910274871056777
1.6046046046049999845, 0.0221638930576079918
1.6071071071069999991, 0.0216566930645634079
1.6096096096100001027, 0.0211683987061820830
1.6121121121119998953, 0.0206980476953402097
1.6146146146149999989, 0.0202447391309730704
1.6171171171170000136, 0.0198076288263748582
1.6196196196199998951, 0.0193859250484007331
1.6221221221219999098, 0.0189788846267162289
1.6246246246250000134, 0.0185858093967567091
1.6271271271270000280, 0.0182060429440280488
1.6296296296299999096, 0.0178389676208724687
1.6321321321319999242, 0.0174840018099022276
1.6346346346350000278, 0.0171405974110220571
1.6371371371370000425, 0.0168082375313644214
1.6396396396399999240, 0.0164864343595904454
1.6421421421419999387, 0.0161747272078966789
1.6446446446450000423, 0.0158726807067442813
1.6471471471470000569, 0.0155798831388182998
1.6496496496499999385, 0.0152959449000524602
1.6521521521519999531, 0.0150204970767389891
1.6546546546550000567, 0.0147531901288001695
1.6571571571570000714, 0.0144936926702441404
1.6596596596599999529, 0.0142416903386730562
1.6621621621619999676, 0.0139968847464706989
1.6646646646650000712, 0.0137589925069771003
1.6671671671670000858, 0.0135277443295690851
1.6696696696699999674, 0.0133028841781158407
1.6721721721719999820, 0.0130841684877736706
1.6746746746750000856, 0.0128713654355304599
1.6771771771770001003, 0.0126642542603134355
1.6796796796799999818, 0.0124626246288373609
1.6821821821819999965, 0.0122662760436995887
1.6846846846850001000, 0.0120750172905262059
1.6871871871869998927, 0.0118886659212432116
1.6896896896899999962, 0.0117070477707916978
1.6921921921920000109, 0.0115299965048279579
1.6946946946949998924, 0.0113573531961515019
1.6971971971969999071, 0.0111889659277875156
1.6996996997000000107, 0.0110246894208175256
1.7022022022020000254, 0.0108643846852042696
1.7047047047049999069, 0.0107079186919956867
1.7072072072069999216, 0.0105551640654197691
1.7097097097100000251, 0.0104059987934976787
1.7122122122120000398, 0.0102603059559085181
1.7147147147149999213, 0.0101179734679358764
1.7172172172169999360, 0.0099788938394150765
1.7197197197200000396, 0.0098429639476811919
1.7222222222220000543, 0.0097100848235925335
1.7247247247249999358, 0.0095801614497725753
1.7272272272269999505, 0.0094531025702762929
1.7297297297300000540, 0.0093288205109444307
1.7322322322320000687, 0.0092072310097623851
1.7347347347349999502, 0.0090882530565893488
1.7372372372369999649, 0.0089718087416682905
1.7397397397400000685, 0.0088578231123687678
1.7422422422420000832, 0.0087462240376530234
1.7447447447449999647, 0.0086369420797909810
1.7472472472469999794, 0.0085299103728823690
1.7497497497500000829, 0.0084250645077744712
1.7522522522520000976, 0.0083223424229916590
1.7547547547549999791, 0.0082216843013188518
1.7572572572569999938, 0.0081230324717047747
1.7597597597600000974, 0.0080263313161730299
1.7622622622619998900, 0.0079315271814495297
1.7647647647649999936, 0.0078385682950337984
1.7672672672670000082, 0.0077474046854592981
1.7697697697699998898, 0.0076579881065043081
1.7722722722719999044, 0.0075702719651301190
1.7747747747750000080, 0.0074842112529373891
1.7772772772770000227, 0.0073997624809447327
1.7797797797799999042, 0.0073168836175057702
1.7822822822819999189, 0.0072355340291923084
1.7847847847850000225, 0.0071556744244819313
1.7872872872870000371, 0.0070772668000981176
1.7897897897899999187, 0.0070002743898602863
1.7922922922919999333, 0.0069246616159097264
1.7947947947950000369, 0.0068503940421854020
1.7972972972970000516, 0.0067774383300311346
1.7997997997999999331, 0.0067057621958226520
1.8023023023019999478, 0.0066353343705095325
1.8048048048050000514, 0.0065661245609732006
1.8073073073070000660, 0.0064981034131078655
1.8098098098099999476, 0.0064312424765366255
1.8123123123119999622, 0.0063655141708799847
1.8148148148150000658, 0.0063008917534987602
1.8173173173170000805, 0.0062373492886377089
1.8198198198199999620, 0.0061748616179003665
1.8223223223219999767, 0.0061134043319894596
1.8248248248250000803, 0.0060529537436508733
1.8273273273270000949, 0.0059934868617625876
1.8298298298299999765, 0.0059349813665131607
1.8323323323319999911, 0.0058774155856174126
1.8348348348350000947, 0.0058207684715197022
1.8373373373370001094, 0.0057650195795379538
1.8398398398399999909, 0.0057101490469039697
1.8423423423420000056, 0.0056561375726580567
1.8448448448450001091, 0.0056029663983580740
1.8473473473469999018, 0.0055506172895651972
1.8498498498500000053, 0.0054990725180706053
1.8523523523520000200, 0.0054483148448291720
1.8548548548549999015, 0.0053983275035679673
1.8573573573569999162, 0.0053490941850390435
1.8598598598600000198, 0.0053005990218875313
1.8623623623620000345, 0.0052528265741075032
1.8648648648649999160, 0.0052057618150594901
1.8673673673669999307, 0.0051593901180248241
1.8698698698700000342, 0.0051136972432731988
1.8723723723720000489, 0.0050686693256210237
1.8748748748749999304, 0.0050242928624592590
1.8773773773769999451, 0.0049805547022304143
1.8798798798800000487, 0.0049374420333354561
1.8823823823820000634, 0.0048949423734522069
1.8848848848849999449, 0.0048530435592477978
1.8873873873869999596, 0.0048117337364684872
1.8898898898900000631, 0.0047710013503910187
1.8923923923920000778, 0.0047308351366203783
1.8948948948949999593, 0.0046912241122195851
1.8973973973969999740, 0.0046521575671577657
1.8998998999000000776, 0.0046136250560634348
1.9024024024020000923, 0.0045756163902704932
1.9049049049049999738, 0.0045381216301450603
1.9074074074069999885, 0.0045011310776817363
1.9099099099100000920, 0.0044646352693584954
1.9124124124120001067, 0.0044286249692398107
1.9149149149149999882, 0.0043930911623181711
1.9174174174170000029, 0.0043580250480844979
1.9199199199200001065, 0.0043234180343184837
1.9224224224219998991, 0.0042892617310901857
1.9249249249250000027, 0.0042555479449646726
1.9274274274270000173, 0.0042222686734018147
1.9299299299299998989, 0.0041894160993437030
1.9324324324319999135, 0.0041569825859824605
1.9349349349350000171, 0.0041249606717015958
1.9374374374370000318, 0.0040933430651842401
1.9399399399399999133, 0.0040621226406820019
1.9424424424419999280, 0.0040312924334383665
1.9449449449450000316, 0.0040008456352608468
1.9474474474470000462, 0.0039707755902363504
1.9499499499499999278, 0.0039410757905844473
1.9524524524519999424, 0.0039117398726434358
1.9549549549550000460, 0.0038827616129843310
1.9574574574570000607, 0.0038541349246481128
1.9599599599599999422, 0.0038258538535017204
1.9624624624619999569, 0.0037979125747085152
1.9649649649650000605, 0.0037703053893090748
1.9674674674670000751, 0.0037430267209083634
1.9699699699699999567, 0.0037160711124654758
1.9724724724719999713, 0.0036894332231823179
1.9749749749750000749, 0.0036631078254877104
1.9774774774770000896, 0.0036370898021135757
1.9799799799799999711, 0.0036113741432599556
1.9824824824819999858, 0.0035859559438457889
1.9849849849850000894, 0.0035608304008424435
1.9874874874870001040, 0.0035359928106871623
1.9899899899899999856, 0.0035114385667736701
1.9924924924920000002, 0.0034871631570172817
1.9949949949950001038, 0.0034631621614920009
1.9974974974969998964, 0.0034394312501371338
2.0000000000000000000, 0.0034159661805310973
