# k1_lab: [1, 0, 0]
# k2_lab: [-0.8660254037844387, 0.49999999999999994, 0.0]
# k1_cf: [-0.6644630243886748, -0.6644630243886748, -0.3420201433256687]
# k2_cf: [0.45451947767204376, 0.45451947767204376, 0.766044443118978]
# pol1_lab: [(0, 1, 0), (0, 0, 1)]
# pol2_lab: [array([-0.5      , -0.8660254,  0.       ]), array([0., 0., 1.])]
# pol1_cf: [array([-0.24184476, -0.24184476,  0.93969262]), array([-0.70710678,  0.70710678,  0.        ])]
# pol2_cf: [array([ 0.54167522,  0.54167522, -0.64278761]), array([-0.70710678,  0.70710678,  0.        ])]
# cf: [array([-0.66446302, -0.24184476, -0.70710678]), array([-0.66446302, -0.24184476,  0.70710678]), array([-0.34202014,  0.93969262,  0.        ])]
# th: 110
-0.5000000000000000000, 0.0074098528932321946
-0.4974974974974999964, 0.0074807025253359862
-0.4949949949949999928, 0.0075526094970177369
-0.4924924924924999892, 0.0076255951780466666
-0.4899899899899999856, 0.0076996814825246781
-0.4874874874874999819, 0.0077748908856258335
-0.4849849849849999783, 0.0078512464409396295
-0.4824824824824999747, 0.0079287717984432189
-0.4799799799800000266, 0.0080074912231286564
-0.4774774774775000230, 0.0080874296143126530
-0.4749749749750000194, 0.0081686125256576446
-0.4724724724725000158, 0.0082510661859341028
-0.4699699699700000122, 0.0083348175205558081
-0.4674674674675000086, 0.0084198941739210588
-0.4649649649650000049, 0.0085063245325944781
-0.4624624624625000013, 0.0085941377493657743
-0.4599599599599999977, 0.0086833637682236040
-0.4574574574574999941, 0.0087740333502844790
-0.4549549549549999905, 0.0088661781007187655
-0.4524524524524999869, 0.0089598304967177869
-0.4499499499499000077, 0.0090550239165483066
-0.4474474474474000041, 0.0091517926697429856
-0.4449449449449000005, 0.0092501720284779102
-0.4424424424423999969, 0.0093501982601907445
-0.4399399399398999932, 0.0094519086614959676
-0.4374374374373999896, 0.0095553415934564821
-0.4349349349348999860, 0.0096605365182738916
-0.4324324324323999824, 0.0097675340374631121
-0.4299299299298999788, 0.0098763759315803126
-0.4274274274273999752, 0.0099871052015768590
-0.4249249249249000271, 0.0100997661118557864
-0.4224224224224000235, 0.0102144042351113226
-0.4199199199199000199, 0.0103310664990364631
-0.4174174174174000163, 0.0104498012349880150
-0.4149149149149000126, 0.0105706582287034227
-0.4124124124124000090, 0.0106936887731689002
-0.4099099099099000054, 0.0108189457237437819
-0.4074074074074000018, 0.0109464835556518057
-0.4049049049048999982, 0.0110763584239562032
-0.4024024024023999946, 0.0112086282261420565
-0.3998998998998999910, 0.0113433526674362149
-0.3973973973973999874, 0.0114805933290025690
-0.3948948948948999838, 0.0116204137391581440
-0.3923923923923999801, 0.0117628794477640901
-0.3898898898898999765, 0.0119080581039542940
-0.3873873873873999729, 0.0120560195373737924
-0.3848848848849000248, 0.0122068358431095120
-0.3823823823824000212, 0.0123605814705061226
-0.3798798798799000176, 0.0125173333160717489
-0.3773773773774000140, 0.0126771708206900278
-0.3748748748749000104, 0.0128401760713682065
-0.3723723723724000068, 0.0130064339077649131
-0.3698698698699000031, 0.0131760320337558270
-0.3673673673673999995, 0.0133490611343115712
-0.3648648648648999959, 0.0135256149979786598
-0.3623623623623999923, 0.0137057906452729798
-0.3598598598598999887, 0.0138896884633138845
-0.3573573573573999851, 0.0140774123470483840
-0.3548548548548999815, 0.0142690698474364219
-0.3523523523523999779, 0.0144647723269924078
-0.3498498498497999987, 0.0146646351231032226
-0.3473473473472999951, 0.0148687777195703197
-0.3448448448447999914, 0.0150773239268527492
-0.3423423423422999878, 0.0152904020715190908
-0.3398398398397999842, 0.0155081451954500668
-0.3373373373372999806, 0.0157306912653697242
-0.3348348348347999770, 0.0159581833933217440
-0.3323323323322999734, 0.0161907700687492911
-0.3298298298298000253, 0.0164286054028816991
-0.3273273273273000217, 0.0166718493861796636
-0.3248248248248000181, 0.0169206681596424137
-0.3223223223223000145, 0.0171752343008367350
-0.3198198198198000108, 0.0174357271255679361
-0.3173173173173000072, 0.0177023330061782357
-0.3148148148148000036, 0.0179752457075282174
-0.3123123123123000000, 0.0182546667417934280
-0.3098098098097999964, 0.0185408057432897774
-0.3073073073072999928, 0.0188338808646307809
-0.3048048048047999892, 0.0191341191956157092
-0.3023023023022999856, 0.0194417572063512803
-0.2997997997997999819, 0.0197570412162231326
-0.2972972972972999783, 0.0200802278904547785
-0.2947947947947999747, 0.0204115847661247227
-0.2922922922923000266, 0.0207513908096564545
-0.2897897897898000230, 0.0210999370079517565
-0.2872872872873000194, 0.0214575269955086453
-0.2847847847848000158, 0.0218244777200491853
-0.2822822822823000122, 0.0222011201493841764
-0.2797797797798000086, 0.0225878000224609063
-0.2772772772773000050, 0.0229848786477786018
-0.2747747747748000013, 0.0233927337526176268
-0.2722722722722999977, 0.0238117603868123820
-0.2697697697697999941, 0.0242423718851091305
-0.2672672672672999905, 0.0246850008924901533
-0.2647647647647999869, 0.0251401004572173910
-0.2622622622622999833, 0.0256081451967564745
-0.2597597597597999797, 0.0260896325421891423
-0.2572572572572999761, 0.0265850840672113564
-0.2547547547547999724, 0.0270950469083539765
-0.2522522522523000243, 0.0276200952836530809
-0.2497497497496999896, 0.0281608321176488666
-0.2472472472472000138, 0.0287178907813079934
-0.2447447447447000102, 0.0292919369562541776
-0.2422422422422000066, 0.0298836706335628907
-0.2397397397397000030, 0.0304938282583383409
-0.2372372372371999993, 0.0311231850323532601
-0.2347347347346999957, 0.0317725573882101653
-0.2322322322321999921, 0.0324428056497838013
-0.2297297297296999885, 0.0331348368951509958
-0.2272272272272000126, 0.0338496080398167642
-0.2247247247247000090, 0.0345881291598281876
-0.2222222222222000054, 0.0353514670763493688
-0.2197197197197000018, 0.0361407492254790033
-0.2172172172171999982, 0.0369571678395540296
-0.2147147147146999946, 0.0378019844689303844
-0.2122122122121999910, 0.0386765348763048050
-0.2097097097096999874, 0.0395822343390786965
-0.2072072072072000115, 0.0405205833991181541
-0.2047047047047000079, 0.0414931741035866331
-0.2022022022022000043, 0.0425016967853840272
-0.1996996996997000007, 0.0435479474371905026
-0.1971971971971999971, 0.0446338357392706137
-0.1946946946946999935, 0.0457613938081405797
-0.1921921921921999898, 0.0469327857410524324
-0.1896896896896999862, 0.0481503180401334149
-0.1871871871872000104, 0.0494164510100899845
-0.1846846846847000068, 0.0507338112348192996
-0.1821821821822000032, 0.0521052052512726988
-0.1796796796796999995, 0.0535336345537256453
-0.1771771771771999959, 0.0550223120785072739
-0.1746746746746999923, 0.0565746803385586555
-0.1721721721721999887, 0.0581944313993086951
-0.1696696696697000128, 0.0598855289127338056
-0.1671671671672000092, 0.0616522324556388127
-0.1646646646647000056, 0.0634991244517941755
-0.1621621621622000020, 0.0654311399963404400
-0.1596596596596999984, 0.0674535999457158419
-0.1571571571571999948, 0.0695722476883375851
-0.1546546546546999912, 0.0717932900716451439
-0.1521521521521999876, 0.0741234430313995329
-0.1496496496496000084, 0.0765699825511692855
-0.1471471471471000048, 0.0791408016758911176
-0.1446446446446000011, 0.0818444744159377707
-0.1421421421420999975, 0.0846903275104606557
-0.1396396396395999939, 0.0876885211747866766
-0.1371371371370999903, 0.0908501401411087178
-0.1346346346345999867, 0.0941872965204022528
-0.1321321321321000108, 0.0977132462735710028
-0.1296296296296000072, 0.1014425213900467110
-0.1271271271271000036, 0.1053910802432787980
-0.1246246246246000000, 0.1095764790382414700
-0.1221221221220999964, 0.1140180678029948935
-0.1196196196196000067, 0.1187372150254723119
-0.1171171171171000031, 0.1237575658243773441
-0.1146146146145999994, 0.1291053395026153794
-0.1121121121120999958, 0.1348096735052431439
-0.1096096096096000061, 0.1409030222452088421
-0.1071071071071000025, 0.1474216210379513670
-0.1046046046045999989, 0.1544060275887830513
-0.1021021021020999953, 0.1619017562194347282
-0.0995995995996000055, 0.1699600234513446440
-0.0970970970971000019, 0.1786386278784674597
-0.0945945945945900063, 0.1880029927188106020
-0.0920920920920900027, 0.1981274063728100943
-0.0895895895895899991, 0.2090965051936188868
-0.0870870870870899955, 0.2210070541023109736
-0.0845845845845799998, 0.2339700954905381547
-0.0820820820820799962, 0.2481135561791559807
-0.0795795795795800065, 0.2635854276074489078
-0.0770770770770800029, 0.2805576680874363182
-0.0745745745745699934, 0.2992310209217788342
-0.0720720720720700037, 0.3198410027754740037
-0.0695695695695700000, 0.3426653991044659175
-0.0670670670670699964, 0.3680337166511499225
-0.0645645645645600008, 0.3963392001738043069
-0.0620620620620599972, 0.4280542412233654948
-0.0595595595595600005, 0.4637503203361327264
-0.0570570570570599969, 0.5041240754282723113
-0.0545545545545500013, 0.5500317482417198534
-0.0520520520520499977, 0.6025352375988862752
-0.0495495495495500010, 0.6629644602338806703
-0.0470470470470499974, 0.7330029779830316006
-0.0445445445445400018, 0.8148073820834720316
-0.0420420420420399982, 0.9111765694812727912
-0.0395395395395400015, 1.0257962806475280360
-0.0370370370370399979, 1.1635997769350094888
-0.0345345345345300023, 1.3313123482249207274
-0.0320320320320299987, 1.5382952314981330755
-0.0295295295295299985, 1.7978932542531702587
-0.0270270270270299984, 2.1296619308426585349
-0.0245245245245199993, 2.5631970999522093457
-0.0220220220220199991, 3.1450341859536030675
-0.0195195195195199990, 3.9517845037651628815
-0.0170170170170199989, 5.1168729010926652379
-0.0145145145145099998, 6.8896051958609794141
-0.0120120120120099996, 9.7797483764765509306
-0.0095095095095099995, 14.9608812481214883405
-0.0070070070070070000, 25.6009038258804189070
-0.0045045045045049997, 52.1864421404025975448
-0.0020020020020019998, 132.2958386885476613770
0.0005005005005005000, 209.2191095545993562155
0.0030030030030029999, 99.4382492413411256393
0.0055055055055059999, 68.7982288504774430749
0.0080080080080079993, 86.2747265118729274036
0.0105105105105099995, 46.0924585334058676267
0.0130130130130099997, 21.3341460050264402071
0.0155155155155200005, 12.2065421730453955718
0.0180180180180199989, 8.0079355732982531180
0.0205205205205199991, 5.7088451356520968361
0.0230230230230199992, 4.2985722150140226461
0.0255255255255299983, 3.3642930327609246177
0.0280280280280299984, 2.7102433916127131042
0.0305305305305299986, 2.2329846533517794249
0.0330330330330299987, 1.8732744240081349307
0.0355355355355400013, 1.5950132994616024185
0.0380380380380399979, 1.3750980204234659610
0.0405405405405400016, 1.1981424398538427223
0.0430430430430399982, 1.0535564719886352236
0.0455455455455500008, 0.9338458470143866652
0.0480480480480499975, 0.8335796778292905440
0.0505505505505500011, 0.7487406232303777109
0.0530530530530499977, 0.6763030481568920171
0.0555555555555600003, 0.6139517437015218349
0.0580580580580599970, 0.5598899034740000280
0.0605605605605600006, 0.5127052721937930269
0.0630630630630600042, 0.4712750924969415500
0.0655655655655699998, 0.4346974672025279984
0.0680680680680700034, 0.4022410427052236503
0.0705705705705699932, 0.3733076141993009189
0.0730730730730699968, 0.3474039845352696054
0.0755755755755800063, 0.3241205426782108323
0.0780780780780799960, 0.3031147843386411411
0.0805805805805799996, 0.2840985104737898115
0.0830830830830800032, 0.2668277926764459074
0.0855855855855899988, 0.2510950411757163492
0.0880880880880900025, 0.2367226856817227498
0.0905905905905900061, 0.2235581042349233383
0.0930930930930899958, 0.2114695256614110286
0.0955955955956000053, 0.2003426973956185519
0.0980980980980999950, 0.1900781593046663442
0.1006006006005999986, 0.1805890005831851941
0.1031031031031000023, 0.1717990041840384563
0.1056056056056000059, 0.1636411040185014598
0.1081081081080999956, 0.1560560960236296035
0.1106106106105999992, 0.1489915564005780124
0.1131131131131000028, 0.1424009297834923360
0.1156156156156000064, 0.1362427574715761869
0.1181181181180999962, 0.1304800216413411484
0.1206206206205999998, 0.1250795860207863652
0.1231231231231000034, 0.1200117171296309487
0.1256256256256000070, 0.1152496730795859181
0.1281281281281000106, 0.1107693492458551726
0.1306306306305999865, 0.1065489719880894637
0.1331331331330999901, 0.1025688331103306039
0.1356356356355999937, 0.0988110589782827953
0.1381381381380999973, 0.0952594092156015260
0.1406406406406000009, 0.0918991007235100549
0.1431431431431000045, 0.0887166534451358652
0.1456456456456000081, 0.0856997548553544847
0.1481481481481000118, 0.0828371406207676908
0.1506506506506999910, 0.0801184892603881843
0.1531531531531999946, 0.0775343289598157404
0.1556556556556999982, 0.0750759549615637872
0.1581581581582000018, 0.0727353561809366556
0.1606606606607000054, 0.0705051498879387256
0.1631631631632000090, 0.0683785234571863687
0.1656656656657000126, 0.0663491823246656620
0.1681681681681999885, 0.0644113034064967560
0.1706706706706999921, 0.0625594933339782000
0.1731731731731999957, 0.0607887509438477733
0.1756756756756999993, 0.0590944335352043965
0.1781781781782000029, 0.0574722264667662172
0.1806806806807000065, 0.0559181157216910030
0.1831831831832000101, 0.0544283631133578097
0.1856856856857000138, 0.0529994838454106998
0.1881881881881999896, 0.0516282261739256926
0.1906906906906999932, 0.0503115529495462704
0.1931931931931999968, 0.0490466248435121530
0.1956956956957000004, 0.0478307850842222687
0.1981981981982000041, 0.0466615455508014726
0.2007007007007000077, 0.0455365740874836347
0.2032032032032000113, 0.0444536829178103290
0.2057057057056999871, 0.0434108180509776287
0.2082082082081999908, 0.0424060495843802676
0.2107107107106999944, 0.0414375628167191756
0.2132132132131999980, 0.0405036500951394193
0.2157157157157000016, 0.0396027033278999463
0.2182182182182000052, 0.0387332071011884105
0.2207207207207000088, 0.0378937323449926172
0.2232232232232000124, 0.0370829304985281424
0.2257257257256999883, 0.0362995281306894776
0.2282282282281999919, 0.0355423219754072636
0.2307307307306999955, 0.0348101743457331220
0.2332332332331999991, 0.0341020088939839802
0.2357357357357000027, 0.0334168066884143744
0.2382382382382000063, 0.0327536025796926616
0.2407407407407000099, 0.0321114818329673937
0.2432432432432000136, 0.0314895770035645700
0.2457457457456999894, 0.0308870650363780724
0.2482482482481999930, 0.0303031645708322257
0.2507507507508000000, 0.0297371334349328630
0.2532532532533000036, 0.0291882663133921985
0.2557557557558000072, 0.0286558925761452657
0.2582582582583000108, 0.0281393742547708867
0.2607607607608000144, 0.0276381041554142198
0.2632632632633000180, 0.0271515040977898664
0.2657657657658000216, 0.0266790232707271487
0.2682682682683000253, 0.0262201366955280013
0.2707707707707999734, 0.0257743437891335900
0.2732732732732999770, 0.0253411670197594245
0.2757757757757999806, 0.0249201506482616547
0.2782782782782999842, 0.0245108595490420439
0.2807807807807999878, 0.0241128781048010749
0.2832832832832999914, 0.0237258091699001708
0.2857857857857999950, 0.0233492730975094209
0.2882882882882999986, 0.0229829068260967405
0.2907907907908000023, 0.0226263630211570935
0.2932932932933000059, 0.0222793092683996538
0.2957957957958000095, 0.0219414273148976005
0.2982982982983000131, 0.0216124123549706407
0.3008008008008000167, 0.0212919723578144371
0.3033033033033000203, 0.0209798274341108718
0.3058058058058000239, 0.0206757092390607647
0.3083083083083000275, 0.0203793604094655821
0.3108108108107999756, 0.0200905340326582929
0.3133133133132999792, 0.0198089931452432033
0.3158158158157999829, 0.0195345102597481585
0.3183183183182999865, 0.0192668669174298549
0.3208208208207999901, 0.0190058532655950560
0.3233233233232999937, 0.0187512676579154290
0.3258258258257999973, 0.0185029162763201763
0.3283283283283000009, 0.0182606127731462405
0.3308308308308000045, 0.0180241779323183603
0.3333333333333000081, 0.0177934393484121336
0.3358358358358000118, 0.0175682311225323143
0.3383383383383000154, 0.0173483935740088857
0.3408408408408000190, 0.0171337729669795436
0.3433433433433000226, 0.0169242212509893228
0.3458458458458000262, 0.0167195958147937571
0.3483483483482999743, 0.0165197592526057854
0.3508508508509000090, 0.0163245791420750970
0.3533533533534000126, 0.0161339278333336306
0.3558558558559000162, 0.0159476822484845362
0.3583583583584000198, 0.0157657236909495950
0.3608608608609000235, 0.0155879376641280057
0.3633633633634000271, 0.0154142136988530201
0.3658658658658999752, 0.0152444451891640201
0.3683683683683999788, 0.0150785292359427205
0.3708708708708999824, 0.0149163664979879186
0.3733733733733999860, 0.0147578610501303553
0.3758758758758999896, 0.0146029202480126852
0.3783783783783999932, 0.0144514545991815801
0.3808808808808999968, 0.0143033776401609788
0.3833833833834000004, 0.0141586058191937800
0.3858858858859000041, 0.0140170583843585907
0.3883883883884000077, 0.0138786572767848806
0.3908908908909000113, 0.0137433270287055098
0.3933933933934000149, 0.0136109946661015398
0.3958958958959000185, 0.0134815896157071749
0.3983983983984000221, 0.0133550436161566990
0.4009009009009000257, 0.0132312906330673847
0.4034034034033999738, 0.0131102667778634149
0.4059059059058999774, 0.0129919102301576453
0.4084084084083999810, 0.0128761611635173599
0.4109109109108999847, 0.0127629616744503460
0.4134134134133999883, 0.0126522557144561794
0.4159159159158999919, 0.0125439890249964443
0.4184184184183999955, 0.0124381090752453093
0.4209209209208999991, 0.0123345650024892957
0.4234234234234000027, 0.0122333075550524854
0.4259259259259000063, 0.0121342890376295795
0.4284284284284000099, 0.0120374632589157655
0.4309309309309000136, 0.0119427854814281257
0.4334334334334000172, 0.0118502123734188156
0.4359359359359000208, 0.0117597019627855501
0.4384384384384000244, 0.0116712135928897804
0.4409409409408999725, 0.0115847078801976401
0.4434434434433999761, 0.0115001466736631697
0.4459459459458999797, 0.0114174930157772657
0.4484484484483999833, 0.0113367111052099998
0.4509509509510000180, 0.0112577662609774920
0.4534534534535000216, 0.0111806248880679162
0.4559559559560000253, 0.0111052544444648418
0.4584584584584999734, 0.0110316234095088495
0.4609609609609999770, 0.0109597012535416344
0.4634634634634999806, 0.0108894584087794871
0.4659659659659999842, 0.0108208662413656273
0.4684684684684999878, 0.0107538970245536110
0.4709709709709999914, 0.0106885239129760820
0.4734734734734999950, 0.0106247209179557434
0.4759759759759999986, 0.0105624628838173699
0.4784784784785000022, 0.0105017254651617407
0.4809809809810000059, 0.0104424851050644377
0.4834834834835000095, 0.0103847190141640386
0.4859859859860000131, 0.0103284051506063353
0.4884884884885000167, 0.0102735222008125231
0.4909909909910000203, 0.0102200495610411876
0.4934934934935000239, 0.0101679673197151606
0.4959959959960000275, 0.0101172562404860094
0.4984984984984999756, 0.0100678977460100429
0.5010010010009999792, 0.0100198739024112797
0.5035035035035000384, 0.0099731674044078664
0.5060060060059999865, 0.0099277615610796725
0.5085085085085000456, 0.0098836402822560995
0.5110110110109999937, 0.0098407880655039526
0.5135135135135000528, 0.0097991899836964644
0.5160160160160000009, 0.0097588316731455245
0.5185185185184999490, 0.0097196993222800829
0.5210210210210000081, 0.0096817796608546468
0.5235235235234999562, 0.0096450599496726991
0.5260260260260000154, 0.0096095279708106277
0.5285285285284999635, 0.0095751720183287169
0.5310310310310000226, 0.0095419808894563890
0.5335335335334999707, 0.0095099438762397733
0.5360360360360000298, 0.0094790507576403421
0.5385385385384999779, 0.0094492917920740559
0.5410410410410000370, 0.0094206577103812562
0.5435435435434999851, 0.0093931397092180437
0.5460460460460000442, 0.0093667294448607028
0.5485485485484999924, 0.0093414190274152716
0.5510510510510999715, 0.0093172010154249241
0.5535535535536000307, 0.0092940684108686299
0.5560560560560999788, 0.0092720146545448960
0.5585585585586000379, 0.0092510336218351655
0.5610610610610999860, 0.0092311196188419337
0.5635635635636000451, 0.0092122673788971980
0.5660660660660999932, 0.0091944720594374536
0.5685685685686000523, 0.0091777292392419309
0.5710710710711000004, 0.0091620349160313856
0.5735735735735999485, 0.0091473855044251710
0.5760760760761000077, 0.0091337778342550427
0.5785785785785999558, 0.0091212091492344424
0.5810810810811000149, 0.0091096771059827296
0.5835835835835999630, 0.0090991797734042840
0.5860860860861000221, 0.0090897156324229178
0.5885885885885999702, 0.0090812835760725966
0.5910910910911000293, 0.0090738829099460579
0.5935935935935999774, 0.0090675133530033272
0.5960960960961000366, 0.0090621750387428826
0.5985985985985999847, 0.0090578685167385445
0.6011011011011000438, 0.0090545947545460116
0.6036036036035999919, 0.0090523551399832730
0.6061061061061000510, 0.0090511514837899511
0.6086086086085999991, 0.0090509860226710703
0.6111111111110999472, 0.0090518614227315143
0.6136136136136000063, 0.0090537807833079905
0.6161161161160999544, 0.0090567476412059394
0.6186186186186000135, 0.0090607659753497161
0.6211211211210999616, 0.0090658402118547719
0.6236236236236000208, 0.0090719752295316397
0.6261261261260999689, 0.0090791763658319181
0.6286286286286000280, 0.0090874494232476080
0.6311311311310999761, 0.0090968006761756662
0.6336336336336000352, 0.0091072368782606442
0.6361361361360999833, 0.0091187652702292010
0.6386386386386000424, 0.0091313935882310366
0.6411411411410999905, 0.0091451300727019829
0.6436436436436000497, 0.0091599834777657731
0.6461461461460999978, 0.0091759630811922704
0.6486486486485999459, 0.0091930786949308875
0.6511511511512000361, 0.0092113406762392089
0.6536536536536999842, 0.0092307599394279398
0.6561561561562000433, 0.0092513479682447362
0.6586586586586999914, 0.0092731168289206072
0.6611611611612000505, 0.0092960791839042343
0.6636636636636999986, 0.0093202483063108740
0.6661661661661999467, 0.0093456380951141942
0.6686686686687000059, 0.0093722630911109110
0.6711711711711999540, 0.0094001384936900946
0.6736736736737000131, 0.0094292801784405730
0.6761761761761999612, 0.0094597047156320443
0.6786786786787000203, 0.0094914293896074566
0.6811811811811999684, 0.0095244722191264990
0.6836836836837000275, 0.0095588519787021872
0.6861861861861999756, 0.0095945882209752115
0.6886886886887000347, 0.0096317013001732017
0.6911911911911999828, 0.0096702123967047273
0.6936936936937000420, 0.0097101435429409553
0.6961961961961999901, 0.0097515176502408971
0.6986986986987000492, 0.0097943585372794826
0.7012012012011999973, 0.0098386909597411656
0.7037037037036999454, 0.0098845406414456091
0.7062062062062000045, 0.0099319343069758058
0.7087087087086999526, 0.0099808997158833228
0.7112112112112000117, 0.0100314656985497561
0.7137137137136999598, 0.0100836621937883571
0.7162162162162000190, 0.0101375202882748056
0.7187187187186999671, 0.0101930722579014754
0.7212212212212000262, 0.0102503516111555858
0.7237237237236999743, 0.0103093931346274342
0.7262262262262000334, 0.0103702329407618192
0.7287287287286999815, 0.0104329085179726590
0.7312312312312000406, 0.0104974587832483267
0.7337337337336999887, 0.0105639241373833605
0.7362362362362000479, 0.0106323465229807429
0.7387387387386999960, 0.0107027694853781812
0.7412412412412000551, 0.0107752382366616654
0.7437437437437000032, 0.0108497997229402877
0.7462462462461999513, 0.0109265026950673347
0.7487487487487000104, 0.0110053977830051712
0.7512512512512999896, 0.0110865375740442675
0.7537537537538000487, 0.0111699766951006731
0.7562562562562999968, 0.0112557718993314612
0.7587587587587999449, 0.0113439821573236704
0.7612612612613000040, 0.0114346687531296908
0.7637637637637999521, 0.0115278953854407069
0.7662662662663000113, 0.0116237282742100226
0.7687687687687999594, 0.0117222362730595719
0.7712712712713000185, 0.0118234909878264793
0.7737737737737999666, 0.0119275669016315634
0.7762762762763000257, 0.0120345415068788819
0.7787787787787999738, 0.0121444954446247588
0.7812812812813000329, 0.0122575126517863574
0.7837837837837999810, 0.0123736805166942219
0.7862862862863000402, 0.0124930900435299922
0.7887887887887999883, 0.0126158360262308838
0.7912912912913000474, 0.0127420172324856085
0.7937937937937999955, 0.0128717365984936539
0.7962962962963000546, 0.0130051014352106590
0.7987987987988000027, 0.0131422236468581206
0.8013013013012999508, 0.0132832199625354114
0.8038038038038000099, 0.0134282121818377516
0.8063063063062999580, 0.0135773274354543602
0.8088088088088000172, 0.0137306984617984133
0.8113113113112999653, 0.0138884639008043757
0.8138138138138000244, 0.0140507686061199719
0.8163163163162999725, 0.0142177639770197477
0.8188188188188000316, 0.0143896083114763949
0.8213213213212999797, 0.0145664671819447436
0.8238238238238000388, 0.0147485138355436841
0.8263263263262999869, 0.0149359296204634139
0.8288288288288000460, 0.0151289044405812090
0.8313313313312999941, 0.0153276372404396385
0.8338338338338000533, 0.0155323365229283212
0.8363363363363000014, 0.0157432209022156412
0.8388388388387999495, 0.0159605196947026282
0.8413413413413000086, 0.0161844735510194154
0.8438438438437999567, 0.0164153351323572116
0.8463463463463000158, 0.0166533698347302826
0.8488488488487999639, 0.0168988565650934133
0.8513513513514000541, 0.0171520885736064742
0.8538538538539000022, 0.0174133743467424357
0.8563563563563999503, 0.0176830385663811866
0.8588588588589000095, 0.0179614231405278851
0.8613613613613999576, 0.0182488883118417274
0.8638638638639000167, 0.0185458138507699419
0.8663663663663999648, 0.0188526003407577802
0.8688688688689000239, 0.0191696705637551396
0.8713713713713999720, 0.0194974709950780367
0.8738738738739000311, 0.0198364734176136072
0.8763763763763999792, 0.0201871766663966404
0.8788788788789000384, 0.0205501085157475949
0.8813813813813999865, 0.0209258277224585038
0.8838838838839000456, 0.0213149262399689177
0.8863863863863999937, 0.0217180316201030718
0.8888888888889000528, 0.0221358096207695601
0.8913913913914000009, 0.0225689670400839038
0.8938938938938999490, 0.0230182547996884944
0.8963963963964000081, 0.0234844713026592378
0.8988988988988999562, 0.0239684660943349608
0.9014014014014000153, 0.0244711438577412260
0.9039039039038999634, 0.0249934687790577571
0.9064064064064000226, 0.0255364693228600434
0.9089089089088999707, 0.0261012434617357986
0.9114114114114000298, 0.0266889644104132163
0.9139139139138999779, 0.0273008869208525538
0.9164164164164000370, 0.0279383542019633960
0.9189189189188999851, 0.0286028055358550568
0.9214214214214000442, 0.0292957846719838419
0.9239239239238999923, 0.0300189490914115412
0.9264264264264000515, 0.0307740802458780806
0.9289289289288999996, 0.0315630948907868053
0.9314314314313999477, 0.0323880576478249096
0.9339339339339000068, 0.0332511949521948555
0.9364364364363999549, 0.0341549105617575260
0.9389389389389000140, 0.0351018028313527311
0.9414414414413999621, 0.0360946839858209342
0.9439439439439000212, 0.0371366016605912119
0.9464464464463999693, 0.0382308630200972194
0.9489489489489000285, 0.0393810618128735135
0.9514514514515000076, 0.0405911087793861883
0.9539539539539999558, 0.0418652658961689850
0.9564564564565000149, 0.0432081850197388664
0.9589589589589999630, 0.0446249515886295786
0.9614614614615000221, 0.0461211341548092429
0.9639639639639999702, 0.0477028406506283115
0.9664664664665000293, 0.0493767824590482379
0.9689689689689999774, 0.0511503475491623741
0.9714714714715000365, 0.0530316841733752264
0.9739739739739999846, 0.0550297969063092626
0.9764764764765000438, 0.0571546571502649786
0.9789789789789999919, 0.0594173306526276784
0.9814814814815000510, 0.0618301250957231513
0.9839839839839999991, 0.0644067614532247562
0.9864864864864999472, 0.0671625735899389759
0.9889889889890000063, 0.0701147415532084733
0.9914914914914999544, 0.0732825652155298518
0.9939939939940000135, 0.0766877864460745046
0.9964964964964999616, 0.0803549699013314245
0.9989989989990000208, 0.0843119549476836899
1.0015015015019999023, 0.0885903943151447743
1.0040040040039999170, 0.0932263990373171092
1.0065065065070000205, 0.0982613143350456048
1.0090090090090000352, 0.1037426577265414124
1.0115115115119999167, 0.1097252593100856710
1.0140140140139999314, 0.1162726555780490695
1.0165165165170000350, 0.1234588032735506880
1.0190190190190000497, 0.1313702000868553765
1.0215215215219999312, 0.1401085263864453589
1.0240240240239999459, 0.1497939595304160487
1.0265265265270000494, 0.1605693637321536915
1.0290290290290000641, 0.1726056300211547823
1.0315315315319999456, 0.1861085415672221743
1.0340340340339999603, 0.2013276831386232313
1.0365365365370000639, 0.2185681205920767534
1.0390390390390000785, 0.2382058794851693584
1.0415415415419999601, 0.2607087025020383697
1.0440440440439999747, 0.2866642461610323100
1.0465465465470000783, 0.3168189243599186522
1.0490490490490000930, 0.3521322485318125750
1.0515515515519999745, 0.3938541454155510269
1.0540540540539999892, 0.4436370496199047997
1.0565565565570000928, 0.5037018347743973390
1.0590590590590001074, 0.5770892398096453269
1.0615615615619999890, 0.6680509868848438781
1.0640640640640000036, 0.7826766285208489604
1.0665665665670001072, 0.9299331082577872998
1.0690690690689998998, 1.1234582066712373027
1.0715715715720000034, 1.3848007895433067649
1.0740740740740000181, 1.7496040706239750495
1.0765765765769998996, 2.2802068467366485294
1.0790790790789999143, 3.0934756095481414917
1.0815815815820000179, 4.4287666890529244768
1.0840840840840000325, 6.8364768881244568632
1.0865865865869999141, 11.7940448354041649281
1.0890890890889999287, 24.1452866467781070980
1.0915915915920000323, 61.6806882516582106746
1.0940940940940000470, 108.5513439118513900894
1.0965965965969999285, 48.9607354006015569325
1.0990990990989999432, 20.0674084357118154287
1.1016016016020000468, 10.2682092079379554406
1.1041041041040000614, 6.1344683263751749180
1.1066066066069999430, 4.0552482815499804047
1.1091091091089999576, 2.8737459462335932514
1.1116116116120000612, 2.1414598065013623618
1.1141141141140000759, 1.6574529736333090124
1.1166166166169999574, 1.3213820586508611132
1.1191191191189999721, 1.0787766673948586682
1.1216216216220000756, 0.8980550793971298074
1.1241241241240000903, 0.7599060132785807609
1.1266266266269999718, 0.6519924527231790723
1.1291291291289999865, 0.5661384751176256058
1.1316316316320000901, 0.4967544039600576555
1.1341341341340001048, 0.4399150898850212044
1.1366366366369999863, 0.3927994751570290655
1.1391391391390000010, 0.3533383725244122475
1.1416416416420001045, 0.3199866019971628339
1.1441441441439998972, 0.2915717661141046801
1.1466466466470000007, 0.2671915840540345921
1.1491491491490000154, 0.2461427635309882678
1.1516516516519998969, 0.2278708154102658812
1.1541541541539999116, 0.2119340568419394721
1.1566566566570000152, 0.1979774034762571411
1.1591591591590000299, 0.1857130285913813905
1.1616616616619999114, 0.1749059133420909629
1.1641641641639999261, 0.1653629303430999564
1.1666666666670000296, 0.1569245135455357709
1.1691691691690000443, 0.1494582448458251500
1.1716716716719999258, 0.1428538781904496457
1.1741741741739999405, 0.1370194543671885423
1.1766766766770000441, 0.1318782530897942562
1.1791791791790000588, 0.1273663957767961485
1.1816816816819999403, 0.1234309608491552801
1.1841841841839999550, 0.1200285090091314372
1.1866866866870000585, 0.1171239426538620426
1.1891891891890000732, 0.1146896440128650080
1.1916916916919999547, 0.1127048527115327992
1.1941941941939999694, 0.1111552566892203969
1.1966966966970000730, 0.1100327818647295619
1.1991991991990000876, 0.1093355765920189931
1.2017017017019999692, 0.1090681976692317728
1.2042042042039999838, 0.1092420163811733125
1.2067067067070000874, 0.1098758768547006270
1.2092092092090001021, 0.1109970562807566924
1.2117117117119999836, 0.1126425992137080334
1.2142142142139999983, 0.1148611289315826095
1.2167167167170001019, 0.1177152817724279876
1.2192192192189998945, 0.1212849715789106053
1.2217217217219999981, 0.1256717803660465649
1.2242242242240000127, 0.1310049030371675527
1.2267267267269998943, 0.1374492724929020915
1.2292292292289999089, 0.1452167963775995441
1.2317317317320000125, 0.1545821144584532125
1.2342342342340000272, 0.1659050505965155575
1.2367367367369999087, 0.1796631874121999983
1.2392392392389999234, 0.1965001021550696336
1.2417417417420000270, 0.2172984577353090918
1.2442442442440000416, 0.2432936823909921109
1.2467467467469999232, 0.2762561037839516564
1.2492492492489999378, 0.3187928595467665049
1.2517517517520000414, 0.3748684480923096807
1.2542542542540000561, 0.4507445461324554592
1.2567567567569999376, 0.5567718836097172996
1.2592592592589999523, 0.7110381625522261828
1.2617617617620000559, 0.9474146379718206834
1.2642642642640000705, 1.3351724434155674004
1.2667667667669999521, 2.0332904491913263989
1.2692692692689999667, 3.4674069812308259131
1.2717717717720000703, 7.0286562057259658332
1.2742742742740000850, 17.8388628501540011939
1.2767767767769999665, 31.9183577229704162903
1.2792792792789999812, 14.5881413571378146798
1.2817817817820000847, 5.9886381401111377087
1.2842842842840000994, 3.0799374690208738414
1.2867867867869999809, 1.8570761652469969238
1.2892892892889999956, 1.2437160242591471793
1.2917917917920000992, 0.8961078146216605589
1.2942942942939998918, 0.6813066038763352372
1.2967967967969999954, 0.5398626250921072511
1.2992992992990000101, 0.4421325794452554137
1.3018018018019998916, 0.3720459032762749030
1.3043043043039999063, 0.3202968014518888795
1.3068068068070000098, 0.2812031030062546177
1.3093093093090000245, 0.2511411763348826431
1.3118118118119999060, 0.2277153787185806078
1.3143143143139999207, 0.2092935202876156087
1.3168168168170000243, 0.1947352453271256612
1.3193193193190000390, 0.1832270770296934859
1.3218218218219999205, 0.1741789215510687328
1.3243243243239999352, 0.1671572864816239512
1.3268268268270000387, 0.1618411454389413473
1.3293293293290000534, 0.1579921813013593357
1.3318318318319999349, 0.1554344071279325501
1.3343343343339999496, 0.1540400634554505155
1.3368368368370000532, 0.1537198286239695455
1.3393393393390000679, 0.1544160800194400440
1.3418418418419999494, 0.1560983888507917472
1.3443443443439999641, 0.1587607223736463014
1.3468468468470000676, 0.1624200261947099100
1.3493493493490000823, 0.1671160027500011025
1.3518518518519999638, 0.1729120143463135917
1.3543543543539999785, 0.1798971371858116286
1.3568568568570000821, 0.1881894900220371647
1.3593593593590000967, 0.1979410702617861451
1.3618618618619999783, 0.2093444658573073436
1.3643643643639999929, 0.2226419920771993965
1.3668668668670000965, 0.2381380552493816416
1.3693693693689998891, 0.2562159119266338436
1.3718718718719999927, 0.2773605364225913417
1.3743743743740000074, 0.3021901373698421267
1.3768768768770001110, 0.3315001495577604151
1.3793793793789999036, 0.3663255685546394913
1.3818818818820000072, 0.4080308133042120367
1.3843843843840000218, 0.4584418329210813159
1.3868868868869999034, 0.5200446565810261657
1.3893893893889999180, 0.5962913570542196506
1.3918918918920000216, 0.6920851161081260638
1.3943943943940000363, 0.8145746067239961752
1.3968968968969999178, 0.9745045575664930126
1.3993993993989999325, 1.1886142446894514269
1.4019019019020000361, 1.4841217270704294418
1.4044044044040000507, 1.9076391913913570697
1.4069069069069999323, 2.5442735301121910396
1.4094094094089999469, 3.5625179178912453892
1.4119119119120000505, 5.3328556598015470769
1.4144144144140000652, 8.7918161073592262511
1.4169169169169999467, 16.7885608578892053799
1.4194194194189999614, 39.8198353788256440566
1.4219219219220000650, 95.5466254015169056402
1.4244244244240000796, 63.8774589485822943402
1.4269269269269999612, 24.5877093141065934390
1.4294294294289999758, 11.7002141936786454579
1.4319319319320000794, 6.6679041058981383117
1.4344344344340000941, 4.2720782360514775178
1.4369369369369999756, 2.9615668292828920549
1.4394394394389999903, 2.1712346965637134844
1.4419419419420000938, 1.6593712282356509746
1.4444444444440001085, 1.3094310898942331800
1.4469469469469999900, 1.0598469439319975205
1.4494494494490000047, 0.8756866144750286018
1.4519519519520001083, 0.7359625870354047361
1.4544544544539999009, 0.6274607316831557480
1.4569569569570000045, 0.5415302321943964436
1.4594594594590000192, 0.4723178467751285581
1.4619619619619999007, 0.4157497946992684823
1.4644644644639999154, 0.3689206211207114450
1.4669669669670000189, 0.3297133829184822340
1.4694694694690000336, 0.2965563315202608408
1.4719719719719999151, 0.2682628233353934188
1.4744744744739999298, 0.2439234671404781896
1.4769769769770000334, 0.2228319119166831674
1.4794794794790000481, 0.2044328037083850136
1.4819819819819999296, 0.1882846578786010472
1.4844844844839999443, 0.1740329565654934463
1.4869869869870000478, 0.1613903766267786033
1.4894894894890000625, 0.1501220680886773129
1.4919919919919999440, 0.1400345613391380528
1.4944944944939999587, 0.1309673160564829297
1.4969969969970000623, 0.1227862168241349167
1.4994994994990000770, 0.1153785194766832889
1.5020020020019999585, 0.1086488899296729621
1.5045045045050000621, 0.1025162737553100417
1.5070070070070000767, 0.0969114032375198026
1.5095095095099999583, 0.0917747977771521672
1.5120120120119999729, 0.0870551491599001748
1.5145145145150000765, 0.0827080093127812027
1.5170170170170000912, 0.0786947174881689193
1.5195195195199999727, 0.0749815182252532991
1.5220220220219999874, 0.0715388322821205458
1.5245245245250000909, 0.0683406509550493341
1.5270270270270001056, 0.0653640304849571890
1.5295295295299999871, 0.0625886680859193967
1.5320320320320000018, 0.0599965448761810155
1.5345345345350001054, 0.0575716239122254989
1.5370370370369998980, 0.0552995938168587553
1.5395395395400000016, 0.0531676502992068853
1.5420420420420000163, 0.0511643092978928821
1.5445445445449998978, 0.0492792466216518815
1.5470470470469999125, 0.0475031598777420141
1.5495495495500000160, 0.0458276492162065369
1.5520520520520000307, 0.0442451140148819172
1.5545545545549999122, 0.0427486631150323371
1.5570570570569999269, 0.0413320366132368527
1.5595595595600000305, 0.0399895375394447722
1.5620620620620000452, 0.0387159720178283165
1.5645645645649999267, 0.0375065967272918133
1.5670670670669999414, 0.0363570726609846948
1.5695695695700000449, 0.0352634243358923363
1.5720720720720000596, 0.0342220037301896526
1.5745745745749999411, 0.0332294583319919026
1.5770770770769999558, 0.0322827027721083529
1.5795795795800000594, 0.0313788935883306114
1.5820820820820000741, 0.0305154067320577843
1.5845845845849999556, 0.0296898174816690869
1.5870870870869999703, 0.0288998824725632819
1.5895895895900000738, 0.0281435235925482606
1.5920920920920000885, 0.0274188135243549555
1.5945945945949999700, 0.0267239627453602809
1.5970970970969999847, 0.0260573078189052405
1.5995995996000000883, 0.0254173008324746902
1.6021021021020001029, 0.0248024998560084919
1.6046046046049999845, 0.0242115603091624457
1.6071071071069999991, 0.0236432271397868446
1.6096096096100001027, 0.0230963277275680195
1.6121121121119998953, 0.0225697654369137191
1.6146146146149999989, 0.0220625137519963668
1.6171171171170000136, 0.0215736109345711045
1.6196196196199998951, 0.0211021551519181665
1.6221221221219999098, 0.0206473000281540212
1.6246246246250000134, 0.0202082505773261041
1.6271271271270000280, 0.0197842594812485395
1.6296296296299999096, 0.0193746236790337117
1.6321321321319999242, 0.0189786812387986899
1.6346346346350000278, 0.0185958084851363045
1.6371371371370000425, 0.0182254173586914175
1.6396396396399999240, 0.0178669529866191806
1.6421421421419999387, 0.0175198914448622713
1.6446446446450000423, 0.0171837376951026466
1.6471471471470000569, 0.0168580236809499351
1.6496496496499999385, 0.0165423065694479260
1.6521521521519999531, 0.0162361671253359874
1.6546546546550000567, 0.0159392082067122097
1.6571571571570000714, 0.0156510533718267619
1.6596596596599999529, 0.0153713455877027352
1.6621621621619999676, 0.0150997460321492406
1.6646646646650000712, 0.0148359329815108704
1.6671671671670000858, 0.0145796007771970236
1.6696696696699999674, 0.0143304588646641085
1.6721721721719999820, 0.0140882308990901463
1.6746746746750000856, 0.0138526539124923000
1.6771771771770001003, 0.0136234775374985094
1.6796796796799999818, 0.0134004632834010609
1.6821821821819999965, 0.0131833838604960996
1.6846846846850001000, 0.0129720225490541699
1.6871871871869998927, 0.0127661726095754137
1.6896896896899999962, 0.0125656367312632564
1.6921921921920000109, 0.0123702265159044422
1.6946946946949998924, 0.0121797619945744999
1.6971971971969999071, 0.0119940711747975846
1.6996996997000000107, 0.0118129896159809740
1.7022022022020000254, 0.0116363600311188108
1.7047047047049999069, 0.0114640319129183342
1.7072072072069999216, 0.0112958611826471308
1.7097097097100000251, 0.0111317098601321201
1.7122122122120000398, 0.0109714457534623201
1.7147147147149999213, 0.0108149421670579622
1.7172172172169999360, 0.0106620776268702006
1.7197197197200000396, 0.0105127356215684031
1.7222222222220000543, 0.0103668043586573975
1.7247247247249999358, 0.0102241765345451787
1.7272272272269999505, 0.0100847491176534292
1.7297297297300000540, 0.0099484231437293093
1.7322322322320000687, 0.0098151035225775875
1.7347347347349999502, 0.0096846988554881667
1.7372372372369999649, 0.0095571212626854342
1.7397397397400000685, 0.0094322862201734609
1.7422422422420000832, 0.0093101124053946577
1.7447447447449999647, 0.0091905215511599442
1.7472472472469999794, 0.0090734383073458290
1.7497497497500000829, 0.0089587901098881796
1.7522522522520000976, 0.0088465070566343014
1.7547547547549999791, 0.0087365217896444719
1.7572572572569999938, 0.0086287693835613820
1.7597597597600000974, 0.0085231872396910654
1.7622622622619998900, 0.0084197149854625779
1.7647647647649999936, 0.0083182943789550587
1.7672672672670000082, 0.0082188692182013443
1.7697697697699998898, 0.0081213852549957399
1.7722722722719999044, 0.0080257901129510006
1.7747747747750000080, 0.0079320332095659026
1.7772772772770000227, 0.0078400656820794990
1.7797797797799999042, 0.0077498403169024427
1.7822822822819999189, 0.0076613114824285976
1.7847847847850000225, 0.0075744350650423006
1.7872872872870000371, 0.0074891684081479937
1.7897897897899999187, 0.0074054702540594358
1.7922922922919999333, 0.0073233006885955292
1.7947947947950000369, 0.0072426210882389711
1.7972972972970000516, 0.0071633940697225255
1.7997997997999999331, 0.0070855834419156372
1.8023023023019999478, 0.0070091541598917137
1.8048048048050000514, 0.0069340722810632095
1.8073073073070000660, 0.0068603049232783733
1.8098098098099999476, 0.0067878202247795092
1.8123123123119999622, 0.0067165873059283517
1.8148148148150000658, 0.0066465762326096064
1.8173173173170000805, 0.0065777579812285819
1.8198198198199999620, 0.0065101044052237322
1.8223223223219999767, 0.0064435882030191849
1.8248248248250000803, 0.0063781828873465994
1.8273273273270000949, 0.0063138627558695379
1.8298298298299999765, 0.0062506028630471781
1.8323323323319999911, 0.0061883789931776899
1.8348348348350000947, 0.0061271676345647482
1.8373373373370001094, 0.0060669459547537611
1.8398398398399999909, 0.0060076917767872082
1.8423423423420000056, 0.0059493835564311641
1.8448448448450001091, 0.0058920003603276389
1.8473473473469999018, 0.0058355218450297361
1.8498498498500000053, 0.0057799282368788465
1.8523523523520000200, 0.0057252003126852542
1.8548548548549999015, 0.0056713193811754829
1.8573573573569999162, 0.0056182672651716109
1.8598598598600000198, 0.0055660262844695321
1.8623623623620000345, 0.0055145792393848569
1.8648648648649999160, 0.0054639093949366679
1.8673673673669999307, 0.0054140004656408631
1.8698698698700000342, 0.0053648366008862431
1.8723723723720000489, 0.0053164023708677909
1.8748748748749999304, 0.0052686827530528764
1.8773773773769999451, 0.0052216631191572939
1.8798798798800000487, 0.0051753292226091804
1.8823823823820000634, 0.0051296671864798932
1.8848848848849999449, 0.0050846634918619658
1.8873873873869999596, 0.0050403049666751954
1.8898898898900000631, 0.0049965787748828261
1.8923923923920000778, 0.0049534724061006249
1.8948948948949999593, 0.0049109736655824961
1.8973973973969999740, 0.0048690706645670035
1.8998998999000000776, 0.0048277518109699283
1.9024024024020000923, 0.0047870058004086703
1.9049049049049999738, 0.0047468216075449449
1.9074074074069999885, 0.0047071884777328682
1.9099099099100000920, 0.0046680959189600961
1.9124124124120001067, 0.0046295336940702456
1.9149149149149999882, 0.0045914918132553733
1.9174174174170000029, 0.0045539605268077529
1.9199199199200001065, 0.0045169303181207361
1.9224224224219998991, 0.0044803918969288630
1.9249249249250000027, 0.0044443361927778771
1.9274274274270000173, 0.0044087543487156839
1.9299299299299998989, 0.0043736377151957157
1.9324324324319999135, 0.0043389778441844688
1.9349349349350000171, 0.0043047664834654428
1.9374374374370000318, 0.0042709955711319305
1.9399399399399999133, 0.0042376572302615222
1.9424424424419999280, 0.0042047437637654402
1.9449449449450000316, 0.0041722476494061508
1.9474474474470000462, 0.0041401615349769220
1.9499499499499999278, 0.0041084782336373287
1.9524524524519999424, 0.0040771907193989159
1.9549549549550000460, 0.0040462921227554776
1.9574574574570000607, 0.0040157757264526490
1.9599599599599999422, 0.0039856349613917180
1.9624624624619999569, 0.0039558634026627872
1.9649649649650000605, 0.0039264547657025970
1.9674674674670000751, 0.0038974029025725214
1.9699699699699999567, 0.0038687017983524358
1.9724724724719999713, 0.0038403455676463173
1.9749749749750000749, 0.0038123284511956063
1.9774774774770000896, 0.0037846448125965376
1.9799799799799999711, 0.0037572891351177569
1.9824824824819999858, 0.0037302560186147429
1.9849849849850000894, 0.0037035401765376213
1.9874874874870001040, 0.0036771364330291708
1.9899899899899999856, 0.0036510397201098754
1.9924924924920000002, 0.0036252450749470382
1.9949949949950001038, 0.0035997476372050855
1.9974974974969998964, 0.0035745426464742908
2.0000000000000000000, 0.0035496254397752456
