# k1_lab: [1, 0, 0]
# k2_lab: [-0.8660254037844387, 0.49999999999999994, 0.0]
# k1_cf: [-0.35355339059327373, -0.35355339059327373, -0.8660254037844387]
# k2_cf: [0.0, 0.0, 1.0]
# pol1_lab: [(0, 1, 0), (0, 0, 1)]
# pol2_lab: [array([-0.5      , -0.8660254,  0.       ]), array([0., 0., 1.])]
# pol1_cf: [array([-0.61237244, -0.61237244,  0.5       ]), array([-0.70710678,  0.70710678,  0.        ])]
# pol2_cf: [array([0.70710678, 0.70710678, 0.        ]), array([-0.70710678,  0.70710678,  0.        ])]
# cf: [array([-0.35355339, -0.61237244, -0.70710678]), array([-0.35355339, -0.61237244,  0.70710678]), array([-0.8660254,  0.5      ,  0.       ])]
# th: 150
-0.5000000000000000000, 0.0079750110192864064
-0.4974974974974999964, 0.0080518146546603789
-0.4949949949949999928, 0.0081297675827701407
-0.4924924924924999892, 0.0082088930557738492
-0.4899899899899999856, 0.0082892149183831330
-0.4874874874874999819, 0.0083707576260903943
-0.4849849849849999783, 0.0084535462640537885
-0.4824824824824999747, 0.0085376065666670775
-0.4799799799800000266, 0.0086229649378430015
-0.4774774774775000230, 0.0087096484720399752
-0.4749749749750000194, 0.0087976849760634107
-0.4724724724725000158, 0.0088871029916745142
-0.4699699699700000122, 0.0089779318190408713
-0.4674674674675000086, 0.0090702015410648214
-0.4649649649650000049, 0.0091639430486274709
-0.4624624624625000013, 0.0092591880667877956
-0.4599599599599999977, 0.0093559691819785143
-0.4574574574574999941, 0.0094543198702422004
-0.4549549549549999905, 0.0095542745265534100
-0.4524524524524999869, 0.0096558684952748296
-0.4499499499499000077, 0.0097591381017978381
-0.4474474474474000041, 0.0098641206854204189
-0.4449449449449000005, 0.0099708546335180656
-0.4424424424423999969, 0.0100793794170660530
-0.4399399399398999932, 0.0101897356275746712
-0.4374374374373999896, 0.0103019650155017697
-0.4349349349348999860, 0.0104161105302107947
-0.4324324324323999824, 0.0105322163615456255
-0.4299299299298999788, 0.0106503279830975107
-0.4274274274273999752, 0.0107704921972432074
-0.4249249249249000271, 0.0108927571820377350
-0.4224224224224000235, 0.0110171725400495454
-0.4199199199199000199, 0.0111437893492305727
-0.4174174174174000163, 0.0112726602159187173
-0.4149149149149000126, 0.0114038393300754971
-0.4124124124124000090, 0.0115373825228672240
-0.4099099099099000054, 0.0116733473267042129
-0.4074074074074000018, 0.0118117930378583945
-0.4049049049048999982, 0.0119527807817869543
-0.4024024024023999946, 0.0120963735812962998
-0.3998998998998999910, 0.0122426364276885056
-0.3973973973973999874, 0.0123916363550402309
-0.3948948948948999838, 0.0125434425177728300
-0.3923923923923999801, 0.0126981262716812718
-0.3898898898898999765, 0.0128557612585994407
-0.3873873873873999729, 0.0130164234948893856
-0.3848848848849000248, 0.0131801914639532690
-0.3823823823824000212, 0.0133471462129783596
-0.3798798798799000176, 0.0135173714541379653
-0.3773773773774000140, 0.0136909536704843716
-0.3748748748749000104, 0.0138679822267840647
-0.3723723723724000068, 0.0140485494855607206
-0.3698698698699000031, 0.0142327509286274689
-0.3673673673673999995, 0.0144206852844072104
-0.3648648648648999959, 0.0146124546613582845
-0.3623623623623999923, 0.0148081646878423408
-0.3598598598598999887, 0.0150079246587924552
-0.3573573573573999851, 0.0152118476895619342
-0.3548548548548999815, 0.0154200508773585654
-0.3523523523523999779, 0.0156326554706946799
-0.3498498498497999987, 0.0158497870473112840
-0.3473473473472999951, 0.0160715757010640239
-0.3448448448447999914, 0.0162981562382907563
-0.3423423423422999878, 0.0165296683842143799
-0.3398398398397999842, 0.0167662569999716057
-0.3373373373372999806, 0.0170080723108973209
-0.3348348348347999770, 0.0172552701467369000
-0.3323323323322999734, 0.0175080121945040273
-0.3298298298298000253, 0.0177664662647507091
-0.3273273273273000217, 0.0180308065720687256
-0.3248248248248000181, 0.0183012140306987904
-0.3223223223223000145, 0.0185778765661842732
-0.3198198198198000108, 0.0188609894440730161
-0.3173173173173000072, 0.0191507556167411497
-0.3148148148148000036, 0.0194473860894901415
-0.3123123123123000000, 0.0197511003071509303
-0.3098098098097999964, 0.0200621265625186458
-0.3073073073072999928, 0.0203807024280383102
-0.3048048048047999892, 0.0207070752122668622
-0.3023023023022999856, 0.0210415024427500416
-0.2997997997997999819, 0.0213842523770761163
-0.2972972972972999783, 0.0217356045440011761
-0.2947947947947999747, 0.0220958503166857508
-0.2922922922923000266, 0.0224652935202394148
-0.2897897897898000230, 0.0228442510759402362
-0.2872872872873000194, 0.0232330536846817245
-0.2847847847848000158, 0.0236320465524013888
-0.2822822822823000122, 0.0240415901604640325
-0.2797797797798000086, 0.0244620610842131089
-0.2772772772773000050, 0.0248938528631626327
-0.2747747747748000013, 0.0253373769265877943
-0.2722722722722999977, 0.0257930635785821177
-0.2697697697697999941, 0.0262613630469882946
-0.2672672672672999905, 0.0267427466009812070
-0.2647647647647999869, 0.0272377077424870474
-0.2622622622622999833, 0.0277467634770673238
-0.2597597597597999797, 0.0282704556703843590
-0.2572572572572999761, 0.0288093524968986991
-0.2547547547547999724, 0.0293640499880375508
-0.2522522522523000243, 0.0299351736877173265
-0.2497497497496999896, 0.0305233804238146181
-0.2472472472472000138, 0.0311293602049611817
-0.2447447447447000102, 0.0317538382529003044
-0.2422422422422000066, 0.0323975771815928418
-0.2397397397397000030, 0.0330613793353104479
-0.2372372372371999993, 0.0337460892991143513
-0.2347347347346999957, 0.0344525965964017702
-0.2322322322321999921, 0.0351818385896239538
-0.2297297297296999885, 0.0359348036018570585
-0.2272272272272000126, 0.0367125342786569914
-0.2247247247247000090, 0.0375161312115746270
-0.2222222222222000054, 0.0383467568468713813
-0.2197197197197000018, 0.0392056397053851050
-0.2172172172171999982, 0.0400940789421834823
-0.2147147147146999946, 0.0410134492776422291
-0.2122122122121999910, 0.0419652063349388316
-0.2097097097096999874, 0.0429508924227056388
-0.2072072072072000115, 0.0439721428057923136
-0.2047047047047000079, 0.0450306925118067886
-0.2022022022022000043, 0.0461283837264072974
-0.1996996996997000007, 0.0472671738362844124
-0.1971971971971999971, 0.0484491441854954588
-0.1946946946946999935, 0.0496765096183995336
-0.1921921921921999898, 0.0509516288910150800
-0.1896896896896999862, 0.0522770160423238900
-0.1871871871872000104, 0.0536553528280447126
-0.1846846846847000068, 0.0550895023318861976
-0.1821821821822000032, 0.0565825238834899366
-0.1796796796796999995, 0.0581376894284507117
-0.1771771771771999959, 0.0597585015142595155
-0.1746746746746999923, 0.0614487130771154341
-0.1721721721721999887, 0.0632123492387170888
-0.1696696696697000128, 0.0650537313498682490
-0.1671671671672000092, 0.0669775035496036342
-0.1646646646647000056, 0.0689886621452503457
-0.1621621621622000020, 0.0710925881612092664
-0.1596596596596999984, 0.0732950834532448692
-0.1571571571571999948, 0.0756024108418705820
-0.1546546546546999912, 0.0780213387844001655
-0.1521521521521999876, 0.0805591911820571493
-0.1496496496496000084, 0.0832239030081973474
-0.1471471471471000048, 0.0860240825485922289
-0.1446446446446000011, 0.0889690811677491256
-0.1421421421420999975, 0.0920690716599164294
-0.1396396396395999939, 0.0953351364139947144
-0.1371371371370999903, 0.0987793668232601618
-0.1346346346345999867, 0.1024149756099450859
-0.1321321321321000108, 0.1062564240191221365
-0.1296296296296000072, 0.1103195661756152524
-0.1271271271271000036, 0.1146218133036706888
-0.1246246246246000000, 0.1191823209966325070
-0.1221221221220999964, 0.1240222033112101246
-0.1196196196196000067, 0.1291647781711007248
-0.1171171171171000031, 0.1346358494265856298
-0.1146146146145999994, 0.1404640319666887183
-0.1121121121120999958, 0.1466811275647589563
-0.1096096096096000061, 0.1533225607157663040
-0.1071071071071000025, 0.1604278856695225963
-0.1046046046045999989, 0.1680413782754779373
-0.1021021021020999953, 0.1762127292572119031
-0.0995995995996000055, 0.1849978592916910469
-0.0970970970971000019, 0.1944598809937850559
-0.0945945945945900063, 0.2046702388824379049
-0.0920920920920900027, 0.2157100660053519747
-0.0895895895895899991, 0.2276718056236358423
-0.0870870870870899955, 0.2406611588787092582
-0.0845845845845799998, 0.2547994355918927756
-0.0820820820820799962, 0.2702264065274347926
-0.0795795795795800065, 0.2871037832977795801
-0.0770770770770800029, 0.3056194889908125378
-0.0745745745745699934, 0.3259929319004127857
-0.0720720720720700037, 0.3484815611896993071
-0.0695695695695700000, 0.3733890737105945989
-0.0670670670670699964, 0.4010757653964025504
-0.0645645645645600008, 0.4319716930851427161
-0.0620620620620599972, 0.4665935547838594433
-0.0595595595595600005, 0.5055665405713889449
-0.0570570570570599969, 0.5496529019596461119
-0.0545545545545500013, 0.5997897112959449384
-0.0520520520520499977, 0.6571393558430258519
-0.0495495495495500010, 0.7231579284420375231
-0.0470470470470499974, 0.7996891581125922244
-0.0445445445445400018, 0.8890954063967443366
-0.0420420420420399982, 0.9944434611377268585
-0.0395395395395400015, 1.1197730158381040688
-0.0370370370370399979, 1.2704927842777375968
-0.0345345345345300023, 1.4539787064028208974
-0.0320320320320299987, 1.6805014182565636283
-0.0295295295295299985, 1.9647078655924166135
-0.0270270270270299984, 2.3280707491901138084
-0.0245245245245199993, 2.8031022196477670683
-0.0220220220220199991, 3.4409482509169975195
-0.0195195195195199990, 4.3258547791778791947
-0.0170170170170199989, 5.6046252565553160707
-0.0145145145145099998, 7.5517260167176614161
-0.0120120120120099996, 10.7287157630139233788
-0.0095095095095099995, 16.4292074626209156918
-0.0070070070070070000, 28.1471769994047527064
-0.0045045045045049997, 57.4544899155115089684
-0.0020020020020019998, 145.8305086735263387254
0.0005005005005005000, 230.5931978511968907242
0.0030030030030029999, 108.9016191818637082633
0.0055055055055059999, 73.7062124988895277511
0.0080080080080079993, 90.5959089143591853599
0.0105105105105099995, 48.4900927296613915018
0.0130130130130099997, 22.6016812857662046099
0.0155155155155200005, 13.0038448854847441538
0.0180180180180199989, 8.5643338970484084172
0.0205205205205199991, 6.1223985599594579199
0.0230230230230199992, 4.6192927124303313491
0.0255255255255299983, 3.6208297628626215925
0.0280280280280299984, 2.9203678030103503716
0.0305305305305299986, 2.4083770750104767089
0.0330330330330299987, 2.0219583163599135212
0.0355355355355400013, 1.7226964789171250736
0.0380380380380399979, 1.4859586499946173532
0.0405405405405400016, 1.2953127779741739900
0.0430430430430399982, 1.1394327594262598780
0.0455455455455500008, 1.0102935610597294502
0.0480480480480499975, 0.9020733957872475450
0.0505505505505500011, 0.8104616878522192813
0.0530530530530499977, 0.7322092380650435661
0.0555555555555600003, 0.6648279175517675110
0.0580580580580599970, 0.6063854350377899660
0.0605605605605600006, 0.5553621396296053447
0.0630630630630600042, 0.5105492419775150559
0.0655655655655699998, 0.4709752617834084276
0.0680680680680700034, 0.4358520694779556282
0.0705705705705699932, 0.4045347586039771404
0.0730730730730699968, 0.3764914299234306538
0.0755755755755800063, 0.3512801778272849340
0.0780780780780799960, 0.3285313772076199346
0.0805805805805799996, 0.3079339170810667659
0.0830830830830800032, 0.2892244049477875056
0.0855855855855899988, 0.2721786297760139806
0.0880880880880900025, 0.2566047582925617965
0.0905905905905900061, 0.2423378730598554076
0.0930930930930899958, 0.2292355577360633001
0.0955955955956000053, 0.2171743058482809019
0.0980980980980999950, 0.2060465818326852050
0.1006006006005999986, 0.1957584021951815356
0.1031031031031000023, 0.1862273340590378523
0.1056056056056000059, 0.1773808306715490835
0.1081081081080999956, 0.1691548404867477817
0.1106106106105999992, 0.1614926395603810683
0.1131131131131000028, 0.1543438471600739048
0.1156156156156000064, 0.1476635924233619113
0.1181181181180999962, 0.1414118061193720410
0.1206206206205999998, 0.1355526164822714874
0.1231231231231000034, 0.1300538319838777102
0.1256256256256000070, 0.1248864970243993011
0.1281281281281000106, 0.1200245090158694461
0.1306306306305999865, 0.1154442873440762601
0.1331331331330999901, 0.1111244863232024455
0.1356356356355999937, 0.1070457455816800213
0.1381381381380999973, 0.1031904723993114226
0.1406406406406000009, 0.0995426514026092057
0.1431431431431000045, 0.0960876777554366679
0.1456456456456000081, 0.0928122105853615986
0.1481481481481000118, 0.0897040438864890877
0.1506506506506999910, 0.0867519925559411265
0.1531531531531999946, 0.0839457915688393563
0.1556556556556999982, 0.0812760065879095800
0.1581581581582000018, 0.0787339545485705727
0.1606606606607000054, 0.0763116329666516380
0.1631631631632000090, 0.0740016568902450433
0.1656656656657000126, 0.0717972025649998569
0.1681681681681999885, 0.0696919570077846051
0.1706706706706999921, 0.0676800727906996524
0.1731731731731999957, 0.0657561274288765707
0.1756756756756999993, 0.0639150868438377456
0.1781781781782000029, 0.0621522724414276528
0.1806806806807000065, 0.0604633314011961340
0.1831831831832000101, 0.0588442098240124500
0.1856856856857000138, 0.0572911284278163069
0.1881881881881999896, 0.0558005605187693321
0.1906906906906999932, 0.0543692119974845400
0.1931931931931999968, 0.0529940031882057475
0.1956956956957000004, 0.0516720523033714629
0.1981981981982000041, 0.0504006603774378240
0.2007007007007000077, 0.0491772975225908265
0.2032032032032000113, 0.0479995903754019126
0.2057057057056999871, 0.0468653106179025281
0.2082082082081999908, 0.0457723644692265078
0.2107107107106999944, 0.0447187830551293505
0.2132132132131999980, 0.0437027135725395338
0.2157157157157000016, 0.0427224111749887128
0.2182182182182000052, 0.0417762315124635131
0.2207207207207000088, 0.0408626238660356467
0.2232232232232000124, 0.0399801248236750298
0.2257257257256999883, 0.0391273524490254876
0.2282282282281999919, 0.0383030008997024968
0.2307307307306999955, 0.0375058354559342222
0.2332332332331999991, 0.0367346879241675778
0.2357357357357000027, 0.0359884523836560208
0.2382382382382000063, 0.0352660812470848295
0.2407407407407000099, 0.0345665816090072256
0.2432432432432000136, 0.0338890118583055067
0.2457457457456999894, 0.0332324785330799094
0.2482482482481999930, 0.0325961333983355445
0.2507507507508000000, 0.0319791707286093685
0.2532532532533000036, 0.0313808247792717529
0.2557557557558000072, 0.0308003674316779871
0.2582582582583000108, 0.0302371059986409826
0.2607607607608000144, 0.0296903811778704632
0.2632632632633000180, 0.0291595651420853696
0.2657657657658000216, 0.0286440597554658144
0.2682682682683000253, 0.0281432949069831094
0.2707707707707999734, 0.0276567269519352107
0.2732732732732999770, 0.0271838372537328427
0.2757757757757999806, 0.0267241308186340204
0.2782782782782999842, 0.0262771350167166629
0.2807807807807999878, 0.0258423983829204479
0.2832832832832999914, 0.0254194894924804592
0.2857857857857999950, 0.0250079959055240914
0.2882882882882999986, 0.0246075231760135016
0.2907907907908000023, 0.0242176939205888467
0.2932932932933000059, 0.0238381469432114197
0.2957957957958000095, 0.0234685364118182409
0.2982982982983000131, 0.0231085310834866220
0.3008008008008000167, 0.0227578135748711038
0.3033033033033000203, 0.0224160796749150008
0.3058058058058000239, 0.0220830376970616651
0.3083083083083000275, 0.0217584078683929136
0.3108108108107999756, 0.0214419217533093689
0.3133133133132999792, 0.0211333217095400205
0.3158158158157999829, 0.0208323603744253391
0.3183183183182999865, 0.0205388001795656812
0.3208208208207999901, 0.0202524128920597707
0.3233233233232999937, 0.0199729791806829253
0.3258258258257999973, 0.0197002882054687981
0.3283283283283000009, 0.0194341372292639383
0.3308308308308000045, 0.0191743312499227311
0.3333333333333000081, 0.0189206826518996396
0.3358358358358000118, 0.0186730108760803926
0.3383383383383000154, 0.0184311421067701840
0.3408408408408000190, 0.0181949089748289806
0.3433433433433000226, 0.0179641502760107957
0.3458458458458000262, 0.0177387107036246772
0.3483483483482999743, 0.0175184405946930341
0.3508508508509000090, 0.0173031956888357180
0.3533533533534000126, 0.0170928368991573737
0.3558558558559000162, 0.0168872300944620038
0.3583583583584000198, 0.0166862458921606532
0.3608608608609000235, 0.0164897594612783208
0.3633633633634000271, 0.0162976503350029389
0.3658658658658999752, 0.0161098022322534312
0.3683683683683999788, 0.0159261028877764194
0.3708708708708999824, 0.0157464438903106366
0.3733733733733999860, 0.0155707205283860048
0.3758758758758999896, 0.0153988316433507806
0.3783783783783999932, 0.0152306794892436894
0.3808808808808999968, 0.0150661695991516492
0.3833833833834000004, 0.0149052106577139548
0.3858858858859000041, 0.0147477143794542652
0.3883883883884000077, 0.0145935953926401504
0.3908908908909000113, 0.0144427711283869244
0.3933933933934000149, 0.0142951617147395599
0.3958958958959000185, 0.0141506898754807549
0.3983983983984000221, 0.0140092808334282594
0.4009009009009000257, 0.0138708622179976402
0.4034034034033999738, 0.0137353639768189647
0.4059059059058999774, 0.0136027182912083454
0.4084084084083999810, 0.0134728594953055000
0.4109109109108999847, 0.0133457239986995435
0.4134134134133999883, 0.0132212502123746200
0.4159159159158999919, 0.0130993784778161843
0.4184184184183999955, 0.0129800509991275306
0.4209209209208999991, 0.0128632117780140501
0.4234234234234000027, 0.0127488065515004353
0.4259259259259000063, 0.0126367827322532399
0.4284284284284000099, 0.0125270893513879395
0.4309309309309000136, 0.0124196770036459694
0.4334334334334000172, 0.0123144977948331999
0.4359359359359000208, 0.0122115052914171414
0.4384384384384000244, 0.0121106544721852408
0.4409409409408999725, 0.0120119016818718213
0.4434434434433999761, 0.0119152045866660252
0.4459459459458999797, 0.0118205221315173560
0.4484484484483999833, 0.0117278144991600011
0.4509509509510000180, 0.0116370430707807213
0.4534534534535000216, 0.0115481703882592442
0.4559559559560000253, 0.0114611601179134652
0.4584584584584999734, 0.0113759770156850598
0.4609609609609999770, 0.0112925868937046835
0.4634634634634999806, 0.0112109565881784411
0.4659659659659999842, 0.0111310539285406213
0.4684684684684999878, 0.0110528477078202549
0.4709709709709999914, 0.0109763076541714646
0.4734734734734999950, 0.0109014044035202744
0.4759759759759999986, 0.0108281094732827245
0.4784784784785000022, 0.0107563952371113845
0.4809809809810000059, 0.0106862349006293066
0.4834834834835000095, 0.0106176024781127008
0.4859859859860000131, 0.0105504727700851952
0.4884884884885000167, 0.0104848213417885906
0.4909909909910000203, 0.0104206245024965199
0.4934934934935000239, 0.0103578592856391483
0.4959959959960000275, 0.0102965034297085520
0.4984984984984999756, 0.0102365353599159423
0.5010010010009999792, 0.0101779341705730848
0.5035035035035000384, 0.0101206796081719144
0.5060060060059999865, 0.0100647520551373389
0.5085085085085000456, 0.0100101325142295267
0.5110110110109999937, 0.0099568025935732399
0.5135135135135000528, 0.0099047444922926043
0.5160160160160000009, 0.0098539409867310739
0.5185185185184999490, 0.0098043754172371517
0.5210210210210000081, 0.0097560316754973890
0.5235235235234999562, 0.0097088941923992866
0.5260260260260000154, 0.0096629479264073760
0.5285285285284999635, 0.0096181783524367549
0.5310310310310000226, 0.0095745714512091296
0.5335335335334999707, 0.0095321136990772042
0.5360360360360000298, 0.0094907920583039759
0.5385385385384999779, 0.0094505939677842314
0.5410410410410000370, 0.0094115073341962899
0.5435435435434999851, 0.0093735205235726572
0.5460460460460000442, 0.0093366223532788707
0.5485485485484999924, 0.0093008020843905730
0.5510510510510999715, 0.0092660494144593108
0.5535535535536000307, 0.0092323544706582310
0.5560560560560999788, 0.0091997078032994232
0.5585585585586000379, 0.0091681003797151762
0.5610610610610999860, 0.0091375235784959645
0.5635635635636000451, 0.0091079691840785324
0.5660660660660999932, 0.0090794293816779618
0.5685685685686000523, 0.0090518967525580613
0.5710710710711000004, 0.0090253642696350028
0.5735735735735999485, 0.0089998252934095045
0.5760760760761000077, 0.0089752735682234967
0.5785785785785999558, 0.0089517032188374517
0.5810810810811000149, 0.0089291087473252952
0.5835835835835999630, 0.0089074850302840441
0.5860860860861000221, 0.0088868273163559500
0.5885885885885999702, 0.0088671312240612490
0.5910910910911000293, 0.0088483927399401821
0.5935935935935999774, 0.0088306082170033443
0.5960960960961000366, 0.0088137743734899108
0.5985985985985999847, 0.0087978882919336893
0.6011011011011000438, 0.0087829474185375251
0.6036036036035999919, 0.0087689495628569120
0.6061061061061000510, 0.0087558928977942325
0.6086086086085999991, 0.0087437759599054941
0.6111111111110999472, 0.0087325976500219130
0.6136136136136000063, 0.0087223572341891924
0.6161161161160999544, 0.0087130543449278394
0.6186186186186000135, 0.0087046889828184034
0.6211211211210999616, 0.0086972615184160249
0.6236236236236000208, 0.0086907726944992093
0.6261261261260999689, 0.0086852236286583395
0.6286286286286000280, 0.0086806158162299994
0.6311311311310999761, 0.0086769511335837227
0.6336336336336000352, 0.0086742318417684944
0.6361361361360999833, 0.0086724605905268547
0.6386386386386000424, 0.0086716404226852041
0.6411411411410999905, 0.0086717747789295096
0.6436436436436000497, 0.0086728675029764338
0.6461461461460999978, 0.0086749228471504972
0.6486486486485999459, 0.0086779454783787804
0.6511511511512000361, 0.0086819404846154597
0.6536536536536999842, 0.0086869133817092520
0.6561561561562000433, 0.0086928701207277630
0.6586586586586999914, 0.0086998170957536848
0.6611611611612000505, 0.0087077611521687304
0.6636636636636999986, 0.0087167095954421882
0.6661661661661999467, 0.0087266702004420993
0.6686686686687000059, 0.0087376512212881917
0.6711711711711999540, 0.0087496614017667715
0.6736736736737000131, 0.0087627099863292184
0.6761761761761999612, 0.0087768067316969060
0.6786786786787000203, 0.0087919619190967545
0.6811811811811999684, 0.0088081863671532271
0.6836836836837000275, 0.0088254914454639344
0.6861861861861999756, 0.0088438890888878872
0.6886886886887000347, 0.0088633918125769345
0.6911911911911999828, 0.0088840127277829643
0.6936936936937000420, 0.0089057655584752517
0.6961961961961999901, 0.0089286646588045554
0.6986986986987000492, 0.0089527250314525644
0.7012012012011999973, 0.0089779623469077828
0.7037037037036999454, 0.0090043929637114196
0.7062062062062000045, 0.0090320339497193085
0.7087087087086999526, 0.0090609031044288895
0.7112112112112000117, 0.0090910189824231231
0.7137137137136999598, 0.0091224009179864153
0.7162162162162000190, 0.0091550690509510160
0.7187187187186999671, 0.0091890443538358881
0.7212212212212000262, 0.0092243486603440037
0.7237237237236999743, 0.0092610046952879173
0.7262262262262000334, 0.0092990361060180174
0.7287287287286999815, 0.0093384674954323614
0.7312312312312000406, 0.0093793244566520995
0.7337337337336999887, 0.0094216336094516719
0.7362362362362000479, 0.0094654226385388115
0.7387387387386999960, 0.0095107203337852792
0.7412412412412000551, 0.0095575566325159494
0.7437437437437000032, 0.0096059626639706762
0.7462462462461999513, 0.0096559707960610121
0.7487487487487000104, 0.0097076146845516392
0.7512512512512999896, 0.0097609293248052467
0.7537537537538000487, 0.0098159511062385525
0.7562562562562999968, 0.0098727178696472011
0.7587587587587999449, 0.0099312689675679217
0.7612612612613000040, 0.0099916453278577604
0.7637637637637999521, 0.0100538895206824241
0.7662662662663000113, 0.0101180458291191423
0.7687687687687999594, 0.0101841603235936721
0.7712712712713000185, 0.0102522809403863945
0.7737737737737999666, 0.0103224575644591029
0.7762762762763000257, 0.0103947421168718770
0.7787787787787999738, 0.0104691886470788392
0.7812812812813000329, 0.0105458534304123022
0.7837837837837999810, 0.0106247950710874669
0.7862862862863000402, 0.0107060746110840682
0.7887887887887999883, 0.0107897556452878490
0.7912912912913000474, 0.0108759044433031707
0.7937937937937999955, 0.0109645900783790235
0.7962962962963000546, 0.0110558845639243016
0.7987987987988000027, 0.0111498629981244407
0.8013013013012999508, 0.0112466037172111316
0.8038038038038000099, 0.0113461884579796578
0.8063063063062999580, 0.0114487025301950283
0.8088088088088000172, 0.0115542349995788902
0.8113113113112999653, 0.0116628788821244340
0.8138138138138000244, 0.0117747313505466057
0.8163163163162999725, 0.0118898939537407100
0.8188188188188000316, 0.0120084728501940775
0.8213213213212999797, 0.0121305790563735316
0.8238238238238000388, 0.0122563287111971918
0.8263263263262999869, 0.0123858433577922478
0.8288288288288000460, 0.0125192502438430733
0.8313313313312999941, 0.0126566826419459572
0.8338338338338000533, 0.0127982801915097148
0.8363363363363000014, 0.0129441892638765405
0.8388388388387999495, 0.0130945633524854436
0.8413413413413000086, 0.0132495634900640750
0.8438438438437999567, 0.0134093586950133070
0.8463463463463000158, 0.0135741264493473793
0.8488488488487999639, 0.0137440532107695867
0.8513513513514000541, 0.0139193349617040656
0.8538538538539000022, 0.0141001777983699485
0.8563563563563999503, 0.0142867985632772077
0.8588588588589000095, 0.0144794255248492567
0.8613613613613999576, 0.0146782991082369078
0.8638638638639000167, 0.0148836726817879999
0.8663663663663999648, 0.0150958134040808795
0.8688688688689000239, 0.0153150031369223040
0.8713713713713999720, 0.0155415394302603274
0.8738738738739000311, 0.0157757365855735326
0.8763763763763999792, 0.0160179268049804382
0.8788788788789000384, 0.0162684614340757143
0.8813813813813999865, 0.0165277123073509537
0.8838838838839000456, 0.0167960732060136106
0.8863863863863999937, 0.0170739614390867239
0.8888888888889000528, 0.0173618195598740921
0.8913913913914000009, 0.0176601172312265305
0.8938938938938999490, 0.0179693532545645122
0.8963963963964000081, 0.0182900577793284891
0.8988988988988999562, 0.0186227947114628103
0.9014014014014000153, 0.0189681643417282074
0.9039039039038999634, 0.0193268062171178014
0.9064064064064000226, 0.0196994022814613173
0.9089089089088999707, 0.0200866803144990683
0.9114114114114000298, 0.0204894177023408203
0.9139139139138999779, 0.0209084455763691689
0.9164164164164000370, 0.0213446533623799090
0.9189189189188999851, 0.0217989937871629763
0.9214214214214000442, 0.0222724883959342264
0.9239239239238999923, 0.0227662336411493318
0.9264264264264000515, 0.0232814076114274127
0.9289289289288999996, 0.0238192774787595908
0.9314314314313999477, 0.0243812077530879065
0.9339339339339000068, 0.0249686694459751446
0.9364364364363999549, 0.0255832502597378650
0.9389389389389000140, 0.0262266659354541548
0.9414414414413999621, 0.0269007729131153506
0.9439439439439000212, 0.0276075824803832387
0.9464464464463999693, 0.0283492766135815290
0.9489489489489000285, 0.0291282257464368019
0.9514514514515000076, 0.0299470087396230163
0.9539539539539999558, 0.0308084353684702147
0.9564564564565000149, 0.0317155716986335171
0.9589589589589999630, 0.0326717687817706520
0.9614614614615000221, 0.0336806951773833130
0.9639639639639999702, 0.0347463738954881599
0.9664664664665000293, 0.0358732244608321524
0.9689689689689999774, 0.0370661109268437677
0.9714714714715000365, 0.0383303968212998988
0.9739739739739999846, 0.0396720081918572678
0.9764764764765000438, 0.0410975061458310822
0.9789789789789999919, 0.0426141705545849056
0.9814814814815000510, 0.0442300969309135789
0.9839839839839999991, 0.0459543089035759078
0.9864864864864999472, 0.0477968892267605500
0.9889889889890000063, 0.0497691328997161772
0.9914914914914999544, 0.0518837267666731258
0.9939939939940000135, 0.0541549609633604212
0.9964964964964999616, 0.0565989788314302592
0.9989989989990000208, 0.0592340735118079414
1.0015015015019999023, 0.0620810414532970284
1.0040040040039999170, 0.0651636056685861165
1.0065065065070000205, 0.0685089249180075577
1.0090090090090000352, 0.0721482093489155679
1.0115115115119999167, 0.0761174688034224889
1.0140140140139999314, 0.0804584274961819002
1.0165165165170000350, 0.0852196487070094044
1.0190190190190000497, 0.0904579264446198628
1.0215215215219999312, 0.0962400190161621510
1.0240240240239999459, 0.1026448239466858786
1.0265265265270000494, 0.1097661274398060299
1.0290290290290000641, 0.1177161085328502221
1.0315315315319999456, 0.1266298441968119470
1.0340340340339999603, 0.1366711557972850877
1.0365365365370000639, 0.1480402732489013440
1.0390390390390000785, 0.1609839921500078319
1.0415415415419999601, 0.1758092948669010280
1.0440440440439999747, 0.1929018532614033277
1.0465465465470000783, 0.2127515178509012672
1.0490490490490000930, 0.2359879758083240076
1.0515515515519999745, 0.2634314868152554667
1.0540540540539999892, 0.2961664380430467092
1.0565565565570000928, 0.3356502278668966888
1.0590590590590001074, 0.3838782512430340410
1.0615615615619999890, 0.4436405503433512587
1.0640640640640000036, 0.5189331500080509585
1.0665665665670001072, 0.6156402145995210073
1.0690690690689998998, 0.7427109021979394488
1.0715715715720000034, 0.9142856060730367718
1.0740740740740000181, 1.1537533935657060535
1.0765765765769998996, 1.5020208992807324577
1.0790790790789999143, 2.0357756740825645458
1.0815815815820000179, 2.9120827410561180848
1.0840840840840000325, 4.4921109590835088810
1.0865865865869999141, 7.7453512707645453261
1.0890890890889999287, 15.8503014753249242830
1.0915915915920000323, 40.4810253514962496979
1.0940940940940000470, 71.2375189132118578073
1.0965965965969999285, 32.1344531133741995177
1.0990990990989999432, 13.1748540947652799105
1.1016016016020000468, 6.7447691350883003381
1.1041041041040000614, 4.0323453539391822531
1.1066066066069999430, 2.6680964566206188948
1.1091091091089999576, 1.8929318829167611771
1.1116116116120000612, 1.4125465079542307567
1.1141141141140000759, 1.0950863962085486403
1.1166166166169999574, 0.8747067861536493849
1.1191191191189999721, 0.7156646589330821762
1.1216216216220000756, 0.5972364968969708920
1.1241241241240000903, 0.5067506316224693608
1.1266266266269999718, 0.4361119125125978435
1.1291291291289999865, 0.3799557146310431621
1.1316316316320000901, 0.3346145312131901250
1.1341341341340001048, 0.2975131475743209020
1.1366366366369999863, 0.2668008885448002743
1.1391391391390000010, 0.2411204959948028415
1.1416416416420001045, 0.2194586101702758751
1.1441441441439998972, 0.2010465415661325250
1.1466466466470000007, 0.1852929076474474357
1.1491491491490000154, 0.1717369653564216059
1.1516516516519998969, 0.1600156870819695043
1.1541541541539999116, 0.1498401481530283741
1.1566566566570000152, 0.1409783391364145266
1.1591591591590000299, 0.1332424856318416284
1.1616616616619999114, 0.1264795793090026099
1.1641641641639999261, 0.1205642295157696442
1.1666666666670000296, 0.1153932143789711401
1.1691691691690000443, 0.1108812924788155491
1.1716716716719999258, 0.1069579611644882189
1.1741741741739999405, 0.1035649345967802892
1.1766766766770000441, 0.1006541760535034080
1.1791791791790000588, 0.0981863630527161912
1.1816816816819999403, 0.0961296958643586968
1.1841841841839999550, 0.0944589836717421305
1.1866866866870000585, 0.0931549605505041789
1.1891891891890000732, 0.0922037973474008760
1.1916916916919999547, 0.0915967867699864491
1.1941941941939999694, 0.0913301885343981157
1.1966966966970000730, 0.0914052300699332854
1.1991991991990000876, 0.0918282667659348212
1.2017017017019999692, 0.0926111147866294643
1.2042042042039999838, 0.0937715798764305608
1.2067067067070000874, 0.0953342183246035785
1.2092092092090001021, 0.0973313826751688871
1.2117117117119999836, 0.0998046267055385239
1.2142142142139999983, 0.1028065743395788489
1.2167167167170001019, 0.1064033995035806868
1.2192192192189998945, 0.1106781245538820679
1.2217217217219999981, 0.1157350332229009626
1.2242242242240000127, 0.1217056249256432549
1.2267267267269998943, 0.1287567347018904185
1.2292292292289999089, 0.1371017464195798397
1.2317317317320000125, 0.1470163022892846394
1.2342342342340000272, 0.1588606730650249377
1.2367367367369999087, 0.1731122015588091312
1.2392392392389999234, 0.1904133326542522542
1.2417417417420000270, 0.2116443814481639984
1.2442442442440000416, 0.2380367002948524657
1.2467467467469999232, 0.2713539815448772208
1.2492492492489999378, 0.3141927801862587355
1.2517517517520000414, 0.3705006618731274681
1.2542542542540000561, 0.4465116724895958900
1.2567567567569999376, 0.5525299129100854634
1.2592592592589999523, 0.7065605493267788084
1.2617617617620000559, 0.9423190852667272521
1.2642642642640000705, 1.3287567200633529918
1.2667667667669999521, 2.0241163479447852325
1.2692692692689999667, 3.4520636214646103213
1.2717717717720000703, 6.9972822898321762608
1.2742742742740000850, 17.7578445396212138974
1.2767767767769999665, 31.7725394910430445350
1.2792792792789999812, 14.5232030658587945027
1.2817817817820000847, 5.9640983907474485193
1.2842842842840000994, 3.0694149680115456746
1.2867867867869999809, 1.8527655290838369595
1.2892892892889999956, 1.2428055409996738856
1.2917917917920000992, 0.8973819744802959963
1.2942942942939998918, 0.6841685759376187059
1.2967967967969999954, 0.5439935658579082567
1.2992992992990000101, 0.4473535840400948427
1.3018018018019998916, 0.3782552721338447999
1.3043043043039999063, 0.3274389114985616356
1.3068068068070000098, 0.2892518818052516316
1.3093093093090000245, 0.2600908749840986633
1.3118118118119999060, 0.2375752430882862587
1.3143143143139999207, 0.2200846704813014532
1.3168168168170000243, 0.2064888774677047789
1.3193193193190000390, 0.1959835032452350578
1.3218218218219999205, 0.1879871758185138464
1.3243243243239999352, 0.1820751413790934470
1.3268268268270000387, 0.1779354533578494102
1.3293293293290000534, 0.1753394960609723496
1.3318318318319999349, 0.1741218701923162859
1.3343343343339999496, 0.1741665597066864024
1.3368368368370000532, 0.1753974338146830902
1.3393393393390000679, 0.1777718381528122782
1.3418418418419999494, 0.1812764747000065180
1.3443443443439999641, 0.1859250638067498074
1.3468468468470000676, 0.1917574846304667957
1.3493493493490000823, 0.1988402399674732424
1.3518518518519999638, 0.2072682126261573554
1.3543543543539999785, 0.2171677909294633113
1.3568568568570000821, 0.2287015555500496455
1.3593593593590000967, 0.2420748535446514138
1.3618618618619999783, 0.2575447558204011500
1.3643643643639999929, 0.2754321251190542386
1.3668668668670000965, 0.2961378476343515809
1.3693693693689998891, 0.3201647557012452516
1.3718718718719999927, 0.3481474756658007319
1.3743743743740000074, 0.3808935105847325309
1.3768768768770001110, 0.4194405389713792287
1.3793793793789999036, 0.4651375656657980584
1.3818818818820000072, 0.5197618765410754182
1.3843843843840000218, 0.5856909440107637144
1.3868868868869999034, 0.6661607665948292567
1.3893893893889999180, 0.7656639448790627522
1.3918918918920000216, 0.8905807586350065197
1.3943943943940000363, 1.0502126509401485954
1.3968968968969999178, 1.2585392832703403698
1.3993993993989999325, 1.5373389052521906351
1.4019019019020000361, 1.9220222029635234406
1.4044044044040000507, 2.4732308654142363125
1.4069069069069999323, 3.3016867859019098930
1.4094094094089999469, 4.6265944592128498414
1.4119119119120000505, 6.9299404946885427847
1.4144144144140000652, 11.4301177818715622436
1.4169169169169999467, 21.8337875821272007215
1.4194194194189999614, 51.7968533064692380208
1.4219219219220000650, 124.2956472132722183233
1.4244244244240000796, 83.0953168492785323451
1.4269269269269999612, 31.9808651300056361322
1.4294294294289999758, 15.2148277637596862633
1.4319319319320000794, 8.6681089756033689042
1.4344344344340000941, 5.5513597570581190155
1.4369369369369999756, 3.8465621738012423236
1.4394394394389999903, 2.8184951475319235392
1.4419419419420000938, 2.1527017764465643523
1.4444444444440001085, 1.6975608373396198214
1.4469469469469999900, 1.3729755645870573844
1.4494494494490000047, 1.1335006029967744645
1.4519519519520001083, 0.9518321067944314207
1.4544544544539999009, 0.8107791228856531252
1.4569569569570000045, 0.6990874006072534952
1.4594594594590000192, 0.6091422268313706478
1.4619619619619999007, 0.5356438964559142590
1.4644644644639999154, 0.4748126473578984097
1.4669669669670000189, 0.4238945359500810306
1.4694694694690000336, 0.3808448905307618704
1.4719719719719999151, 0.3441200408253153875
1.4744744744739999298, 0.3125370059513580268
1.4769769769770000334, 0.2851769474074030142
1.4794794794790000481, 0.2613174631546359428
1.4819819819819999296, 0.2403842860806332804
1.4844844844839999443, 0.2219162850657196151
1.4869869869870000478, 0.2055397425399561051
1.4894894894890000625, 0.1909492025468514098
1.4919919919919999440, 0.1778930396551147985
1.4944944944939999587, 0.1661624646561016827
1.4969969969970000623, 0.1555830628136244120
1.4994994994990000770, 0.1460082194478083406
1.5020020020019999585, 0.1373139667867219749
1.5045045045050000621, 0.1293949115752895951
1.5070070070070000767, 0.1221609920095853702
1.5095095095099999583, 0.1155348764904972902
1.5120120120119999729, 0.1094498630593584987
1.5145145145150000765, 0.1038481723505282200
1.5170170170170000912, 0.0986795520215500710
1.5195195195199999727, 0.0939001293695070627
1.5220220220219999874, 0.0894714629489038599
1.5245245245250000909, 0.0853597547047109939
1.5270270270270001056, 0.0815351923085564506
1.5295295295299999871, 0.0779713976761537281
1.5320320320320000018, 0.0746449625167741049
1.5345345345350001054, 0.0715350555645364872
1.5370370370369998980, 0.0686230891209758664
1.5395395395400000016, 0.0658924348890857492
1.5420420420420000163, 0.0633281809437588605
1.5445445445449998978, 0.0609169231705212200
1.5470470470469999125, 0.0586465856962397336
1.5495495495500000160, 0.0565062657951821284
1.5520520520520000307, 0.0544860995302542256
1.5545545545549999122, 0.0525771450201702253
1.5570570570569999269, 0.0507712807381471357
1.5595595595600000305, 0.0490611166695869849
1.5620620620620000452, 0.0474399165031821057
1.5645645645649999267, 0.0459015293163770807
1.5670670670669999414, 0.0444403294535201179
1.5695695695700000449, 0.0430511634924163056
1.5720720720720000596, 0.0417293033597023466
1.5745745745749999411, 0.0404704047932889430
1.5770770770769999558, 0.0392704704658579790
1.5795795795800000594, 0.0381258171808692703
1.5820820820820000741, 0.0370330466348378073
1.5845845845849999556, 0.0359890193093780411
1.5870870870869999703, 0.0349908311157113988
1.5895895895900000738, 0.0340357924647578247
1.5920920920920000885, 0.0331214094789773345
1.5945945945949999700, 0.0322453670989536617
1.5970970970969999847, 0.0314055138693230124
1.5995995996000000883, 0.0305998482158114926
1.6021021021020001029, 0.0298265060485626565
1.6046046046049999845, 0.0290837495471611869
1.6071071071069999991, 0.0283699570002531251
1.6096096096100001027, 0.0276836135878518394
1.6121121121119998953, 0.0270233030076019801
1.6146146146149999989, 0.0263876998577631285
1.6171171171170000136, 0.0257755626996932496
1.6196196196199998951, 0.0251857277313689218
1.6221221221219999098, 0.0246171030111463143
1.6246246246250000134, 0.0240686631776913934
1.6271271271270000280, 0.0235394446179156558
1.6296296296299999096, 0.0230285410399530162
1.6321321321319999242, 0.0225350994127960259
1.6346346346350000278, 0.0220583162382557360
1.6371371371370000425, 0.0215974341244866905
1.6396396396399999240, 0.0211517386334864436
1.6421421421419999387, 0.0207205553777884827
1.6446446446450000423, 0.0203032473440622162
1.6471471471470000569, 0.0198992124235526403
1.6496496496499999385, 0.0195078811312683793
1.6521521521519999531, 0.0191287144975886801
1.6546546546550000567, 0.0187612021175335639
1.6571571571570000714, 0.0184048603443477364
1.6596596596599999529, 0.0180592306153081750
1.6621621621619999676, 0.0177238778987937537
1.6646646646650000712, 0.0173983892526679493
1.6671671671670000858, 0.0170823724849351877
1.6696696696699999674, 0.0167754549084499112
1.6721721721719999820, 0.0164772821821936553
1.6746746746750000856, 0.0161875172322998445
1.6771771771770001003, 0.0159058392466048942
1.6796796796799999818, 0.0156319427370455732
1.6821821821819999965, 0.0153655366647119374
1.6846846846850001000, 0.0151063436228079852
1.6871871871869998927, 0.0148540990731736901
1.6896896896899999962, 0.0146085506323858430
1.6921921921920000109, 0.0143694574037856234
1.6946946946949998924, 0.0141365893520810672
1.6971971971969999071, 0.0139097267174454337
1.6996996997000000107, 0.0136886594662811254
1.7022022022020000254, 0.0134731867760452279
1.7047047047049999069, 0.0132631165517390834
1.7072072072069999216, 0.0130582649718527666
1.7097097097100000251, 0.0128584560617275145
1.7122122122120000398, 0.0126635212924562680
1.7147147147149999213, 0.0124732992035866269
1.7172172172169999360, 0.0122876350480221261
1.7197197197200000396, 0.0121063804576385416
1.7222222222220000543, 0.0119293931282427115
1.7247247247249999358, 0.0117565365226027993
1.7272272272269999505, 0.0115876795903724281
1.7297297297300000540, 0.0114226965038167413
1.7322322322320000687, 0.0112614664083273176
1.7347347347349999502, 0.0111038731867855716
1.7372372372369999649, 0.0109498052369008635
1.7397397397400000685, 0.0107991552607114866
1.7422422422420000832, 0.0106518200654931779
1.7447447447449999647, 0.0105077003753724311
1.7472472472469999794, 0.0103667006529902447
1.7497497497500000829, 0.0102287289306066259
1.7522522522520000976, 0.0100936966500775587
1.7547547547549999791, 0.0099615185111744144
1.7572572572569999938, 0.0098321123277511375
1.7597597597600000974, 0.0097053988912974669
1.7622622622619998900, 0.0095813018414466246
1.7647647647649999936, 0.0094597475430343858
1.7672672672670000082, 0.0093406649693323664
1.7697697697699998898, 0.0092239855911027471
1.7722722722719999044, 0.0091096432711441772
1.7747747747750000080, 0.0089975741640196411
1.7772772772770000227, 0.0088877166206764221
1.7797797797799999042, 0.0087800110976865679
1.7822822822819999189, 0.0086744000708530999
1.7847847847850000225, 0.0085708279529428492
1.7872872872870000371, 0.0084692410153216109
1.7897897897899999187, 0.0083695873132808730
1.7922922922919999333, 0.0082718166148580408
1.7947947947950000369, 0.0081758803329641822
1.7972972972970000516, 0.0080817314606441860
1.7997997997999999331, 0.0079893245093047398
1.8023023023019999478, 0.0078986154497551996
1.8048048048050000514, 0.0078095616559154118
1.8073073073070000660, 0.0077221218510531387
1.8098098098099999476, 0.0076362560564215715
1.8123123123119999622, 0.0075519255421748217
1.8148148148150000658, 0.0074690927804464263
1.8173173173170000805, 0.0073877214004820961
1.8198198198199999620, 0.0073077761457243833
1.8223223223219999767, 0.0072292228327524004
1.8248248248250000803, 0.0071520283119852861
1.8273273273270000949, 0.0070761604300630257
1.8298298298299999765, 0.0070015879938230665
1.8323323323319999911, 0.0069282807357955315
1.8348348348350000947, 0.0068562092811441161
1.8373373373370001094, 0.0067853451159835603
1.8398398398399999909, 0.0067156605570084073
1.8423423423420000056, 0.0066471287223711338
1.8448448448450001091, 0.0065797235037510825
1.8473473473469999018, 0.0065134195395586689
1.8498498498500000053, 0.0064481921892222483
1.8523523523520000200, 0.0063840175085077538
1.8548548548549999015, 0.0063208722258238223
1.8573573573569999162, 0.0062587337194675002
1.8598598598600000198, 0.0061975799957679793
1.8623623623620000345, 0.0061373896680879114
1.8648648648649999160, 0.0060781419366439356
1.8673673673669999307, 0.0060198165691099648
1.8698698698700000342, 0.0059623938819685796
1.8723723723720000489, 0.0059058547225776196
1.8748748748749999304, 0.0058501804519207065
1.8773773773769999451, 0.0057953529280118802
1.8798798798800000487, 0.0057413544899261090
1.8823823823820000634, 0.0056881679424287011
1.8848848848849999449, 0.0056357765411780012
1.8873873873869999596, 0.0055841639784769770
1.8898898898900000631, 0.0055333143695504398
1.8923923923920000778, 0.0054832122393257974
1.8948948948949999593, 0.0054338425096962309
1.8973973973969999740, 0.0053851904872461963
1.8998998999000000776, 0.0053372418514201301
1.9024024024020000923, 0.0052899826431160452
1.9049049049049999738, 0.0052433992536866265
1.9074074074069999885, 0.0051974784143312136
1.9099099099100000920, 0.0051522071858627850
1.9124124124120001067, 0.0051075729488348218
1.9149149149149999882, 0.0050635633940136161
1.9174174174170000029, 0.0050201665131821942
1.9199199199200001065, 0.0049773705902626947
1.9224224224219998991, 0.0049351641927446108
1.9249249249250000027, 0.0048935361634068423
1.9274274274270000173, 0.0048524756123220821
1.9299299299299998989, 0.0048119719091325288
1.9324324324319999135, 0.0047720146755864008
1.9349349349350000171, 0.0047325937783252031
1.9374374374370000318, 0.0046936993219121367
1.9399399399399999133, 0.0046553216420924162
1.9424424424419999280, 0.0046174512992766988
1.9449449449450000316, 0.0045800790722391946
1.9474474474470000462, 0.0045431959520223575
1.9499499499499999278, 0.0045067931360404387
1.9524524524519999424, 0.0044708620223744859
1.9549549549550000460, 0.0044353942042516812
1.9574574574570000607, 0.0044003814647022178
1.9599599599599999422, 0.0043658157713871923
1.9624624624619999569, 0.0043316892715912509
1.9649649649650000605, 0.0042979942873740051
1.9674674674670000751, 0.0042647233108744492
1.9699699699699999567, 0.0042318689997628729
1.9724724724719999713, 0.0041994241728349800
1.9749749749750000749, 0.0041673818057431054
1.9774774774770000896, 0.0041357350268596904
1.9799799799799999711, 0.0041044771132683006
1.9824824824819999858, 0.0040736014868777183
1.9849849849850000894, 0.0040431017106547697
1.9874874874870001040, 0.0040129714849717509
1.9899899899899999856, 0.0039832046440644656
1.9924924924920000002, 0.0039537951525970491
1.9949949949950001038, 0.0039247371023298852
1.9974974974969998964, 0.0038960247088870997
2.0000000000000000000, 0.0038676523086202093
