# k1_lab: [1, 0, 0]
# k2_lab: [-0.8660254037844387, 0.49999999999999994, 0.0]
# k1_cf: [-0.35355339059327373, -0.35355339059327373, 0.8660254037844387]
# k2_cf: [0.6123724356957945, 0.6123724356957945, -0.5000000000000002]
# pol1_lab: [(0, 1, 0), (0, 0, 1)]
# pol2_lab: [array([-0.5      , -0.8660254,  0.       ]), array([0., 0., 1.])]
# pol1_cf: [array([0.61237244, 0.61237244, 0.5       ]), array([-0.70710678,  0.70710678,  0.        ])]
# pol2_cf: [array([-0.35355339, -0.35355339, -0.8660254 ]), array([-0.70710678,  0.70710678,  0.        ])]
# cf: [array([-0.35355339,  0.61237244, -0.70710678]), array([-0.35355339,  0.61237244,  0.70710678]), array([0.8660254, 0.5      , 0.       ])]
# th: 30
-0.5000000000000000000, 0.0069491317676526141
-0.4974974974974999964, 0.0070151276518195345
-0.4949949949949999928, 0.0070821059146633442
-0.4924924924924999892, 0.0071500863914157400
-0.4899899899899999856, 0.0072190894223311611
-0.4874874874874999819, 0.0072891358682133558
-0.4849849849849999783, 0.0073602471265018909
-0.4824824824824999747, 0.0074324451479419237
-0.4799799799800000266, 0.0075057524538613809
-0.4774774774775000230, 0.0075801921540810859
-0.4749749749750000194, 0.0076557879654844709
-0.4724724724725000158, 0.0077325642312746825
-0.4699699699700000122, 0.0078105459409484775
-0.4674674674675000086, 0.0078897587510174394
-0.4649649649650000049, 0.0079702290065086882
-0.4624624624625000013, 0.0080519837632788138
-0.4599599599599999977, 0.0081350508111763305
-0.4574574574574999941, 0.0082194586980897585
-0.4549549549549999905, 0.0083052367549202415
-0.4524524524524999869, 0.0083924151215195968
-0.4499499499499000077, 0.0084810247736365821
-0.4474474474474000041, 0.0085710975509165482
-0.4449449449449000005, 0.0086626661860017586
-0.4424424424423999969, 0.0087557643347820711
-0.4399399399398999932, 0.0088504266078483201
-0.4374374374373999896, 0.0089466886032033028
-0.4349349349348999860, 0.0090445869402882538
-0.4324324324323999824, 0.0091441592953855119
-0.4299299299298999788, 0.0092454444384614705
-0.4274274274273999752, 0.0093484822715171386
-0.4249249249249000271, 0.0094533138685171970
-0.4224224224224000235, 0.0095599815169723143
-0.4199199199199000199, 0.0096685287612534032
-0.4174174174174000163, 0.0097790004477207454
-0.4149149149149000126, 0.0098914427717554515
-0.4124124124124000090, 0.0100059033267853887
-0.4099099099099000054, 0.0101224311554030215
-0.4074074074074000018, 0.0102410768026775772
-0.4049049049048999982, 0.0103618923717700272
-0.4024024024023999946, 0.0104849315819652150
-0.3998998998998999910, 0.0106102498292420019
-0.3973973973973999874, 0.0107379042495090310
-0.3948948948948999838, 0.0108679537846410774
-0.3923923923923999801, 0.0110004592514586878
-0.3898898898898999765, 0.0111354834138019197
-0.3873873873873999729, 0.0112730910578579188
-0.3848848848849000248, 0.0114133490709113078
-0.3823823823824000212, 0.0115563265236961858
-0.3798798798799000176, 0.0117020947565395269
-0.3773773773774000140, 0.0118507274694964679
-0.3748748748749000104, 0.0120023008166905785
-0.3723723723724000068, 0.0121568935050846913
-0.3698698698699000031, 0.0123145868979218209
-0.3673673673673999995, 0.0124754651230901716
-0.3648648648648999959, 0.0126396151866820378
-0.3623623623623999923, 0.0128071270920331153
-0.3598598598598999887, 0.0129780939645465013
-0.3573573573573999851, 0.0131526121826250966
-0.3548548548548999815, 0.0133307815150563273
-0.3523523523523999779, 0.0135127052652152507
-0.3498498498497999987, 0.0136984904224755621
-0.3473473473472999951, 0.0138882478212433123
-0.3448448448447999914, 0.0140820923080550095
-0.3423423423422999878, 0.0142801429172110840
-0.3398398398397999842, 0.0144825230554465265
-0.3373373373372999806, 0.0146893606961742557
-0.3348348348347999770, 0.0149007885838725145
-0.3323323323322999734, 0.0151169444492264098
-0.3298298298298000253, 0.0153379712356751588
-0.3273273273273000217, 0.0155640173380615053
-0.3248248248248000181, 0.0157952368541279115
-0.3223223223223000145, 0.0160317898496559856
-0.3198198198198000108, 0.0162738426381018146
-0.3173173173173000072, 0.0165215680756401195
-0.3148148148148000036, 0.0167751458725953345
-0.3123123123123000000, 0.0170347629223083635
-0.3098098098097999964, 0.0173006136485634732
-0.3073073073072999928, 0.0175729003727825399
-0.3048048048047999892, 0.0178518337022825421
-0.3023023023022999856, 0.0181376329409886142
-0.2997997997997999819, 0.0184305265240997697
-0.2972972972972999783, 0.0187307524783169761
-0.2947947947947999747, 0.0190385589093666589
-0.2922922922923000266, 0.0193542045186857192
-0.2897897897898000230, 0.0196779591512787101
-0.2872872872873000194, 0.0200101043769158500
-0.2847847847848000158, 0.0203509341070109394
-0.2822822822823000122, 0.0207007552497050842
-0.2797797797798000086, 0.0210598884058851195
-0.2772772772773000050, 0.0214286686090862863
-0.2747747747748000013, 0.0218074461124710302
-0.2722722722722999977, 0.0221965872263383962
-0.2697697697697999941, 0.0225964752099068848
-0.2672672672672999905, 0.0230075112214284810
-0.2647647647647999869, 0.0234301153310358494
-0.2622622622622999833, 0.0238647276011023056
-0.2597597597597999797, 0.0243118092393075913
-0.2572572572572999761, 0.0247718438300563101
-0.2547547547547999724, 0.0252453386503946088
-0.2522522522523000243, 0.0257328260771175835
-0.2497497497496999896, 0.0262348650923629849
-0.2472472472472000138, 0.0267520428956498531
-0.2447447447447000102, 0.0272849766310516960
-0.2422422422422000066, 0.0278343152390001410
-0.2397397397397000030, 0.0284007414431057918
-0.2372372372371999993, 0.0289849738833664536
-0.2347347347346999957, 0.0295877694082228651
-0.2322322322321999921, 0.0302099255391267765
-0.2297297297296999885, 0.0308522831226247171
-0.2272272272272000126, 0.0315157291864439706
-0.2247247247247000090, 0.0322012000177167856
-0.2222222222222000054, 0.0329096844833136754
-0.2197197197197000018, 0.0336422276142990598
-0.2172172172171999982, 0.0343999344788010891
-0.2147147147146999946, 0.0351839743701302943
-0.2122122122121999910, 0.0359955853398242903
-0.2097097097096999874, 0.0368360791084762079
-0.2072072072072000115, 0.0377068463907696758
-0.2047047047047000079, 0.0386093626751418534
-0.2022022022022000043, 0.0395451945029898291
-0.1996996996997000007, 0.0405160062973910357
-0.1971971971971999971, 0.0415235677970040018
-0.1946946946946999935, 0.0425697621572426188
-0.1921921921921999898, 0.0436565947880786023
-0.1896896896896999862, 0.0447862030060452443
-0.1871871871872000104, 0.0459608665873297573
-0.1846846846847000068, 0.0471830193194165276
-0.1821821821822000032, 0.0484552616607676623
-0.1796796796796999995, 0.0497803746317230927
-0.1771771771771999959, 0.0511613350754296994
-0.1746746746746999923, 0.0526013324454700087
-0.1721721721721999887, 0.0541037872973142014
-0.1696696696697000128, 0.0556723716841830280
-0.1671671671672000092, 0.0573110316848790755
-0.1646646646647000056, 0.0590240123222061305
-0.1621621621622000020, 0.0608158851664410416
-0.1596596596596999984, 0.0626915789597785877
-0.1571571571571999948, 0.0646564136457116467
-0.1546546546546999912, 0.0667161382431152444
-0.1521521521521999876, 0.0688769730697644383
-0.1496496496496000084, 0.0711456568958312024
-0.1471471471471000048, 0.0735294996965814157
-0.1446446446446000011, 0.0760364417774913037
-0.1421421421420999975, 0.0786751201672779843
-0.1396396396395999939, 0.0814549433184832417
-0.1371371371370999903, 0.0843861753256658770
-0.1346346346345999867, 0.0874800310732841979
-0.1321321321321000108, 0.0907487839655854445
-0.1296296296296000072, 0.0942058881773541190
-0.1271271271271000036, 0.0978661177072186195
-0.1246246246246000000, 0.1017457249268082925
-0.1221221221220999964, 0.1058626218148522175
-0.1196196196196000067, 0.1102365876646889259
-0.1171171171171000031, 0.1148895077809159310
-0.1146146146145999994, 0.1198456485667419164
-0.1121121121120999958, 0.1251319754868996381
-0.1096096096096000061, 0.1307785217212890649
-0.1071071071071000025, 0.1368188169652593822
-0.1046046046045999989, 0.1432903878652506124
-0.1021021021020999953, 0.1502353441090120700
-0.0995995995996000055, 0.1577010673552597941
-0.0970970970971000019, 0.1657410241684072194
-0.0945945945945900063, 0.1744157291569653767
-0.0920920920920900027, 0.1837938909137954990
-0.0895895895895899991, 0.1939537815423737210
-0.0870870870870899955, 0.2049848810902029639
-0.0845845845845799998, 0.2169898618635802967
-0.0820820820820799962, 0.2300869954122448935
-0.0795795795795800065, 0.2444130883878433413
-0.0770770770770800029, 0.2601270844978676999
-0.0745745745745699934, 0.2774145112047248785
-0.0720720720720700037, 0.2964930056371282152
-0.0695695695695700000, 0.3176192300874868257
-0.0670670670670699964, 0.3410975917197989760
-0.0645645645645600008, 0.3672913258099866907
-0.0620620620620599972, 0.3966367049550355572
-0.0595595595595600005, 0.4296614252710066473
-0.0570570570570599969, 0.4670086359807406051
-0.0545545545545500013, 0.5094686851129357485
-0.0520520520520499977, 0.5580215525628908768
-0.0495495495495500010, 0.6138942953598308661
-0.0470470470470499974, 0.6786399058559667852
-0.0445445445445400018, 0.7542472297989473162
-0.0420420420420399982, 0.8432967774745701028
-0.0395395395395400015, 0.9491857441989735023
-0.0370370370370399979, 1.0764597989551560886
-0.0345345345345300023, 1.2313138168315718168
-0.0320320320320299987, 1.4223676859010991880
-0.0295295295295299985, 1.6619047371351949316
-0.0270270270270299984, 1.9679175801914774446
-0.0245245245245199993, 2.3676246545022525680
-0.0220220220220199991, 2.9038028299851701419
-0.0195195195195199990, 3.6468396212823206426
-0.0170170170170199989, 4.7192535378509399280
-0.0145145145145099998, 6.3498393572556617315
-0.0120120120120099996, 9.0061430750445286009
-0.0095095095095099995, 13.7638907509951273767
-0.0070070070070070000, 23.5251629164713556008
-0.0045045045045049997, 47.8918902465980309557
-0.0020020020020019998, 121.2622746251050784849
0.0005005005005005000, 191.7947931300608388483
0.0030030030030029999, 91.7236393829669651723
0.0055055055055059999, 64.7972039220710342988
0.0080080080080079993, 82.7520663420346238581
0.0105105105105099995, 44.1378892284644237520
0.0130130130130099997, 20.3008417768261502090
0.0155155155155200005, 11.5565750467346290975
0.0180180180180199989, 7.5543555039846435051
0.0205205205205199991, 5.3717132952864554696
0.0230230230230199992, 4.0371184700280009494
0.0255255255255299983, 3.1551623742845009701
0.0280280280280299984, 2.5389484020019099653
0.0305305305305299986, 2.0900034411927350675
0.0330330330330299987, 1.7520662044286674508
0.0355355355355400013, 1.4909250178915094409
0.0380380380380399979, 1.2847236071683567626
0.0405405405405400016, 1.1189284544435476043
0.0430430430430399982, 0.9835494810512340758
0.0455455455455500008, 0.8715250995292959102
0.0480480480480499975, 0.7777430873637984909
0.0505505505505500011, 0.6984251503500873426
0.0530530530530499977, 0.6307279045750604496
0.0555555555555600003, 0.5724771067797693735
0.0580580580580599970, 0.5219863988636048724
0.0605605605605600006, 0.4779310752518767247
0.0630630630630600042, 0.4392585124979817568
0.0655655655655699998, 0.4051235380978610578
0.0680680680680700034, 0.3748410826361044945
0.0705705705705699932, 0.3478510128420674308
0.0730730730730699968, 0.3236916817979170191
0.0755755755755800063, 0.3019798052467619898
0.0780780780780799960, 0.2823949879928762119
0.0805805805805799996, 0.2646677089785963721
0.0830830830830800032, 0.2485699070704002756
0.0855855855855899988, 0.2339075422734057941
0.0880880880880900025, 0.2205146715882572717
0.0905905905905900061, 0.2082486964209420421
0.0930930930930899958, 0.1969865236179551560
0.0955955955956000053, 0.1866214444681086049
0.0980980980980999950, 0.1770605819901442946
0.1006006006005999986, 0.1682227910873687615
0.1031031031031000023, 0.1600369219033579704
0.1056056056056000059, 0.1524403762275995389
0.1081081081080999956, 0.1453779017015157660
0.1106106106105999992, 0.1388005800369164211
0.1131131131131000028, 0.1326649743353067457
0.1156156156156000064, 0.1269324075155680021
0.1181181181180999962, 0.1215683492843028096
0.1206206206205999998, 0.1165418933645138988
0.1231231231231000034, 0.1118253100949292977
0.1256256256256000070, 0.1073936622214111264
0.1281281281281000106, 0.1032244738736629586
0.1306306306305999865, 0.0992974444699249170
0.1331331331330999901, 0.0955942007082025702
0.1356356356355999937, 0.0920980809535288936
0.1381381381380999973, 0.0887939472703692112
0.1406406406406000009, 0.0856680211194949526
0.1431431431431000045, 0.0827077393724907073
0.1456456456456000081, 0.0799016278206383657
0.1481481481481000118, 0.0772391897889921630
0.1506506506506999910, 0.0747108078275807164
0.1531531531531999946, 0.0723076567531102804
0.1556556556556999982, 0.0700216265669861837
0.1581581581582000018, 0.0678452539875346594
0.1606606606607000054, 0.0657716615129927129
0.1631631631632000090, 0.0637945030828337839
0.1656656656657000126, 0.0619079155329593234
0.1681681681681999885, 0.0601064751490185054
0.1706706706706999921, 0.0583851587147596399
0.1731731731731999957, 0.0567393085314407339
0.1756756756756999993, 0.0551646009520844194
0.1781781781782000029, 0.0536570180325098220
0.1806806806807000065, 0.0522128219511064362
0.1831831831832000101, 0.0508285318924494023
0.1856856856857000138, 0.0495009031271285427
0.1881881881881999896, 0.0482269080524436455
0.1906906906906999932, 0.0470037189866222907
0.1931931931931999968, 0.0458286925335703865
0.1956956956957000004, 0.0446993553563784854
0.1981981981982000041, 0.0436133912163201715
0.2007007007007000077, 0.0425686291502716668
0.2032032032032000113, 0.0415630326736587119
0.2057057057056999871, 0.0405946899084840829
0.2082082082081999908, 0.0396618045469248198
0.2107107107106999944, 0.0387626875706184801
0.2132132132131999980, 0.0378957496542508682
0.2157157157157000016, 0.0370594941895560220
0.2182182182182000052, 0.0362525108724757322
0.2207207207207000088, 0.0354734698021027736
0.2232232232232000124, 0.0347211160452460949
0.2257257257256999883, 0.0339942646250908850
0.2282282282281999919, 0.0332917958965460864
0.2307307307306999955, 0.0326126512745457744
0.2332332332331999991, 0.0319558292848461170
0.2357357357357000027, 0.0313203819097850333
0.2382382382382000063, 0.0307054112040904062
0.2407407407407000099, 0.0301100661581639867
0.2432432432432000136, 0.0295335397883707065
0.2457457457456999894, 0.0289750664357483478
0.2482482482481999930, 0.0284339192562474558
0.2507507507508000000, 0.0279094078871361742
0.2532532532533000036, 0.0274008762755776798
0.2557557557558000072, 0.0269077006566266659
0.2582582582583000108, 0.0264292876690083653
0.2607607607608000144, 0.0259650725980540113
0.2632632632633000180, 0.0255145177360796283
0.2657657657658000216, 0.0250771108513221999
0.2682682682683000253, 0.0246523637572966837
0.2707707707707999734, 0.0242398109751173242
0.2732732732732999770, 0.0238390084819436361
0.2757757757757999806, 0.0234495325392731907
0.2782782782782999842, 0.0230709785953128153
0.2807807807807999878, 0.0227029602561253582
0.2832832832832999914, 0.0223451083206719393
0.2857857857857999950, 0.0219970698752561603
0.2882882882882999986, 0.0216585074432292697
0.2907907907908000023, 0.0213290981861372214
0.2932932932933000059, 0.0210085331527850409
0.2957957957958000095, 0.0206965165729635844
0.2982982982983000131, 0.0203927651928301791
0.3008008008008000167, 0.0200970076491612006
0.3033033033033000203, 0.0198089838799016052
0.3058058058058000239, 0.0195284445686272450
0.3083083083083000275, 0.0192551506207102839
0.3108108108107999756, 0.0189888726691390675
0.3133133133132999792, 0.0187293906080913952
0.3158158158157999829, 0.0184764931524963455
0.3183183183182999865, 0.0182299774219452440
0.3208208208207999901, 0.0179896485474276210
0.3233233233232999937, 0.0177553192994748671
0.3258258258257999973, 0.0175268097363924583
0.3283283283283000009, 0.0173039468713524144
0.3308308308308000045, 0.0170865643572018777
0.3333333333333000081, 0.0168745021879207896
0.3358358358358000118, 0.0166676064157340112
0.3383383383383000154, 0.0164657288829492508
0.3408408408408000190, 0.0162687269676540999
0.3433433433433000226, 0.0160764633424622209
0.3458458458458000262, 0.0158888057455519524
0.3483483483482999743, 0.0157056267632895707
0.3508508508509000090, 0.0155268036237750061
0.3533533533534000126, 0.0153522180006903618
0.3558558558559000162, 0.0151817558268707558
0.3583583583584000198, 0.0150153071170537403
0.3608608608609000235, 0.0148527657992976146
0.3633633633634000271, 0.0146940295545906555
0.3658658658658999752, 0.0145389996642028198
0.3683683683683999788, 0.0143875808643590310
0.3708708708708999824, 0.0142396812078388040
0.3733733733733999860, 0.0140952119321309799
0.3758758758758999896, 0.0139540873337945411
0.3783783783783999932, 0.0138162246486975455
0.3808808808808999968, 0.0136815439378255247
0.3833833833834000004, 0.0135499679783690156
0.3858858858859000041, 0.0134214221598169207
0.3883883883884000077, 0.0132958343847983298
0.3908908908909000113, 0.0131731349744301889
0.3933933933934000149, 0.0130532565779425593
0.3958958958959000185, 0.0129361340863657567
0.3983983983984000221, 0.0128217045500764303
0.4009009009009000257, 0.0127099071000107578
0.4034034034033999738, 0.0126006828723639452
0.4059059059058999774, 0.0124939749366051490
0.4084084084083999810, 0.0123897282266466312
0.4109109109108999847, 0.0122878894750147339
0.4134134134133999883, 0.0121884071498786096
0.4159159159158999919, 0.0120912313948007381
0.4184184184183999955, 0.0119963139710803426
0.4209209209208999991, 0.0119036082025680730
0.4234234234234000027, 0.0118130689228367024
0.4259259259259000063, 0.0117246524245987992
0.4284284284284000099, 0.0116383164112682288
0.4309309309309000136, 0.0115540199505676476
0.4334334334334000172, 0.0114717234300894949
0.4359359359359000208, 0.0113913885147227112
0.4384384384384000244, 0.0113129781058620670
0.4409409409408999725, 0.0112364563023213959
0.4434434434433999761, 0.0111617883628759105
0.4459459459458999797, 0.0110889406703628401
0.4484484484483999833, 0.0110178806972732260
0.4509509509510000180, 0.0109485769727710562
0.4534534534535000216, 0.0108809990510793826
0.4559559559560000253, 0.0108151174811759506
0.4584584584584999734, 0.0107509037777439188
0.4609609609609999770, 0.0106883303933259701
0.4634634634634999806, 0.0106273706916327464
0.4659659659659999842, 0.0105679989219590181
0.4684684684684999878, 0.0105101901946633505
0.4709709709709999914, 0.0104539204576692673
0.4734734734734999950, 0.0103991664739480731
0.4759759759759999986, 0.0103459057999453711
0.4784784784785000022, 0.0102941167649154668
0.4809809809810000059, 0.0102437784511293806
0.4834834834835000095, 0.0101948706749241912
0.4859859859860000131, 0.0101473739685628457
0.4884884884885000167, 0.0101012695628753084
0.4909909909910000203, 0.0100565393706533498
0.4934934934935000239, 0.0100131659707726507
0.4959959959960000275, 0.0099711325930173685
0.4984984984984999756, 0.0099304231035834654
0.5010010010009999792, 0.0098910219912385078
0.5035035035035000384, 0.0098529143541166361
0.5060060060059999865, 0.0098160858871287442
0.5085085085085000456, 0.0097805228699687722
0.5110110110109999937, 0.0097462121556982587
0.5135135135135000528, 0.0097131411598921705
0.5160160160160000009, 0.0096812978503300236
0.5185185185184999490, 0.0096506707372172301
0.5210210210210000081, 0.0096212488639224897
0.5235235235234999562, 0.0095930217982179260
0.5260260260260000154, 0.0095659796240094089
0.5285285285284999635, 0.0095401129335454318
0.5310310310310000226, 0.0095154128200935426
0.5335335335334999707, 0.0094918708710741879
0.5360360360360000298, 0.0094694791616424662
0.5385385385384999779, 0.0094482302487090709
0.5410410410410000370, 0.0094281171653922968
0.5435435435434999851, 0.0094091334158937605
0.5460460460460000442, 0.0093912729707909919
0.5485485485484999924, 0.0093745302627408680
0.5510510510510999715, 0.0093589001825883263
0.5535535535536000307, 0.0093443780758755094
0.5560560560560999788, 0.0093309597397470360
0.5585585585586000379, 0.0093186414202477454
0.5610610610610999860, 0.0093074198100097909
0.5635635635636000451, 0.0092972920463266148
0.5660660660660999932, 0.0092882557096118038
0.5685685685686000523, 0.0092803088222415571
0.5710710710711000004, 0.0092734498477799049
0.5735735735735999485, 0.0092676776905865309
0.5760760760761000077, 0.0092629916958075469
0.5785785785785999558, 0.0092593916497501413
0.5810810810811000149, 0.0092568777806426826
0.5835835835835999630, 0.0092554507597823483
0.5860860860861000221, 0.0092551117030730198
0.5885885885885999702, 0.0092558621729567237
0.5910910910911000293, 0.0092577041807425722
0.5935935935935999774, 0.0092606401893377162
0.5960960960961000366, 0.0092646731163855151
0.5985985985985999847, 0.0092698063378167175
0.6011011011011000438, 0.0092760436918201596
0.6036036036035999919, 0.0092833894832401453
0.6061061061061000510, 0.0092918484884083781
0.6086086086085999991, 0.0093014259604190068
0.6111111111110999472, 0.0093121276348561415
0.6136136136136000063, 0.0093239597359839228
0.6161161161160999544, 0.0093369289834100613
0.6186186186186000135, 0.0093510425992344645
0.6211211211210999616, 0.0093663083156956713
0.6236236236236000208, 0.0093827343833283866
0.6261261261260999689, 0.0094003295796466109
0.6286286286286000280, 0.0094191032183676120
0.6311311311310999761, 0.0094390651591931378
0.6336336336336000352, 0.0094602258181652119
0.6361361361360999833, 0.0094825961786150301
0.6386386386386000424, 0.0095061878027245111
0.6411411411410999905, 0.0095310128437214106
0.6436436436436000497, 0.0095570840587299918
0.6461461461460999978, 0.0095844148223007044
0.6486486486485999459, 0.0096130191406435823
0.6511511511512000361, 0.0096429116665917077
0.6536536536536999842, 0.0096741077153223339
0.6561561561562000433, 0.0097066232808652002
0.6586586586586999914, 0.0097404750534289871
0.6611611611612000505, 0.0097756804375788275
0.6636636636636999986, 0.0098122575712995576
0.6661661661661999467, 0.0098502253459814663
0.6686686686687000059, 0.0098896034273673258
0.6711711711711999540, 0.0099304122775017937
0.6736736736737000131, 0.0099726731777264616
0.6761761761761999612, 0.0100164082527665187
0.6786786786787000203, 0.0100616404959574229
0.6811811811811999684, 0.0101083937956628588
0.6836836836837000275, 0.0101566929629381755
0.6861861861861999756, 0.0102065637604966258
0.6886886886887000347, 0.0102580329330389415
0.6911911911911999828, 0.0103111282390104982
0.6936936936937000420, 0.0103658784838537247
0.6961961961961999901, 0.0104223135548277279
0.6986986986987000492, 0.0104804644574709779
0.7012012012011999973, 0.0105403633537875102
0.7037037037036999454, 0.0106020436022419527
0.7062062062062000045, 0.0106655397996533938
0.7087087087086999526, 0.0107308878250839124
0.7112112112112000117, 0.0107981248858229160
0.7137137137136999598, 0.0108672895655747767
0.7162162162162000190, 0.0109384218749636851
0.7187187187186999671, 0.0110115633044764669
0.7212212212212000262, 0.0110867568799716439
0.7237237237236999743, 0.0111640472208908159
0.7262262262262000334, 0.0112434806013168714
0.7287287287286999815, 0.0113251050140324785
0.7312312312312000406, 0.0114089702377421047
0.7337337337336999887, 0.0114951279076307908
0.7362362362362000479, 0.0115836315894442283
0.7387387387386999960, 0.0116745368572861580
0.7412412412412000551, 0.0117679013753419527
0.7437437437437000032, 0.0118637849837506144
0.7462462462461999513, 0.0119622497888619006
0.7487487487487000104, 0.0120633602581309320
0.7512512512512999896, 0.0121671833199190702
0.7537537537538000487, 0.0122737884684880564
0.7562562562562999968, 0.0123832478744932625
0.7587587587587999449, 0.0124956365013028682
0.7612612612613000040, 0.0126110322274917367
0.7637637637637999521, 0.0127295159758828470
0.7662662662663000113, 0.0128511718495347062
0.7687687687687999594, 0.0129760872751009566
0.7712712712713000185, 0.0131043531540181689
0.7737737737737999666, 0.0132360640220101321
0.7762762762763000257, 0.0133713182174315087
0.7787787787787999738, 0.0135102180590113367
0.7812812812813000329, 0.0136528700335973759
0.7837837837837999810, 0.0137993849945459747
0.7862862862863000402, 0.0139498783714495662
0.7887887887887999883, 0.0141044703919451474
0.7912912912913000474, 0.0142632863164025292
0.7937937937937999955, 0.0144264566863513619
0.7962962962963000546, 0.0145941175875710528
0.7987987987988000027, 0.0147664109288385796
0.8013013013012999508, 0.0149434847374058169
0.8038038038038000099, 0.0151254934723617333
0.8063063063062999580, 0.0153125983571253295
0.8088088088088000172, 0.0155049677324140978
0.8113113113112999653, 0.0157027774311402114
0.8138138138138000244, 0.0159062111768039187
0.8163163163162999725, 0.0161154610070812707
0.8188188188188000316, 0.0163307277244428561
0.8213213213212999797, 0.0165522213757924030
0.8238238238238000388, 0.0167801617632806384
0.8263263263262999869, 0.0170147789886317992
0.8288288288288000460, 0.0172563140335196021
0.8313313313312999941, 0.0175050193787477347
0.8338338338338000533, 0.0177611596652297032
0.8363363363363000014, 0.0180250124000254190
0.8388388388387999495, 0.0182968687109808445
0.8413413413413000086, 0.0185770341538349162
0.8438438438437999567, 0.0188658295760062503
0.8463463463463000158, 0.0191635920416585691
0.8488488488487999639, 0.0194706758230669963
0.8513513513514000541, 0.0197874534637760696
0.8538538538539000022, 0.0201143169195584400
0.8563563563563999503, 0.0204516787837538266
0.8588588588589000095, 0.0207999736042032077
0.8613613613613999576, 0.0211596592996935520
0.8638638638639000167, 0.0215312186846076080
0.8663663663663999648, 0.0219151611113386907
0.8688688688689000239, 0.0223120242409899257
0.8713713713713999720, 0.0227223759539496549
0.8738738738739000311, 0.0231468164131254858
0.8763763763763999792, 0.0235859802939501553
0.8788788788789000384, 0.0240405391967591711
0.8813813813813999865, 0.0245112042587999623
0.8838838838839000456, 0.0249987289849959333
0.8863863863863999937, 0.0255039123186731123
0.8888888888889000528, 0.0260276019758011075
0.8913913913914000009, 0.0265706980689343827
0.8938938938938999490, 0.0271341570500033581
0.8963963963964000081, 0.0277189960044511713
0.8988988988988999562, 0.0283262973329844910
0.9014014014014000153, 0.0289572138614767223
0.9039039039038999634, 0.0296129744243972606
0.9064064064064000226, 0.0302948899726217351
0.9089089089088999707, 0.0310043602627120655
0.9114114114114000298, 0.0317428811918426812
0.9139139139138999779, 0.0325120528506327791
0.9164164164164000370, 0.0333135883753756801
0.9189189189188999851, 0.0341493236917112045
0.9214214214214000442, 0.0350212282538928180
0.9239239239238999923, 0.0359314168976924281
0.9264264264264000515, 0.0368821629409726293
0.9289289289288999996, 0.0378759126843861496
0.9314314314313999477, 0.0389153014859441107
0.9339339339339000068, 0.0400031716078423361
0.9364364364363999549, 0.0411425920625166364
0.9389389389389000140, 0.0423368807181376886
0.9414414414413999621, 0.0435896289624938607
0.9439439439439000212, 0.0449047292694546574
0.9464464464463999693, 0.0462864060652051351
0.9489489489489000285, 0.0477392503536483367
0.9514514514515000076, 0.0492682586336049069
0.9539539539539999558, 0.0508788767268763473
0.9564564564565000149, 0.0525770492385347482
0.9589589589589999630, 0.0543692754922494095
0.9614614614615000221, 0.0562626729280383681
0.9639639639639999702, 0.0582650491225110007
0.9664664664665000293, 0.0603849837985633436
0.9689689689689999774, 0.0626319224401901548
0.9714714714715000365, 0.0650162834281117485
0.9739739739739999846, 0.0675495809751268522
0.9764764764765000438, 0.0702445665814797615
0.9789789789789999919, 0.0731153922689659203
0.9814814814815000510, 0.0761777995119735513
0.9839839839839999991, 0.0794493385948356612
0.9864864864864999472, 0.0829496241269551265
0.9889889889890000063, 0.0867006336908368314
0.9914914914914999544, 0.0907270581490136618
0.9939939939940000135, 0.0950567140794166127
0.9964964964964999616, 0.0997210312572895247
0.9989989989990000208, 0.1047556312033100651
1.0015015015019999023, 0.1102010167690207487
1.0040040040039999170, 0.1161033977952003887
1.0065065065070000205, 0.1225156844112635368
1.0090090090090000352, 0.1294986880259454964
1.0115115115119999167, 0.1371225811509262094
1.0140140140139999314, 0.1454686818102895463
1.0165165165170000350, 0.1546316476881058333
1.0190190190190000497, 0.1647221911376989256
1.0215215215219999312, 0.1758704612527862976
1.0240240240239999459, 0.1882302870196853883
1.0265265265270000494, 0.2019845414119163796
1.0290290290290000641, 0.2173519779135171248
1.0315315315319999456, 0.2345960199156712223
1.0340340340339999603, 0.2540361671530809162
1.0365365365370000639, 0.2760629485254835758
1.0390390390390000785, 0.3011577388184690784
1.0415415415419999601, 0.3299193337280129645
1.0440440440439999747, 0.3631000491731061208
1.0465465465470000783, 0.4016554514354994110
1.0490490490490000930, 0.4468139271487004960
1.0515515515519999745, 0.5001756708458430234
1.0540540540539999892, 0.5638561936494835836
1.0565565565570000928, 0.6406987599189399862
1.0590590590590001074, 0.7345962808005243039
1.0615615615619999890, 0.8509920508965089780
1.0640640640640000036, 0.9976822821297760546
1.0665665665670001072, 1.1861470226517176751
1.0690690690689998998, 1.4338462531159308355
1.0715715715720000034, 1.7683682814312027265
1.0740740740740000181, 2.2353459930275865197
1.0765765765769998996, 2.9145898434479735606
1.0790790790789999143, 3.9557204970016033307
1.0815815815820000179, 5.6651787717172137349
1.0840840840840000325, 8.7476215037715103762
1.0865865865869999141, 15.0945700693764859324
1.0890890890889999287, 30.9074205145798508454
1.0915915915920000323, 78.9628117901651336297
1.0940940940940000470, 138.9698527512884425050
1.0965965965969999285, 62.6776463982819436183
1.0990990990989999432, 25.6862702156060933589
1.1016016016020000468, 13.1405438722388492323
1.1041041041040000614, 7.8481346744640463342
1.1066066066069999430, 5.1860648100029340668
1.1091091091089999576, 3.6733128964440928677
1.1116116116120000612, 2.7356753718005206721
1.1141141141140000759, 2.1158984079200124917
1.1166166166169999574, 1.6855150770511349023
1.1191191191189999721, 1.3747882888113878153
1.1216216216220000756, 1.1432846346941574200
1.1241241241240000903, 0.9662801712465101112
1.1266266266269999718, 0.8279798815353374142
1.1291291291289999865, 0.7179160520832089665
1.1316316316320000901, 0.6289320392615862509
1.1341341341340001048, 0.5560022168704870094
1.1366366366369999863, 0.4955144640588611260
1.1391391391390000010, 0.4448192236374453601
1.1416416416420001045, 0.4019377717876647105
1.1441441441439998972, 0.3653686053072056628
1.1466466466470000007, 0.3339559967697617315
1.1491491491490000154, 0.3067989259469450780
1.1516516516519998969, 0.2831868228399610499
1.1541541541539999116, 0.2625534749905049647
1.1566566566570000152, 0.2444434664575803051
1.1591591591590000299, 0.2284874071195206191
1.1616616616619999114, 0.2143834225468022603
1.1641641641639999261, 0.2018831658633366000
1.1666666666670000296, 0.1907811388273794595
1.1691691691690000443, 0.1809064645503717650
1.1716716716719999258, 0.1721164978600634443
1.1741741741739999405, 0.1642918287590450221
1.1766766766770000441, 0.1573323539054072018
1.1791791791790000588, 0.1511541764019316558
1.1816816816819999403, 0.1456871559805304195
1.1841841841839999550, 0.1408729770454105468
1.1866866866870000585, 0.1366636358911476612
1.1891891891890000732, 0.1330202741634988195
1.1916916916919999547, 0.1299123057252523916
1.1941941941939999694, 0.1273168003243690116
1.1966966966970000730, 0.1252181012188203768
1.1991991991990000876, 0.1236076663260210068
1.2017017017019999692, 0.1224841345546616306
1.2042042042039999838, 0.1218536317700156107
1.2067067067070000874, 0.1217303455014800001
1.2092092092090001021, 0.1221374154742607826
1.2117117117119999836, 0.1231082102904178799
1.2142142142139999983, 0.1246880918716106318
1.2167167167170001019, 0.1269368126875282665
1.2192192192189998945, 0.1299317524972741222
1.2217217217219999981, 0.1337722908556589485
1.2242242242240000127, 0.1385857440108853034
1.2267267267269998943, 0.1445354942255364095
1.2292292292289999089, 0.1518322457154672733
1.2317317317320000125, 0.1607498210485401591
1.2342342342340000272, 0.1716476797753226091
1.2367367367369999087, 0.1850036000098310984
1.2392392392389999234, 0.2014620821148073171
1.2417417417420000270, 0.2219077029554351044
1.2442442442440000416, 0.2475792134606772943
1.2467467467469999232, 0.2802523504476770455
1.2492492492489999378, 0.3225428785998998293
1.2517517517520000414, 0.3784291000416185047
1.2542542542540000561, 0.4541952163418770949
1.2567567567569999376, 0.5602299698077755075
1.2592592592589999523, 0.7146883462973804280
1.2617617617620000559, 0.9515685705962565466
1.2642642642640000705, 1.3404025890120656594
1.2667667667669999521, 2.0407692450499719250
1.2692692692689999667, 3.4799150027137519814
1.2717717717720000703, 7.0542324562986600256
1.2742742742740000850, 17.9049095820377885957
1.2767767767769999665, 32.0372298347669470786
1.2792792792789999812, 14.6410795372158730743
1.2817817817820000847, 6.0086431270812390437
1.2842842842840000994, 3.0885154904369027662
1.2867867867869999809, 1.8605902280436030782
1.2892892892889999956, 1.2444582570126727639
1.2917917917920000992, 0.8950691099880305757
1.2942942942939998918, 0.6789735028756033186
1.2967967967969999954, 0.5364950513254138631
1.2992992992990000101, 0.4378763775033449601
1.3018018018019998916, 0.3669839794052031090
1.3043043043039999063, 0.3144744999967299393
1.3068068068070000098, 0.2746416784122067689
1.3093093093090000245, 0.2438453151498805316
1.3118118118119999060, 0.2196775436401214587
1.3143143143139999207, 0.2004964940495853609
1.3168168168170000243, 0.1851535966171186653
1.3193193193190000390, 0.1728279430998123645
1.3218218218219999205, 0.1629223295370715863
1.3243243243239999352, 0.1549961397463176516
1.3268268268270000387, 0.1487209454135181019
1.3293293293290000534, 0.1438505207405653963
1.3318318318319999349, 0.1402002476593934566
1.3343343343339999496, 0.1376327933847127927
1.3368368368370000532, 0.1360480829603884501
1.3393393393390000679, 0.1353762915427183522
1.3418418418419999494, 0.1355730252089749621
1.3443443443439999641, 0.1366161483443100455
1.3468468468470000676, 0.1385039109535914914
1.3493493493490000823, 0.1412541676189489337
1.3518518518519999638, 0.1449045848988467222
1.3543543543539999785, 0.1495138218759012871
1.3568568568570000821, 0.1551637516151006535
1.3593593593590000967, 0.1619628804901366292
1.3618618618619999783, 0.1700512294668073965
1.3643643643639999929, 0.1796070813269156630
1.3668668668670000965, 0.1908561912911455050
1.3693693693689998891, 0.2040843368415269921
1.3718718718719999927, 0.2196544948370932615
1.3743743743740000074, 0.2380305596820255776
1.3768768768770001110, 0.2598104872725813808
1.3793793793789999036, 0.2857732904733464308
1.3818818818820000072, 0.3169468160235017207
1.3843843843840000218, 0.3547074071249666227
1.3868868868869999034, 0.4009297123425459852
1.3893893893889999180, 0.4582175583993191026
1.3918918918920000216, 0.5302699857372396020
1.3943943943940000363, 0.6224807130758589491
1.3968968968969999178, 0.7429573276901377810
1.3993993993989999325, 0.9043312967408096981
1.4019019019020000361, 1.1271419884017803703
1.4044044044040000507, 1.4465646342695230864
1.4069069069069999323, 1.9268245868002780163
1.4094094094089999469, 2.6950747737163220918
1.4119119119120000505, 4.0309001736222001000
1.4144144144140000652, 6.6410528765692209419
1.4169169169169999467, 12.6756543490098447791
1.4194194194189999614, 30.0560809067203216216
1.4219219219220000650, 72.1102080913788938688
1.4244244244240000796, 48.2109176479030807627
1.4269269269269999612, 18.5607534727931700047
1.4294294294289999758, 8.8350749603618190520
1.4319319319320000794, 5.0373221563920225208
1.4344344344340000941, 3.2291983850502830045
1.4369369369369999756, 2.2401120143163080201
1.4394394394389999903, 1.6435831424839710824
1.4419419419420000938, 1.2572044806008884077
1.4444444444440001085, 0.9930248207984130326
1.4469469469469999900, 0.8045821535862700546
1.4494494494490000047, 0.6655147253946781527
1.4519519519520001083, 0.5599841421776868833
1.4544544544539999009, 0.4780182099522245487
1.4569569569570000045, 0.4130884516946258245
1.4594594594590000192, 0.3607775901988565792
1.4619619619619999007, 0.3180112274467012945
1.4644644644639999154, 0.2825966504144529212
1.4669669669670000189, 0.2529362035190551028
1.4694694694690000336, 0.2278436686555664337
1.4719719719719999151, 0.2064234530527740419
1.4744744744739999298, 0.1879891978207451908
1.4769769769770000334, 0.1720077733235971795
1.4794794794790000481, 0.1580600044508228552
1.4819819819819999296, 0.1458126518311834152
1.4844844844839999443, 0.1349981095269351394
1.4869869869870000478, 0.1253994837785072092
1.4894894894890000625, 0.1168394831365902053
1.4919919919919999440, 0.1091720470473477034
1.4944944944939999587, 0.1022759680421329309
1.4969969969970000623, 0.0960499830107144903
1.4994994994990000770, 0.0904089592840550266
1.5020020020019999585, 0.0852809051735980012
1.5045045045050000621, 0.0806046074453386496
1.5070070070070000767, 0.0763277498789315945
1.5095095095099999583, 0.0724054041437263013
1.5120120120119999729, 0.0687988111207955833
1.5145145145150000765, 0.0654743905065044290
1.5170170170170000912, 0.0624029311079106613
1.5195195195199999727, 0.0595589251155364263
1.5220220220219999874, 0.0569200178220203371
1.5245245245250000909, 0.0544665504610069087
1.5270270270270001056, 0.0521811785824004143
1.5295295295299999871, 0.0500485520288776950
1.5320320320320000018, 0.0480550454051332163
1.5345345345350001054, 0.0461885301350513297
1.5370370370369998980, 0.0444381809304782160
1.5395395395400000016, 0.0427943108589011051
1.5420420420420000163, 0.0412482302790589950
1.5445445445449998978, 0.0397921257760913138
1.5470470470469999125, 0.0384189559191865093
1.5495495495500000160, 0.0371223612214142545
1.5520520520520000307, 0.0358965861318474230
1.5545545545549999122, 0.0347364112560899635
1.5570570570569999269, 0.0336370942999903375
1.5595595595600000305, 0.0325943184760583010
1.5620620620620000452, 0.0316041473133898826
1.5645645645649999267, 0.0306629849781128866
1.5670670670669999414, 0.0297675413490896233
1.5695695695700000449, 0.0289148012081233627
1.5720720720720000596, 0.0281019969994700108
1.5745745745749999411, 0.0273265846934190142
1.5770770770769999558, 0.0265862223558566077
1.5795795795800000594, 0.0258787510822737418
1.5820820820820000741, 0.0252021780024340308
1.5845845845849999556, 0.0245546611023781877
1.5870870870869999703, 0.0239344956447893886
1.5895895895900000738, 0.0233401019980017319
1.5920920920920000885, 0.0227700147089107269
1.5945945945949999700, 0.0222228726764123405
1.5970970970969999847, 0.0216974103003407942
1.5995995996000000883, 0.0211924494966351171
1.6021021021020001029, 0.0207068924830542817
1.6046046046049999845, 0.0202397152514972103
1.6071071071069999991, 0.0197899616531361164
1.6096096096100001027, 0.0193567380313866451
1.6121121121119998953, 0.0189392083453894453
1.6146146146149999989, 0.0185365897333455050
1.6171171171170000136, 0.0181481484708628377
1.6196196196199998951, 0.0177731962845547146
1.6221221221219999098, 0.0174110869855795269
1.6246246246250000134, 0.0170612133917164149
1.6271271271270000280, 0.0167230045099996116
1.6296296296299999096, 0.0163959229549531238
1.6321321321319999242, 0.0160794625801276778
1.6346346346350000278, 0.0157731463029909119
1.6371371371370000425, 0.0154765241052985357
1.6396396396399999240, 0.0151891711929140055
1.6421421421419999387, 0.0149106863006749756
1.6446446446450000423, 0.0146406901293540913
1.6471471471470000569, 0.0143788239030498543
1.6496496496499999385, 0.0141247480364911100
1.6521521521519999531, 0.0138781409027618954
1.6546546546550000567, 0.0136386976928675012
1.6571571571570000714, 0.0134061293593793207
1.6596596596599999529, 0.0131801616371277699
1.6621621621619999676, 0.0129605341345680851
1.6646646646650000712, 0.0127469994900320099
1.6671671671670000858, 0.0125393225876069998
1.6696696696699999674, 0.0123372798278600163
1.6721721721719999820, 0.0121406584490510415
1.6746746746750000856, 0.0119492558948671498
1.6771771771770001003, 0.0117628792250565224
1.6796796796799999818, 0.0115813445656560363
1.6821821821819999965, 0.0114044765957908092
1.6846846846850001000, 0.0112321080682813001
1.6871871871869998927, 0.0110640793615271373
1.6896896896899999962, 0.0109002380603483093
1.6921921921920000109, 0.0107404385636564997
1.6946946946949998924, 0.0105845417170039782
1.6971971971969999071, 0.0104324144682161161
1.6996996997000000107, 0.0102839295444583229
1.7022022022020000254, 0.0101389651492197058
1.7047047047049999069, 0.0099974046778159888
1.7072072072069999216, 0.0098591364501238038
1.7097097097100000251, 0.0097240534593586066
1.7122122122120000398, 0.0095920531358000046
1.7147147147149999213, 0.0094630371244520776
1.7172172172169999360, 0.0093369110757029073
1.7197197197200000396, 0.0092135844481179389
1.7222222222220000543, 0.0090929703225661046
1.7247247247249999358, 0.0089749852269369254
1.7272272272269999505, 0.0088595489707610914
1.7297297297300000540, 0.0087465844890969469
1.7322322322320000687, 0.0086360176950913310
1.7347347347349999502, 0.0085277773406653642
1.7372372372369999649, 0.0084217948848148740
1.7397397397400000685, 0.0083180043690509430
1.7422422422420000832, 0.0082163422995391866
1.7447447447449999647, 0.0081167475355269879
1.7472472472469999794, 0.0080191611836760400
1.7497497497500000829, 0.0079235264979436899
1.7522522522520000976, 0.0078297887846807013
1.7547547547549999791, 0.0077378953126353012
1.7572572572569999938, 0.0076477952275740592
1.7597597597600000974, 0.0075594394712493532
1.7622622622619998900, 0.0074727807044607814
1.7647647647649999936, 0.0073877732339744616
1.7672672672670000082, 0.0073043729430793108
1.7697697697699998898, 0.0072225372255736728
1.7722722722719999044, 0.0071422249229887626
1.7747747747750000080, 0.0070633962648676604
1.7772772772770000227, 0.0069860128119299762
1.7797797797799999042, 0.0069100374019628857
1.7822822822819999189, 0.0068354340982891421
1.7847847847850000225, 0.0067621681406717631
1.7872872872870000371, 0.0066902058985237895
1.7897897897899999187, 0.0066195148262993683
1.7922922922919999333, 0.0065500634209499338
1.7947947947950000369, 0.0064818211813362017
1.7972972972970000516, 0.0064147585694931623
1.7997997997999999331, 0.0063488469736513583
1.8023023023019999478, 0.0062840586729233476
1.8048048048050000514, 0.0062203668035696142
1.8073073073070000660, 0.0061577453267631218
1.8098098098099999476, 0.0060961689977763276
1.8123123123119999622, 0.0060356133365188532
1.8148148148150000658, 0.0059760545993580733
1.8173173173170000805, 0.0059174697521586807
1.8198198198199999620, 0.0058598364444808941
1.8223223223219999767, 0.0058031329848802944
1.8248248248250000803, 0.0057473383172554739
1.8273273273270000949, 0.0056924319981925924
1.8298298298299999765, 0.0056383941752587334
1.8323323323319999911, 0.0055852055661985717
1.8348348348350000947, 0.0055328474389912908
1.8373373373370001094, 0.0054813015927270160
1.8398398398399999909, 0.0054305503392641907
1.8423423423420000056, 0.0053805764856313595
1.8448448448450001091, 0.0053313633171387540
1.8473473473469999018, 0.0052828945811668757
1.8498498498500000053, 0.0052351544716009758
1.8523523523520000200, 0.0051881276138819529
1.8548548548549999015, 0.0051417990506456880
1.8573573573569999162, 0.0050961542279242510
1.8598598598600000198, 0.0050511789818838190
1.8623623623620000345, 0.0050068595260753255
1.8648648648649999160, 0.0049631824391751615
1.8673673673669999307, 0.0049201346531942925
1.8698698698700000342, 0.0048777034421353021
1.8723723723720000489, 0.0048358764110778118
1.8748748748749999304, 0.0047946414856737578
1.8773773773769999451, 0.0047539869020348513
1.8798798798800000487, 0.0047139011969954334
1.8823823823820000634, 0.0046743731987347352
1.8848848848849999449, 0.0046353920177433314
1.8873873873869999596, 0.0045969470381192843
1.8898898898900000631, 0.0045590279091801741
1.8923923923920000778, 0.0045216245373778628
1.8948948948949999593, 0.0044847270785034563
1.8973973973969999740, 0.0044483259301704887
1.8998998999000000776, 0.0044124117245649668
1.9024024024020000923, 0.0043769753214513603
1.9049049049049999738, 0.0043420078014241997
1.9074074074069999885, 0.0043075004593953565
1.9099099099100000920, 0.0042734447983075611
1.9124124124120001067, 0.0042398325230651422
1.9149149149149999882, 0.0042066555346733587
1.9174174174170000029, 0.0041739059245781002
1.9199199199200001065, 0.0041415759691980775
1.9224224224219998991, 0.0041096581246419916
1.9249249249250000027, 0.0040781450216035011
1.9274274274270000173, 0.0040470294604270938
1.9299299299299998989, 0.0040163044063383068
1.9324324324319999135, 0.0039859629848320068
1.9349349349350000171, 0.0039559984772126865
1.9374374374370000318, 0.0039264043162810687
1.9399399399399999133, 0.0038971740821614441
1.9424424424419999280, 0.0038683014982645149
1.9449449449450000316, 0.0038397804273806596
1.9474474474470000462, 0.0038116048678987846
1.9499499499499999278, 0.0037837689501461214
1.9524524524519999424, 0.0037562669328445293
1.9549549549550000460, 0.0037290931996790252
1.9574574574570000607, 0.0037022422559744718
1.9599599599599999422, 0.0036757087254764911
1.9624624624619999569, 0.0036494873472328600
1.9649649649650000605, 0.0036235729725717595
1.9674674674670000751, 0.0035979605621734479
1.9699699699699999567, 0.0035726451832320070
1.9724724724719999713, 0.0035476220067039953
1.9749749749750000749, 0.0035228863046409438
1.9774774774770000896, 0.0034984334476027487
1.9799799799799999711, 0.0034742589021491432
1.9824824824819999858, 0.0034503582284065477
1.9849849849850000894, 0.0034267270777076720
1.9874874874870001040, 0.0034033611903013833
1.9899899899899999856, 0.0033802563931304352
1.9924924924920000002, 0.0033574085976747232
1.9949949949950001038, 0.0033348137978578799
1.9974974974969998964, 0.0033124680680150262
2.0000000000000000000, 0.0032903675609196603
