# k1_lab: [1, 0, 0]
# k2_lab: [-0.8660254037844387, 0.49999999999999994, 0.0]
# k1_cf: [-0.5416752204197018, -0.5416752204197018, 0.6427876096865394]
# k2_cf: [0.696364240320019, 0.696364240320019, -0.17364817766693053]
# pol1_lab: [(0, 1, 0), (0, 0, 1)]
# pol2_lab: [array([-0.5      , -0.8660254,  0.       ]), array([0., 0., 1.])]
# pol1_cf: [array([0.45451948, 0.45451948, 0.76604444]), array([-0.70710678,  0.70710678,  0.        ])]
# pol2_cf: [array([-0.1227878 , -0.1227878 , -0.98480775]), array([-0.70710678,  0.70710678,  0.        ])]
# cf: [array([-0.54167522,  0.45451948, -0.70710678]), array([-0.54167522,  0.45451948,  0.70710678]), array([0.64278761, 0.76604444, 0.        ])]
# th: 50
-0.5000000000000000000, 0.0066484174098120699
-0.4974974974974999964, 0.0067112452350103022
-0.4949949949949999928, 0.0067750065116320892
-0.4924924924924999892, 0.0068397200733108926
-0.4899899899899999856, 0.0069054052330451777
-0.4874874874874999819, 0.0069720817979332939
-0.4849849849849999783, 0.0070397700844397294
-0.4824824824824999747, 0.0071084909342147180
-0.4799799799800000266, 0.0071782657304902547
-0.4774774774775000230, 0.0072491164150766769
-0.4749749749750000194, 0.0073210655059850558
-0.4724724724725000158, 0.0073941361157018864
-0.4699699699700000122, 0.0074683519701438245
-0.4674674674675000086, 0.0075437374283215458
-0.4649649649650000049, 0.0076203175027432010
-0.4624624624625000013, 0.0076981178805895023
-0.4599599599599999977, 0.0077771649456938258
-0.4574574574574999941, 0.0078574858013627236
-0.4549549549549999905, 0.0079391082940735401
-0.4524524524524999869, 0.0080220610380880575
-0.4499499499499000077, 0.0081063734410227774
-0.4474474474474000041, 0.0081920757304186128
-0.4449449449449000005, 0.0082791989813548392
-0.4424424424423999969, 0.0083677751451545490
-0.4399399399398999932, 0.0084578370792311348
-0.4374374374373999896, 0.0085494185781280208
-0.4349349349348999860, 0.0086425544058063714
-0.4324324324323999824, 0.0087372803292385566
-0.4299299299298999788, 0.0088336331533680652
-0.4274274274273999752, 0.0089316507574996977
-0.4249249249249000271, 0.0090313721331874014
-0.4224224224224000235, 0.0091328374236905614
-0.4199199199199000199, 0.0092360879650734400
-0.4174174174174000163, 0.0093411663290263926
-0.4149149149149000126, 0.0094481163674918316
-0.4124124124124000090, 0.0095569832591824357
-0.4099099099099000054, 0.0096678135580838404
-0.4074074074074000018, 0.0097806552440390902
-0.4049049049048999982, 0.0098955577755177812
-0.4024024024023999946, 0.0100125721446782355
-0.3998998998998999910, 0.0101317509348374385
-0.3973973973973999874, 0.0102531483804697461
-0.3948948948948999838, 0.0103768204298623629
-0.3923923923923999801, 0.0105028248105629683
-0.3898898898898999765, 0.0106312210977625426
-0.3873873873873999729, 0.0107620707857648788
-0.3848848848849000248, 0.0108954373627030508
-0.3823823823824000212, 0.0110313863886724491
-0.3798798798799000176, 0.0111699855774603490
-0.3773773773774000140, 0.0113113048820622109
-0.3748748748749000104, 0.0114554165841867922
-0.3723723723724000068, 0.0116023953879640426
-0.3698698698699000031, 0.0117523185180829180
-0.3673673673673999995, 0.0119052658226000349
-0.3648648648648999959, 0.0120613198806750928
-0.3623623623623999923, 0.0122205661155047000
-0.3598598598598999887, 0.0123830929127432890
-0.3573573573573999851, 0.0125489917447180344
-0.3548548548548999815, 0.0127183573007639879
-0.3523523523523999779, 0.0128912876240265713
-0.3498498498497999987, 0.0130678842551008676
-0.3473473473472999951, 0.0132482523829010098
-0.3448448448447999914, 0.0134325010031785957
-0.3423423423422999878, 0.0136207430851367651
-0.3398398398397999842, 0.0138130957466157771
-0.3373373373372999806, 0.0140096804383579420
-0.3348348348347999770, 0.0142106231378937835
-0.3323323323322999734, 0.0144160545536277905
-0.3298298298298000253, 0.0146261103397418660
-0.3273273273273000217, 0.0148409313225766649
-0.3248248248248000181, 0.0150606637391970510
-0.3223223223223000145, 0.0152854594888968583
-0.3198198198198000108, 0.0155154763984514527
-0.3173173173173000072, 0.0157508785019837526
-0.3148148148148000036, 0.0159918363363712318
-0.3123123123123000000, 0.0162385272531881293
-0.3098098098097999964, 0.0164911357482492964
-0.3073073073072999928, 0.0167498538099001004
-0.3048048048047999892, 0.0170148812872812603
-0.3023023023022999856, 0.0172864262798886441
-0.2997997997997999819, 0.0175647055498474557
-0.2972972972972999783, 0.0178499449584270803
-0.2947947947947999747, 0.0181423799284396066
-0.2922922922923000266, 0.0184422559342913364
-0.2897897897898000230, 0.0187498290215934484
-0.2872872872873000194, 0.0190653663583878960
-0.2847847847848000158, 0.0193891468202061282
-0.2822822822823000122, 0.0197214616113551566
-0.2797797797798000086, 0.0200626149250181310
-0.2772772772773000050, 0.0204129246449655313
-0.2747747747748000013, 0.0207727230919029157
-0.2722722722722999977, 0.0211423578177298427
-0.2697697697697999941, 0.0215221924512582347
-0.2672672672672999905, 0.0219126075992364319
-0.2647647647647999869, 0.0223140018068519880
-0.2622622622622999833, 0.0227267925822434678
-0.2597597597597999797, 0.0231514174899441205
-0.2572572572572999761, 0.0235883353186096198
-0.2547547547547999724, 0.0240380273288551827
-0.2522522522523000243, 0.0245009985875453799
-0.2497497497496999896, 0.0249777793954517671
-0.2472472472472000138, 0.0254689268158212363
-0.2447447447447000102, 0.0259750263120913649
-0.2422422422422000066, 0.0264966935037524789
-0.2397397397397000030, 0.0270345760502005081
-0.2372372372371999993, 0.0275893556733566511
-0.2347347347346999957, 0.0281617503308620142
-0.2322322322321999921, 0.0287525165527980249
-0.2297297297296999885, 0.0293624519561500041
-0.2272272272272000126, 0.0299923979526379170
-0.2247247247247000090, 0.0306432426671004350
-0.2222222222222000054, 0.0313159240853565293
-0.2197197197197000018, 0.0320114334524043628
-0.2172172172171999982, 0.0327308189439753441
-0.2147147147146999946, 0.0334751896368702603
-0.2122122122121999910, 0.0342457198061969920
-0.2097097097096999874, 0.0350436535806424934
-0.2072072072072000115, 0.0358703099902881184
-0.2047047047047000079, 0.0367270884452655516
-0.2022022022022000043, 0.0376154746878068491
-0.1996996996997000007, 0.0385370472650301693
-0.1971971971971999971, 0.0394934845751977737
-0.1946946946946999935, 0.0404865725462691325
-0.1921921921921999898, 0.0415182130124497478
-0.1896896896896999862, 0.0425904328622191131
-0.1871871871872000104, 0.0437053940401419608
-0.1846846846847000068, 0.0448654044947814148
-0.1821821821822000032, 0.0460729301764185167
-0.1796796796796999995, 0.0473306082012519766
-0.1771771771771999959, 0.0486412613135480815
-0.1746746746746999923, 0.0500079137941237539
-0.1721721721721999887, 0.0514338089829095776
-0.1696696696697000128, 0.0529224286055555992
-0.1671671671672000092, 0.0544775141195758816
-0.1646646646647000056, 0.0561030903249334773
-0.1621621621622000020, 0.0578034915179017963
-0.1596596596596999984, 0.0595833905062797611
-0.1571571571571999948, 0.0614478308495148423
-0.1546546546546999912, 0.0634022627401093775
-0.1521521521521999876, 0.0654525830041727263
-0.1496496496496000084, 0.0676051797707348801
-0.1471471471471000048, 0.0698669824433624798
-0.1446446446446000011, 0.0722455177060362108
-0.1421421421420999975, 0.0747489724109588610
-0.1396396396395999939, 0.0773862643323624810
-0.1371371371370999903, 0.0801671219316311967
-0.1346346346345999867, 0.0831021744702055976
-0.1321321321321000108, 0.0862030540340217866
-0.1296296296296000072, 0.0894825113043160314
-0.1271271271271000036, 0.0929545472339543682
-0.1246246246246000000, 0.0966345631777896785
-0.1221221221220999964, 0.1005395324945118074
-0.1196196196196000067, 0.1046881972043549325
-0.1171171171171000031, 0.1091012939748357141
-0.1146146146145999994, 0.1138018145444130436
-0.1121121121120999958, 0.1188153067183461281
-0.1096096096096000061, 0.1241702233288999452
-0.1071071071071000025, 0.1298983281033296577
-0.1046046046045999989, 0.1360351693049024480
-0.1021021021020999953, 0.1426206344043589591
-0.0995995995996000055, 0.1496996020315397857
-0.0970970970971000019, 0.1573227112193880395
-0.0945945945945900063, 0.1655472727091059637
-0.0920920920920900027, 0.1744383531328143055
-0.0895895895895899991, 0.1840700706250295027
-0.0870870870870899955, 0.1945271503697239557
-0.0845845845845799998, 0.2059068014879775754
-0.0820820820820799962, 0.2183209934988810941
-0.0795795795795800065, 0.2318992327024254618
-0.0770770770770800029, 0.2467919681262936149
-0.0745745745745699934, 0.2631747957985025588
-0.0720720720720700037, 0.2812536828092678243
-0.0695695695695700000, 0.3012715042851720759
-0.0670670670670699964, 0.3235162848039147554
-0.0645645645645600008, 0.3483316723429084605
-0.0620620620620599972, 0.3761303645262543127
-0.0595595595595600005, 0.4074114792193445633
-0.0570570570570599969, 0.4427832533799369585
-0.0545545545545500013, 0.4829930259699393158
-0.0520520520520499977, 0.5289673081023570367
-0.0495495495495500010, 0.5818660199021482571
-0.0470470470470499974, 0.6431569305433590955
-0.0445445445445400018, 0.7147193976812729055
-0.0420420420420399982, 0.7989913898325824437
-0.0395395395395400015, 0.8991817678391328394
-0.0370370370370399979, 1.0195832177315284905
-0.0345345345345300023, 1.1660444109298122584
-0.0320320320320299987, 1.3467013543726416014
-0.0295295295295299985, 1.5731445363794567260
-0.0270270270270299984, 1.8623464530171702780
-0.0245245245245199993, 2.2399738065606324966
-0.0220220220220199991, 2.7463502447366048287
-0.0195195195195199990, 3.4478009850631776700
-0.0170170170170199989, 4.4597259302727847441
-0.0145145145145099998, 5.9975322271309581268
-0.0120120120120099996, 8.5012080752655343474
-0.0095095095095099995, 12.9826106908876877100
-0.0070070070070070000, 22.1703192595122331454
-0.0045045045045049997, 45.0888205732893680988
-0.0020020020020019998, 114.0606271471936850048
0.0005005005005005000, 180.4218782939750553851
0.0030030030030029999, 86.6882854112598124630
0.0055055055055059999, 62.1857203689141897485
0.0080080080080079993, 80.4528132102649209401
0.0105105105105099995, 42.8621347193729604896
0.0130130130130099997, 19.6264003410300986729
0.0155155155155200005, 11.1323391344783253487
0.0180180180180199989, 7.2583021395957834088
0.0205205205205199991, 5.1516661143468756023
0.0230230230230199992, 3.8664666577640840472
0.0255255255255299983, 3.0186620312855687587
0.0280280280280299984, 2.4271435379699397572
0.0305305305305299986, 1.9966790828977845074
0.0330330330330299987, 1.6729531577456877578
0.0355355355355400013, 1.4229862171437008822
0.0380380380380399979, 1.2257358982522053026
0.0405405405405400016, 1.0672251974577355860
0.0430430430430399982, 0.9378556629142981160
0.0455455455455500008, 0.8308481205074718101
0.0480480480480499975, 0.7412983412612521583
0.0505505505505500011, 0.6655840578180305389
0.0530530530530499977, 0.6009808422530242833
0.0555555555555600003, 0.5454064600997431400
0.0580580580580599970, 0.4972466432587858698
0.0605605605605600006, 0.4552338301675548093
0.0630630630630600042, 0.4183611740429200587
0.0655655655655699998, 0.3858205267841507413
0.0680680680680700034, 0.3569570288352870713
0.0705705705705699932, 0.3312353963553911207
0.0730730730730699968, 0.3082145753778227082
0.0755755755755800063, 0.2875284652296615784
0.0780780780780799960, 0.2688711014012573064
0.0805805805805799996, 0.2519851540239012588
0.0830830830830800032, 0.2366529185914383326
0.0855855855855899988, 0.2226891990971738566
0.0880880880880900025, 0.2099356417166534094
0.0905905905905900061, 0.1982561901430772988
0.0930930930930899958, 0.1875334153984853369
0.0955955955956000053, 0.1776655326729377760
0.0980980980980999950, 0.1685639618322333777
0.1006006006005999986, 0.1601513210787450792
0.1031031031031000023, 0.1523597679298954177
0.1056056056056000059, 0.1451296203755651493
0.1081081081080999956, 0.1384082053490193476
0.1106106106105999992, 0.1321488926216484727
0.1131131131131000028, 0.1263102807299692487
0.1156156156156000064, 0.1208555081661646102
0.1181181181180999962, 0.1157516682567937133
0.1206206206205999998, 0.1109693102507258444
0.1231231231231000034, 0.1064820123866592610
0.1256256256256000070, 0.1022660153017439233
0.1281281281281000106, 0.0982999062196815293
0.1306306306305999865, 0.0945643460294222915
0.1331331331330999901, 0.0910418327191272192
0.1356356356355999937, 0.0877164957302084269
0.1381381381380999973, 0.0845739166942659215
0.1406406406406000009, 0.0816009727517495176
0.1431431431431000045, 0.0787856992567896736
0.1456456456456000081, 0.0761171691728419059
0.1481481481481000118, 0.0735853868784304976
0.1506506506506999910, 0.0711811944471940072
0.1531531531531999946, 0.0688961887543184381
0.1556556556556999982, 0.0667226480025058521
0.1581581581582000018, 0.0646534664631113615
0.1606606606607000054, 0.0626820963986806506
0.1631631631632000090, 0.0608024962772700239
0.1656656656657000126, 0.0590090845110778986
0.1681681681681999885, 0.0572966980557006525
0.1706706706706999921, 0.0556605552947396220
0.1731731731731999957, 0.0540962227099969981
0.1756756756756999993, 0.0525995849021542450
0.1781781781782000029, 0.0511668175823096552
0.1806806806807000065, 0.0497943632024871186
0.1831831831832000101, 0.0484789089343795054
0.1856856856857000138, 0.0472173667411470571
0.1881881881881999896, 0.0460068553178832884
0.1906906906906999932, 0.0448446837030713197
0.1931931931931999968, 0.0437283363865824254
0.1956956956957000004, 0.0426554597599988969
0.1981981981982000041, 0.0416238497726992840
0.2007007007007000077, 0.0406314406725849231
0.2032032032032000113, 0.0396762947238458313
0.2057057057056999871, 0.0387565928060316089
0.2082082082081999908, 0.0378706258091206227
0.2107107107106999944, 0.0370167867484612542
0.2132132132131999980, 0.0361935635315564150
0.2157157157157000016, 0.0353995323158106528
0.2182182182182000052, 0.0346333514026853639
0.2207207207207000088, 0.0338937556193095874
0.2232232232232000124, 0.0331795511435636625
0.2257257257256999883, 0.0324896107330707729
0.2282282282281999919, 0.0318228693224571341
0.2307307307306999955, 0.0311783199567438052
0.2332332332331999991, 0.0305550100318536105
0.2357357357357000027, 0.0299520378160051740
0.2382382382382000063, 0.0293685492282609942
0.2407407407407000099, 0.0288037348527278095
0.2432432432432000136, 0.0282568271689109911
0.2457457457456999894, 0.0277270979805207089
0.2482482482481999930, 0.0272138560266427902
0.2507507507508000000, 0.0267164447606397931
0.2532532532533000036, 0.0262342402834561429
0.2557557557558000072, 0.0257666494191808870
0.2582582582583000108, 0.0253131079217864229
0.2607607607608000144, 0.0248730788029234498
0.2632632632633000180, 0.0244460507715225303
0.2657657657658000216, 0.0240315367767405599
0.2682682682683000253, 0.0236290726465040804
0.2707707707707999734, 0.0232382158145490458
0.2732732732732999770, 0.0228585441294448279
0.2757757757757999806, 0.0224896547396243179
0.2782782782782999842, 0.0221311630489283186
0.2807807807807999878, 0.0217827017376147972
0.2832832832832999914, 0.0214439198441869761
0.2857857857857999950, 0.0211144819037620696
0.2882882882882999986, 0.0207940671390380201
0.2907907907908000023, 0.0204823687002224641
0.2932932932933000059, 0.0201790929505686265
0.2957957957958000095, 0.0198839587944191556
0.2982982982983000131, 0.0195966970448943067
0.3008008008008000167, 0.0193170498285757594
0.3033033033033000203, 0.0190447700247353066
0.3058058058058000239, 0.0187796207368385037
0.3083083083083000275, 0.0185213747942202904
0.3108108108107999756, 0.0182698142819821309
0.3133133133132999792, 0.0180247300973015306
0.3158158158157999829, 0.0177859215304739006
0.3183183183182999865, 0.0175531958691263340
0.3208208208207999901, 0.0173263680241527510
0.3233233233232999937, 0.0171052601760213856
0.3258258258257999973, 0.0168897014401991133
0.3283283283283000009, 0.0166795275505236887
0.3308308308308000045, 0.0164745805594348205
0.3333333333333000081, 0.0162747085540488751
0.3358358358358000118, 0.0160797653871303133
0.3383383383383000154, 0.0158896104220764590
0.3408408408408000190, 0.0157041082910904552
0.3433433433433000226, 0.0155231286657719746
0.3458458458458000262, 0.0153465460394053392
0.3483483483482999743, 0.0151742395202716894
0.3508508508509000090, 0.0150060926353550519
0.3533533533534000126, 0.0148419931438526741
0.3558558558559000162, 0.0146818328599372817
0.3583583583584000198, 0.0145255074842539807
0.3608608608609000235, 0.0143729164436667469
0.3633633633634000271, 0.0142239627387997850
0.3658658658658999752, 0.0140785527989471630
0.3683683683683999788, 0.0139365963439501573
0.3708708708708999824, 0.0137980062526664535
0.3733733733733999860, 0.0136626984376779191
0.3758758758758999896, 0.0135305917259049488
0.3783783783783999932, 0.0134016077448154639
0.3808808808808999968, 0.0132756708139348673
0.3833833833834000004, 0.0131527078413808986
0.3858858858859000041, 0.0130326482251633333
0.3883883883884000077, 0.0129154237590037926
0.3908908908909000113, 0.0128009685424449599
0.3933933933934000149, 0.0126892188950320089
0.3958958958959000185, 0.0125801132743612598
0.3983983983984000221, 0.0124735921978029358
0.4009009009009000257, 0.0123695981677157292
0.4034034034033999738, 0.0122680755999811757
0.4059059059058999774, 0.0121689707556954727
0.4084084084083999810, 0.0120722316758653941
0.4109109109108999847, 0.0119778081189634896
0.4134134134133999883, 0.0118856515012056158
0.4159159159158999919, 0.0117957148394215346
0.4184184184183999955, 0.0117079526963961567
0.4209209209208999991, 0.0116223211285657810
0.4234234234234000027, 0.0115387776359598924
0.4259259259259000063, 0.0114572811142848591
0.4284284284284000099, 0.0113777918090516225
0.4309309309309000136, 0.0113002712716543940
0.4334334334334000172, 0.0112246823173125579
0.4359359359359000208, 0.0111509889847924825
0.4384384384384000244, 0.0110791564978302767
0.4409409409408999725, 0.0110091512281807816
0.4434434434433999761, 0.0109409406602219358
0.4459459459458999797, 0.0108744933570471859
0.4484484484483999833, 0.0108097789279824486
0.4509509509510000180, 0.0107467679974669328
0.4534534534535000216, 0.0106854321752407680
0.4559559559560000253, 0.0106257440277848711
0.4584584584584999734, 0.0105676770509615554
0.4609609609609999770, 0.0105112056438069670
0.4634634634634999806, 0.0104563050834287907
0.4659659659659999842, 0.0104029515009653115
0.4684684684684999878, 0.0103511218585638845
0.4709709709709999914, 0.0103007939273391871
0.4734734734734999950, 0.0102519462662735688
0.4759759759759999986, 0.0102045582020237995
0.4784784784785000022, 0.0101586098096002695
0.4809809809810000059, 0.0101140818938865104
0.4834834834835000095, 0.0100709559719684792
0.4859859859860000131, 0.0100292142562447891
0.4884884884885000167, 0.0099888396382902794
0.4909909909910000203, 0.0099498156734471009
0.4934934934935000239, 0.0099121265661185898
0.4959959959960000275, 0.0098757571557426243
0.4984984984984999756, 0.0098406929034224183
0.5010010010009999792, 0.0098069198791937828
0.5035035035035000384, 0.0097744247499092808
0.5060060060059999865, 0.0097431947677203805
0.5085085085085000456, 0.0097132177591402434
0.5110110110109999937, 0.0096844821146704133
0.5135135135135000528, 0.0096569767789758260
0.5160160160160000009, 0.0096306912415934001
0.5185185185184999490, 0.0096056155281605098
0.5210210210210000081, 0.0095817401921502784
0.5235235235234999562, 0.0095590563071016581
0.5260260260260000154, 0.0095375554593330192
0.5285285285284999635, 0.0095172297411286761
0.5310310310310000226, 0.0094980717443886239
0.5335335335334999707, 0.0094800745547324924
0.5360360360360000298, 0.0094632317460493342
0.5385385385384999779, 0.0094475373754857230
0.5410410410410000370, 0.0094329859788651813
0.5435435435434999851, 0.0094195725665326760
0.5460460460460000442, 0.0094072926196186006
0.5485485485484999924, 0.0093961420867172338
0.5510510510510999715, 0.0093861173809753722
0.5535535535536000307, 0.0093772153775873827
0.5560560560560999788, 0.0093694334116935785
0.5585585585586000379, 0.0093627692766794397
0.5610610610610999860, 0.0093572212228737288
0.5635635635636000451, 0.0093527879566442738
0.5660660660660999932, 0.0093494686398906540
0.5685685685686000523, 0.0093472628899336965
0.5710710710711000004, 0.0093461707798023468
0.5735735735735999485, 0.0093461928389188629
0.5760760760761000077, 0.0093473300541842032
0.5785785785785999558, 0.0093495838714657692
0.5810810810811000149, 0.0093529561974904987
0.5835835835835999630, 0.0093574494021468370
0.5860860860861000221, 0.0093630663211997540
0.5885885885885999702, 0.0093698102594236485
0.5910910910911000293, 0.0093776849941585756
0.5935935935935999774, 0.0093866947792959655
0.5960960960961000366, 0.0093968443497007038
0.5985985985985999847, 0.0094081389260769911
0.6011011011011000438, 0.0094205842202863873
0.6036036036035999919, 0.0094341864411269048
0.6061061061061000510, 0.0094489523005830030
0.6086086086085999991, 0.0094648890205569994
0.6111111111110999472, 0.0094820043400932856
0.6136136136136000063, 0.0095003065231075417
0.6161161161160999544, 0.0095198043666340944
0.6186186186186000135, 0.0095405072096053783
0.6211211211210999616, 0.0095624249421784983
0.6236236236236000208, 0.0095855680156248409
0.6261261261260999689, 0.0096099474527996595
0.6286286286286000280, 0.0096355748592097459
0.6311311311310999761, 0.0096624624346983625
0.6336336336336000352, 0.0096906229857677099
0.6361361361360999833, 0.0097200699385606038
0.6386386386386000424, 0.0097508173525241350
0.6411411411410999905, 0.0097828799347796109
0.6436436436436000497, 0.0098162730552243324
0.6461461461460999978, 0.0098510127623923586
0.6486486486485999459, 0.0098871158001029372
0.6511511511512000361, 0.0099245996249269115
0.6536536536536999842, 0.0099634824245031783
0.6561561561562000433, 0.0100037831367390390
0.6586586586586999914, 0.0100455214699302561
0.6611611611612000505, 0.0100887179238386415
0.6636636636636999986, 0.0101333938117671319
0.6661661661661999467, 0.0101795712836745510
0.6686686686687000059, 0.0102272733503746445
0.6711711711711999540, 0.0102765239088665437
0.6736736736737000131, 0.0103273477688463761
0.6761761761761999612, 0.0103797706804526733
0.6786786786787000203, 0.0104338193633011066
0.6811811811811999684, 0.0104895215368672849
0.6836836836837000275, 0.0105469059522797556
0.6861861861861999756, 0.0106060024255887307
0.6886886886887000347, 0.0106668418725800566
0.6911911911911999828, 0.0107294563452076872
0.6936936936937000420, 0.0107938790697223730
0.6961961961961999901, 0.0108601444865786285
0.6986986986987000492, 0.0109282882922069266
0.7012012012011999973, 0.0109983474827431305
0.7037037037036999454, 0.0110703603998124171
0.7062062062062000045, 0.0111443667784711063
0.7087087087086999526, 0.0112204077974153577
0.7112112112112000117, 0.0112985261315728357
0.7137137137136999598, 0.0113787660071998677
0.7162162162162000190, 0.0114611732596143646
0.7187187187186999671, 0.0115457953937025109
0.7212212212212000262, 0.0116326816473457904
0.7237237237236999743, 0.0117218830579236908
0.7262262262262000334, 0.0118134525320572788
0.7287287287286999815, 0.0119074449187690293
0.7312312312312000406, 0.0120039170862450677
0.7337337337336999887, 0.0121029280023980858
0.7362362362362000479, 0.0122045388194413577
0.7387387387386999960, 0.0123088129626980763
0.7412412412412000551, 0.0124158162238842528
0.7437437437437000032, 0.0125256168591192044
0.7462462462461999513, 0.0126382856919339225
0.7487487487487000104, 0.0127538962215654715
0.7512512512512999896, 0.0128725247368444585
0.7537537537538000487, 0.0129942504360033434
0.7562562562562999968, 0.0131191555527548319
0.7587587587587999449, 0.0132473254890136290
0.7612612612613000040, 0.0133788489546599124
0.7637637637637999521, 0.0135138181147702510
0.7662662662663000113, 0.0136523287447711077
0.7687687687687999594, 0.0137944803940016035
0.7712712712713000185, 0.0139403765582063969
0.7737737737737999666, 0.0140901248615163191
0.7762762762763000257, 0.0142438372485139634
0.7787787787787999738, 0.0144016301870243703
0.7812812812813000329, 0.0145636248823171697
0.7837837837837999810, 0.0147299475034565926
0.7862862862863000402, 0.0149007294225897077
0.7887887887887999883, 0.0150761074680220569
0.7912912912913000474, 0.0152562241919929672
0.7937937937937999955, 0.0154412281541316948
0.7962962962963000546, 0.0156312742216499975
0.7987987987988000027, 0.0158265238874075662
0.8013013013012999508, 0.0160271456070744875
0.8038038038038000099, 0.0162333151567103304
0.8063063063062999580, 0.0164452160121830900
0.8088088088088000172, 0.0166630397519640372
0.8113113113112999653, 0.0168869864849574489
0.8138138138138000244, 0.0171172653051579887
0.8163163163162999725, 0.0173540947750744808
0.8188188188188000316, 0.0175977034400182086
0.8213213213212999797, 0.0178483303755277885
0.8238238238238000388, 0.0181062257703929023
0.8263263263262999869, 0.0183716515479471557
0.8288288288288000460, 0.0186448820285281432
0.8313313313312999941, 0.0189262046362523202
0.8338338338338000533, 0.0192159206535260016
0.8363363363363000014, 0.0195143460270140144
0.8388388388387999495, 0.0198218122291177364
0.8413413413413000086, 0.0201386671793771579
0.8438438438437999567, 0.0204652762306100494
0.8463463463463000158, 0.0208020232250424944
0.8488488488487999639, 0.0211493116261688673
0.8513513513514000541, 0.0215075657326148917
0.8538538538539000022, 0.0218772319808693307
0.8563563563563999503, 0.0222587803444021480
0.8588588588589000095, 0.0226527058374128079
0.8613613613613999576, 0.0230595301322528458
0.8638638638639000167, 0.0234798033004573053
0.8663663663663999648, 0.0239141056883083458
0.8688688688689000239, 0.0243630499389510778
0.8713713713713999720, 0.0248272831743070188
0.8738738738739000311, 0.0253074893513910715
0.8763763763763999792, 0.0258043918091587846
0.8788788788789000384, 0.0263187560237098904
0.8813813813813999865, 0.0268513925915704610
0.8838838838839000456, 0.0274031604629061537
0.8863863863863999937, 0.0279749704489009390
0.8888888888889000528, 0.0285677890302139838
0.8913913913914000009, 0.0291826424964386349
0.8938938938938999490, 0.0298206214498734148
0.8963963963964000081, 0.0304828857107395483
0.8988988988988999562, 0.0311706696652909870
0.9014014014014000153, 0.0318852881031423049
0.9039039039038999634, 0.0326281425956661403
0.9064064064064000226, 0.0334007284735757942
0.9089089089088999707, 0.0342046424689330386
0.9114114114114000298, 0.0350415910949210402
0.9139139139138999779, 0.0359133998459603351
0.9164164164164000370, 0.0368220233112958525
0.9189189189188999851, 0.0377695563072454193
0.9214214214214000442, 0.0387582461471351752
0.9239239239238999923, 0.0397905061838231960
0.9264264264264000515, 0.0408689307779830369
0.9289289289288999996, 0.0419963118663817317
0.9314314314313999477, 0.0431756573287091494
0.9339339339339000068, 0.0444102113796841849
0.9364364364363999549, 0.0457034772458283153
0.9389389389389000140, 0.0470592424242856910
0.9414414414413999621, 0.0484816068653405319
0.9439439439439000212, 0.0499750144719915759
0.9464464464463999693, 0.0515442883705121493
0.9489489489489000285, 0.0531946704770189446
0.9514514514515000076, 0.0549318659687678609
0.9539539539539999558, 0.0567620933676813710
0.9564564564565000149, 0.0586921410605251229
0.9589589589589999630, 0.0607294312189496435
0.9614614614615000221, 0.0628820922478481453
0.9639639639639999702, 0.0651590410878325615
0.9664664664665000293, 0.0675700769340837615
0.9689689689689999774, 0.0701259882180714778
0.9714714714715000365, 0.0728386750415416090
0.9739739739739999846, 0.0757212896672774805
0.9764764764765000438, 0.0787883981755836960
0.9789789789789999919, 0.0820561670108115454
0.9814814814815000510, 0.0855425788959437716
0.9839839839839999991, 0.0892676835203370794
0.9864864864864999472, 0.0932538895509945481
0.9889889889890000063, 0.0975263059391068970
0.9914914914914999544, 0.1021131422660518789
0.9939939939940000135, 0.1070461800943082881
0.9964964964964999616, 0.1123613300871522530
0.9989989989990000208, 0.1180992932057328693
1.0015015015019999023, 0.1243063488081705276
1.0040040040039999170, 0.1310352982634945818
1.0065065065070000205, 0.1383466001590936412
1.0090090090090000352, 0.1463097428744993544
1.0115115115119999167, 0.1550049129705355910
1.0140140140139999314, 0.1645250345418428350
1.0165165165170000350, 0.1749782768520983245
1.0190190190190000497, 0.1864911572534590778
1.0215215215219999312, 0.1992124064803625083
1.0240240240239999459, 0.2133178180595154960
1.0265265265270000494, 0.2290163788279962753
1.0290290290290000641, 0.2465580822683645645
1.0315315315319999456, 0.2662439737543786378
1.0340340340339999603, 0.2884391867741489812
1.0365365365370000639, 0.3135900322670761575
1.0390390390390000785, 0.3422466468438302711
1.0415415415419999601, 0.3750933649788580904
1.0440440440439999747, 0.4129899763820784608
1.0465465465470000783, 0.4570285618585588905
1.0490490490490000930, 0.5086130038650635843
1.0515515515519999745, 0.5695721180006731998
1.0540540540539999892, 0.6423236671162515510
1.0565565565570000928, 0.7301171522688594262
1.0590590590590001074, 0.8374017005158783666
1.0615615615619999890, 0.9703983501360593511
1.0640640640640000036, 1.1380172558641938885
1.0665665665670001072, 1.3533787783908735047
1.0690690690689998998, 1.6364376622912657488
1.0715715715720000034, 2.0187241813619940523
1.0740740740740000181, 2.5523915161477233049
1.0765765765769998996, 3.3286539375159271970
1.0790790790789999143, 4.5185108776376097239
1.0815815815820000179, 6.4721894443821232912
1.0840840840840000325, 9.9950325598896938573
1.0865865865869999141, 17.2488349189056719979
1.0890890890889999287, 35.3210899358223926470
1.0915915915920000323, 90.2429168113437327747
1.0940940940940000470, 158.8241243360868679702
1.0965965965969999285, 71.6307242000084301026
1.0990990990989999432, 29.3537217782117778597
1.1016016016020000468, 15.0153271763263731486
1.1041041041040000614, 8.9666509456021454838
1.1066066066069999430, 5.9241528795722189216
1.1091091091089999576, 4.1951931590006719119
1.1116116116120000612, 3.1235220369883678337
1.1141141141140000759, 2.4151274137593152780
1.1166166166169999574, 1.9231860253041475062
1.1191191191189999721, 1.5679961529733932313
1.1216216216220000756, 1.3033468592163108823
1.1241241241240000903, 1.1009813363170253275
1.1266266266269999718, 0.9428475177364102899
1.1291291291289999865, 0.8169818297472033475
1.1316316316320000901, 0.7152048635662151543
1.1341341341340001048, 0.6317727077526958945
1.1366366366369999863, 0.5625569116769071343
1.1391391391390000010, 0.5045291085760639227
1.1416416416420001045, 0.4554275989945628655
1.1441441441439998972, 0.4135360712133697159
1.1466466466470000007, 0.3775333722832990846
1.1491491491490000154, 0.3463894242272907986
1.1516516516519998969, 0.3192917824976929109
1.1541541541539999116, 0.2955929537069445501
1.1566566566570000152, 0.2747720351187686871
1.1591591591590000299, 0.2564063998831593860
1.1616616616619999114, 0.2401505366870521907
1.1641641641639999261, 0.2257200566914552287
1.1666666666670000296, 0.2128794815449295275
1.1691691691690000443, 0.2014328321697861079
1.1716716716719999258, 0.1912163163708950897
1.1741741741739999405, 0.1820926069233052003
1.1766766766770000441, 0.1739463382794533830
1.1791791791790000588, 0.1666805475144726989
1.1816816816819999403, 0.1602138556591765073
1.1841841841839999550, 0.1544782373038137147
1.1866866866870000585, 0.1494172648827794825
1.1891891891890000732, 0.1449847432718418261
1.1916916916919999547, 0.1411436730227259573
1.1941941941939999694, 0.1378654987584589375
1.1966966966970000730, 0.1351296145066524512
1.1991991991990000876, 0.1329231113124041130
1.2017017017019999692, 0.1312407654563904347
1.2042042042039999838, 0.1300852790994384833
1.2067067067070000874, 0.1294678003928113608
1.2092092092090001021, 0.1294087685227489071
1.2117117117119999836, 0.1299391527838427984
1.2142142142139999983, 0.1311021863985641356
1.2167167167170001019, 0.1329557395252138063
1.2192192192189998945, 0.1355755379173177178
1.2217217217219999981, 0.1390595235758833592
1.2242242242240000127, 0.1435337865440632910
1.2267267267269998943, 0.1491606969773373592
1.2292292292289999089, 0.1561501736093957593
1.2317317317320000125, 0.1647755056191191336
1.2342342342340000272, 0.1753959147702938703
1.2367367367369999087, 0.1884893067763235008
1.2392392392389999234, 0.2047007845192858611
1.2417417417420000270, 0.2249161741097685518
1.2442442442440000416, 0.2503763952091877520
1.2467467467469999232, 0.2828607152100719446
1.2492492492489999378, 0.3249905297034433316
1.2517517517520000414, 0.3807531505463150889
1.2542542542540000561, 0.4564474813641012929
1.2567567567569999376, 0.5624870752728097223
1.2592592592589999523, 0.7170708345315327525
1.2617617617620000559, 0.9542798575599080735
1.2642642642640000705, 1.3438163241050098407
1.2667667667669999521, 2.0456506823645814741
1.2692692692689999667, 3.4880790339231340091
1.2717717717720000703, 7.0709261682641368907
1.2742742742740000850, 17.9480185246559891254
1.2767767767769999665, 32.1148180953856368092
1.2792792792789999812, 14.6756324802951105823
1.2817817817820000847, 6.0217004549882107156
1.2842842842840000994, 3.0941143962791963773
1.2867867867869999809, 1.8628838696385425777
1.2892892892889999956, 1.2449427150360934391
1.2917917917920000992, 0.8943911436879297128
1.2942942942939998918, 0.6774506793490510104
1.2967967967969999954, 0.5342970236542102791
1.2992992992990000101, 0.4350983389834238158
1.3018018018019998916, 0.3636800432455308818
1.3043043043039999063, 0.3106742626166014709
1.3068068068070000098, 0.2703590126654684678
1.3093093093090000245, 0.2390832799634504124
1.3118118118119999060, 0.2144312193891846352
1.3143143143139999207, 0.1947546429617982022
1.3168168168170000243, 0.1788996195821853097
1.3193193193190000390, 0.1660403904824065968
1.3218218218219999205, 0.1555751109030149015
1.3243243243239999352, 0.1470585149488625176
1.3268268268270000387, 0.1401573430381746199
1.3293293293290000534, 0.1346202073509027985
1.3318318318319999349, 0.1302568562508517602
1.3343343343339999496, 0.1269237084105196423
1.3368368368370000532, 0.1245136701581550098
1.3393393393390000679, 0.1229489522102887589
1.3418418418419999494, 0.1221760455518622890
1.3443443443439999641, 0.1221623041657821096
1.3468468468470000676, 0.1228937753694571561
1.3493493493490000823, 0.1243740535711554546
1.3518518518519999638, 0.1266240336207541950
1.3543543543539999785, 0.1296825212360813162
1.3568568568570000821, 0.1336077317891015137
1.3593593593590000967, 0.1384797848976898060
1.3618618618619999783, 0.1444043908639986995
1.3643643643639999929, 0.1515180382323221553
1.3668668668670000965, 0.1599951463589949219
1.3693693693689998891, 0.1700578677812898953
1.3718718718719999927, 0.1819895511749813066
1.3743743743740000074, 0.1961533694849458553
1.3768768768770001110, 0.2130183834141586297
1.3793793793789999036, 0.2331965249835243059
1.3818818818820000072, 0.2574959590276194588
1.3843843843840000218, 0.2869995693304913109
1.3868868868869999034, 0.3231829541038836462
1.3893893893889999180, 0.3680962867843639019
1.3918918918920000216, 0.4246526603820324763
1.3943943943940000363, 0.4971003285736066424
1.3968968968969999178, 0.5918256068374885270
1.3993993993989999325, 0.7187787804982925799
1.4019019019020000361, 0.8941400119007818503
1.4044044044040000507, 1.1456195903732711017
1.4069069069069999323, 1.5238134111053294184
1.4094094094089999469, 2.1288914719726874658
1.4119119119120000505, 3.1811090825998609155
1.4144144144140000652, 5.2372418770186683901
1.4169169169169999467, 9.9911452804932388005
1.4194194194189999614, 23.6832427771520670490
1.4219219219220000650, 56.8131730951351556769
1.4244244244240000796, 37.9853090416360572590
1.4269269269269999612, 14.6269374289256219868
1.4294294294289999758, 6.9649881402998179425
1.4319319319320000794, 3.9730353750224840503
1.4344344344340000941, 2.5485069053528777161
1.4369369369369999756, 1.7692158271256546165
1.4394394394389999903, 1.2991830500223500167
1.4419419419420000938, 0.9947087786561362721
1.4444444444440001085, 0.7865052957643444698
1.4469469469469999900, 0.6379698945726670622
1.4494494494490000047, 0.5283347673855586235
1.4519519519520001083, 0.4451223698363694359
1.4544544544539999009, 0.3804765313503421509
1.4569569569570000045, 0.3292540334350130826
1.4594594594590000192, 0.2879748582045240091
1.4619619619619999007, 0.2542169083765008497
1.4644644644639999154, 0.2262526801124221110
1.4669669669670000189, 0.2028234586978605036
1.4694694694690000336, 0.1829946631690625991
1.4719719719719999151, 0.1660606706854474979
1.4744744744739999298, 0.1514806963740162882
1.4769769769770000334, 0.1388346728268715080
1.4794794794790000481, 0.1277923093620393080
1.4819819819819999296, 0.1180910186877502654
1.4844844844839999443, 0.1095199225958816275
1.4869869869870000478, 0.1019080968416508082
1.4894894894890000625, 0.0951158186344514545
1.4919919919919999440, 0.0890279714855344018
1.4944944944939999587, 0.0835490206227811061
1.4969969969970000623, 0.0785991457560480389
1.4994994994990000770, 0.0741112363406151997
1.5020020020019999585, 0.0700285363548043410
1.5045045045050000621, 0.0663027829841113803
1.5070070070070000767, 0.0628927243112359508
1.5095095095099999583, 0.0597629303242154866
1.5120120120119999729, 0.0568828327444143439
1.5145145145150000765, 0.0542259447008600765
1.5170170170170000912, 0.0517692227593933643
1.5195195195199999727, 0.0494925423826208244
1.5220220220219999874, 0.0473782643432143907
1.5245245245250000909, 0.0454108745020806587
1.5270270270270001056, 0.0435766830985072143
1.5295295295299999871, 0.0418635725739097686
1.5320320320320000018, 0.0402607851776011216
1.5345345345350001054, 0.0387587433391129027
1.5370370370369998980, 0.0373488971533134512
1.5395395395400000016, 0.0360235943988541571
1.5420420420420000163, 0.0347759693626683297
1.5445445445449998978, 0.0335998474228054872
1.5470470470469999125, 0.0324896628865464290
1.5495495495500000160, 0.0314403880193446159
1.5520520520520000307, 0.0304474715549936034
1.5545545545549999122, 0.0295067852657749374
1.5570570570569999269, 0.0286145774066383606
1.5595595595600000305, 0.0277674320402811481
1.5620620620620000452, 0.0269622334085759599
1.5645645645649999267, 0.0261961346467435227
1.5670670670669999414, 0.0254665302451738129
1.5695695695700000449, 0.0247710317540165634
1.5720720720720000596, 0.0241074463009477435
1.5745745745749999411, 0.0234737575555185839
1.5770770770769999558, 0.0228681088263995858
1.5795795795800000594, 0.0222887880223870405
1.5820820820820000741, 0.0217342142456635468
1.5845845845849999556, 0.0212029258176842303
1.5870870870869999703, 0.0206935695651239253
1.5895895895900000738, 0.0202048912163729846
1.5920920920920000885, 0.0197357267787504481
1.5945945945949999700, 0.0192849947834392646
1.5970970970969999847, 0.0188516892996027363
1.5995995996000000883, 0.0184348736315598401
1.6021021021020001029, 0.0180336746236053752
1.6046046046049999845, 0.0176472775063097539
1.6071071071069999991, 0.0172749212261327709
1.6096096096100001027, 0.0169158942071329574
1.6121121121119998953, 0.0165695304995829053
1.6146146146149999989, 0.0162352062755560453
1.6171171171170000136, 0.0159123366361332563
1.6196196196199998951, 0.0156003726988827706
1.6221221221219999098, 0.0152987989377749104
1.6246246246250000134, 0.0150071307507689544
1.6271271271270000280, 0.0147249122330129663
1.6296296296299999096, 0.0144517141359759155
1.6321321321319999242, 0.0141871319949288949
1.6346346346350000278, 0.0139307844090431898
1.6371371371370000425, 0.0136823114600107092
1.6396396396399999240, 0.0134413732565418741
1.6421421421419999387, 0.0132076485933821652
1.6446446446450000423, 0.0129808337146305290
1.6471471471470000569, 0.0127606411721588701
1.6496496496499999385, 0.0125467987708363492
1.6521521521519999531, 0.0123390485930693402
1.6546546546550000567, 0.0121371460958881808
1.6571571571570000714, 0.0119408592744562198
1.6596596596599999529, 0.0117499678864534194
1.6621621621619999676, 0.0115642627323035846
1.6646646646650000712, 0.0113835449866784948
1.6671671671670000858, 0.0112076255771286458
1.6696696696699999674, 0.0110363246060657394
1.6721721721719999820, 0.0108694708126590607
1.6746746746750000856, 0.0107069010715128143
1.6771771771770001003, 0.0105484599252658705
1.6796796796799999818, 0.0103939991485033703
1.6821821821819999965, 0.0102433773405945019
1.6846846846850001000, 0.0100964595452733563
1.6871871871869998927, 0.0099531168949643038
1.6896896896899999962, 0.0098132262780198862
1.6921921921920000109, 0.0096766700271912164
1.6946946946949998924, 0.0095433356277882814
1.6971971971969999071, 0.0094131154441129891
1.6996996997000000107, 0.0092859064628619363
1.7022022022020000254, 0.0091616100522996530
1.7047047047049999069, 0.0090401317360979810
1.7072072072069999216, 0.0089213809808237621
1.7097097097100000251, 0.0088052709961360335
1.7122122122120000398, 0.0086917185468261687
1.7147147147149999213, 0.0085806437759006031
1.7172172172169999360, 0.0084719700379662782
1.7197197197200000396, 0.0083656237422344501
1.7222222222220000543, 0.0082615342045094606
1.7247247247249999358, 0.0081596335075756841
1.7272272272269999505, 0.0080598563694388968
1.7297297297300000540, 0.0079621400189176829
1.7322322322320000687, 0.0078664240781167877
1.7347347347349999502, 0.0077726504513477785
1.7372372372369999649, 0.0076807632200930846
1.7397397397400000685, 0.0075907085436378707
1.7422422422420000832, 0.0075024345650203834
1.7447447447449999647, 0.0074158913219754975
1.7472472472469999794, 0.0073310306625685656
1.7497497497500000829, 0.0072478061652372196
1.7522522522520000976, 0.0071661730629778630
1.7547547547549999791, 0.0070860881714312415
1.7572572572569999938, 0.0070075098206377803
1.7597597597600000974, 0.0069303977902485225
1.7622622622619998900, 0.0068547132479915372
1.7647647647649999936, 0.0067804186912066569
1.7672672672670000082, 0.0067074778912734889
1.7697697697699998898, 0.0066358558407688534
1.7722722722719999044, 0.0065655187032002214
1.7747747747750000080, 0.0064964337651713996
1.7772772772770000227, 0.0064285693908457476
1.7797797797799999042, 0.0063618949785805325
1.7822822822819999189, 0.0062963809196139239
1.7847847847850000225, 0.0062319985586933007
1.7872872872870000371, 0.0061687201565404099
1.7897897897899999187, 0.0061065188540551842
1.7922922922919999333, 0.0060453686381659122
1.7947947947950000369, 0.0059852443092390482
1.7972972972970000516, 0.0059261214499669460
1.7997997997999999331, 0.0058679763956567526
1.8023023023019999478, 0.0058107862058480722
1.8048048048050000514, 0.0057545286371913067
1.8073073073070000660, 0.0056991821175223943
1.8098098098099999476, 0.0056447257210734923
1.8123123123119999622, 0.0055911391447624539
1.8148148148150000658, 0.0055384026855072556
1.8173173173170000805, 0.0054864972185145588
1.8198198198199999620, 0.0054354041764943777
1.8223223223219999767, 0.0053851055297555461
1.8248248248250000803, 0.0053355837671391045
1.8273273273270000949, 0.0052868218777491613
1.8298298298299999765, 0.0052388033334428933
1.8323323323319999911, 0.0051915120720434898
1.8348348348350000947, 0.0051449324812417570
1.8373373373370001094, 0.0050990493831539387
1.8398398398399999909, 0.0050538480195050179
1.8423423423420000056, 0.0050093140374084123
1.8448448448450001091, 0.0049654334757144782
1.8473473473469999018, 0.0049221927519016665
1.8498498498500000053, 0.0048795786494855702
1.8523523523520000200, 0.0048375783059223156
1.8548548548549999015, 0.0047961792009840274
1.8573573573569999162, 0.0047553691455851504
1.8598598598600000198, 0.0047151362710395519
1.8623623623620000345, 0.0046754690187293061
1.8648648648649999160, 0.0046363561301670034
1.8673673673669999307, 0.0045977866374343731
1.8698698698700000342, 0.0045597498539807950
1.8723723723720000489, 0.0045222353657661581
1.8748748748749999304, 0.0044852330227332119
1.8773773773769999451, 0.0044487329305953217
1.8798798798800000487, 0.0044127254429262002
1.8823823823820000634, 0.0043772011535388507
1.8848848848849999449, 0.0043421508891415316
1.8873873873869999596, 0.0043075657022591729
1.8898898898900000631, 0.0042734368644091903
1.8923923923920000778, 0.0042397558595211743
1.8948948948949999593, 0.0042065143775904265
1.8973973973969999740, 0.0041737043085557602
1.8998998999000000776, 0.0041413177363924620
1.9024024024020000923, 0.0041093469334116846
1.9049049049049999738, 0.0040777843547579826
1.9074074074069999885, 0.0040466226330970407
1.9099099099100000920, 0.0040158545734860400
1.9124124124120001067, 0.0039854731484194128
1.9149149149149999882, 0.0039554714930430902
1.9174174174170000029, 0.0039258429005306324
1.9199199199200001065, 0.0038965808176149369
1.9224224224219998991, 0.0038676788402694897
1.9249249249250000027, 0.0038391307095333909
1.9274274274270000173, 0.0038109303074746453
1.9299299299299998989, 0.0037830716532864339
1.9324324324319999135, 0.0037555488995113170
1.9349349349350000171, 0.0037283563283885381
1.9374374374370000318, 0.0037014883483198011
1.9399399399399999133, 0.0036749394904490910
1.9424424424419999280, 0.0036487044053522969
1.9449449449450000316, 0.0036227778598325634
1.9474474474470000462, 0.0035971547338174929
1.9499499499499999278, 0.0035718300173544493
1.9524524524519999424, 0.0035467988077003921
1.9549549549550000460, 0.0035220563065028201
1.9574574574570000607, 0.0034975978170685112
1.9599599599599999422, 0.0034734187417169351
1.9624624624619999569, 0.0034495145792152811
1.9649649649650000605, 0.0034258809222922171
1.9674674674670000751, 0.0034025134552275842
1.9699699699699999567, 0.0033794079515153527
1.9724724724719999713, 0.0033565602715972609
1.9749749749750000749, 0.0033339663606646959
1.9774774774770000896, 0.0033116222465264023
1.9799799799799999711, 0.0032895240375397927
1.9824824824819999858, 0.0032676679206036325
1.9849849849850000894, 0.0032460501592100075
1.9874874874870001040, 0.0032246670915535717
1.9899899899899999856, 0.0032035151286961025
1.9924924924920000002, 0.0031825907527845165
1.9949949949950001038, 0.0031618905153205381
1.9974974974969998964, 0.0031414110354802951
2.0000000000000000000, 0.0031211489984821813
