# k1_lab: [1, 0, 0]
# k2_lab: [-0.8660254037844387, 0.49999999999999994, 0.0]
# k1_cf: [-0.6123724356957946, -0.6123724356957946, 0.5000000000000001]
# k2_cf: [0.7071067811865476, 0.7071067811865476, 0.0]
# pol1_lab: [(0, 1, 0), (0, 0, 1)]
# pol2_lab: [array([-0.5      , -0.8660254,  0.       ]), array([0., 0., 1.])]
# pol1_cf: [array([0.35355339, 0.35355339, 0.8660254 ]), array([-0.70710678,  0.70710678,  0.        ])]
# pol2_cf: [array([ 0.,  0., -1.]), array([-0.70710678,  0.70710678,  0.        ])]
# cf: [array([-0.61237244,  0.35355339, -0.70710678]), array([-0.61237244,  0.35355339,  0.70710678]), array([0.5      , 0.8660254, 0.       ])]
# th: 60
-0.5000000000000000000, 0.0066071720171080092
-0.4974974974974999964, 0.0066695653175392437
-0.4949949949949999928, 0.0067328853586277378
-0.4924924924924999892, 0.0067971508366296970
-0.4899899899899999856, 0.0068623809236471678
-0.4874874874874999819, 0.0069285952822543320
-0.4849849849849999783, 0.0069958140806512491
-0.4824824824824999747, 0.0070640580083668643
-0.4799799799800000266, 0.0071333482925341647
-0.4774774774775000230, 0.0072037067147614530
-0.4749749749750000194, 0.0072751556286248156
-0.4724724724725000158, 0.0073477179778080612
-0.4699699699700000122, 0.0074214173149176697
-0.4674674674675000086, 0.0074962778210016347
-0.4649649649650000049, 0.0075723243258024138
-0.4624624624625000013, 0.0076495823287758115
-0.4599599599599999977, 0.0077280780209089267
-0.4574574574574999941, 0.0078078383073722684
-0.4549549549549999905, 0.0078888908310425117
-0.4524524524524999869, 0.0079712639969345099
-0.4499499499499000077, 0.0080549869975828203
-0.4474474474474000041, 0.0081400898394152470
-0.4449449449449000005, 0.0082266033701629826
-0.4424424424423999969, 0.0083145593073540684
-0.4399399399398999932, 0.0084039902679395213
-0.4374374374373999896, 0.0084949297991038057
-0.4349349349348999860, 0.0085874124103140648
-0.4324324324323999824, 0.0086814736066654595
-0.4299299299298999788, 0.0087771499235827829
-0.4274274274273999752, 0.0088744789629417696
-0.4249249249249000271, 0.0089734994306770021
-0.4224224224224000235, 0.0090742511759465561
-0.4199199199199000199, 0.0091767752319276662
-0.4174174174174000163, 0.0092811138583214145
-0.4149149149149000126, 0.0093873105856487546
-0.4124124124124000090, 0.0094954102614247630
-0.4099099099099000054, 0.0096054590983026145
-0.4074074074074000018, 0.0097175047242839575
-0.4049049049048999982, 0.0098315962350977049
-0.4024024024023999946, 0.0099477842488548407
-0.3998998998998999910, 0.0100661209630931552
-0.3973973973973999874, 0.0101866602143319447
-0.3948948948948999838, 0.0103094575402638139
-0.3923923923923999801, 0.0104345702447178144
-0.3898898898898999765, 0.0105620574655360677
-0.3873873873873999729, 0.0106919802455140902
-0.3848848848849000248, 0.0108244016065639700
-0.3823823823824000212, 0.0109593866272687836
-0.3798798798799000176, 0.0110970025240066956
-0.3773773773774000140, 0.0112373187358338171
-0.3748748748749000104, 0.0113804070133260663
-0.3723723723724000068, 0.0115263415115926613
-0.3698698698699000031, 0.0116751988876865886
-0.3673673673673999995, 0.0118270584026511395
-0.3648648648648999959, 0.0119820020284566089
-0.3623623623623999923, 0.0121401145600966882
-0.3598598598598999887, 0.0123014837331311619
-0.3573573573573999851, 0.0124662003469794679
-0.3548548548548999815, 0.0126343583942888950
-0.3523523523523999779, 0.0128060551967220833
-0.3498498498497999987, 0.0129813915475303059
-0.3473473473472999951, 0.0131604718613030497
-0.3448448448447999914, 0.0133434043313097397
-0.3423423423422999878, 0.0135303010948766324
-0.3398398398397999842, 0.0137212784072714804
-0.3373373373372999806, 0.0139164568245998786
-0.3348348348347999770, 0.0141159613962510318
-0.3323323323322999734, 0.0143199218674671773
-0.3298298298298000253, 0.0145284728926499563
-0.3273273273273000217, 0.0147417542600590777
-0.3248248248248000181, 0.0149599111286042655
-0.3223223223223000145, 0.0151830942774798631
-0.3198198198198000108, 0.0154114603694447197
-0.3173173173173000072, 0.0156451722286064174
-0.3148148148148000036, 0.0158843991336303746
-0.3123123123123000000, 0.0161293171273608135
-0.3098098098097999964, 0.0163801093439117224
-0.3073073073072999928, 0.0166369663543639232
-0.3048048048047999892, 0.0169000865322877433
-0.3023023023022999856, 0.0171696764404014358
-0.2997997997997999819, 0.0174459512397742884
-0.2972972972972999783, 0.0177291351230888794
-0.2947947947947999747, 0.0180194617735935994
-0.2922922922923000266, 0.0183171748515011182
-0.2897897897898000230, 0.0186225285097248380
-0.2872872872873000194, 0.0189357879409938513
-0.2847847847848000158, 0.0192572299585474158
-0.2822822822823000122, 0.0195871436127854071
-0.2797797797798000086, 0.0199258308464424147
-0.2772772772773000050, 0.0202736071910607982
-0.2747747747748000013, 0.0206308025077654028
-0.2722722722722999977, 0.0209977617755904532
-0.2697697697697999941, 0.0213748459308797101
-0.2672672672672999905, 0.0217624327615775146
-0.2647647647647999869, 0.0221609178605520693
-0.2622622622622999833, 0.0225707156424472567
-0.2597597597597999797, 0.0229922604289486202
-0.2572572572572999761, 0.0234260076077754675
-0.2547547547547999724, 0.0238724348711802439
-0.2522522522523000243, 0.0243320435402509458
-0.2497497497496999896, 0.0248053599818790493
-0.2472472472472000138, 0.0252929371258793605
-0.2447447447447000102, 0.0257953560904354354
-0.2422422422422000066, 0.0263132279248025208
-0.2397397397397000030, 0.0268471954790375049
-0.2372372372371999993, 0.0273979354114504345
-0.2347347347346999957, 0.0279661603454964998
-0.2322322322321999921, 0.0285526211889609860
-0.2297297297296999885, 0.0291581096295472214
-0.2272272272272000126, 0.0297834608223728897
-0.2247247247247000090, 0.0304295562864307714
-0.2222222222222000054, 0.0310973270287943707
-0.2197197197197000018, 0.0317877569172703087
-0.2172172172171999982, 0.0325018863243402081
-0.2147147147146999946, 0.0332408160676262374
-0.2122122122121999910, 0.0340057116747860266
-0.2097097097096999874, 0.0347978080037329718
-0.2072072072072000115, 0.0356184142524286970
-0.2047047047047000079, 0.0364689193962534353
-0.2022022022022000043, 0.0373507980951839069
-0.1996996996997000007, 0.0382656171177598037
-0.1971971971971999971, 0.0392150423341734097
-0.1946946946946999935, 0.0402008463368568603
-0.1921921921921999898, 0.0412249167537663275
-0.1896896896896999862, 0.0422892653272855731
-0.1871871871872000104, 0.0433960378404246241
-0.1846846846847000068, 0.0445475249819264965
-0.1821821821822000032, 0.0457461742531934182
-0.1796796796796999995, 0.0469946030328137407
-0.1771771771771999959, 0.0482956129291529507
-0.1746746746746999923, 0.0496522055682547050
-0.1721721721721999887, 0.0510675999835130817
-0.1696696696697000128, 0.0525452517956211049
-0.1671671671672000092, 0.0540888743966373639
-0.1646646646647000056, 0.0557024623811911979
-0.1621621621622000020, 0.0573903175015181080
-0.1596596596596999984, 0.0591570774619562881
-0.1571571571571999948, 0.0610077479136584694
-0.1546546546546999912, 0.0629477380626867061
-0.1521521521521999876, 0.0649829003656666598
-0.1496496496496000084, 0.0671195748583756219
-0.1471471471471000048, 0.0693646387459108393
-0.1446446446446000011, 0.0717255619807384281
-0.1421421421420999975, 0.0742104696697315214
-0.1396396396395999939, 0.0768282122866457973
-0.1371371371370999903, 0.0795884448264674166
-0.1346346346345999867, 0.0825017162277302540
-0.1321321321321000108, 0.0855795706144061447
-0.1296296296296000072, 0.0888346621779333434
-0.1271271271271000036, 0.0922808858417342309
-0.1246246246246000000, 0.0959335262368664066
-0.1221221221220999964, 0.0998094279827324432
-0.1196196196196000067, 0.1039271908292177804
-0.1171171171171000031, 0.1083073938990254809
-0.1146146146145999994, 0.1129728541000924180
-0.1121121121120999958, 0.1179489247942791807
-0.1096096096096000061, 0.1232638420564626802
-0.1071071071071000025, 0.1289491273971709040
-0.1046046046045999989, 0.1350400577285074677
-0.1021021021020999953, 0.1415762157262779597
-0.0995995995996000055, 0.1486021367097817847
-0.0970970970971000019, 0.1561680718932803025
-0.0945945945945900063, 0.1643308925818068866
-0.0920920920920900027, 0.1731551658832755636
-0.0895895895895899991, 0.1827144401819517650
-0.0870870870870899955, 0.1930927884940329131
-0.0845845845845799998, 0.2043866706208080641
-0.0820820820820799962, 0.2167071917071800025
-0.0795795795795800065, 0.2301828567511961521
-0.0770770770770800029, 0.2449629496668841444
-0.0745745745745699934, 0.2612217043061601518
-0.0720720720720700037, 0.2791634871196022050
-0.0695695695695700000, 0.2990292822131148665
-0.0670670670670699964, 0.3211048671609281757
-0.0645645645645600008, 0.3457312033849314625
-0.0620620620620599972, 0.3733177550120904131
-0.0595595595595600005, 0.4043597201708748479
-0.0570570570570599969, 0.4394605473211004032
-0.0545545545545500013, 0.4793616763852602269
-0.0520520520520499977, 0.5249822848028394828
-0.0495495495495500010, 0.5774730843324210605
-0.0470470470470499974, 0.6382901551037495347
-0.0445445445445400018, 0.7092978375996710216
-0.0420420420420399982, 0.7929145495868383797
-0.0395395395395400015, 0.8923233203192484364
-0.0370370370370399979, 1.0117821371809434527
-0.0345345345345300023, 1.1570921869744656973
-0.0320320320320299987, 1.3363231084492483980
-0.0295295295295299985, 1.5609703609827507709
-0.0270270270270299984, 1.8478665238585514352
-0.0245245245245199993, 2.2224654661203495642
-0.0220220220220199991, 2.7247543563411364964
-0.0195195195195199990, 3.4205012353170038963
-0.0170170170170199989, 4.4241296316159504087
-0.0145145145145099998, 5.9492104707680164566
-0.0120120120120099996, 8.4319521790541855921
-0.0095095095095099995, 12.8754518471187839879
-0.0070070070070070000, 21.9844915554911004563
-0.0045045045045049997, 44.7043570236199059309
-0.0020020020020019998, 113.0728632756107288060
0.0005005005005005000, 178.8619915563622555510
0.0030030030030029999, 85.9976461166835690619
0.0055055055055059999, 61.8275343964736094904
0.0080080080080079993, 80.1374521512620958674
0.0105105105105099995, 42.6871547280617775755
0.0130130130130099997, 19.5338952738451538949
0.0155155155155200005, 11.0741517671510010246
0.0180180180180199989, 7.2176960396299882916
0.0205205205205199991, 5.1214848737287805847
0.0230230230230199992, 3.8430603892272339195
0.0255255255255299983, 2.9999399114251423804
0.0280280280280299984, 2.4118086016657795945
0.0305305305305299986, 1.9838788965868354719
0.0330330330330299987, 1.6621021671182654167
0.0355355355355400013, 1.4136678642163156283
0.0380380380380399979, 1.2176452595596134465
0.0405405405405400016, 1.0601336799333471728
0.0430430430430399982, 0.9315883882595662469
0.0455455455455500008, 0.8252689456858246508
0.0480480480480499975, 0.7362996512226547274
0.0505505505505500011, 0.6610796378493815073
0.0530530530530499977, 0.5969007934117370739
0.0555555555555600003, 0.5416935031891070285
0.0580580580580599970, 0.4938533868055465792
0.0605605605605600006, 0.4521207204593035711
0.0630630630630600042, 0.4154949360048066920
0.0655655655655699998, 0.3831729635360143771
0.0680680680680700034, 0.3545040870221563001
0.0705705705705699932, 0.3289564309214328963
0.0730730730730699968, 0.3060917657560809357
0.0755755755755800063, 0.2855463477199227662
0.0780780780780799960, 0.2670161915879631920
0.0805805805805799996, 0.2502456396111076842
0.0830830830830800032, 0.2350184077779390313
0.0855855855855899988, 0.2211505131058708329
0.0880880880880900025, 0.2084846426868234570
0.0905905905905900061, 0.1968856375413052251
0.0930930930930899958, 0.1862368455785867183
0.0955955955956000053, 0.1764371573413853200
0.0980980980980999950, 0.1673985820426314719
0.1006006006005999986, 0.1590442540514318825
0.1031031031031000023, 0.1513067845181320648
0.1056056056056000059, 0.1441268914129503198
0.1081081081080999956, 0.1374522554397724083
0.1106106106105999992, 0.1312365601957621031
0.1131131131131000028, 0.1254386833937182200
0.1156156156156000064, 0.1200220125463038745
0.1181181181180999962, 0.1149538636726135099
0.1206206206205999998, 0.1102049856585951282
0.1231231231231000034, 0.1057491361319468776
0.1256256256256000070, 0.1015627172870821465
0.1281281281281000106, 0.0976244621595945411
0.1306306306305999865, 0.0939151635118747885
0.1331331331330999901, 0.0904174388365362736
0.1356356356355999937, 0.0871155260774788276
0.1381381381380999973, 0.0839951055607220665
0.1406406406406000009, 0.0810431443584571087
0.1431431431431000045, 0.0782477599115090350
0.1456456456456000081, 0.0755981002323975332
0.1481481481481000118, 0.0730842384231601278
0.1506506506506999910, 0.0706970795847942091
0.1531531531531999946, 0.0684282784812008105
0.1556556556556999982, 0.0662701665600119172
0.1581581581582000018, 0.0642156871338562529
0.1606606606607000054, 0.0622583376951065803
0.1631631631632000090, 0.0603921184803635422
0.1656656656657000126, 0.0586114865222793213
0.1681681681681999885, 0.0569113145294299558
0.1706706706706999921, 0.0552868540227797883
0.1731731731731999957, 0.0537337022322956076
0.1756756756756999993, 0.0522477723215001369
0.1781781781782000029, 0.0508252665628706884
0.1806806806807000065, 0.0494626521344099998
0.1831831831832000101, 0.0481566392485951872
0.1856856856857000138, 0.0469041613602327462
0.1881881881881999896, 0.0457023572303351944
0.1906906906906999932, 0.0445485546496683163
0.1931931931931999968, 0.0434402556486920416
0.1956956956957000004, 0.0423751230407142590
0.1981981981982000041, 0.0413509681626143891
0.2007007007007000077, 0.0403657396928320325
0.2032032032032000113, 0.0394175134397444088
0.2057057057056999871, 0.0385044830053446890
0.2082082082081999908, 0.0376249512394910141
0.2107107107106999944, 0.0367773224091149376
0.2132132132131999980, 0.0359600950148213916
0.2157157157157000016, 0.0351718551944118704
0.2182182182182000052, 0.0344112706591465575
0.2207207207207000088, 0.0336770851141252256
0.2232232232232000124, 0.0329681131191031929
0.2257257257256999883, 0.0322832353504460823
0.2282282282281999919, 0.0316213942288273431
0.2307307307306999955, 0.0309815898807496923
0.2332332332331999991, 0.0303628764050723546
0.2357357357357000027, 0.0297643584184947504
0.2382382382382000063, 0.0291851878564256678
0.2407407407407000099, 0.0286245610078829718
0.2432432432432000136, 0.0280817157650591620
0.2457457457456999894, 0.0275559290699712231
0.2482482482481999930, 0.0270465145422181495
0.2507507507508000000, 0.0265528202733118293
0.2532532532533000036, 0.0260742267743463742
0.2557557557558000072, 0.0256101450649429338
0.2582582582583000108, 0.0251600148924642081
0.2607607607608000144, 0.0247233030714485713
0.2632632632633000180, 0.0242995019340777607
0.2657657657658000216, 0.0238881278832743654
0.2682682682683000253, 0.0234887200407345870
0.2707707707707999734, 0.0231008389828447312
0.2732732732732999770, 0.0227240655580139388
0.2757757757757999806, 0.0223579997794862775
0.2782782782782999842, 0.0220022597881782377
0.2807807807807999878, 0.0216564808805270320
0.2832832832832999914, 0.0213203145967358065
0.2857857857857999950, 0.0209934278651668742
0.2882882882882999986, 0.0206755021989678892
0.2907907907908000023, 0.0203662329413200442
0.2932932932933000059, 0.0200653285559762792
0.2957957957958000095, 0.0197725099600120566
0.2982982982983000131, 0.0194875098959447282
0.3008008008008000167, 0.0192100723405912582
0.3033033033033000203, 0.0189399519482305011
0.3058058058058000239, 0.0186769135258157970
0.3083083083083000275, 0.0184207315381494374
0.3108108108107999756, 0.0181711896410823234
0.3133133133132999792, 0.0179280802409418766
0.3158158158157999829, 0.0176912040785200432
0.3183183183182999865, 0.0174603698360717950
0.3208208208207999901, 0.0172353937658836012
0.3233233233232999937, 0.0170160993390722111
0.3258258258257999973, 0.0168023169133670325
0.3283283283283000009, 0.0165938834187152606
0.3308308308308000045, 0.0163906420596282749
0.3333333333333000081, 0.0161924420332611937
0.3358358358358000118, 0.0159991382622852348
0.3383383383383000154, 0.0158105911416756284
0.3408408408408000190, 0.0156266662985958329
0.3433433433433000226, 0.0154472343646127191
0.3458458458458000262, 0.0152721707595277392
0.3483483483482999743, 0.0151013554861550974
0.3508508508509000090, 0.0149346729354214482
0.3533533533534000126, 0.0147720117012013746
0.3558558558559000162, 0.0146132644043403554
0.3583583583584000198, 0.0144583275253514533
0.3608608608609000235, 0.0143071012453040609
0.3633633633634000271, 0.0141594892944532438
0.3658658658658999752, 0.0140153988081859662
0.3683683683683999788, 0.0138747401898865804
0.3708708708708999824, 0.0137374269803482128
0.3733733733733999860, 0.0136033757333793165
0.3758758758758999896, 0.0134725058972758101
0.3783783783783999932, 0.0133447397018488477
0.3808808808808999968, 0.0132200020507168281
0.3833833833834000004, 0.0130982204185873755
0.3858858858859000041, 0.0129793247532711542
0.3883883883884000077, 0.0128632473821844017
0.3908908908909000113, 0.0127499229231112995
0.3933933933934000149, 0.0126392881990102443
0.3958958958959000185, 0.0125312821566607689
0.3983983983984000221, 0.0124258457889591615
0.4009009009009000257, 0.0123229220606818068
0.4034034034033999738, 0.0122224558375456198
0.4059059059058999774, 0.0121243938184040952
0.4084084084083999810, 0.0120286844704270181
0.4109109109108999847, 0.0119352779671198055
0.4134134134133999883, 0.0118441261290466171
0.4159159159158999919, 0.0117551823671289343
0.4184184184183999955, 0.0116684016283979623
0.4209209209208999991, 0.0115837403440860916
0.4234234234234000027, 0.0115011563799488018
0.4259259259259000063, 0.0114206089887139983
0.4284284284284000099, 0.0113420587645616678
0.4309309309309000136, 0.0112654675995415531
0.4334334334334000172, 0.0111907986418416060
0.4359359359359000208, 0.0111180162558245713
0.4384384384384000244, 0.0110470859837543539
0.4409409409408999725, 0.0109779745091379329
0.4434434434433999761, 0.0109106496216125511
0.4459459459458999797, 0.0108450801833113505
0.4484484484483999833, 0.0107812360966443137
0.4509509509510000180, 0.0107190882734345093
0.4534534534535000216, 0.0106586086053527679
0.4559559559560000253, 0.0105997699355967930
0.4584584584584999734, 0.0105425460317635465
0.4609609609609999770, 0.0104869115598664048
0.4634634634634999806, 0.0104328420594508569
0.4659659659659999842, 0.0103803139197651568
0.4684684684684999878, 0.0103293043569443882
0.4709709709709999914, 0.0102797913921685424
0.4734734734734999950, 0.0102317538307573445
0.4759759759759999986, 0.0101851712421662625
0.4784784784785000022, 0.0101400239408501684
0.4809809809810000059, 0.0100962929679627479
0.4834834834835000095, 0.0100539600738613656
0.4859859859860000131, 0.0100130077013887361
0.4884884884885000167, 0.0099734189699042224
0.4909909909910000203, 0.0099351776600389661
0.4934934934935000239, 0.0098982681991504999
0.4959959959960000275, 0.0098626756474536476
0.4984984984984999756, 0.0098283856848059778
0.5010010010009999792, 0.0097953845981269844
0.5035035035035000384, 0.0097636592694315474
0.5060060060059999865, 0.0097331971644592195
0.5085085085085000456, 0.0097039863218818644
0.5110110110109999937, 0.0096760153430732743
0.5135135135135000528, 0.0096492733824253690
0.5160160160160000009, 0.0096237501381963488
0.5185185185184999490, 0.0095994358438772631
0.5210210210210000081, 0.0095763212600641981
0.5235235235234999562, 0.0095543976668241472
0.5260260260260000154, 0.0095336568565434297
0.5285285285284999635, 0.0095140911272483340
0.5310310310310000226, 0.0094956932763883561
0.5335335335334999707, 0.0094784565950731901
0.5360360360360000298, 0.0094623748627553055
0.5385385385384999779, 0.0094474423423506898
0.5410410410410000370, 0.0094336537757909750
0.5435435435434999851, 0.0094210043800008053
0.5460460460460000442, 0.0094094898432950415
0.5485485485484999924, 0.0093991063221909726
0.5510510510510999715, 0.0093898504386313378
0.5535535535536000307, 0.0093817192776146086
0.5560560560560999788, 0.0093747103852295805
0.5585585585586000379, 0.0093688217670919397
0.5610610610610999860, 0.0093640518871810751
0.5635635635636000451, 0.0093603996670759831
0.5660660660660999932, 0.0093578644855897598
0.5685685685686000523, 0.0093564461788027305
0.5710710710711000004, 0.0093561450404948815
0.5735735735735999485, 0.0093569618229788799
0.5760760760761000077, 0.0093588977383355712
0.5785785785785999558, 0.0093619544600543753
0.5810810810811000149, 0.0093661341250818181
0.5835835835835999630, 0.0093714393362817894
0.5860860860861000221, 0.0093778731653120506
0.5885885885885999702, 0.0093854391559218889
0.5910910910911000293, 0.0093941413276767104
0.5935935935935999774, 0.0094039841801158534
0.5960960960961000366, 0.0094149726973507264
0.5985985985985999847, 0.0094271123531110678
0.6011011011011000438, 0.0094404091162477097
0.6036036036035999919, 0.0094548694567012318
0.6061061061061000510, 0.0094705003519464336
0.6086086086085999991, 0.0094873092939235168
0.6111111111110999472, 0.0095053042964675562
0.6136136136136000063, 0.0095244939032488422
0.6161161161160999544, 0.0095448871962374761
0.6186186186186000135, 0.0095664938047064930
0.6211211211210999616, 0.0095893239147888908
0.6236236236236000208, 0.0096133882796047877
0.6261261261260999689, 0.0096386982299760410
0.6286286286286000280, 0.0096652656857468267
0.6311311311310999761, 0.0096931031677296164
0.6336336336336000352, 0.0097222238102974631
0.6361361361360999833, 0.0097526413746444295
0.6386386386386000424, 0.0097843702627376204
0.6411411411410999905, 0.0098174255319853840
0.6436436436436000497, 0.0098518229106478554
0.6461461461460999978, 0.0098875788140174430
0.6486486486485999459, 0.0099247103613985255
0.6511511511512000361, 0.0099632353939171324
0.6536536536536999842, 0.0100031724931933675
0.6561561561562000433, 0.0100445410009110184
0.6586586586586999914, 0.0100873610393207649
0.6611611611612000505, 0.0101316535327155358
0.6636636636636999986, 0.0101774402299186911
0.6661661661661999467, 0.0102247437278279243
0.6686686686687000059, 0.0102735874960603775
0.6711711711711999540, 0.0103239959027468069
0.6736736736737000131, 0.0103759942415255491
0.6761761761761999612, 0.0104296087597897311
0.6786786786787000203, 0.0104848666882443198
0.6811811811811999684, 0.0105417962718327429
0.6836836836837000275, 0.0106004268020962640
0.6861861861861999756, 0.0106607886510328778
0.6886886886887000347, 0.0107229133065262893
0.6911911911911999828, 0.0107868334094196796
0.6936936936937000420, 0.0108525827923132232
0.6961961961961999901, 0.0109201965201687970
0.6986986986987000492, 0.0109897109328104554
0.7012012012011999973, 0.0110611636894140976
0.7037037037036999454, 0.0111345938150854713
0.7062062062062000045, 0.0112100417496314338
0.7087087087086999526, 0.0112875493986356011
0.7112112112112000117, 0.0113671601869561878
0.7137137137136999598, 0.0114489191147709099
0.7162162162162000190, 0.0115328728163012519
0.7187187187186999671, 0.0116190696213566685
0.7212212212212000262, 0.0117075596198475337
0.7237237237236999743, 0.0117983947294251282
0.7262262262262000334, 0.0118916287664164975
0.7287287287286999815, 0.0119873175202325280
0.7312312312312000406, 0.0120855188314387789
0.7337337337336999887, 0.0121862926736905023
0.7362362362362000479, 0.0122897012397460426
0.7387387387386999960, 0.0123958090317864596
0.7412412412412000551, 0.0125046829562839648
0.7437437437437000032, 0.0126163924236772657
0.7462462462461999513, 0.0127310094531288779
0.7487487487487000104, 0.0128486087826573739
0.7512512512512999896, 0.0129692679849570218
0.7537537537538000487, 0.0130930675892379014
0.7562562562562999968, 0.0132200912094419705
0.7587587587587999449, 0.0133504256792145309
0.7612612612613000040, 0.0134841611940364099
0.7637637637637999521, 0.0136213914609496674
0.7662662662663000113, 0.0137622138563399075
0.7687687687687999594, 0.0139067295922700607
0.7712712712713000185, 0.0140550438918954392
0.7737737737737999666, 0.0142072661745271563
0.7762762762763000257, 0.0143635102509514015
0.7787787787787999738, 0.0145238945296555129
0.7812812812813000329, 0.0146885422346590827
0.7837837837837999810, 0.0148575816356988251
0.7862862862863000402, 0.0150311462915714168
0.7887887887887999883, 0.0152093753074975940
0.7912912912913000474, 0.0153924136074356632
0.7937937937937999955, 0.0155804122223421569
0.7962962962963000546, 0.0157735285954533240
0.7987987987988000027, 0.0159719269057433146
0.8013013013012999508, 0.0161757784108040661
0.8038038038038000099, 0.0163852618104891115
0.8063063063062999580, 0.0166005636327687875
0.8088088088088000172, 0.0168218786433591873
0.8113113113112999653, 0.0170494102808121627
0.8138138138138000244, 0.0172833711188897128
0.8163163163162999725, 0.0175239833581948209
0.8188188188188000316, 0.0177714793491924733
0.8213213213212999797, 0.0180261021489320564
0.8238238238238000388, 0.0182881061139751472
0.8263263263262999869, 0.0185577575322450165
0.8288288288288000460, 0.0188353352967451371
0.8313313313312999941, 0.0191211316243483538
0.8338338338338000533, 0.0194154528231363990
0.8363363363363000014, 0.0197186201120750706
0.8388388388387999495, 0.0200309704971460140
0.8413413413413000086, 0.0203528577084252302
0.8438438438437999567, 0.0206846532030039304
0.8463463463463000158, 0.0210267472390956688
0.8488488488487999639, 0.0213795500271661623
0.8513513513514000541, 0.0217434929644667735
0.8538538538539000022, 0.0221190299599546454
0.8563563563563999503, 0.0225066388572460752
0.8588588588589000095, 0.0229068229639879037
0.8613613613613999576, 0.0233201126968458072
0.8638638638639000167, 0.0237470673522141747
0.8663663663663999648, 0.0241882770137580062
0.8688688688689000239, 0.0246443646090125160
0.8713713713713999720, 0.0251159881285128138
0.8738738738739000311, 0.0256038430223095165
0.8763763763763999792, 0.0261086647902734510
0.8788788788789000384, 0.0266312317843203708
0.8813813813813999865, 0.0271723682426163599
0.8838838838839000456, 0.0277329475779901011
0.8863863863863999937, 0.0283138959452019709
0.8888888888889000528, 0.0289161961144435084
0.8913913913914000009, 0.0295408916815037281
0.8938938938938999490, 0.0301890916484830532
0.8963963963964000081, 0.0308619754128254785
0.8988988988988999562, 0.0315607982068251414
0.9014014014014000153, 0.0322868970347263001
0.9039039039038999634, 0.0330416971601571602
0.9064064064064000226, 0.0338267192030086220
0.9089089089088999707, 0.0346435869121164836
0.9114114114114000298, 0.0354940356883433963
0.9139139139138999779, 0.0363799219420540693
0.9164164164164000370, 0.0373032333797077009
0.9189189189188999851, 0.0382661003265607133
0.9214214214214000442, 0.0392708082065458056
0.9239239239238999923, 0.0403198113165402425
0.9264264264264000515, 0.0414157480508211689
0.9289289289288999996, 0.0425614577529284666
0.9314314314313999477, 0.0437599993968963083
0.9339339339339000068, 0.0450146723284648720
0.9364364364363999549, 0.0463290393301097059
0.9389389389389000140, 0.0477069523123656997
0.9414414414413999621, 0.0491525809789535237
0.9439439439439000212, 0.0506704448658119588
0.9464464464463999693, 0.0522654492157465303
0.9489489489489000285, 0.0539429252227190542
0.9514514514515000076, 0.0557086752649324293
0.9539539539539999558, 0.0575690238463452963
0.9564564564565000149, 0.0595308750851686955
0.9589589589589999630, 0.0616017777290759141
0.9614614614615000221, 0.0637899988449236177
0.9639639639639999702, 0.0661046075315188386
0.9664664664665000293, 0.0685555702444740483
0.9689689689689999774, 0.0711538596113059502
0.9714714714715000365, 0.0739115789637159876
0.9739739739739999846, 0.0768421052362170537
0.9764764764765000438, 0.0799602533933630177
0.9789789789789999919, 0.0832824661737599781
0.9814814814815000510, 0.0868270337056606389
0.9839839839839999991, 0.0906143484919227082
0.9864864864864999472, 0.0946672024270204804
0.9889889889890000063, 0.0990111339545442642
0.9914914914914999544, 0.1036748352764611109
0.9939939939940000135, 0.1086906317847693010
0.9964964964964999616, 0.1140950487325766288
0.9989989989990000208, 0.1199294837671448510
1.0015015015019999023, 0.1262410085409294558
1.0040040040039999170, 0.1330833285040727287
1.0065065065070000205, 0.1405179375756831772
1.0090090090090000352, 0.1486155142516231431
1.0115115115119999167, 0.1574576186000953004
1.0140140140139999314, 0.1671387665816600476
1.0165165165170000350, 0.1777689806818059937
1.0190190190190000497, 0.1894769460353934731
1.0215215215219999312, 0.2024139419983294053
1.0240240240239999459, 0.2167587747106870799
1.0265265265270000494, 0.2327240127359552491
1.0290290290290000641, 0.2505639343737418590
1.0315315315319999456, 0.2705847451552937377
1.0340340340339999603, 0.2931578376050159029
1.0365365365370000639, 0.3187371736176811132
1.0390390390390000785, 0.3478823210412935740
1.0415415415419999601, 0.3812893466817215971
1.0440440440439999747, 0.4198327811436791124
1.0465465465470000783, 0.4646234292970383151
1.0490490490490000930, 0.5170892442621665142
1.0515515515519999745, 0.5790903988560477389
1.0540540540539999892, 0.6530861121849731443
1.0565565565570000928, 0.7423816039363004826
1.0590590590590001074, 0.8515022906530368418
1.0615615615619999890, 0.9867758844142473507
1.0640640640640000036, 1.1572653261703764738
1.0665665665670001072, 1.3763159586691491310
1.0690690690689998998, 1.6642247034219712631
1.0715715715720000034, 2.0530625065506518112
1.0740740740740000181, 2.5958768595149663838
1.0765765765769998996, 3.3854461581705153073
1.0790790790789999143, 4.5957021046414849863
1.0815815815820000179, 6.5828774486045933401
1.0840840840840000325, 10.1661250186681648700
1.0865865865869999141, 17.5443096689152646661
1.0890890890889999287, 35.9264601943355117442
1.0915915915920000323, 91.7900739364004039089
1.0940940940940000470, 161.5472973639755309705
1.0965965965969999285, 72.8587108265746223879
1.0990990990989999432, 29.8567422558832120671
1.1016016016020000468, 15.2724687846211466535
1.1041041041040000614, 9.1200644479717603019
1.1066066066069999430, 6.0253875944633934481
1.1091091091089999576, 4.2667732342863491368
1.1116116116120000612, 3.1767183264158291855
1.1141141141140000759, 2.4561690784904182117
1.1166166166169999574, 1.9557845073502384547
1.1191191191189999721, 1.5944961654374463222
1.1216216216220000756, 1.3253006806265208439
1.1241241241240000903, 1.1194566844544979745
1.1266266266269999718, 0.9586025378762302873
1.1291291291289999865, 0.8305694979005814327
1.1316316316320000901, 0.7270378752777052478
1.1341341341340001048, 0.6421652399691979429
1.1366366366369999863, 0.5717523225635386952
1.1391391391390000010, 0.5127187995183184466
1.1416416416420001045, 0.4627641589934542998
1.1441441441439998972, 0.4201426265542242966
1.1466466466470000007, 0.3835103598105282230
1.1491491491490000154, 0.3518195794771153406
1.1516516516519998969, 0.3242438680926210681
1.1541541541539999116, 0.3001245839363271273
1.1566566566570000152, 0.2789318422312993540
1.1591591591590000299, 0.2602357142820777014
1.1616616616619999114, 0.2436847036260664789
1.1641641641639999261, 0.2289894779791901147
1.1666666666670000296, 0.2159104469768470258
1.1691691691690000443, 0.2042481885742221115
1.1716716716719999258, 0.1938360100919203077
1.1741741741739999405, 0.1845341268131318879
1.1766766766770000441, 0.1762250798560405507
1.1791791791790000588, 0.1688101141850023301
1.1816816816819999403, 0.1622063093525865640
1.1841841841839999550, 0.1563443081699657511
1.1866866866870000585, 0.1511665276713613781
1.1891891891890000732, 0.1466257664355306578
1.1916916916919999547, 0.1426841453770069934
1.1941941941939999694, 0.1393123375876920145
1.1966966966970000730, 0.1364890582684488707
1.1991991991990000876, 0.1342007995127159348
1.2017017017019999692, 0.1324418078106719132
1.2042042042039999838, 0.1312143157345436184
1.2067067067070000874, 0.1305290545604384789
1.2092092092090001021, 0.1304060930739577850
1.2117117117119999836, 0.1308760714853774432
1.2142142142139999983, 0.1319819310489544206
1.2167167167170001019, 0.1337812837488440709
1.2192192192189998945, 0.1363496284784047885
1.2217217217219999981, 0.1397847100665783049
1.2242242242240000127, 0.1442124503726328055
1.2267267267269998943, 0.1497950807334186840
1.2292292292289999089, 0.1567424121474301490
1.2317317317320000125, 0.1653276606349591282
1.2342342342340000272, 0.1759100153454224991
1.2367367367369999087, 0.1889673994935059109
1.2392392392389999234, 0.2051449986016600502
1.2417417417420000270, 0.2253288101245269348
1.2442442442440000416, 0.2507600511826207912
1.2467467467469999232, 0.2832184734152793926
1.2492492492489999378, 0.3253262447377834876
1.2517517517520000414, 0.3810719127644532911
1.2542542542540000561, 0.4567563976259769731
1.2567567567569999376, 0.5627966554403475152
1.2592592592589999523, 0.7173976119542606611
1.2617617617620000559, 0.9546517323727871096
1.2642642642640000705, 1.3442845453283376322
1.2667667667669999521, 2.0463202107517668438
1.2692692692689999667, 3.4891987964636110853
1.2717717717720000703, 7.0732158451212185923
1.2742742742740000850, 17.9539312628445308917
1.2767767767769999665, 32.1254599493411561184
1.2792792792789999812, 14.6803716943339175316
1.2817817817820000847, 6.0234913725255241346
1.2842842842840000994, 3.0948823312452358181
1.2867867867869999809, 1.8631984610301350891
1.2892892892889999956, 1.2450091623503087845
1.2917917917920000992, 0.8942981551572571908
1.2942942942939998918, 0.6772418118549199395
1.2967967967969999954, 0.5339955464812412567
1.2992992992990000101, 0.4347173086577560963
1.3018018018019998916, 0.3632268818289852153
1.3043043043039999063, 0.3101530294961162282
1.3068068068070000098, 0.2697716106145228165
1.3093093093090000245, 0.2384301285384727298
1.3118118118119999060, 0.2137116438240649896
1.3143143143139999207, 0.1939671019056787571
1.3168168168170000243, 0.1780418363335889431
1.3193193193190000390, 0.1651094230513374117
1.3218218218219999205, 0.1545673807765902685
1.3243243243239999352, 0.1459698058687252109
1.3268268268270000387, 0.1389827760987406013
1.3293293293290000534, 0.1333541956337627177
1.3318318318319999349, 0.1288930401484188470
1.3343343343339999496, 0.1254548712773880803
1.3368368368370000532, 0.1229316326756234035
1.3393393393390000679, 0.1212444426726869418
1.3418418418419999494, 0.1203385420452978138
1.3443443443439999641, 0.1201798431901635045
1.3468468468470000676, 0.1207527197279665565
1.3493493493490000823, 0.1220588101694411037
1.3518518518519999638, 0.1241167089897433490
1.3543543543539999785, 0.1269624988580476399
1.3568568568570000821, 0.1306511503034512856
1.3593593593590000967, 0.1352588894719655432
1.3618618618619999783, 0.1408867206822767559
1.3643643643639999929, 0.1476654000628701557
1.3668668668670000965, 0.1557623058434109420
1.3693693693689998891, 0.1653908638882885529
1.3718718718719999927, 0.1768235012275252427
1.3743743743740000074, 0.1904095760477912402
1.3768768768770001110, 0.2066004700396504579
1.3793793793789999036, 0.2259851987425312569
1.3818818818820000072, 0.2493417958509796528
1.3843843843840000218, 0.2777128948297039601
1.3868868868869999034, 0.3125193609251218918
1.3893893893889999180, 0.3557354295727425120
1.3918918918920000216, 0.4101663947713233282
1.3943943943940000363, 0.4799034004544366905
1.3968968968969999178, 0.5710966758300803914
1.3993993993989999325, 0.6933287605703633005
1.4019019019020000361, 0.8621819168812190348
1.4044044044040000507, 1.1043425572213145802
1.4069069069069999323, 1.4685371870997789845
1.4094094094089999469, 2.0512348785508875970
1.4119119119120000505, 3.0645533999335561326
1.4144144144140000652, 5.0446979081353946484
1.4169169169169999467, 9.6229432713047913239
1.4194194194189999614, 22.8091567734729601113
1.4219219219220000650, 54.7150617174169440204
1.4244244244240000796, 36.5827845807742377815
1.4269269269269999612, 14.0873829203877463101
1.4294294294289999758, 6.7084906925620799711
1.4319319319320000794, 3.8270598833213753664
1.4344344344340000941, 2.4551445943809007133
1.4369369369369999756, 1.7046286278212696708
1.4394394394389999903, 1.2519458074679485904
1.4419419419420000938, 0.9587053819856372616
1.4444444444440001085, 0.7581794819513258954
1.4469469469469999900, 0.6151176832526610294
1.4494494494490000047, 0.5095194328606360568
1.4519519519520001083, 0.4293681539720977658
1.4544544544539999009, 0.3670979056410758057
1.4569569569570000045, 0.3177554687237450493
1.4594594594590000192, 0.2779893779880145410
1.4619619619619999007, 0.2454670044436269571
1.4644644644639999154, 0.2185246514333016865
1.4669669669670000189, 0.1959500927087108046
1.4694694694690000336, 0.1768432613638326045
1.4719719719719999151, 0.1605245904619252151
1.4744744744739999298, 0.1464732617772061540
1.4769769769770000334, 0.1342847152956606616
1.4794794794790000481, 0.1236408515495506094
1.4819819819819999296, 0.1142887737480324517
1.4844844844839999443, 0.1060253843473393798
1.4869869869870000478, 0.0986860641913567815
1.4894894894890000625, 0.0921362433331690545
1.4919919919919999440, 0.0862650495114246907
1.4944944944939999587, 0.0809804691708093938
1.4969969969970000623, 0.0762056230764106557
1.4994994994990000770, 0.0718758725628034223
1.5020020020019999585, 0.0679365513025562279
1.5045045045050000621, 0.0643411727353546126
1.5070070070070000767, 0.0610500025020466255
1.5095095095099999583, 0.0580289133614689395
1.5120120120119999729, 0.0552484604746076233
1.5145145145150000765, 0.0526831298918295221
1.5170170170170000912, 0.0503107241366972310
1.5195195195199999727, 0.0481118570308792931
1.5220220220219999874, 0.0460695361130589176
1.5245245245250000909, 0.0441688157131053319
1.5270270270270001056, 0.0423965073403482010
1.5295295295299999871, 0.0407409368131188276
1.5320320320320000018, 0.0391917397012527188
1.5345345345350001054, 0.0377396883252227588
1.5370370370369998980, 0.0363765448669788188
1.5395395395400000016, 0.0350949361821727354
1.5420420420420000163, 0.0338882467241588894
1.5445445445449998978, 0.0327505266446145374
1.5470470470469999125, 0.0316764126601686360
1.5495495495500000160, 0.0306610596968248245
1.5520520520520000307, 0.0297000816657116903
1.5545545545549999122, 0.0287895000013964342
1.5570570570569999269, 0.0279256988206046317
1.5595595595600000305, 0.0271053857448819574
1.5620620620620000452, 0.0263255575834590444
1.5645645645649999267, 0.0255834701986913902
1.5670670670669999414, 0.0248766119809460395
1.5695695695700000449, 0.0242026804466922950
1.5720720720720000596, 0.0235595615460591455
1.5745745745749999411, 0.0229453113267956248
1.5770770770769999558, 0.0223581396525227502
1.5795795795800000594, 0.0217963957160751537
1.5820820820820000741, 0.0212585551249660290
1.5845845845849999556, 0.0207432083667115005
1.5870870870869999703, 0.0202490504878153135
1.5895895895900000738, 0.0197748718424163097
1.5920920920920000885, 0.0193195497855551263
1.5945945945949999700, 0.0188820412022318376
1.5970970970969999847, 0.0184613757773466648
1.5995995996000000883, 0.0180566499235762651
1.6021021021020001029, 0.0176670212945514299
1.6046046046049999845, 0.0172917038196091777
1.6071071071069999991, 0.0169299632040970580
1.6096096096100001027, 0.0165811128458982007
1.6121121121119998953, 0.0162445101246518966
1.6146146146149999989, 0.0159195530252062428
1.6171171171170000136, 0.0156056770612526645
1.6196196196199998951, 0.0153023524689499292
1.6221221221219999098, 0.0150090816437238855
1.6246246246250000134, 0.0147253967963913799
1.6271271271270000280, 0.0144508578073608909
1.6296296296299999096, 0.0141850502599531192
1.6321321321319999242, 0.0139275836359048603
1.6346346346350000278, 0.0136780896579025944
1.6371371371370000425, 0.0134362207655691155
1.6396396396399999240, 0.0132016487127231547
1.6421421421419999387, 0.0129740632749704397
1.6446446446450000423, 0.0127531710577846839
1.6471471471470000569, 0.0125386943962155651
1.6496496496499999385, 0.0123303703382319912
1.6521521521519999531, 0.0121279497044862704
1.6546546546550000567, 0.0119311962179787859
1.6571571571570000714, 0.0117398856977231451
1.6596596596599999529, 0.0115538053110675991
1.6621621621619999676, 0.0113727528798261701
1.6646646646650000712, 0.0111965362358200059
1.6671671671670000858, 0.0110249726218309054
1.6696696696699999674, 0.0108578881343300293
1.6721721721719999820, 0.0106951172046701494
1.6746746746750000856, 0.0105365021157228997
1.6771771771770001003, 0.0103818925512070403
1.6796796796799999818, 0.0102311451751928364
1.6821821821819999965, 0.0100841232394837457
1.6846846846850001000, 0.0099406962167723836
1.6871871871869998927, 0.0098007394576449282
1.6896896896899999962, 0.0096641338696691094
1.6921921921920000109, 0.0095307656169467750
1.6946946946949998924, 0.0094005258386449277
1.6971971971969999071, 0.0092733103851396579
1.6996996997000000107, 0.0091490195705173707
1.7022022022020000254, 0.0090275579402778472
1.7047047047049999069, 0.0089088340531749376
1.7072072072069999216, 0.0087927602762141316
1.7097097097100000251, 0.0086792525919022860
1.7122122122120000398, 0.0085682304169145702
1.7147147147149999213, 0.0084596164314072117
1.7172172172169999360, 0.0083533364182631509
1.7197197197200000396, 0.0082493191116110535
1.7222222222220000543, 0.0081474960540072177
1.7247247247249999358, 0.0080478014617149513
1.7272272272269999505, 0.0079501720975572940
1.7297297297300000540, 0.0078545471508570004
1.7322322322320000687, 0.0077608681240126523
1.7347347347349999502, 0.0076690787252919456
1.7372372372369999649, 0.0075791247674528630
1.7397397397400000685, 0.0074909540718307473
1.7422422422420000832, 0.0074045163775545101
1.7447447447449999647, 0.0073197632555784967
1.7472472472469999794, 0.0072366480272379567
1.7497497497500000829, 0.0071551256870560293
1.7522522522520000976, 0.0070751528295484034
1.7547547547549999791, 0.0069966875797889180
1.7572572572569999938, 0.0069196895275150201
1.7597597597600000974, 0.0068441196645666353
1.7622622622619998900, 0.0067699403254654891
1.7647647647649999936, 0.0066971151309544756
1.7672672672670000082, 0.0066256089343282804
1.7697697697699998898, 0.0065553877703973026
1.7722722722719999044, 0.0064864188069369468
1.7747747747750000080, 0.0064186702984836575
1.7772772772770000227, 0.0063521115423478157
1.7797797797799999042, 0.0062867128367216467
1.7822822822819999189, 0.0062224454407678103
1.7847847847850000225, 0.0061592815365813904
1.7872872872870000371, 0.0060971941929245073
1.7897897897899999187, 0.0060361573306388586
1.7922922922919999333, 0.0059761456896472217
1.7947947947950000369, 0.0059171347974601961
1.7972972972970000516, 0.0058591009391094784
1.7997997997999999331, 0.0058020211284335555
1.8023023023019999478, 0.0057458730806460544
1.8048048048050000514, 0.0056906351861210069
1.8073073073070000660, 0.0056362864853331069
1.8098098098099999476, 0.0055828066448945701
1.8123123123119999622, 0.0055301759346335208
1.8148148148150000658, 0.0054783752056619464
1.8173173173170000805, 0.0054273858693842016
1.8198198198199999620, 0.0053771898773997233
1.8223223223219999767, 0.0053277697022562510
1.8248248248250000803, 0.0052791083190121962
1.8273273273270000949, 0.0052311891875691050
1.8298298298299999765, 0.0051839962357372810
1.8323323323319999911, 0.0051375138429995779
1.8348348348350000947, 0.0050917268249403421
1.8373373373370001094, 0.0050466204183081615
1.8398398398399999909, 0.0050021802666827785
1.8423423423420000056, 0.0049583924067180957
1.8448448448450001091, 0.0049152432549346373
1.8473473473469999018, 0.0048727195950362704
1.8498498498500000053, 0.0048308085657272105
1.8523523523520000200, 0.0047894976490066793
1.8548548548549999015, 0.0047487746589196366
1.8573573573569999162, 0.0047086277307431621
1.8598598598600000198, 0.0046690453105890928
1.8623623623620000345, 0.0046300161454044574
1.8648648648649999160, 0.0045915292733522293
1.8673673673669999307, 0.0045535740145557294
1.8698698698700000342, 0.0045161399621908710
1.8723723723720000489, 0.0044792169739112028
1.8748748748749999304, 0.0044427951635914358
1.8773773773769999451, 0.0044068648933758359
1.8798798798800000487, 0.0043714167660185346
1.8823823823820000634, 0.0043364416175034068
1.8848848848849999449, 0.0043019305099317694
1.8873873873869999596, 0.0042678747246667134
1.8898898898900000631, 0.0042342657557234119
1.8923923923920000778, 0.0042010953033952119
1.8948948948949999593, 0.0041683552681058582
1.8973973973969999740, 0.0041360377444785816
1.8998998999000000776, 0.0041041350156132382
1.9024024024020000923, 0.0040726395475631262
1.9049049049049999738, 0.0040415439840033856
1.9074074074069999885, 0.0040108411410833987
1.9099099099100000920, 0.0039805240024558142
1.9124124124120001067, 0.0039505857144752424
1.9149149149149999882, 0.0039210195815599343
1.9174174174170000029, 0.0038918190617100645
1.9199199199200001065, 0.0038629777621765320
1.9224224224219998991, 0.0038344894352744466
1.9249249249250000027, 0.0038063479743357153
1.9274274274270000173, 0.0037785474097954252
1.9299299299299998989, 0.0037510819054068956
1.9324324324319999135, 0.0037239457545805367
1.9349349349350000171, 0.0036971333768418433
1.9374374374370000318, 0.0036706393144040417
1.9399399399399999133, 0.0036444582288511162
1.9424424424419999280, 0.0036185848979271157
1.9449449449450000316, 0.0035930142124278096
1.9474474474470000462, 0.0035677411731909218
1.9499499499499999278, 0.0035427608881813451
1.9524524524519999424, 0.0035180685696678728
1.9549549549550000460, 0.0034936595314881361
1.9574574574570000607, 0.0034695291863985514
1.9599599599599999422, 0.0034456730435062531
1.9624624624619999569, 0.0034220867057800581
1.9649649649650000605, 0.0033987658676376733
1.9674674674670000751, 0.0033757063126064434
1.9699699699699999567, 0.0033529039110550465
1.9724724724719999713, 0.0033303546179936625
1.9749749749750000749, 0.0033080544709402186
1.9774774774770000896, 0.0032859995878504293
1.9799799799799999711, 0.0032641861651094197
1.9824824824819999858, 0.0032426104755828205
1.9849849849850000894, 0.0032212688667253011
1.9874874874870001040, 0.0032001577587445905
1.9899899899899999856, 0.0031792736428190868
1.9924924924920000002, 0.0031586130793672777
1.9949949949950001038, 0.0031381726963672068
1.9974974974969998964, 0.0031179491877243309
2.0000000000000000000, 0.0030979393116861405
