# k1_lab: [1, 0, 0]
# k2_lab: [-0.8660254037844387, 0.49999999999999994, 0.0]
# k1_cf: [-0.12278780396897285, -0.12278780396897285, 0.984807753012208]
# k2_cf: [0.45451947767204365, 0.45451947767204365, -0.7660444431189781]
# pol1_lab: [(0, 1, 0), (0, 0, 1)]
# pol2_lab: [array([-0.5      , -0.8660254,  0.       ]), array([0., 0., 1.])]
# pol1_cf: [array([0.69636424, 0.69636424, 0.17364818]), array([-0.70710678,  0.70710678,  0.        ])]
# pol2_cf: [array([-0.54167522, -0.54167522, -0.64278761]), array([-0.70710678,  0.70710678,  0.        ])]
# cf: [array([-0.1227878 ,  0.69636424, -0.70710678]), array([-0.1227878 ,  0.69636424,  0.70710678]), array([0.98480775, 0.17364818, 0.        ])]
# th: 10
-0.5000000000000000000, 0.0013996135385888199
-0.4974974974974999964, 0.0014106003420564523
-0.4949949949949999928, 0.0014217346137268955
-0.4924924924924999892, 0.0014330191813861706
-0.4899899899899999856, 0.0014444569430829344
-0.4874874874874999819, 0.0014560508692659355
-0.4849849849849999783, 0.0014678040049982879
-0.4824824824824999747, 0.0014797194722517401
-0.4799799799800000266, 0.0014918004722842839
-0.4774774774775000230, 0.0015040502881045750
-0.4749749749750000194, 0.0015164722870268364
-0.4724724724725000158, 0.0015290699233200700
-0.4699699699700000122, 0.0015418467409555824
-0.4674674674675000086, 0.0015548063764570430
-0.4649649649650000049, 0.0015679525618574812
-0.4624624624625000013, 0.0015812891277678400
-0.4599599599599999977, 0.0015948200065619565
-0.4574574574574999941, 0.0016085492356830446
-0.4549549549549999905, 0.0016224809610770315
-0.4524524524524999869, 0.0016366194407583590
-0.4499499499499000077, 0.0016509690485141388
-0.4474474474474000041, 0.0016655342777528519
-0.4449449449449000005, 0.0016803197455040905
-0.4424424424423999969, 0.0016953301965761825
-0.4399399399398999932, 0.0017105705078788785
-0.4374374374373999896, 0.0017260456929186559
-0.4349349349348999860, 0.0017417609064745809
-0.4324324324323999824, 0.0017577214494631066
-0.4299299299298999788, 0.0017739327740005756
-0.4274274274273999752, 0.0017904004886727290
-0.4249249249249000271, 0.0018071303640209400
-0.4224224224224000235, 0.0018241283382554709
-0.4199199199199000199, 0.0018414005232065809
-0.4174174174174000163, 0.0018589532105248831
-0.4149149149149000126, 0.0018767928781430036
-0.4124124124124000090, 0.0018949261970112165
-0.4099099099099000054, 0.0019133600381204701
-0.4074074074074000018, 0.0019321014798269055
-0.4049049049048999982, 0.0019511578154928237
-0.4024024024023999946, 0.0019705365614598185
-0.3998998998998999910, 0.0019902454653707687
-0.3973973973973999874, 0.0020102925148582375
-0.3948948948948999838, 0.0020306859466178990
-0.3923923923923999801, 0.0020514342558866621
-0.3898898898898999765, 0.0020725462063462840
-0.3873873873873999729, 0.0020940308404744988
-0.3848848848849000248, 0.0021158974903669760
-0.3823823823824000212, 0.0021381557890547730
-0.3798798798799000176, 0.0021608156823434699
-0.3773773773774000140, 0.0021838874412016627
-0.3748748748749000104, 0.0022073816747282364
-0.3723723723724000068, 0.0022313093437295634
-0.3698698698699000031, 0.0022556817749397069
-0.3673673673673999995, 0.0022805106759187337
-0.3648648648648999959, 0.0023058081506664085
-0.3623623623623999923, 0.0023315867159908708
-0.3598598598598999887, 0.0023578593186743815
-0.3573573573573999851, 0.0023846393534808722
-0.3548548548548999815, 0.0024119406820529033
-0.3523523523523999779, 0.0024397776527486665
-0.3498498498497999987, 0.0024681651214729277
-0.3473473473472999951, 0.0024971184735593623
-0.3448448448447999914, 0.0025266536467654227
-0.3423423423422999878, 0.0025567871554449794
-0.3398398398397999842, 0.0025875361159682728
-0.3373373373372999806, 0.0026189182734633887
-0.3348348348347999770, 0.0026509520299584678
-0.3323323323322999734, 0.0026836564740092541
-0.3298298298298000253, 0.0027170514119023671
-0.3273273273273000217, 0.0027511574005309376
-0.3248248248248000181, 0.0027859957820459856
-0.3223223223223000145, 0.0028215887203940828
-0.3198198198198000108, 0.0028579592398597928
-0.3173173173173000072, 0.0028951312657396738
-0.3148148148148000036, 0.0029331296672838419
-0.3123123123123000000, 0.0029719803030508730
-0.3098098098097999964, 0.0030117100688324674
-0.3073073073072999928, 0.0030523469483158231
-0.3048048048047999892, 0.0030939200666641130
-0.3023023023022999856, 0.0031364597472089070
-0.2997997997997999819, 0.0031799975714630899
-0.2972972972972999783, 0.0032245664426785595
-0.2947947947947999747, 0.0032702006531903048
-0.2922922922923000266, 0.0033169359558070863
-0.2897897897898000230, 0.0033648096395292224
-0.2872872872873000194, 0.0034138606098961547
-0.2847847847848000158, 0.0034641294742903898
-0.2822822822823000122, 0.0035156586325506113
-0.2797797797798000086, 0.0035684923732753554
-0.2772772772773000050, 0.0036226769762295456
-0.2747747747748000013, 0.0036782608213003776
-0.2722722722722999977, 0.0037352945044858855
-0.2697697697697999941, 0.0037938309614401868
-0.2672672672672999905, 0.0038539255991437388
-0.2647647647647999869, 0.0039156364363153954
-0.2622622622622999833, 0.0039790242532363549
-0.2597597597597999797, 0.0040441527517143978
-0.2572572572572999761, 0.0041110887259808195
-0.2547547547547999724, 0.0041799022453829424
-0.2522522522523000243, 0.0042506668498123500
-0.2497497497496999896, 0.0043234597588942287
-0.2472472472472000138, 0.0043983620960570307
-0.2447447447447000102, 0.0044754591287051145
-0.2422422422422000066, 0.0045548405258312406
-0.2397397397397000030, 0.0046366006345320131
-0.2372372372371999993, 0.0047208387770288213
-0.2347347347346999957, 0.0048076595699515423
-0.2322322322321999921, 0.0048971732678132485
-0.2297297297296999885, 0.0049894961327943896
-0.2272272272272000126, 0.0050847508331657854
-0.2247247247247000090, 0.0051830668729144595
-0.2222222222222000054, 0.0052845810553975251
-0.2197197197197000018, 0.0053894379841404284
-0.2172172172171999982, 0.0054977906042206221
-0.2147147147146999946, 0.0056098007880406638
-0.2122122122121999910, 0.0057256399697005519
-0.2097097097096999874, 0.0058454898326336640
-0.2072072072072000115, 0.0059695430556805087
-0.2047047047047000079, 0.0060980041233468117
-0.2022022022022000043, 0.0062310902066361994
-0.1996996996997000007, 0.0063690321215724805
-0.1971971971971999971, 0.0065120753733437821
-0.1946946946946999935, 0.0066604812949237306
-0.1921921921921999898, 0.0068145282900686577
-0.1896896896896999862, 0.0069745131917720539
-0.1871871871872000104, 0.0071407527485988853
-0.1846846846847000068, 0.0073135852528463993
-0.1821821821822000032, 0.0074933723262129263
-0.1796796796796999995, 0.0076805008806339597
-0.1771771771771999959, 0.0078753852742038284
-0.1746746746746999923, 0.0080784696846858840
-0.1721721721721999887, 0.0082902307260768315
-0.1696696696697000128, 0.0085111803370934314
-0.1671671671672000092, 0.0087418689743649497
-0.1646646646647000056, 0.0089828891476289897
-0.1621621621622000020, 0.0092348793394439015
-0.1596596596596999984, 0.0094985283579694831
-0.1571571571571999948, 0.0097745801783745822
-0.1546546546546999912, 0.0100638393365788375
-0.1521521521521999876, 0.0103671769485338457
-0.1496496496496000084, 0.0106855374393475741
-0.1471471471471000048, 0.0110199460795549469
-0.1446446446446000011, 0.0113715174411026902
-0.1421421421420999975, 0.0117414649035897621
-0.1396396396395999939, 0.0121311113625225640
-0.1371371371370999903, 0.0125419013164655840
-0.1346346346345999867, 0.0129754145397940786
-0.1321321321321000108, 0.0134333815832766608
-0.1296296296296000072, 0.0139177013871501984
-0.1271271271271000036, 0.0144304613422048499
-0.1246246246246000000, 0.0149739601955525999
-0.1221221221220999964, 0.0155507342715452690
-0.1196196196196000067, 0.0161635875676734569
-0.1171171171171000031, 0.0168156263939075491
-0.1146146146145999994, 0.0175102993565030701
-0.1121121121120999958, 0.0182514436497140664
-0.1096096096096000061, 0.0190433388187093815
-0.1071071071071000025, 0.0198907694039733053
-0.1046046046045999989, 0.0207990981841206582
-0.1021021021020999953, 0.0217743521166025959
-0.0995995995996000055, 0.0228233235554103422
-0.0970970970971000019, 0.0239536899293979859
-0.0945945945945900063, 0.0251741558309537851
-0.0920920920920900027, 0.0264946224412624942
-0.0895895895895899991, 0.0279263904706496535
-0.0870870870870899955, 0.0294824044085911993
-0.0845845845845799998, 0.0311775479776264172
-0.0820820820820799962, 0.0330290034326303564
-0.0795795795795800065, 0.0350566909682735808
-0.0770770770770800029, 0.0372838093088918923
-0.0745745745745699934, 0.0397375050009779046
-0.0720720720720700037, 0.0424497066410896851
-0.0695695695695700000, 0.0454581721593002863
-0.0670670670670699964, 0.0488078136602176013
-0.0645645645645600008, 0.0525523871416016947
-0.0620620620620599972, 0.0567566665578584095
-0.0595595595595600005, 0.0614992675433964769
-0.0570570570570599969, 0.0668763523619918254
-0.0545545545545500013, 0.0730065447464964823
-0.0520520520520499977, 0.0800375277919848777
-0.0495495495495500010, 0.0881550166944680413
-0.0470470470470499974, 0.0975951349264549961
-0.0445445445445400018, 0.1086617515786966748
-0.0420420420420399982, 0.1217511870139032781
-0.0395395395395400015, 0.1373880902482156052
-0.0370370370370399979, 0.1562786476633987731
-0.0345345345345300023, 0.1793913764084401619
-0.0320320320320299987, 0.2080831046413689489
-0.0295295295295299985, 0.2443014272142685628
-0.0270270270270299984, 0.2909215028397282299
-0.0245245245245199993, 0.3523291994048121101
-0.0220220220220199991, 0.4354791634762349428
-0.0195195195195199990, 0.5519241768716639518
-0.0170170170170199989, 0.7219764467666784924
-0.0145145145145099998, 0.9839687708761337692
-0.0120120120120099996, 1.4170870203307370794
-0.0095095095095099995, 2.2054993165999272620
-0.0070070070070070000, 3.8511526737926842223
-0.0045045045045049997, 8.0292593952044732930
-0.0020020020020019998, 20.7711452919894448144
0.0005005005005005000, 32.7764986562503679579
0.0030030030030029999, 13.9560083724901140556
0.0055055055055059999, 5.8292966796453722367
0.0080080080080079993, 3.0292029876917760944
0.0105105105105099995, 1.8272946893054040629
0.0130130130130099997, 1.2153635550325814219
0.0155155155155200005, 0.8646494467883336643
0.0180180180180199989, 0.6459043455418996826
0.0205205205205199991, 0.5006190853573500021
0.0230230230230199992, 0.3993441965301604557
0.0255255255255299983, 0.3259945664604719795
0.0280280280280299984, 0.2711979849236461626
0.0305305305305299986, 0.2292004208452608494
0.0330330330330299987, 0.1963134803090448577
0.0355355355355400013, 0.1700857788201325382
0.0380380380380399979, 0.1488371887296597862
0.0405405405405400016, 0.1313853046076465803
0.0430430430430399982, 0.1168786289271631085
0.0455455455455500008, 0.1046914596144481457
0.0480480480480499975, 0.0943557326946989072
0.0505505505505500011, 0.0855156954487666932
0.0530530530530499977, 0.0778970766973266504
0.0555555555555600003, 0.0712856908126629774
0.0580580580580599970, 0.0655123169457145771
0.0605605605605600006, 0.0604418360672007160
0.0630630630630600042, 0.0559653094252577921
0.0655655655655699998, 0.0519941225928584466
0.0680680680680700034, 0.0484556019769355056
0.0705705705705699932, 0.0452896955322248385
0.0730730730730699968, 0.0424464324419766351
0.0755755755755800063, 0.0398839597111032701
0.0780780780780799960, 0.0375670107036282439
0.0805805805805799996, 0.0354657003742628457
0.0830830830830800032, 0.0335545699325337371
0.0855855855855899988, 0.0318118236367869733
0.0880880880880900025, 0.0302187148071352621
0.0905905905905900061, 0.0287590486322652217
0.0930930930930899958, 0.0274187770598909794
0.0955955955956000053, 0.0261856667890544605
0.0980980980980999950, 0.0250490256727919046
0.1006006006005999986, 0.0239994760792161706
0.1031031031031000023, 0.0230287662240694288
0.1056056056056000059, 0.0221296123771731815
0.1081081081080999956, 0.0212955663034030684
0.1106106106105999992, 0.0205209034316443002
0.1131131131131000028, 0.0198005281307433757
0.1156156156156000064, 0.0191298931678535664
0.1181181181180999962, 0.0185049309752931511
0.1206206206205999998, 0.0179219947899187694
0.1231231231231000034, 0.0173778080789785266
0.1256256256256000070, 0.0168694209474851246
0.1281281281281000106, 0.0163941724489642254
0.1306306306305999865, 0.0159496579052899948
0.1331331331330999901, 0.0155337004910028748
0.1356356356355999937, 0.0151443264598708945
0.1381381381380999973, 0.0147797434918940096
0.1406406406406000009, 0.0144383217217048110
0.1431431431431000045, 0.0141185770777569261
0.1456456456456000081, 0.0138191566184920952
0.1481481481481000118, 0.0135388255989797139
0.1506506506506999910, 0.0132764560410481795
0.1531531531531999946, 0.0130310166130595054
0.1556556556556999982, 0.0128015636533388710
0.1581581581582000018, 0.0125872331947682204
0.1606606606607000054, 0.0123872338679289241
0.1631631631632000090, 0.0122008405770393201
0.1656656656657000126, 0.0120273888572758440
0.1681681681681999885, 0.0118662698343003949
0.1706706706706999921, 0.0117169257172802486
0.1731731731731999957, 0.0115788457656591307
0.1756756756756999993, 0.0114515626776532254
0.1781781781782000029, 0.0113346493550953199
0.1806806806807000065, 0.0112277160049985506
0.1831831831832000101, 0.0111304075431918250
0.1856856856857000138, 0.0110424012697075136
0.1881881881881999896, 0.0109634047893738401
0.1906906906906999932, 0.0108931541543607936
0.1931931931931999968, 0.0108314122083188955
0.1956956956957000004, 0.0107779671142926997
0.1981981981982000041, 0.0107326310508358280
0.2007007007007000077, 0.0106952390627444473
0.2032032032032000113, 0.0106656480545982597
0.2057057057056999871, 0.0106437359168840284
0.2082082082081999908, 0.0106294007759036857
0.2107107107106999944, 0.0106225603599621517
0.2132132132131999980, 0.0106231514755089317
0.2157157157157000016, 0.0106311295879922552
0.2182182182182000052, 0.0106464685031910714
0.2207207207207000088, 0.0106691601457335732
0.2232232232232000124, 0.0106992144324053497
0.2257257257256999883, 0.0107366592387079657
0.2282282282281999919, 0.0107815404579620425
0.2307307307306999955, 0.0108339221530689873
0.2332332332331999991, 0.0108938868018637440
0.2357357357357000027, 0.0109615356378181053
0.2382382382382000063, 0.0110369890887017305
0.2407407407407000099, 0.0111203873166871962
0.2432432432432000136, 0.0112118908643088384
0.2457457457456999894, 0.0113116814116647826
0.2482482482481999930, 0.0114199626513026842
0.2507507507508000000, 0.0115369612883658886
0.2532532532533000036, 0.0116629281748171377
0.2557557557558000072, 0.0117981395879176859
0.2582582582583000108, 0.0119428986646455230
0.2607607607608000144, 0.0120975370054085037
0.2632632632633000180, 0.0122624164622764254
0.2657657657658000216, 0.0124379311290518779
0.2682682682683000253, 0.0126245095528592730
0.2707707707707999734, 0.0128226171895986368
0.2732732732732999770, 0.0130327591286344933
0.2757757757757999806, 0.0132554831155283336
0.2782782782782999842, 0.0134913829055449876
0.2807807807807999878, 0.0137411019851457848
0.2832832832832999914, 0.0140053377038218754
0.2857857857857999950, 0.0142848458645270359
0.2882882882882999986, 0.0145804458277730576
0.2907907907908000023, 0.0148930261923092416
0.2932932932933000059, 0.0152235511244017407
0.2957957957958000095, 0.0155730674182836190
0.2982982982983000131, 0.0159427123826233128
0.3008008008008000167, 0.0163337226621745740
0.3033033033033000203, 0.0167474441205092243
0.3058058058058000239, 0.0171853429293486494
0.3083083083083000275, 0.0176490180330650358
0.3108108108107999756, 0.0181402151840878954
0.3133133133132999792, 0.0186608427770517948
0.3158158158157999829, 0.0192129897475646766
0.3183183183182999865, 0.0197989458466910802
0.3208208208207999901, 0.0204212246561558883
0.3233233233232999937, 0.0210825897737523006
0.3258258258257999973, 0.0217860846758084967
0.3283283283283000009, 0.0225350668567309946
0.3308308308308000045, 0.0233332469582068144
0.3333333333333000081, 0.0241847337371663695
0.3358358358358000118, 0.0250940858877973724
0.3383383383383000154, 0.0260663719360197249
0.3408408408408000190, 0.0271072396741086560
0.3433433433433000226, 0.0282229969103875052
0.3458458458458000262, 0.0294207056892900991
0.3483483483482999743, 0.0307082926102133363
0.3508508508509000090, 0.0320946784649504685
0.3533533533534000126, 0.0335899311564419462
0.3558558558559000162, 0.0352054467999435988
0.3583583583584000198, 0.0369541650995650894
0.3608608608609000235, 0.0388508266158377052
0.3633633633634000271, 0.0409122814974320487
0.3658658658658999752, 0.0431578617828592345
0.3683683683683999788, 0.0456098326774534713
0.3708708708708999824, 0.0482939425403885181
0.3733733733733999860, 0.0512400970407998063
0.3758758758758999896, 0.0544831905718636753
0.3783783783783999932, 0.0580641382682751533
0.3808808808808999968, 0.0620311658856643397
0.3833833833834000004, 0.0664414338562227674
0.3858858858859000041, 0.0713630982029255789
0.3883883883884000077, 0.0768779478829398760
0.3908908908909000113, 0.0830848103443302816
0.3933933933934000149, 0.0901039919203541484
0.3958958958959000185, 0.0980831284170628342
0.3983983983984000221, 0.1072049815385904825
0.4009009009009000257, 0.1176979568408390853
0.4034034034033999738, 0.1298504845952379583
0.4059059059058999774, 0.1440309725164346799
0.4084084084083999810, 0.1607159383279120612
0.4109109109108999847, 0.1805303863485407390
0.4134134134133999883, 0.2043069098752546275
0.4159159159158999919, 0.2331741260024798590
0.4184184184183999955, 0.2686923050298200555
0.4209209209208999991, 0.3130672626520202839
0.4234234234234000027, 0.3694985667635458104
0.4259259259259000063, 0.4427675024177097352
0.4284284284284000099, 0.5402729528448962926
0.4309309309309000136, 0.6739498946933186740
0.4334334334334000172, 0.8640406166974137214
0.4359359359359000208, 1.1470628648335181587
0.4384384384384000244, 1.5942151716237107362
0.4409409409408999725, 2.3589418842907483587
0.4434434434433999761, 3.8188563236930876954
0.4459459459458999797, 7.0833095758721205115
0.4484484484483999833, 16.1443898957761398094
0.4509509509510000180, 41.3318581066091255138
0.4534534534535000216, 35.7681267227734878134
0.4559559559560000253, 13.6557311674480033048
0.4584584584584999734, 6.2506155365924476186
0.4609609609609999770, 3.4701064395657792438
0.4634634634634999806, 2.1846743472854925905
0.4659659659659999842, 1.4957331923135321894
0.4684684684684999878, 1.0862892190269590742
0.4709709709709999914, 0.8240021787330514824
0.4734734734734999950, 0.6462106368009739032
0.4759759759759999986, 0.5202728148992049606
0.4784784784785000022, 0.4278724268048759161
0.4809809809810000059, 0.3581031586214921125
0.4834834834835000095, 0.3041488351904137466
0.4859859859860000131, 0.2615747878398462789
0.4884884884885000167, 0.2273962969203467133
0.4909909909910000203, 0.1995454853521918537
0.4934934934935000239, 0.1765533737324278263
0.4959959959960000275, 0.1573533846142654291
0.4984984984984999756, 0.1411560792240078577
0.5010010010009999792, 0.1273670973929343642
0.5035035035035000384, 0.1155320863253339325
0.5060060060059999865, 0.1052989373595064476
0.5085085085085000456, 0.0963913858270859514
0.5110110110109999937, 0.0885902301189629288
0.5135135135135000528, 0.0817197580019902448
0.5160160160160000009, 0.0756377939999787197
0.5185185185184999490, 0.0702283049806793069
0.5210210210210000081, 0.0653958394564369827
0.5235235235234999562, 0.0610612989295685540
0.5260260260260000154, 0.0571586888416094202
0.5285285285284999635, 0.0536325981904233612
0.5310310310310000226, 0.0504362269218971704
0.5335335335334999707, 0.0475298291841847048
0.5360360360360000298, 0.0448794752127805660
0.5385385385384999779, 0.0424560594551962947
0.5410410410410000370, 0.0402345005300640268
0.5435435435434999851, 0.0381930917711066145
0.5460460460460000442, 0.0363129708209229268
0.5485485485484999924, 0.0345776839775210204
0.5510510510510999715, 0.0329728264350149583
0.5535535535536000307, 0.0314857436789832967
0.5560560560560999788, 0.0301052824403152015
0.5585585585586000379, 0.0288215820272887703
0.5610610610610999860, 0.0276258987250592725
0.5635635635636000451, 0.0265104574076298963
0.5660660660660999932, 0.0254683256481638698
0.5685685685686000523, 0.0244933065125914826
0.5710710710711000004, 0.0235798469340172331
0.5735735735735999485, 0.0227229591331413842
0.5760760760761000077, 0.0219181530045145026
0.5785785785785999558, 0.0211613777542410085
0.5810810810811000149, 0.0204489713704534594
0.5835835835835999630, 0.0197776167479875586
0.5860860860861000221, 0.0191443034844821502
0.5885885885885999702, 0.0185462945254423889
0.5910910910911000293, 0.0179810969675821240
0.5935935935935999774, 0.0174464364384931472
0.5960960960961000366, 0.0169402345607310330
0.5985985985985999847, 0.0164605890832329044
0.6011011011011000438, 0.0160057563253737725
0.6036036036035999919, 0.0155741356311596586
0.6061061061061000510, 0.0151642555748530868
0.6086086086085999991, 0.0147747616961901342
0.6111111111110999472, 0.0144044055744673750
0.6136136136136000063, 0.0140520350771209043
0.6161161161160999544, 0.0137165856407818840
0.6186186186186000135, 0.0133970724618261358
0.6211211211210999616, 0.0130925834896759123
0.6236236236236000208, 0.0128022731300046991
0.6261261261260999689, 0.0125253565769083176
0.6286286286286000280, 0.0122611047033442527
0.6311311311310999761, 0.0120088394479607452
0.6336336336336000352, 0.0117679296440516140
0.6361361361360999833, 0.0115377872429600226
0.6386386386386000424, 0.0113178638899656663
0.6411411411410999905, 0.0111076478156510693
0.6436436436436000497, 0.0109066610100607801
0.6461461461460999978, 0.0107144566507333585
0.6486486486485999459, 0.0105306167589758384
0.6511511511512000361, 0.0103547500616303391
0.6536536536536999842, 0.0101864900381073362
0.6561561561562000433, 0.0100254931346778157
0.6586586586586999914, 0.0098714371299675682
0.6611611611612000505, 0.0097240196373163269
0.6636636636636999986, 0.0095829567311817975
0.6661661661661999467, 0.0094479816861102791
0.6686686686687000059, 0.0093188438179830323
0.6711711711711999540, 0.0091953074183007966
0.6736736736737000131, 0.0090771507732038265
0.6761761761761999612, 0.0089641652597562023
0.6786786786787000203, 0.0088561545127637704
0.6811811811811999684, 0.0087529336560550498
0.6836836836837000275, 0.0086543285927440407
0.6861861861861999756, 0.0085601753495209848
0.6886886886887000347, 0.0084703194704886763
0.6911911911911999828, 0.0083846154564852452
0.6936936936937000420, 0.0083029262462136870
0.6961961961961999901, 0.0082251227358396111
0.6986986986987000492, 0.0081510833340257896
0.7012012012011999973, 0.0080806935496484360
0.7037037037036999454, 0.0080138456096898562
0.7062062062062000045, 0.0079504381050272202
0.7087087087086999526, 0.0078903756620411596
0.7112112112112000117, 0.0078335686381522801
0.7137137137136999598, 0.0077799328395610802
0.7162162162162000190, 0.0077293892596185425
0.7187187187186999671, 0.0076818638363928219
0.7212212212212000262, 0.0076372872281231553
0.7237237237236999743, 0.0075955946053666568
0.7262262262262000334, 0.0075567254587483911
0.7287287287286999815, 0.0075206234213208017
0.7312312312312000406, 0.0074872361046262204
0.7337337337336999887, 0.0074565149476367217
0.7362362362362000479, 0.0074284150778195614
0.7387387387386999960, 0.0074028951836446208
0.7412412412412000551, 0.0073799173979133149
0.7437437437437000032, 0.0073594471913466866
0.7462462462461999513, 0.0073414532759245917
0.7487487487487000104, 0.0073259075175182691
0.7512512512512999896, 0.0073127848574056475
0.7537537537538000487, 0.0073020632423029131
0.7562562562562999968, 0.0072937235625873164
0.7587587587587999449, 0.0072877495984254460
0.7612612612613000040, 0.0072841279735583802
0.7637637637637999521, 0.0072828481165305992
0.7662662662663000113, 0.0072839022291835004
0.7687687687687999594, 0.0072872852622671760
0.7712712712713000185, 0.0072929948980557041
0.7737737737737999666, 0.0073010315398822946
0.7762762762763000257, 0.0073113983085408485
0.7787787787787999738, 0.0073241010455305008
0.7812812812813000329, 0.0073391483231495230
0.7837837837837999810, 0.0073565514614746929
0.7862862862863000402, 0.0073763245522922936
0.7887887887887999883, 0.0073984844900773410
0.7912912912913000474, 0.0074230510101486310
0.7937937937937999955, 0.0074500467341591329
0.7962962962963000546, 0.0074794972231141512
0.7987987987988000027, 0.0075114310381438638
0.8013013013012999508, 0.0075458798092925966
0.8038038038038000099, 0.0075828783126246461
0.8063063063062999580, 0.0076224645559859958
0.8088088088088000172, 0.0076646798738031459
0.8113113113112999653, 0.0077095690313447483
0.8138138138138000244, 0.0077571803389192588
0.8163163163162999725, 0.0078075657765326661
0.8188188188188000316, 0.0078607811295849511
0.8213213213212999797, 0.0079168861362427616
0.8238238238238000388, 0.0079759446471893650
0.8263263263262999869, 0.0080380247985215609
0.8288288288288000460, 0.0081031991986379830
0.8313313313312999941, 0.0081715451300442034
0.8338338338338000533, 0.0082431447670883347
0.8363363363363000014, 0.0083180854107372370
0.8388388388387999495, 0.0083964597416086063
0.8413413413413000086, 0.0084783660925896245
0.8438438438437999567, 0.0085639087424988075
0.8463463463463000158, 0.0086531982323867877
0.8488488488487999639, 0.0087463517062237820
0.8513513513514000541, 0.0088434932778893929
0.8538538538539000022, 0.0089447544265654454
0.8563563563563999503, 0.0090502744228360826
0.8588588588589000095, 0.0091602007880254264
0.8613613613613999576, 0.0092746897895519542
0.8638638638639000167, 0.0093939069753551617
0.8663663663663999648, 0.0095180277507567138
0.8688688688689000239, 0.0096472380014576871
0.8713713713713999720, 0.0097817347667526165
0.8738738738739000311, 0.0099217269674612800
0.8763763763763999792, 0.0100674361935486397
0.8788788788789000384, 0.0102190975569269923
0.8813813813813999865, 0.0103769606155189511
0.8838838838839000456, 0.0105412903753151176
0.8863863863863999937, 0.0107123683778929321
0.8888888888889000528, 0.0108904938816861349
0.8913913913914000009, 0.0110759851462187472
0.8938938938938999490, 0.0112691808295560143
0.8963963963964000081, 0.0114704415103973993
0.8988988988988999562, 0.0116801513475569066
0.9014014014014000153, 0.0118987198910694807
0.9039039039038999634, 0.0121265840608521143
0.9064064064064000226, 0.0123642103107621457
0.9089089089088999707, 0.0126120969980704350
0.9114114114114000298, 0.0128707769808379703
0.9139139139138999779, 0.0131408204685001303
0.9164164164164000370, 0.0134228381541756786
0.9189189189188999851, 0.0137174846608880546
0.9214214214214000442, 0.0140254623380921453
0.9239239239238999923, 0.0143475254497219262
0.9264264264264000515, 0.0146844848005184252
0.9289289289288999996, 0.0150372128537827991
0.9314314314313999477, 0.0154066494010657758
0.9339339339339000068, 0.0157938078528274649
0.9364364364363999549, 0.0161997822289745852
0.9389389389389000140, 0.0166257549396519946
0.9414414414413999621, 0.0170730054600179947
0.9439439439439000212, 0.0175429200183108737
0.9464464464463999693, 0.0180370024347402957
0.9489489489489000285, 0.0185568862701051239
0.9514514514515000076, 0.0191043484681637163
0.9539539539539999558, 0.0196813247053991974
0.9564564564565000149, 0.0202899266968278001
0.9589589589589999630, 0.0209324617479999635
0.9614614614615000221, 0.0216114548926808689
0.9639639639639999702, 0.0223296740145376080
0.9664664664665000293, 0.0230901584215542008
0.9689689689689999774, 0.0238962514263816039
0.9714714714715000365, 0.0247516375875896019
0.9739739739739999846, 0.0256603853897659911
0.9764764764765000438, 0.0266269962895927803
0.9789789789789999919, 0.0276564612366877530
0.9814814814815000510, 0.0287543260000726053
0.9839839839839999991, 0.0299267669037500128
0.9864864864864999472, 0.0311806789109625587
0.9889889889890000063, 0.0325237784129269597
0.9914914914914999544, 0.0339647235957022328
0.9939939939940000135, 0.0355132559063300185
0.9964964964964999616, 0.0371803669531005354
0.9989989989990000208, 0.0389784962028787568
1.0015015015019999023, 0.0409217661446950182
1.0040040040039999170, 0.0430262632583059967
1.0065065065070000205, 0.0453103752734337478
1.0090090090090000352, 0.0477951979844792735
1.0115115115119999167, 0.0505050285074968922
1.0140140140139999314, 0.0534679666210339105
1.0165165165170000350, 0.0567166521221920128
1.0190190190190000497, 0.0602891745169616827
1.0215215215219999312, 0.0642302026454085323
1.0240240240239999459, 0.0685923971545028405
1.0265265265270000494, 0.0734381897161761749
1.0290290290290000641, 0.0788420419445361731
1.0315315315319999456, 0.0848933376434371778
1.0340340340339999603, 0.0917001196353198766
1.0365365365370000639, 0.0993939650775781253
1.0390390390390000785, 0.1081364133620154322
1.0415415415419999601, 0.1181275380376951289
1.0440440440439999747, 0.1296175200550574447
1.0465465465470000783, 0.1429224850862510499
1.0490490490490000930, 0.1584464977220659543
1.0515515515519999745, 0.1767126046322919364
1.0540540540539999892, 0.1984074397326794914
1.0565565565570000928, 0.2244465998064145984
1.0590590590590001074, 0.2560726060640809987
1.0615615615619999890, 0.2950053868643606192
1.0640640640640000036, 0.3436800289532003783
1.0665665665670001072, 0.4056346378553272736
1.0690690690689998998, 0.4861668488833379431
1.0715715715720000034, 0.5934937543308593799
1.0740740740740000181, 0.7409073562591124151
1.0765765765769998996, 0.9510286977791893026
1.0790790790789999143, 1.2648407915789903200
1.0815815815820000179, 1.7626822113344309262
1.0840840840840000325, 2.6189272245887793567
1.0865865865869999141, 4.2667860684718714737
1.0890890890889999287, 7.9948517068246589545
1.0915915915920000323, 18.4845419849334504647
1.0940940940940000470, 46.4884356834316179174
1.0965965965969999285, 36.5555867627510480133
1.0990990990989999432, 13.9615992601808294182
1.1016016016020000468, 6.4827294184363646323
1.1041041041040000614, 3.6346932695516604994
1.1066066066069999430, 2.3038850942203268346
1.1091091091089999576, 1.5853686694946724778
1.1116116116120000612, 1.1561377427031735987
1.1141141141140000759, 0.8801462562454319682
1.1166166166169999574, 0.6925500944511687740
1.1191191191189999721, 0.5593979893380596202
1.1216216216220000756, 0.4615621654815816877
1.1241241241240000903, 0.3876161661745594067
1.1266266266269999718, 0.3303997460003268438
1.1291291291289999865, 0.2852440906512144214
1.1316316316320000901, 0.2490010803351149771
1.1341341341340001048, 0.2194862484129083136
1.1366366366369999863, 0.1951457863879605403
1.1391391391390000010, 0.1748503316565517274
1.1416416416420001045, 0.1577632790992105072
1.1441441441439998972, 0.1432543794181894425
1.1466466466470000007, 0.1308416764251933428
1.1491491491490000154, 0.1201516461688834775
1.1516516516519998969, 0.1108913027574834759
1.1541541541539999116, 0.1028283385355078100
1.1566566566570000152, 0.0957767620038191825
1.1591591591590000299, 0.0895863634343637555
1.1616616616619999114, 0.0841348880415300066
1.1641641641639999261, 0.0793221525723305093
1.1666666666670000296, 0.0750655759020667085
1.1691691691690000443, 0.0712967516203335261
1.1716716716719999258, 0.0679587978059409403
1.1741741741739999405, 0.0650042933001796219
1.1766766766770000441, 0.0623936617362748983
1.1791791791790000588, 0.0600939014924246756
1.1816816816819999403, 0.0580775863181470786
1.1841841841839999550, 0.0563220808032180234
1.1866866866870000585, 0.0548089292743049461
1.1891891891890000732, 0.0535233876151981619
1.1916916916919999547, 0.0524540759747831944
1.1941941941939999694, 0.0515927371275601843
1.1966966966970000730, 0.0509340909737999170
1.1991991991990000876, 0.0504757807869105901
1.2017017017019999692, 0.0502184117549104095
1.2042042042039999838, 0.0501656875353257981
1.2067067067070000874, 0.0503246564065887997
1.2092092092090001021, 0.0507060857157731401
1.2117117117119999836, 0.0513249924369148028
1.2142142142139999983, 0.0522013698088276135
1.2167167167170001019, 0.0533611667322653610
1.2192192192189998945, 0.0548376001394052653
1.2217217217219999981, 0.0566729143668943461
1.2242242242240000127, 0.0589207510661592312
1.2267267267269998943, 0.0616493669540640887
1.2292292292289999089, 0.0649460486617007282
1.2317317317320000125, 0.0689232471309064315
1.2342342342340000272, 0.0737272274917117332
1.2367367367369999087, 0.0795504719490772172
1.2392392392389999234, 0.0866498039136983228
1.2417417417420000270, 0.0953734438448986810
1.2442442442440000416, 0.1062023836215443551
1.2467467467469999232, 0.1198154098508708021
1.2492492492489999378, 0.1371945295235911522
1.2517517517520000414, 0.1598021418873404043
1.2542542542540000561, 0.1898914409295319461
1.2567567567569999376, 0.2310774935084458082
1.2592592592589999523, 0.2894509034522297908
1.2617617617620000559, 0.3759080464915736663
1.2642642642640000705, 0.5114687095933994065
1.2667667667669999521, 0.7408084553309453035
1.2692692692689999667, 1.1718452576555724587
1.2717717717720000703, 2.1139391510626186488
1.2742742742740000850, 4.6564183285743450114
1.2767767767769999665, 12.1270719132708357790
1.2792792792789999812, 12.7843692367803249965
1.2817817817820000847, 4.9481629100893504969
1.2842842842840000994, 2.2119548441832277419
1.2867867867869999809, 1.2133806982873225344
1.2892892892889999956, 0.7620969591994724013
1.2917917917920000992, 0.5240785993886381000
1.2942942942939998918, 0.3843104589746004218
1.2967967967969999954, 0.2956462362285347534
1.2992992992990000101, 0.2360676075835508037
1.3018018018019998916, 0.1942260179676305598
1.3043043043039999063, 0.1638074391388347484
1.3068068068070000098, 0.1410788142199844719
1.3093093093090000245, 0.1237215277731307517
1.3118118118119999060, 0.1102357747630452467
1.3143143143139999207, 0.0996179845573923195
1.3168168168170000243, 0.0911772844665892229
1.3193193193190000390, 0.0844266054659270904
1.3218218218219999205, 0.0790157135973729718
1.3243243243239999352, 0.0746887328234249886
1.3268268268270000387, 0.0712564767399667953
1.3293293293290000534, 0.0685780143270330600
1.3318318318319999349, 0.0665481572973399271
1.3343343343339999496, 0.0650888462352089137
1.3368368368370000532, 0.0641431711761564077
1.3393393393390000679, 0.0636712215516314767
1.3418418418419999494, 0.0636472466277115956
1.3443443443439999641, 0.0640577914845248814
1.3468468468470000676, 0.0649005962297104222
1.3493493493490000823, 0.0661841321442907804
1.3518518518519999638, 0.0679277133328668736
1.3543543543539999785, 0.0701621767057737378
1.3568568568570000821, 0.0729311747867280591
1.3593593593590000967, 0.0762931821919245884
1.3618618618619999783, 0.0803243856678971246
1.3643643643639999929, 0.0851227196677902254
1.3668668668670000965, 0.0908134395554924811
1.3693693693689998891, 0.0975568157508851785
1.3718718718719999927, 0.1055588216435029425
1.3743743743740000074, 0.1150861376506202710
1.3768768768770001110, 0.1264875088035981587
1.3793793793789999036, 0.1402246587211174733
1.3818818818820000072, 0.1569179129760812641
1.3843843843840000218, 0.1774150427360758342
1.3868868868869999034, 0.2028978078825082465
1.3893893893889999180, 0.2350516714880127034
1.3918918918920000216, 0.2763452365467342076
1.3943943943940000363, 0.3305082788522918369
1.3968968968969999178, 0.4033868573258413970
1.3993993993989999325, 0.5045558101769599402
1.4019019019020000361, 0.6505579791767754916
1.4044044044040000507, 0.8719327536443177706
1.4069069069069999323, 1.2299999787471815882
1.4094094094089999469, 1.8621129660078850065
1.4119119119120000505, 3.1242211943345790104
1.4144144144140000652, 6.1340505732295875774
1.4169169169169999467, 15.0521105726954154136
1.4194194194189999614, 32.6275971576089958148
1.4219219219220000650, 17.9265319971913754671
1.4244244244240000796, 7.0537108661055150094
1.4269269269269999612, 3.4677394356870867576
1.4294294294289999758, 2.0193305267462440256
1.4319319319320000794, 1.3126954658895444439
1.4344344344340000941, 0.9195420212821983075
1.4369369369369999756, 0.6795154839454125018
1.4394394394389999903, 0.5226197060089774471
1.4419419419420000938, 0.4145821686975658671
1.4444444444440001085, 0.3370811251109626649
1.4469469469469999900, 0.2796224928961226763
1.4494494494490000047, 0.2358527967777465095
1.4519519519520001083, 0.2017462919326922233
1.4544544544539999009, 0.1746533555987516695
1.4569569569570000045, 0.1527730383844186079
1.4594594594590000192, 0.1348469649647814073
1.4619619619619999007, 0.1199745678937828158
1.4644644644639999154, 0.1074977000783972347
1.4669669669670000189, 0.0969264004489517605
1.4694694694690000336, 0.0878898680065394178
1.4719719719719999151, 0.0801033222849195925
1.4744744744739999298, 0.0733451319249812800
1.4769769769770000334, 0.0674407320847737884
1.4794794794790000481, 0.0622511229119313350
1.4819819819819999296, 0.0576645169796386678
1.4844844844839999443, 0.0535901880107266457
1.4869869869870000478, 0.0499538822629713580
1.4894894894890000625, 0.0466943549864579435
1.4919919919919999440, 0.0437607274931372942
1.4944944944939999587, 0.0411104499964711698
1.4969969969970000623, 0.0387077166270579573
1.4994994994990000770, 0.0365222214802969070
1.5020020020019999585, 0.0345281743594465021
1.5045045045050000621, 0.0327035160626030913
1.5070070070070000767, 0.0310292882906008580
1.5095095095099999583, 0.0294891243160358800
1.5120120120119999729, 0.0280688346710096549
1.5145145145150000765, 0.0267560681229923568
1.5170170170170000912, 0.0255400326998712034
1.5195195195199999727, 0.0244112649090418923
1.5220220220219999874, 0.0233614378646410624
1.5245245245250000909, 0.0223832010022305058
1.5270270270270001056, 0.0214700455740520282
1.5295295295299999871, 0.0206161912918344514
1.5320320320320000018, 0.0198164904001551512
1.5345345345350001054, 0.0190663461825141198
1.5370370370369998980, 0.0183616434700897661
1.5395395395400000016, 0.0176986891739453339
1.5420420420420000163, 0.0170741612212184923
1.5445445445449998978, 0.0164850645643667831
1.5470470470469999125, 0.0159286931650856681
1.5495495495500000160, 0.0154025970427642492
1.5520520520520000307, 0.0149045536304223507
1.5545545545549999122, 0.0144325428060689646
1.5570570570569999269, 0.0139847250698941980
1.5595595595600000305, 0.0135594224220565128
1.5620620620620000452, 0.0131551015654985878
1.5645645645649999267, 0.0127703591159953125
1.5670670670669999414, 0.0124039085496989859
1.5695695695700000449, 0.0120545686585602652
1.5720720720720000596, 0.0117212533176035919
1.5745745745749999411, 0.0114029623962522159
1.5770770770769999558, 0.0110987736696764091
1.5795795795800000594, 0.0108078356062302240
1.5820820820820000741, 0.0105293609240631643
1.5845845845849999556, 0.0102626208244611522
1.5870870870869999703, 0.0100069398217900174
1.5895895895900000738, 0.0097616911004388997
1.5920920920920000885, 0.0095262923381711669
1.5945945945949999700, 0.0093002019430195905
1.5970970970969999847, 0.0090829156575160316
1.5995995996000000883, 0.0088739634897768219
1.6021021021020001029, 0.0086729069359194368
1.6046046046049999845, 0.0084793364625753726
1.6071071071069999991, 0.0082928692219832092
1.6096096096100001027, 0.0081131469753826548
1.6121121121119998953, 0.0079398342032460274
1.6146146146149999989, 0.0077726163833430582
1.6171171171170000136, 0.0076111984197840682
1.6196196196199998951, 0.0074553032080692397
1.6221221221219999098, 0.0073046703228233263
1.6246246246250000134, 0.0071590548163467053
1.6271271271270000280, 0.0070182261173914757
1.6296296296299999096, 0.0068819670206980077
1.6321321321319999242, 0.0067500727588223446
1.6346346346350000278, 0.0066223501486648122
1.6371371371370000425, 0.0064986168058897885
1.6396396396399999240, 0.0063787004211180416
1.6421421421419999387, 0.0062624380923873681
1.6446446446450000423, 0.0061496757089237073
1.6471471471470000569, 0.0060402673817517554
1.6496496496499999385, 0.0059340749171082705
1.6521521521519999531, 0.0058309673290091605
1.6546546546550000567, 0.0057308203876681755
1.6571571571570000714, 0.0056335162007756841
1.6596596596599999529, 0.0055389428249243327
1.6621621621619999676, 0.0054469939047183148
1.6646646646650000712, 0.0053575683373275201
1.6671671671670000858, 0.0052705699604498179
1.6696696696699999674, 0.0051859072618266923
1.6721721721719999820, 0.0051034931086214770
1.6746746746750000856, 0.0050232444951174623
1.6771771771770001003, 0.0049450823073269755
1.6796796796799999818, 0.0048689311032234645
1.6821821821819999965, 0.0047947189074182212
1.6846846846850001000, 0.0047223770192025925
1.6871871871869998927, 0.0046518398329666432
1.6896896896899999962, 0.0045830446700869526
1.6921921921920000109, 0.0045159316214505914
1.6946946946949998924, 0.0044504433998498964
1.6971971971969999071, 0.0043865252015442436
1.6996996997000000107, 0.0043241245763410881
1.7022022022020000254, 0.0042631913055997377
1.7047047047049999069, 0.0042036772876079950
1.7072072072069999216, 0.0041455364298245119
1.7097097097100000251, 0.0040887245475186790
1.7122122122120000398, 0.0040331992683756328
1.7147147147149999213, 0.0039789199426665924
1.7172172172169999360, 0.0039258475586147765
1.7197197197200000396, 0.0038739446626146010
1.7222222222220000543, 0.0038231752839871114
1.7247247247249999358, 0.0037735048639777643
1.7272272272269999505, 0.0037249001887240192
1.7297297297300000540, 0.0036773293259397583
1.7322322322320000687, 0.0036307615650816366
1.7347347347349999502, 0.0035851673607790735
1.7372372372369999649, 0.0035405182793249077
1.7397397397400000685, 0.0034967869480379116
1.7422422422420000832, 0.0034539470073213655
1.7447447447449999647, 0.0034119730652539667
1.7472472472469999794, 0.0033708406545605142
1.7497497497500000829, 0.0033305261918200402
1.7522522522520000976, 0.0032910069387786568
1.7547547547549999791, 0.0032522609656432098
1.7572572572569999938, 0.0032142671162399550
1.7597597597600000974, 0.0031770049749301225
1.7622622622619998900, 0.0031404548351812076
1.7647647647649999936, 0.0031045976696994137
1.7672672672670000082, 0.0030694151020346731
1.7697697697699998898, 0.0030348893795753441
1.7722722722719999044, 0.0030010033478549136
1.7747747747750000080, 0.0029677404260978774
1.7772772772770000227, 0.0029350845839365381
1.7797797797799999042, 0.0029030203192346640
1.7822822822819999189, 0.0028715326369578719
1.7847847847850000225, 0.0028406070290342917
1.7872872872870000371, 0.0028102294551524500
1.7897897897899999187, 0.0027803863244465371
1.7922922922919999333, 0.0027510644780221662
1.7947947947950000369, 0.0027222511722785354
1.7972972972970000516, 0.0026939340629854838
1.7997997997999999331, 0.0026661011900763758
1.8023023023019999478, 0.0026387409631200092
1.8048048048050000514, 0.0026118421474368584
1.8073073073070000660, 0.0025853938508269901
1.8098098098099999476, 0.0025593855108787885
1.8123123123119999622, 0.0025338068828294445
1.8148148148150000658, 0.0025086480279497359
1.8173173173170000805, 0.0024838993024271974
1.8198198198199999620, 0.0024595513467232100
1.8223223223219999767, 0.0024355950753808774
1.8248248248250000803, 0.0024120216672618398
1.8273273273270000949, 0.0023888225561913556
1.8298298298299999765, 0.0023659894219921151
1.8323323323319999911, 0.0023435141818882758
1.8348348348350000947, 0.0023213889822622249
1.8373373373370001094, 0.0022996061907474964
1.8398398398399999909, 0.0022781583886421299
1.8423423423420000056, 0.0022570383636276148
1.8448448448450001091, 0.0022362391027792999
1.8473473473469999018, 0.0022157537858549219
1.8498498498500000053, 0.0021955757788485590
1.8523523523520000200, 0.0021756986277979909
1.8548548548549999015, 0.0021561160528340475
1.8573573573569999162, 0.0021368219424611062
1.8598598598600000198, 0.0021178103480584565
1.8623623623620000345, 0.0020990754785927394
1.8648648648649999160, 0.0020806116955322004
1.8673673673669999307, 0.0020624135079538928
1.8698698698700000342, 0.0020444755678354727
1.8723723723720000489, 0.0020267926655235693
1.8748748748749999304, 0.0020093597253711673
1.8773773773769999451, 0.0019921718015367433
1.8798798798800000487, 0.0019752240739383058
1.8823823823820000634, 0.0019585118443557715
1.8848848848849999449, 0.0019420305326754354
1.8873873873869999596, 0.0019257756732706174
1.8898898898900000631, 0.0019097429115127881
1.8923923923920000778, 0.0018939280004078055
1.8948948948949999593, 0.0018783267973520980
1.8973973973969999740, 0.0018629352610038937
1.8998998999000000776, 0.0018477494482648121
1.9024024024020000923, 0.0018327655113673496
1.9049049049049999738, 0.0018179796950639981
1.9074074074069999885, 0.0018033883339139229
1.9099099099100000920, 0.0017889878496633190
1.9124124124120001067, 0.0017747747487157251
1.9149149149149999882, 0.0017607456196887534
1.9174174174170000029, 0.0017468971310538525
1.9199199199200001065, 0.0017332260288558490
1.9224224224219998991, 0.0017197291345091880
1.9249249249250000027, 0.0017064033426678949
1.9274274274270000173, 0.0016932456191664442
1.9299299299299998989, 0.0016802529990287999
1.9324324324319999135, 0.0016674225845430685
1.9349349349350000171, 0.0016547515433992465
1.9374374374370000318, 0.0016422371068877120
1.9399399399399999133, 0.0016298765681561789
1.9424424424419999280, 0.0016176672805229230
1.9449449449450000316, 0.0016056066558442100
1.9474474474470000462, 0.0015936921629339101
1.9499499499499999278, 0.0015819213260333939
1.9524524524519999424, 0.0015702917233298614
1.9549549549550000460, 0.0015588009855213535
1.9574574574570000607, 0.0015474467944267389
1.9599599599599999422, 0.0015362268816390820
1.9624624624619999569, 0.0015251390272208066
1.9649649649650000605, 0.0015141810584391908
1.9674674674670000751, 0.0015033508485407410
1.9699699699699999567, 0.0014926463155630811
1.9724724724719999713, 0.0014820654211830349
1.9749749749750000749, 0.0014716061695996324
1.9774774774770000896, 0.0014612666064508259
1.9799799799799999711, 0.0014510448177627406
1.9824824824819999858, 0.0014409389289303460
1.9849849849850000894, 0.0014309471037284600
1.9874874874870001040, 0.0014210675433520435
1.9899899899899999856, 0.0014112984854848037
1.9924924924920000002, 0.0014016382033951338
1.9949949949950001038, 0.0013920850050584623
1.9974974974969998964, 0.0013826372323051429
2.0000000000000000000, 0.0013732932599930098
