# k1_lab: [1, 0, 0]
# k2_lab: [-0.8660254037844387, 0.49999999999999994, 0.0]
# k1_cf: [-0.24184476264797528, -0.24184476264797528, 0.9396926207859084]
# k2_cf: [0.5416752204197018, 0.5416752204197018, -0.6427876096865395]
# pol1_lab: [(0, 1, 0), (0, 0, 1)]
# pol2_lab: [array([-0.5      , -0.8660254,  0.       ]), array([0., 0., 1.])]
# pol1_cf: [array([0.66446302, 0.66446302, 0.34202014]), array([-0.70710678,  0.70710678,  0.        ])]
# pol2_cf: [array([-0.45451948, -0.45451948, -0.76604444]), array([-0.70710678,  0.70710678,  0.        ])]
# cf: [array([-0.24184476,  0.66446302, -0.70710678]), array([-0.24184476,  0.66446302,  0.70710678]), array([0.93969262, 0.34202014, 0.        ])]
# th: 20
-0.5000000000000000000, 0.0014656785977789895
-0.4974974974974999964, 0.0014775745700427124
-0.4949949949949999928, 0.0014896341275172846
-0.4924924924924999892, 0.0015018604531434549
-0.4899899899899999856, 0.0015142568095927534
-0.4874874874874999819, 0.0015268265417035310
-0.4849849849849999783, 0.0015395730790047520
-0.4824824824824999747, 0.0015524999383311664
-0.4799799799800000266, 0.0015656107265336894
-0.4774774774775000230, 0.0015789091432889630
-0.4749749749750000194, 0.0015923989840122962
-0.4724724724725000158, 0.0016060841428783500
-0.4699699699700000122, 0.0016199686159541729
-0.4674674674675000086, 0.0016340565044493840
-0.4649649649650000049, 0.0016483520180885581
-0.4624624624625000013, 0.0016628594786111043
-0.4599599599599999977, 0.0016775833234041891
-0.4574574574574999941, 0.0016925281092745211
-0.4549549549549999905, 0.0017076985163651209
-0.4524524524524999869, 0.0017230993522234974
-0.4499499499499000077, 0.0017387355560279480
-0.4474474474474000041, 0.0017546122029790971
-0.4449449449449000005, 0.0017707345088640819
-0.4424424424423999969, 0.0017871078348012208
-0.4399399399398999932, 0.0018037376921733799
-0.4374374374373999896, 0.0018206297477586740
-0.4349349349348999860, 0.0018377898290676080
-0.4324324324323999824, 0.0018552239298962119
-0.4299299299298999788, 0.0018729382161052394
-0.4274274274273999752, 0.0018909390316360435
-0.4249249249249000271, 0.0019092329047742684
-0.4224224224224000235, 0.0019278265546731370
-0.4199199199199000199, 0.0019467268981487170
-0.4174174174174000163, 0.0019659410567602264
-0.4149149149149000126, 0.0019854763641891492
-0.4124124124124000090, 0.0020053403739316890
-0.4099099099099000054, 0.0020255408673198879
-0.4074074074074000018, 0.0020460858618875748
-0.4049049049048999982, 0.0020669836200982328
-0.4024024024023999946, 0.0020882426584528067
-0.3998998998998999910, 0.0021098717569965108
-0.3973973973973999874, 0.0021318799692447666
-0.3948948948948999838, 0.0021542766325495614
-0.3923923923923999801, 0.0021770713789287244
-0.3898898898898999765, 0.0022002741463819529
-0.3873873873873999729, 0.0022238951907187720
-0.3848848848849000248, 0.0022479450979251223
-0.3823823823824000212, 0.0022724347970968107
-0.3798798798799000176, 0.0022973755739697935
-0.3773773773774000140, 0.0023227790850789700
-0.3748748748749000104, 0.0023486573725791746
-0.3723723723724000068, 0.0023750228797640022
-0.3698698698699000031, 0.0024018884673203526
-0.3673673673673999995, 0.0024292674303588568
-0.3648648648648999959, 0.0024571735162628675
-0.3623623623623999923, 0.0024856209434013414
-0.3598598598598999887, 0.0025146244207537795
-0.3573573573573999851, 0.0025441991684984674
-0.3548548548548999815, 0.0025743609396184581
-0.3523523523523999779, 0.0026051260425833281
-0.3498498498497999987, 0.0026365113651683576
-0.3473473473472999951, 0.0026685343994769222
-0.3448448448447999914, 0.0027012132682361009
-0.3423423423422999878, 0.0027345667524401682
-0.3398398398397999842, 0.0027686143204215937
-0.3373373373372999806, 0.0028033761584345170
-0.3348348348347999770, 0.0028388732028413540
-0.3323323323322999734, 0.0028751271739994311
-0.3298298298298000253, 0.0029121606119511070
-0.3273273273273000217, 0.0029499969140280215
-0.3248248248248000181, 0.0029886603744878346
-0.3223223223223000145, 0.0030281762263100224
-0.3198198198198000108, 0.0030685706852863733
-0.3173173173173000072, 0.0031098709965513751
-0.3148148148148000036, 0.0031521054837081509
-0.3123123123123000000, 0.0031953036007169259
-0.3098098098097999964, 0.0032394959867250305
-0.3073073073072999928, 0.0032847145240308020
-0.3048048048047999892, 0.0033309923993879026
-0.3023023023022999856, 0.0033783641688719798
-0.2997997997997999819, 0.0034268658265484888
-0.2972972972972999783, 0.0034765348771984414
-0.2947947947947999747, 0.0035274104133787357
-0.2922922922923000266, 0.0035795331971150055
-0.2897897897898000230, 0.0036329457465481708
-0.2872872872873000194, 0.0036876924278812402
-0.2847847847848000158, 0.0037438195530003415
-0.2822822822823000122, 0.0038013754831739072
-0.2797797797798000086, 0.0038604107392667493
-0.2772772772773000050, 0.0039209781189410760
-0.2747747747748000013, 0.0039831328213557182
-0.2722722722722999977, 0.0040469325799170099
-0.2697697697697999941, 0.0041124378036812622
-0.2672672672672999905, 0.0041797117280596577
-0.2647647647647999869, 0.0042488205755317971
-0.2622622622622999833, 0.0043198337271351545
-0.2597597597597999797, 0.0043928239055645441
-0.2572572572572999761, 0.0044678673707889156
-0.2547547547547999724, 0.0045450441291735415
-0.2522522522523000243, 0.0046244381571841266
-0.2497497497496999896, 0.0047061376408469692
-0.2472472472472000138, 0.0047902352322467551
-0.2447447447447000102, 0.0048768283244620056
-0.2422422422422000066, 0.0049660193464690291
-0.2397397397397000030, 0.0050579160796897036
-0.2372372372371999993, 0.0051526319980181763
-0.2347347347346999957, 0.0052502866333386557
-0.2322322322321999921, 0.0053510059687423440
-0.2297297297296999885, 0.0054549228618693164
-0.2272272272272000126, 0.0055621775010426516
-0.2247247247247000090, 0.0056729178971308891
-0.2222222222222000054, 0.0057873004143739366
-0.2197197197197000018, 0.0059054903437408789
-0.2172172172171999982, 0.0060276625227601091
-0.2147147147146999946, 0.0061540020061776890
-0.2122122122121999910, 0.0062847047922646275
-0.2097097097096999874, 0.0064199786101142705
-0.2072072072072000115, 0.0065600437738547873
-0.2047047047047000079, 0.0067051341103571728
-0.2022022022022000043, 0.0068554979677562834
-0.1996996996997000007, 0.0070113993129323560
-0.1971971971971999971, 0.0071731189270363383
-0.1946946946946999935, 0.0073409557091992095
-0.1921921921921999898, 0.0075152280997607115
-0.1896896896896999862, 0.0076962756357067969
-0.1871871871872000104, 0.0078844606525410622
-0.1846846846847000068, 0.0080801701485606926
-0.1821821821822000032, 0.0082838178294940713
-0.1796796796796999995, 0.0084958463537219489
-0.1771771771771999959, 0.0087167298008910560
-0.1746746746746999923, 0.0089469763896885927
-0.1721721721721999887, 0.0091871314739388303
-0.1696696696697000128, 0.0094377808500793678
-0.1671671671672000092, 0.0096995544135579093
-0.1646646646647000056, 0.0099731302068599217
-0.1621621621622000020, 0.0102592389078498478
-0.1596596596596999984, 0.0105586688140235398
-0.1571571571571999948, 0.0108722713862931947
-0.1546546546546999912, 0.0112009674252575298
-0.1521521521521999876, 0.0115457539637859492
-0.1496496496496000084, 0.0119077119724552392
-0.1471471471471000048, 0.0122880149892622848
-0.1446446446446000011, 0.0126879388025174060
-0.1421421421420999975, 0.0131088723364041690
-0.1396396396395999939, 0.0135523299129886136
-0.1371371371370999903, 0.0140199650932282954
-0.1346346346345999867, 0.0145135863336858153
-0.1321321321321000108, 0.0150351747363278651
-0.1296296296296000072, 0.0155869042173835855
-0.1271271271271000036, 0.0161711644794718876
-0.1246246246246000000, 0.0167905872412384347
-0.1221221221220999964, 0.0174480762632441555
-0.1196196196196000067, 0.0181468418111823751
-0.1171171171171000031, 0.0188904403218962159
-0.1146146146145999994, 0.0196828201894665746
-0.1121121121120999958, 0.0205283747746344142
-0.1096096096096000061, 0.0214320039696755046
-0.1071071071071000025, 0.0223991859336763605
-0.1046046046045999989, 0.0234360609643114379
-0.1021021021020999953, 0.0245495299102848133
-0.0995995995996000055, 0.0257473700778371659
-0.0970970970971000019, 0.0270383722769634849
-0.0945945945945900063, 0.0284325035302766954
-0.0920920920920900027, 0.0299411010856824450
-0.0895895895895899991, 0.0315771048080122074
-0.0870870870870899955, 0.0333553368753896767
-0.0845845845845799998, 0.0352928401104747463
-0.0820820820820799962, 0.0374092894226371736
-0.0795795795795800065, 0.0397274949840389566
-0.0770770770770800029, 0.0422740212722532427
-0.0745745745745699934, 0.0450799534935163171
-0.0720720720720700037, 0.0481818528777080146
-0.0695695695695700000, 0.0516229559486413719
-0.0670670670670699964, 0.0554546916325784206
-0.0645645645645600008, 0.0597386161973598381
-0.0620620620620599972, 0.0645489028271748616
-0.0595595595595600005, 0.0699755751393754677
-0.0570570570570599969, 0.0761287498156288100
-0.0545545545545500013, 0.0831442647093180442
-0.0520520520520499977, 0.0911912342603089510
-0.0495495495495500010, 0.1004823244058860865
-0.0470470470470499974, 0.1112879248539508509
-0.0445445445445400018, 0.1239560025140516442
-0.0420420420420399982, 0.1389403925702555054
-0.0395395395395400015, 0.1568418825842212427
-0.0370370370370399979, 0.1784691431468572453
-0.0345345345345300023, 0.2049312464609612527
-0.0320320320320299987, 0.2377819295264547717
-0.0295295295295299985, 0.2792514313050805663
-0.0270270270270299984, 0.3326321677400547738
-0.0245245245245199993, 0.4029465063192606000
-0.0220220220220199991, 0.4981583884363921522
-0.0195195195195199990, 0.6314971973312549780
-0.0170170170170199989, 0.8262229574683004341
-0.0145145145145099998, 1.1262315308670414193
-0.0120120120120099996, 1.6222006752800961493
-0.0095095095095099995, 2.5250259994420627407
-0.0070070070070070000, 4.4094998226908241890
-0.0045045045045049997, 9.1939504553069735238
-0.0020020020020019998, 23.7850028257077390492
0.0005005005005005000, 37.5326329436531977990
0.0030030030030029999, 15.9808035942348993785
0.0055055055055059999, 6.6746925703549404574
0.0080080080080079993, 3.4682275133434981029
0.0105105105105099995, 2.0918851874442543348
0.0130130130130099997, 1.3911406428368269239
0.0155155155155200005, 0.9895222614336854905
0.0180180180180199989, 0.7390248390290323766
0.0205205205205199991, 0.5726480354336525025
0.0230230230230199992, 0.4566685093737838930
0.0255255255255299983, 0.3726667855196165169
0.0280280280280299984, 0.3099105041019056261
0.0305305305305299986, 0.2618105744487478903
0.0330330330330299987, 0.2241433195678435020
0.0355355355355400013, 0.1941015933974820640
0.0380380380380399979, 0.1697614356555521842
0.0405405405405400016, 0.1497688403612550956
0.0430430430430399982, 0.1331487325057574000
0.0455455455455500008, 0.1191846011023630358
0.0480480480480499975, 0.1073404504586690511
0.0505505505505500011, 0.0972088952486036967
0.0530530530530499977, 0.0884758566145263520
0.0555555555555600003, 0.0808960610711197681
0.0580580580580599970, 0.0742757253180472976
0.0605605605605600006, 0.0684601167838434499
0.0630630630630600042, 0.0633244824606115503
0.0655655655655699998, 0.0587673430980026543
0.0680680680680700034, 0.0547054735503808703
0.0705705705705699932, 0.0510701017716799904
0.0730730730730699968, 0.0478039998248034198
0.0755755755755800063, 0.0448592355278718546
0.0780780780780799960, 0.0421954187305952286
0.0805805805805799996, 0.0397783216960962832
0.0830830830830800032, 0.0375787851139664231
0.0855855855855899988, 0.0355718441257822024
0.0880880880880900025, 0.0337360252246589887
0.0905905905905900061, 0.0320527768980313765
0.0930930930930899958, 0.0305060057173422300
0.0955955955956000053, 0.0290816961380742506
0.0980980980980999950, 0.0277675971865094517
0.1006006006005999986, 0.0265529629192697292
0.1031031031031000023, 0.0254283363644291008
0.1056056056056000059, 0.0243853688165555776
0.1081081081080999956, 0.0234166680278605939
0.1106106106105999992, 0.0225156701348628724
0.1131131131131000028, 0.0216765311740479798
0.1156156156156000064, 0.0208940348374474227
0.1181181181180999962, 0.0201635137497031339
0.1206206206205999998, 0.0194807820496122851
0.1231231231231000034, 0.0188420774598945240
0.1256256256256000070, 0.0182440113507875840
0.1281281281281000106, 0.0176835255628050234
0.1306306306305999865, 0.0171578549645251127
0.1331331331330999901, 0.0166644948926814238
0.1356356356355999937, 0.0162011727619463738
0.1381381381380999973, 0.0157658232468077530
0.1406406406406000009, 0.0153565665326970691
0.1431431431431000045, 0.0149716892118927757
0.1456456456456000081, 0.0146096274647578156
0.1481481481481000118, 0.0142689522210323362
0.1506506506506999910, 0.0139483560411562853
0.1531531531531999946, 0.0136466414955299046
0.1556556556556999982, 0.0133627108515145011
0.1581581581582000018, 0.0130955569048744197
0.1606606606607000054, 0.0128442548151115350
0.1631631631632000090, 0.0126079548234403552
0.1656656656657000126, 0.0123858757485642915
0.1681681681681999885, 0.0121772991694104500
0.1706706706706999921, 0.0119815642159478847
0.1731731731731999957, 0.0117980628994742154
0.1756756756756999993, 0.0116262359225725760
0.1781781781782000029, 0.0114655689165379000
0.1806806806807000065, 0.0113155890606336240
0.1831831831832000101, 0.0111758620432216901
0.1856856856857000138, 0.0110459893297414798
0.1881881881881999896, 0.0109256057068063406
0.1906906906906999932, 0.0108143770754327555
0.1931931931931999968, 0.0107119984696954183
0.1956956956957000004, 0.0106181922799787679
0.1981981981982000041, 0.0105327066625280526
0.2007007007007000077, 0.0104553141192405483
0.2032032032032000113, 0.0103858102336205314
0.2057057057056999871, 0.0103240125505872932
0.2082082082081999908, 0.0102697595894038728
0.2107107107106999944, 0.0102229099804128122
0.2132132132131999980, 0.0101833417175475859
0.2157157157157000016, 0.0101509515197545693
0.2182182182182000052, 0.0101256542955298276
0.2207207207207000088, 0.0101073827057623564
0.2232232232232000124, 0.0100960868209969742
0.2257257257256999883, 0.0100917338700978933
0.2282282282281999919, 0.0100943080781210441
0.2307307307306999955, 0.0101038105920008732
0.2332332332331999991, 0.0101202594934363191
0.2357357357357000027, 0.0101436898991317560
0.2382382382382000063, 0.0101741541493223474
0.2407407407407000099, 0.0102117220862995954
0.2432432432432000136, 0.0102564814254633187
0.2457457457456999894, 0.0103085382222711068
0.2482482482481999930, 0.0103680174393484068
0.2507507507508000000, 0.0104350636189735595
0.2532532532533000036, 0.0105098416671774303
0.2557557557558000072, 0.0105925377568108041
0.2582582582583000108, 0.0106833603581534455
0.2607607607608000144, 0.0107825414069845759
0.2632632632633000180, 0.0108903376215284259
0.2657657657658000216, 0.0110070319813560351
0.2682682682683000253, 0.0111329353831934631
0.2707707707707999734, 0.0112683884906925220
0.2732732732732999770, 0.0114137637975999830
0.2757757757757999806, 0.0115694679264618794
0.2782782782782999842, 0.0117359441880736451
0.2807807807807999878, 0.0119136754303959830
0.2832832832832999914, 0.0121031872096748205
0.2857857857857999950, 0.0123050513211169742
0.2882882882882999986, 0.0125198897317833086
0.2907907907908000023, 0.0127483789644901591
0.2932932932933000059, 0.0129912549886001469
0.2957957957958000095, 0.0132493186818089421
0.2982982982983000131, 0.0135234419365984904
0.3008008008008000167, 0.0138145744961776246
0.3033033033033000203, 0.0141237516177645291
0.3058058058058000239, 0.0144521026763378795
0.3083083083083000275, 0.0148008608399313561
0.3108108108107999756, 0.0151713739686918803
0.3133133133132999792, 0.0155651169149078616
0.3158158158157999829, 0.0159837054308231974
0.3183183183182999865, 0.0164289119262431491
0.3208208208207999901, 0.0169026833598947060
0.3233233233232999937, 0.0174071615986826703
0.3258258258257999973, 0.0179447066391943341
0.3283283283283000009, 0.0185179231583046944
0.3308308308308000045, 0.0191296909473314646
0.3333333333333000081, 0.0197831998904254847
0.3358358358358000118, 0.0204819902772068949
0.3383383383383000154, 0.0212299993977188226
0.3408408408408000190, 0.0220316155617500814
0.3433433433433000226, 0.0228917409236578176
0.3458458458458000262, 0.0238158647898167215
0.3483483483482999743, 0.0248101494539866990
0.3508508508509000090, 0.0258815310660712415
0.3533533533534000126, 0.0270378386178687924
0.3558558558559000162, 0.0282879348596164204
0.3583583583584000198, 0.0296418838885736738
0.3608608608609000235, 0.0311111513358019454
0.3633633633634000271, 0.0327088446005077416
0.3658658658658999752, 0.0344500025521671735
0.3683683683683999788, 0.0363519466881530307
0.3708708708708999824, 0.0384347091035800725
0.3733733733733999860, 0.0407215570845053249
0.3758758758758999896, 0.0432396400727876190
0.3783783783783999932, 0.0460207927321459459
0.3808808808808999968, 0.0491025386715352036
0.3833833833834000004, 0.0525293542103038164
0.3858858858859000041, 0.0563542720881338027
0.3883883883884000077, 0.0606409337275754384
0.3908908908909000113, 0.0654662392873009841
0.3933933933934000149, 0.0709238029816145615
0.3958958958959000185, 0.0771285057518616146
0.3983983983984000221, 0.0842225621051249373
0.4009009009009000257, 0.0923837047293101510
0.4034034034033999738, 0.1018363750586846056
0.4059059059058999774, 0.1128672496241782952
0.4084084084083999810, 0.1258471316015021546
0.4109109109108999847, 0.1412623701293061196
0.4134134134133999883, 0.1597608512357373001
0.4159159159158999919, 0.1822208140044277447
0.4184184184183999955, 0.2098563915371248478
0.4209209209208999991, 0.2443840526438230687
0.4234234234234000027, 0.2882935613828851995
0.4259259259259000063, 0.3453055060738260407
0.4284284284284000099, 0.4211773773013396394
0.4309309309309000136, 0.5251964583044956836
0.4334334334334000172, 0.6731144249642362354
0.4359359359359000208, 0.8933478132752847856
0.4384384384384000244, 1.2413002541259021694
0.4409409409408999725, 1.8363755301872166648
0.4434434434433999761, 2.9724160673744837169
0.4459459459458999797, 5.5126711139124537908
0.4484484484483999833, 12.5636118601739816825
0.4509509509510000180, 32.1634134054913687351
0.4534534534535000216, 27.8339555941049283661
0.4559559559560000253, 10.6270399564776099055
0.4584584584584999734, 4.8646963998410033270
0.4609609609609999770, 2.7010226226699352026
0.4634634634634999806, 1.7007534928099450333
0.4659659659659999842, 1.1646480221580355341
0.4684684684684999878, 0.8460353180511431814
0.4709709709709999914, 0.6419338963211055349
0.4734734734734999950, 0.5035833257785941042
0.4759759759759999986, 0.4055831792498920674
0.4784784784785000022, 0.3336805107484325239
0.4809809809810000059, 0.2793884957418685255
0.4834834834835000095, 0.2374030795953107065
0.4859859859860000131, 0.2042733935217311281
0.4884884884885000167, 0.1776768566726568965
0.4909909909910000203, 0.1560043356501841783
0.4934934934935000239, 0.1381127334805174467
0.4959959959960000275, 0.1231720851042216597
0.4984984984984999756, 0.1105680828823273065
0.5010010010009999792, 0.0998382209841425922
0.5035035035035000384, 0.0906289413253338755
0.5060060060059999865, 0.0826662478409314061
0.5085085085085000456, 0.0757351630322225383
0.5110110110109999937, 0.0696651134521916321
0.5135135135135000528, 0.0643193672493435620
0.5160160160160000009, 0.0595872894678765377
0.5185185185184999490, 0.0553785880336368497
0.5210210210210000081, 0.0516189866571297451
0.5235235235234999562, 0.0482469342764117390
0.5260260260260000154, 0.0452110767855650325
0.5285285285284999635, 0.0424682957811598760
0.5310310310310000226, 0.0399821735633429098
0.5335335335334999707, 0.0377217817432861369
0.5360360360360000298, 0.0356607177954579371
0.5385385385384999779, 0.0337763332229806118
0.5410410410410000370, 0.0320491110003091884
0.5435435435434999851, 0.0304621601945994844
0.5460460460460000442, 0.0290008032265465440
0.5485485485484999924, 0.0276522368637614618
0.5510510510510999715, 0.0264052522717490926
0.5535535535536000307, 0.0252500026528403691
0.5560560560560999788, 0.0241778094494367185
0.5585585585586000379, 0.0231809999678869519
0.5610610610610999860, 0.0222527707340300918
0.5635635635636000451, 0.0213870720243518365
0.5660660660660999932, 0.0205785099044136846
0.5685685685686000523, 0.0198222628058501785
0.5710710710711000004, 0.0191140102277067951
0.5735735735735999485, 0.0184498715896581969
0.5760760760761000077, 0.0178263536183996645
0.5785785785785999558, 0.0172403049331527128
0.5810810810811000149, 0.0166888767263310804
0.5835835835835999630, 0.0161694886222556594
0.5860860860861000221, 0.0156797989491653314
0.5885885885885999702, 0.0152176787845202093
0.5910910910911000293, 0.0147811892361377553
0.5935935935935999774, 0.0143685615063126153
0.5960960960961000366, 0.0139781793561377793
0.5985985985985999847, 0.0136085636454708753
0.6011011011011000438, 0.0132583586725398255
0.6036036036035999919, 0.0129263200777952579
0.6061061061061000510, 0.0126113041106984194
0.6086086086085999991, 0.0123122580868190255
0.6111111111110999472, 0.0120282118868334092
0.6136136136136000063, 0.0117582703695125641
0.6161161161160999544, 0.0115016065881916856
0.6186186186186000135, 0.0112574557150232520
0.6211211211210999616, 0.0110251095899536068
0.6236236236236000208, 0.0108039118221739533
0.6261261261260999689, 0.0105932533810663525
0.6286286286286000280, 0.0103925686216328091
0.6311311311310999761, 0.0102013316962587010
0.6336336336336000352, 0.0100190533105870352
0.6361361361360999833, 0.0098452777864062140
0.6386386386386000424, 0.0096795803988983416
0.6411411411410999905, 0.0095215649594557437
0.6436436436436000497, 0.0093708616186339404
0.6461461461460999978, 0.0092271248667397266
0.6486486486485999459, 0.0090900317121135818
0.6511511511512000361, 0.0089592800194065667
0.6536536536536999842, 0.0088345869921169252
0.6561561561562000433, 0.0087156877853774746
0.6586586586586999914, 0.0086023342365035005
0.6611611611612000505, 0.0084942937021486899
0.6636636636636999986, 0.0083913479920980135
0.6661661661661999467, 0.0082932923907705416
0.6686686686687000059, 0.0081999347584294814
0.6711711711711999540, 0.0081110947049166347
0.6736736736737000131, 0.0080266028294562995
0.6761761761761999612, 0.0079463000207209630
0.6786786786787000203, 0.0078700368119276696
0.6811811811811999684, 0.0077976727862479750
0.6836836836837000275, 0.0077290760282735533
0.6861861861861999756, 0.0076641226176899771
0.6886886886887000347, 0.0076026961616788343
0.6911911911911999828, 0.0075446873628978988
0.6936936936937000420, 0.0074899936201849263
0.6961961961961999901, 0.0074385186593966743
0.6986986986987000492, 0.0073901721920341321
0.7012012012011999973, 0.0073448695995207286
0.7037037037036999454, 0.0073025316411950685
0.7062062062062000045, 0.0072630841842557040
0.7087087087086999526, 0.0072264579540547219
0.7112112112112000117, 0.0071925883032812497
0.7137137137136999598, 0.0071614149987069926
0.7162162162162000190, 0.0071328820242848442
0.7187187187186999671, 0.0071069373995000743
0.7212212212212000262, 0.0070835330119723011
0.7237237237236999743, 0.0070626244633966552
0.7262262262262000334, 0.0070441709279951154
0.7287287287286999815, 0.0070281350227245970
0.7312312312312000406, 0.0070144826885578651
0.7337337337336999887, 0.0070031830822173090
0.7362362362362000479, 0.0069942084778006047
0.7387387387386999960, 0.0069875341777919410
0.7412412412412000551, 0.0069831384330030308
0.7437437437437000032, 0.0069810023710353969
0.7462462462461999513, 0.0069811099328992762
0.7487487487487000104, 0.0069834478174658540
0.7512512512512999896, 0.0069880054334682442
0.7537537537538000487, 0.0069947748588033119
0.7562562562562999968, 0.0070037508069212117
0.7587587587587999449, 0.0070149306001227475
0.7612612612613000040, 0.0070283141496163756
0.7637637637637999521, 0.0070439039422174922
0.7662662662663000113, 0.0070617050336023064
0.7687687687687999594, 0.0070817250480577337
0.7712712712713000185, 0.0071039741846972548
0.7737737737737999666, 0.0071284652301409346
0.7762762762763000257, 0.0071552135776858780
0.7787787787787999738, 0.0071842372530215989
0.7812812812813000329, 0.0072155569465731312
0.7837837837837999810, 0.0072491960525835871
0.7862862862863000402, 0.0072851807150773520
0.7887887887887999883, 0.0073235398808753349
0.7912912912913000474, 0.0073643053598650976
0.7937937937937999955, 0.0074075118927611821
0.7962962962963000546, 0.0074531972266250329
0.7987987987988000027, 0.0075014021984496342
0.8013013013012999508, 0.0075521708271516661
0.8038038038038000099, 0.0076055504143539487
0.8063063063062999580, 0.0076615916543833632
0.8088088088088000172, 0.0077203487539547443
0.8113113113112999653, 0.0077818795620597262
0.8138138138138000244, 0.0078462457106315761
0.8163163163162999725, 0.0079135127666130241
0.8188188188188000316, 0.0079837503961145834
0.8213213213212999797, 0.0080570325414162265
0.8238238238238000388, 0.0081334376116360511
0.8263263263262999869, 0.0082130486879665437
0.8288288288288000460, 0.0082959537444626912
0.8313313313312999941, 0.0083822458854573047
0.8338338338338000533, 0.0084720236007784101
0.8363363363363000014, 0.0085653910400523038
0.8388388388387999495, 0.0086624583074947012
0.8413413413413000086, 0.0087633417787230765
0.8438438438437999567, 0.0088681644412659383
0.8463463463463000158, 0.0089770562606024881
0.8488488488487999639, 0.0090901545737387072
0.8513513513514000541, 0.0092076045125165252
0.8538538538539000022, 0.0093295594590630578
0.8563563563563999503, 0.0094561815360182776
0.8588588588589000095, 0.0095876421344366428
0.8613613613613999576, 0.0097241224825414078
0.8638638638639000167, 0.0098658142588249464
0.8663663663663999648, 0.0100129202533374897
0.8688688688689000239, 0.0101656550813934363
0.8713713713713999720, 0.0103242459543559130
0.8738738738739000311, 0.0104889335126392754
0.8763763763763999792, 0.0106599727266040948
0.8788788788789000384, 0.0108376338716159402
0.8813813813813999865, 0.0110222035842054856
0.8838838838839000456, 0.0112139860070143652
0.8863863863863999937, 0.0114133040310464111
0.8888888888889000528, 0.0116205006446819040
0.8913913913914000009, 0.0118359403999665352
0.8938938938938999490, 0.0120600110078709841
0.8963963963964000081, 0.0122931250755537597
0.8988988988988999562, 0.0125357220001654363
0.9014014014014000153, 0.0127882700354353656
0.9039039039038999634, 0.0130512685492088359
0.9064064064064000226, 0.0133252504922850741
0.9089089089088999707, 0.0136107851013869546
0.9114114114114000298, 0.0139084808619109150
0.9139139139138999779, 0.0142189887593165750
0.9164164164164000370, 0.0145430058516794799
0.9189189189188999851, 0.0148812792001160148
0.9214214214214000442, 0.0152346101985860408
0.9239239239238999923, 0.0156038593500778602
0.9264264264264000515, 0.0159899515425029823
0.9289289289288999996, 0.0163938818849100644
0.9314314314313999477, 0.0168167221730287954
0.9339339339339000068, 0.0172596280628739412
0.9364364364363999549, 0.0177238470423998901
0.9389389389389000140, 0.0182107273042768428
0.9414414414413999621, 0.0187217276380882702
0.9439439439439000212, 0.0192584284780150695
0.9464464464463999693, 0.0198225442628590723
0.9489489489489000285, 0.0204159372896277891
0.9514514514515000076, 0.0210406332705565455
0.9539539539539999558, 0.0216988388372214847
0.9564564564565000149, 0.0223929612753202834
0.9589589589589999630, 0.0231256308210296656
0.9614614614615000221, 0.0238997259061174763
0.9639639639639999702, 0.0247184018060944422
0.9664664664665000293, 0.0255851232259747818
0.9689689689689999774, 0.0265037014545712740
0.9714714714715000365, 0.0274783368343070253
0.9739739739739999846, 0.0285136674337839006
0.9764764764765000438, 0.0296148249804922895
0.9789789789789999919, 0.0307874993182295498
0.9814814814815000510, 0.0320380129070693964
0.9839839839839999991, 0.0333734071946507407
0.9864864864864999472, 0.0348015430708677673
0.9889889889890000063, 0.0363312180927454209
0.9914914914914999544, 0.0379723037569141067
0.9939939939940000135, 0.0397359068355525730
0.9964964964964999616, 0.0416345597197179673
0.9989989989990000208, 0.0436824458865174847
1.0015015015019999023, 0.0458956680963892721
1.0040040040039999170, 0.0482925688308433049
1.0065065065070000205, 0.0508941149296901832
1.0090090090090000352, 0.0537243615563658405
1.0115115115119999167, 0.0568110147508776864
1.0140140140139999314, 0.0601861172528193739
1.0165165165170000350, 0.0638868894504331514
1.0190190190190000497, 0.0679567668779575973
1.0215215215219999312, 0.0724466885502077773
1.0240240240239999459, 0.0774167078870879599
1.0265265265270000494, 0.0829380219141318126
1.0290290290290000641, 0.0890955475642652289
1.0315315315319999456, 0.0959912202988786045
1.0340340340339999603, 0.1037482559822531791
1.0365365365370000639, 0.1125167112127681557
1.0390390390390000785, 0.1224808143916258085
1.0415415415419999601, 0.1338687420735849842
1.0440440440439999747, 0.1469658183578749777
1.0465465465470000783, 0.1621325775060178942
1.0490490490490000930, 0.1798298485475269826
1.0515515515519999745, 0.2006541603323941381
1.0540540540539999892, 0.2253886142090961997
1.0565565565570000928, 0.2550774456477143959
1.0590590590590001074, 0.2911377505066974902
1.0615615615619999890, 0.3355311122990398687
1.0640640640640000036, 0.3910347602288169466
1.0665665665670001072, 0.4616839284817710887
1.0690690690689998998, 0.5535206147086876305
1.0715715715720000034, 0.6759164905985194371
1.0740740740740000181, 0.8440312211260795339
1.0765765765769998996, 1.0836643513696069263
1.0790790790789999143, 1.4415574679407310299
1.0815815815820000179, 2.0093376374931941619
1.0840840840840000325, 2.9858807430769642721
1.0865865865869999141, 4.8652681421872774337
1.0890890890889999287, 9.1171552790273757694
1.0915915915920000323, 21.0807543902218554877
1.0940940940940000470, 53.0195083905326995932
1.0965965965969999285, 41.6909590827781997291
1.0990990990989999432, 15.9222313081103692411
1.1016016016020000468, 7.3924726428081140028
1.1041041041040000614, 4.1442335344232361649
1.1066066066069999430, 2.6264099055588854270
1.1091091091089999576, 1.8069112747869495728
1.1116116116120000612, 1.3173451489768766010
1.1141141141140000759, 1.0025493378242851250
1.1166166166169999574, 0.7885683009616344386
1.1191191191189999721, 0.6366801502938667090
1.1216216216220000756, 0.5250693605435408085
1.1241241241240000903, 0.4407038455002784683
1.1266266266269999718, 0.3754171769313473517
1.1291291291289999865, 0.3238844262268536500
1.1316316316320000901, 0.2825150271627457910
1.1341341341340001048, 0.2488174628669418131
1.1366366366369999863, 0.2210194801938727416
1.1391391391390000010, 0.1978329012206496151
1.1416416416420001045, 0.1783034299338010498
1.1441441441439998972, 0.1617121088359032011
1.1466466466470000007, 0.1475090962883688350
1.1491491491490000154, 0.1352682030697018034
1.1516516516519998969, 0.1246550768617497029
1.1541541541539999116, 0.1154045497455024605
1.1566566566570000152, 0.1073042556277712389
1.1591591591590000299, 0.1001826128359991769
1.1616616616619999114, 0.0938998942877315168
1.1641641641639999261, 0.0883415136512337995
1.1666666666670000296, 0.0834129236044166555
1.1691691691690000443, 0.0790357017948035145
1.1716716716719999258, 0.0751445223583953048
1.1741741741739999405, 0.0716847953504915064
1.1766766766770000441, 0.0686108156529789681
1.1791791791790000588, 0.0658843049727600438
1.1816816816819999403, 0.0634732608058825865
1.1841841841839999550, 0.0613510483170931209
1.1866866866870000585, 0.0594956874326732083
1.1891891891890000732, 0.0578892997684912203
1.1916916916919999547, 0.0565176895184336253
1.1941941941939999694, 0.0553700399830039519
1.1966966966970000730, 0.0544387136799072274
1.1991991991990000876, 0.0537191494692999122
1.2017017017019999692, 0.0532098552949021308
1.2042042042039999838, 0.0529125004171925595
1.2067067067070000874, 0.0528321168568579996
1.2092092092090001021, 0.0529774267265221768
1.2117117117119999836, 0.0533613209251196929
1.2142142142139999983, 0.0540015262983543215
1.2167167167170001019, 0.0549215142710789139
1.2192192192189998945, 0.0561517262799625799
1.2217217217219999981, 0.0577312233533772423
1.2242242242240000127, 0.0597099140034614631
1.2267267267269998943, 0.0621515843224160272
1.2292292292289999089, 0.0651380599598384569
1.2317317317320000125, 0.0687749932751092474
1.2342342342340000272, 0.0732000272979837219
1.2367367367369999087, 0.0785945052500789804
1.2392392392389999234, 0.0852005845677709650
1.2417417417420000270, 0.0933467877004338087
1.2442442442440000416, 0.1034870775814081961
1.2467467467469999232, 0.1162622704946476571
1.2492492492489999378, 0.1325996102607822080
1.2517517517520000414, 0.1538801087001557544
1.2542542542540000561, 0.1822317257451431249
1.2567567567569999376, 0.2210687639168079921
1.2592592592589999523, 0.2761437478685331293
1.2617617617620000559, 0.3577483830592635417
1.2642642642640000705, 0.4857361862508742800
1.2667667667669999521, 0.7023041114382192474
1.2692692692689999667, 1.1093830298286075919
1.2717717717720000703, 1.9991704514181360963
1.2742742742740000850, 4.4005616256029904676
1.2767767767769999665, 11.4567292453476561320
1.2792792792789999812, 12.0775296031159840027
1.2817817817820000847, 4.6760251066759765948
1.2842842842840000994, 2.0915884785648435340
1.2867867867869999809, 1.1483898585827048144
1.2892892892889999956, 0.7221226373460385428
1.2917917917920000992, 0.4972925715167423877
1.2942942942939998918, 0.3652652517758459005
1.2967967967969999954, 0.2815099713161255401
1.2992992992990000101, 0.2252299905157175985
1.3018018018019998916, 0.1857064293856021120
1.3043043043039999063, 0.1569756549274488044
1.3068068068070000098, 0.1355118440537261826
1.3093093093090000245, 0.1191251718975469553
1.3118118118119999060, 0.1063992276170831475
1.3143143143139999207, 0.0963863374628632086
1.3168168168170000243, 0.0884342145154383003
1.3193193193190000390, 0.0820831104462055733
1.3218218218219999205, 0.0770025679744422431
1.3243243243239999352, 0.0729513071888341358
1.3268268268270000387, 0.0697511005455815625
1.3293293293290000534, 0.0672693713009915317
1.3318318318319999349, 0.0654073870860281681
1.3343343343339999496, 0.0640921385204522992
1.3368368368370000532, 0.0632707092786305714
1.3393393393390000679, 0.0629063779901510300
1.3418418418419999494, 0.0629759629182788938
1.3443443443439999641, 0.0634680943858668412
1.3468468468470000676, 0.0643822161812123012
1.3493493493490000823, 0.0657281989821041496
1.3518518518519999638, 0.0675265108967825489
1.3543543543539999785, 0.0698089425575851713
1.3568568568570000821, 0.0726199345349401032
1.3593593593590000967, 0.0760186102429431104
1.3618618618619999783, 0.0800816858531445963
1.3643643643639999929, 0.0849075202909094495
1.3668668668670000965, 0.0906216980572299852
1.3693693693689998891, 0.0973847284374587674
1.3718718718719999927, 0.1054027337457007635
1.3743743743740000074, 0.1149424482830632144
1.3768768768770001110, 0.1263525639807901169
1.3793793793789999036, 0.1400946230951897742
1.3818818818820000072, 0.1567886067324252564
1.3843843843840000218, 0.1772817229180062570
1.3868868868869999034, 0.2027548610760686321
1.3893893893889999180, 0.2348921629626234409
1.3918918918920000216, 0.2761602209340686120
1.3943943943940000363, 0.3302857009596077975
1.3968968968969999178, 0.4031097179941216524
1.3993993993989999325, 0.5041989445464833963
1.4019019019020000361, 0.6500820459184563083
1.4044044044040000507, 0.8712721709137427606
1.4069069069069999323, 1.2290364035596157422
1.4094094094089999469, 1.8606097939489467663
1.4119119119120000505, 3.1216352580252890725
1.4144144144140000652, 6.1288759519674069765
1.4169169169169999467, 15.0392575685383178552
1.4194194194189999614, 32.5996079812759731453
1.4219219219220000650, 17.9112089639001155206
1.4244244244240000796, 7.0477560511765009466
1.4269269269269999612, 3.4648757376443946043
1.4294294294289999758, 2.0177164066265937947
1.4319319319320000794, 1.3116917234946627868
1.4344344344340000941, 0.9188784026572139885
1.4369369369369999756, 0.6790598812590104005
1.4394394394389999903, 0.5223003221296501630
1.4419419419420000938, 0.4143567438380308943
1.4444444444440001085, 0.3369231957240080844
1.4469469469469999900, 0.2795146478437018356
1.4494494494490000047, 0.2357831095972208746
1.4519519519520001083, 0.2017063147908445819
1.4544544544539999009, 0.1746369330370255435
1.4569569569570000045, 0.1527755754803330757
1.4594594594590000192, 0.1348649592339645209
1.4619619619619999007, 0.1200053004108024707
1.4644644644639999154, 0.1075390260482940175
1.4669669669670000189, 0.0969766037751290388
1.4694694694690000336, 0.0879475581359309561
1.4719719719719999151, 0.0801673596416944689
1.4744744744739999298, 0.0734145730840397859
1.4769769769770000334, 0.0675147888336952579
1.4794794794790000481, 0.0623291312521400825
1.4819819819819999296, 0.0577459133514628964
1.4844844844839999443, 0.0536744908436216778
1.4869869869870000478, 0.0500406775025344502
1.4894894894890000625, 0.0467832846270195418
1.4919919919919999440, 0.0438514804071707121
1.4944944944939999587, 0.0412027545373043064
1.4969969969970000623, 0.0388013346138341639
1.4994994994990000770, 0.0366169432700144820
1.5020020020019999585, 0.0346238147810971411
1.5045045045050000621, 0.0327999110403598831
1.5070070070070000767, 0.0311262920218066952
1.5095095095099999583, 0.0295866068990042579
1.5120120120119999729, 0.0281666800999084699
1.5145145145150000765, 0.0268541725841545328
1.5170170170170000912, 0.0256383031170714197
1.5195195195199999727, 0.0245096176955541464
1.5220220220219999874, 0.0234597978479469671
1.5245245245250000909, 0.0224815004936063725
1.5270270270270001056, 0.0215682235603113781
1.5295295295299999871, 0.0207141927305363217
1.5320320320320000018, 0.0199142656028291343
1.5345345345350001054, 0.0191638502730705554
1.5370370370369998980, 0.0184588359077090952
1.5395395395400000016, 0.0177955333314748186
1.5420420420420000163, 0.0171706240115262303
1.5445445445449998978, 0.0165811161082740285
1.5470470470469999125, 0.0160243064954667946
1.5495495495500000160, 0.0154977478402083327
1.5520520520520000307, 0.0149992199865211125
1.5545545545549999122, 0.0145267050109574546
1.5570570570569999269, 0.0140783654211425607
1.5595595595600000305, 0.0136525250524091243
1.5620620620620000452, 0.0132476522872936771
1.5645645645649999267, 0.0128623452803840500
1.5670670670669999414, 0.0124953189190266517
1.5695695695700000449, 0.0121453932904801686
1.5720720720720000596, 0.0118114834596727246
1.5745745745749999411, 0.0114925903899111160
1.5770770770769999558, 0.0111877928626474797
1.5795795795800000594, 0.0108962402724832839
1.5820820820820000741, 0.0106171461905958022
1.5845845845849999556, 0.0103497826042274269
1.5870870870869999703, 0.0100934747521859471
1.5895895895900000738, 0.0098475964868185526
1.5920920920920000885, 0.0096115661019243910
1.5945945945949999700, 0.0093848425737924571
1.5970970970969999847, 0.0091669221691993812
1.5995995996000000883, 0.0089573353799269114
1.6021021021020001029, 0.0087556441483091253
1.6046046046049999845, 0.0085614393526045884
1.6071071071069999991, 0.0083743385247041866
1.6096096096100001027, 0.0081939837759194313
1.6121121121119998953, 0.0080200399094088569
1.6146146146149999989, 0.0078521927002572472
1.6171171171170000136, 0.0076901473263697121
1.6196196196199998951, 0.0075336269352233535
1.6221221221219999098, 0.0073823713331694109
1.6246246246250000134, 0.0072361357854289054
1.6271271271270000280, 0.0070946899162013730
1.6296296296299999096, 0.0069578166994318773
1.6321321321319999242, 0.0068253115317755755
1.6346346346350000278, 0.0066969813801781046
1.6371371371370000425, 0.0065726439972689666
1.6396396396399999240, 0.0064521271984558544
1.6421421421419999387, 0.0063352681952214942
1.6446446446450000423, 0.0062219129796706116
1.6471471471470000569, 0.0061119157558608209
1.6496496496499999385, 0.0060051384138851424
1.6521521521519999531, 0.0059014500430611683
1.6546546546550000567, 0.0058007264809284646
1.6571571571570000714, 0.0057028498950659617
1.6596596596599999529, 0.0056077083950192320
1.6621621621619999676, 0.0055151956718771759
1.6646646646650000712, 0.0054252106632619156
1.6671671671670000858, 0.0053376572416975491
1.6696696696699999674, 0.0052524439245050930
1.6721721721719999820, 0.0051694836035348383
1.6746746746750000856, 0.0050886932931952546
1.6771771771770001003, 0.0050099938953711304
1.6796796796799999818, 0.0049333099799446153
1.6821821821819999965, 0.0048585695797421311
1.6846846846850001000, 0.0047857039988293522
1.6871871871869998927, 0.0047146476331664210
1.6896896896899999962, 0.0046453378027171716
1.6921921921920000109, 0.0045777145941804627
1.6946946946949998924, 0.0045117207135791761
1.6971971971969999071, 0.0044473013480039467
1.6996996997000000107, 0.0043844040358647553
1.7022022022020000254, 0.0043229785450545431
1.7047047047049999069, 0.0042629767584757387
1.7072072072069999216, 0.0042043525664231633
1.7097097097100000251, 0.0041470617653557550
1.7122122122120000398, 0.0040910619626252365
1.7147147147149999213, 0.0040363124867624891
1.7172172172169999360, 0.0039827743029523487
1.7197197197200000396, 0.0039304099333549846
1.7222222222220000543, 0.0038791833819572285
1.7247247247249999358, 0.0038290600636603782
1.7272272272269999505, 0.0037800067373322806
1.7297297297300000540, 0.0037319914425710775
1.7322322322320000687, 0.0036849834399460112
1.7347347347349999502, 0.0036389531544973159
1.7372372372369999649, 0.0035938721222924931
1.7397397397400000685, 0.0035497129398504128
1.7422422422420000832, 0.0035064492162577105
1.7447447447449999647, 0.0034640555278139589
1.7472472472469999794, 0.0034225073750532662
1.7497497497500000829, 0.0033817811420001976
1.7522522522520000976, 0.0033418540575274589
1.7547547547549999791, 0.0033027041586915972
1.7572572572569999938, 0.0032643102559311143
1.7597597597600000974, 0.0032266519000190147
1.7622622622619998900, 0.0031897093506687646
1.7647647647649999936, 0.0031534635466992128
1.7672672672670000082, 0.0031178960776700468
1.7697697697699998898, 0.0030829891569049903
1.7722722722719999044, 0.0030487255958251747
1.7747747747750000080, 0.0030150887795199928
1.7772772772770000227, 0.0029820626434872389
1.7797797797799999042, 0.0029496316514785880
1.7822822822819999189, 0.0029177807743903691
1.7847847847850000225, 0.0028864954701432605
1.7872872872870000371, 0.0028557616644979385
1.7897897897899999187, 0.0028255657327568981
1.7922922922919999333, 0.0027958944823056357
1.7947947947950000369, 0.0027667351359491697
1.7972972972970000516, 0.0027380753160024425
1.7997997997999999331, 0.0027099030290956066
1.8023023023019999478, 0.0026822066516574289
1.8048048048050000514, 0.0026549749160422044
1.8073073073070000660, 0.0026281968972675235
1.8098098098099999476, 0.0026018620003321140
1.8123123123119999622, 0.0025759599480847379
1.8148148148150000658, 0.0025504807696167002
1.8173173173170000805, 0.0025254147891521379
1.8198198198199999620, 0.0025007526154116159
1.8223223223219999767, 0.0024764851314259665
1.8248248248250000803, 0.0024526034847785244
1.8273273273270000949, 0.0024290990782551555
1.8298298298299999765, 0.0024059635608825224
1.8323323323319999911, 0.0023831888193361511
1.8348348348350000947, 0.0023607669697008060
1.8373373373370001094, 0.0023386903495666205
1.8398398398399999909, 0.0023169515104453134
1.8423423423420000056, 0.0022955432104916321
1.8448448448450001091, 0.0022744584075159451
1.8473473473469999018, 0.0022536902522746409
1.8498498498500000053, 0.0022332320820256670
1.8523523523520000200, 0.0022130774143372025
1.8548548548549999015, 0.0021932199411380609
1.8573573573569999162, 0.0021736535229990115
1.8598598598600000198, 0.0021543721836347306
1.8623623623620000345, 0.0021353701046166310
1.8648648648649999160, 0.0021166416202872914
1.8673673673669999307, 0.0020981812128676651
1.8698698698700000342, 0.0020799835077486930
1.8723723723720000489, 0.0020620432689593404
1.8748748748749999304, 0.0020443553948034840
1.8773773773769999451, 0.0020269149136584183
1.8798798798800000487, 0.0020097169799281273
1.8823823823820000634, 0.0019927568701447627
1.8848848848849999449, 0.0019760299792121174
1.8873873873869999596, 0.0019595318167851443
1.8898898898900000631, 0.0019432580037798733
1.8923923923920000778, 0.0019272042690083326
1.8948948948949999593, 0.0019113664459333331
1.8973973973969999740, 0.0018957404695382220
1.8998998999000000776, 0.0018803223733069186
1.9024024024020000923, 0.0018651082863097783
1.9049049049049999738, 0.0018500944303910236
1.9074074074069999885, 0.0018352771174536780
1.9099099099100000920, 0.0018206527468381207
1.9124124124120001067, 0.0018062178027905540
1.9149149149149999882, 0.0017919688520178401
1.9174174174170000029, 0.0017779025413253240
1.9199199199200001065, 0.0017640155953344110
1.9224224224219998991, 0.0017503048142767925
1.9249249249250000027, 0.0017367670718623752
1.9274274274270000173, 0.0017233993132180845
1.9299299299299998989, 0.0017101985528948237
1.9324324324319999135, 0.0016971618729400035
1.9349349349350000171, 0.0016842864210331755
1.9374374374370000318, 0.0016715694086823745
1.9399399399399999133, 0.0016590081094789112
1.9424424424419999280, 0.0016465998574084345
1.9449449449450000316, 0.0016343420452161785
1.9474474474470000462, 0.0016222321228243921
1.9499499499499999278, 0.0016102675958000411
1.9524524524519999424, 0.0015984460238709444
1.9549549549550000460, 0.0015867650194885865
1.9574574574570000607, 0.0015752222464359088
1.9599599599599999422, 0.0015638154184784794
1.9624624624619999569, 0.0015525422980574620
1.9649649649650000605, 0.0015414006950229191
1.9674674674670000751, 0.0015303884654060021
1.9699699699699999567, 0.0015195035102286585
1.9724724724719999713, 0.0015087437743495444
1.9749749749750000749, 0.0014981072453448614
1.9774774774770000896, 0.0014875919524229174
1.9799799799799999711, 0.0014771959653712364
1.9824824824819999858, 0.0014669173935350881
1.9849849849850000894, 0.0014567543848263650
1.9874874874870001040, 0.0014467051247617740
1.9899899899899999856, 0.0014367678355293350
1.9924924924920000002, 0.0014269407750822291
1.9949949949950001038, 0.0014172222362590855
1.9974974974969998964, 0.0014076105459298049
2.0000000000000000000, 0.0013981040641660751
