# k1_lab: [1, 0, 0]
# k2_lab: [-0.8660254037844387, 0.49999999999999994, 0.0]
# k1_cf: [-0.35355339059327373, -0.35355339059327373, 0.8660254037844387]
# k2_cf: [0.6123724356957945, 0.6123724356957945, -0.5000000000000002]
# pol1_lab: [(0, 1, 0), (0, 0, 1)]
# pol2_lab: [array([-0.5      , -0.8660254,  0.       ]), array([0., 0., 1.])]
# pol1_cf: [array([0.61237244, 0.61237244, 0.5       ]), array([-0.70710678,  0.70710678,  0.        ])]
# pol2_cf: [array([-0.35355339, -0.35355339, -0.8660254 ]), array([-0.70710678,  0.70710678,  0.        ])]
# cf: [array([-0.35355339,  0.61237244, -0.70710678]), array([-0.35355339,  0.61237244,  0.70710678]), array([0.8660254, 0.5      , 0.       ])]
# th: 30
-0.5000000000000000000, 0.0015277594463917710
-0.4974974974974999964, 0.0015405097578642284
-0.4949949949949999928, 0.0015534387995810590
-0.4924924924924999892, 0.0015665500882192877
-0.4899899899899999856, 0.0015798472290838666
-0.4874874874874999819, 0.0015933339188242950
-0.4849849849849999783, 0.0016070139482492586
-0.4824824824824999747, 0.0016208912052433570
-0.4799799799800000266, 0.0016349696777901816
-0.4774774774775000230, 0.0016492534571062086
-0.4749749749750000194, 0.0016637467408901745
-0.4724724724725000158, 0.0016784538366928460
-0.4699699699700000122, 0.0016933791654123028
-0.4674674674675000086, 0.0017085272649201200
-0.4649649649650000049, 0.0017239027938240944
-0.4624624624625000013, 0.0017395105353734319
-0.4599599599599999977, 0.0017553554015125954
-0.4574574574574999941, 0.0017714424370903377
-0.4549549549549999905, 0.0017877768242307490
-0.4524524524524999869, 0.0018043638868735004
-0.4499499499499000077, 0.0018212090954908191
-0.4474474474474000041, 0.0018383180719891120
-0.4449449449449000005, 0.0018556965948035640
-0.4424424424423999969, 0.0018733506041944429
-0.4399399399398999932, 0.0018912862077543175
-0.4374374374373999896, 0.0019095096861358428
-0.4349349349348999860, 0.0019280274990102907
-0.4324324324323999824, 0.0019468462912675165
-0.4299299299298999788, 0.0019659728994686322
-0.4274274274273999752, 0.0019854143585632303
-0.4249249249249000271, 0.0020051779088836571
-0.4224224224224000235, 0.0020252710034294715
-0.4199199199199000199, 0.0020457013154559661
-0.4174174174174000163, 0.0020664767463813502
-0.4149149149149000126, 0.0020876054340279943
-0.4124124124124000090, 0.0021090957612139999
-0.4099099099099000054, 0.0021309563647122181
-0.4074074074074000018, 0.0021531961445948192
-0.4049049049048999982, 0.0021758242739825201
-0.4024024024023999946, 0.0021988502092186212
-0.3998998998998999910, 0.0022222837004891951
-0.3973973973973999874, 0.0022461348029119248
-0.3948948948948999838, 0.0022704138881174066
-0.3923923923923999801, 0.0022951316563481153
-0.3898898898898999765, 0.0023202991491016482
-0.3873873873873999729, 0.0023459277623464649
-0.3848848848849000248, 0.0023720292603399374
-0.3823823823824000212, 0.0023986157900803581
-0.3798798798799000176, 0.0024256998964263645
-0.3773773773774000140, 0.0024532945379192920
-0.3748748748749000104, 0.0024814131033460722
-0.3723723723724000068, 0.0025100694290826056
-0.3698698698699000031, 0.0025392778172599511
-0.3673673673673999995, 0.0025690530547982917
-0.3648648648648999959, 0.0025994104333564132
-0.3623623623623999923, 0.0026303657702474105
-0.3598598598598999887, 0.0026619354303745327
-0.3573573573573999851, 0.0026941363492444569
-0.3548548548548999815, 0.0027269860571189478
-0.3523523523523999779, 0.0027605027043697827
-0.3498498498497999987, 0.0027947050881059702
-0.3473473473472999951, 0.0028296126801468282
-0.3448448448447999914, 0.0028652456564192703
-0.3423423423422999878, 0.0029016249278628302
-0.3398398398397999842, 0.0029387721729315338
-0.3373373373372999806, 0.0029767098717876535
-0.3348348348347999770, 0.0030154613422888250
-0.3323323323322999734, 0.0030550507778769036
-0.3298298298298000253, 0.0030955032874843396
-0.3273273273273000217, 0.0031368449375818808
-0.3248248248248000181, 0.0031791027965000140
-0.3223223223223000145, 0.0032223049811657863
-0.3198198198198000108, 0.0032664807064067768
-0.3173173173173000072, 0.0033116603369846703
-0.3148148148148000036, 0.0033578754425326340
-0.3123123123123000000, 0.0034051588555832806
-0.3098098098097999964, 0.0034535447328876059
-0.3073073073072999928, 0.0035030686202400683
-0.3048048048047999892, 0.0035537675210409389
-0.3023023023022999856, 0.0036056799688442419
-0.2997997997997999819, 0.0036588461041585198
-0.2972972972972999783, 0.0037133077557877404
-0.2947947947947999747, 0.0037691085270219046
-0.2922922922923000266, 0.0038262938870107822
-0.2897897897898000230, 0.0038849112676801246
-0.2872872872873000194, 0.0039450101665782032
-0.2847847847848000158, 0.0040066422560710996
-0.2822822822823000122, 0.0040698614993387970
-0.2797797797798000086, 0.0041347242736607306
-0.2772772772773000050, 0.0042012895015190914
-0.2747747747748000013, 0.0042696187900919521
-0.2722722722722999977, 0.0043397765797555474
-0.2697697697697999941, 0.0044118303022670849
-0.2672672672672999905, 0.0044858505493563404
-0.2647647647647999869, 0.0045619112525163404
-0.2622622622622999833, 0.0046400898748517692
-0.2597597597597999797, 0.0047204676159184212
-0.2572572572572999761, 0.0048031296305690654
-0.2547547547547999724, 0.0048881652629114182
-0.2522522522523000243, 0.0049756682965828702
-0.2497497497496999896, 0.0050657372226559257
-0.2472472472472000138, 0.0051584755266084548
-0.2447447447447000102, 0.0052539919959255161
-0.2422422422422000066, 0.0053524010500457953
-0.2397397397397000030, 0.0054538230945275004
-0.2372372372371999993, 0.0055583849014872368
-0.2347347347346999957, 0.0056662200185636450
-0.2322322322321999921, 0.0057774692088767374
-0.2297297297296999885, 0.0058922809246975301
-0.2272272272272000126, 0.0060108118178129298
-0.2247247247247000090, 0.0061332272898714704
-0.2222222222222000054, 0.0062597020863302743
-0.2197197197197000018, 0.0063904209379965597
-0.2172172172171999982, 0.0065255792545733191
-0.2147147147146999946, 0.0066653838750837368
-0.2122122122121999910, 0.0068100538805690551
-0.2097097097096999874, 0.0069598214750370953
-0.2072072072072000115, 0.0071149329412919142
-0.2047047047047000079, 0.0072756496790086327
-0.2022022022022000043, 0.0074422493332422564
-0.1996996996997000007, 0.0076150270224881788
-0.1971971971971999971, 0.0077942966764593061
-0.1946946946946999935, 0.0079803924949274699
-0.1921921921921999898, 0.0081736705403144018
-0.1896896896896999862, 0.0083745104782326565
-0.1871871871872000104, 0.0085833174818956554
-0.1846846846847000068, 0.0088005243182693246
-0.1821821821822000032, 0.0090265936360607382
-0.1796796796796999995, 0.0092620204781739025
-0.1771771771771999959, 0.0095073350441576311
-0.1746746746746999923, 0.0097631057314826932
-0.1721721721721999887, 0.0100299424882820919
-0.1696696696697000128, 0.0103085005145486658
-0.1671671671672000092, 0.0105994843538016158
-0.1646646646647000056, 0.0109036524230184204
-0.1621621621622000020, 0.0112218220353123253
-0.1596596596596999984, 0.0115548749775741099
-0.1571571571571999948, 0.0119037637142758550
-0.1546546546546999912, 0.0122695182990772457
-0.1521521521521999876, 0.0126532540880462101
-0.1496496496496000084, 0.0130561803625289397
-0.1471471471471000048, 0.0134796099863622593
-0.1446446446446000011, 0.0139249702416837200
-0.1421421421420999975, 0.0143938150106276454
-0.1396396396395999939, 0.0148878384973855742
-0.1371371371370999903, 0.0154088907173031246
-0.1346346346345999867, 0.0159589950179068636
-0.1321321321321000108, 0.0165403679422754385
-0.1296296296296000072, 0.0171554417995488095
-0.1271271271271000036, 0.0178068903725405667
-0.1246246246246000000, 0.0184976582707894847
-0.1221221221220999964, 0.0192309945319507833
-0.1196196196196000067, 0.0200104911889499894
-0.1171171171171000031, 0.0208401276595309437
-0.1146146146145999994, 0.0217243219847059882
-0.1121121121120999958, 0.0226679901507597786
-0.1096096096096000061, 0.0236766149855667761
-0.1071071071071000025, 0.0247563264364956646
-0.1046046046045999989, 0.0259139954301437596
-0.1021021021020999953, 0.0271573440043768669
-0.0995995995996000055, 0.0284950750177962869
-0.0970970970971000019, 0.0299370255164392793
-0.0945945945945900063, 0.0314943488192851104
-0.0920920920920900027, 0.0331797316355400412
-0.0895895895895899991, 0.0350076541314290474
-0.0870870870870899955, 0.0369947029352423115
-0.0845845845845799998, 0.0391599497600905386
-0.0820820820820799962, 0.0415254118443784126
-0.0795795795795800065, 0.0441166150507907862
-0.0770770770770800029, 0.0469632866303814206
-0.0745745745745699934, 0.0501002129188834050
-0.0720720720720700037, 0.0535683083975238838
-0.0695695695695700000, 0.0574159577842257018
-0.0670670670670699964, 0.0617007138144701830
-0.0645645645645600008, 0.0664914626123329910
-0.0620620620620599972, 0.0718712097488718171
-0.0595595595595600005, 0.0779406988388283983
-0.0570570570570599969, 0.0848231594273897438
-0.0545545545545500013, 0.0926706053499754129
-0.0520520520520499977, 0.1016722899230051713
-0.0495495495495500010, 0.1120662044964629567
-0.0470470470470499974, 0.1241549385067902550
-0.0445445445445400018, 0.1383278972584527367
-0.0420420420420399982, 0.1550929621887319199
-0.0395395395395400015, 0.1751224676886675713
-0.0370370370370399979, 0.1993213880042467023
-0.0345345345345300023, 0.2289308738851465463
-0.0320320320320299987, 0.2656896961169833427
-0.0295295295295299985, 0.3120936922456544749
-0.0270270270270299984, 0.3718273717549671620
-0.0245245245245199993, 0.4505112161108257851
-0.0220220220220199991, 0.5570575936080340851
-0.0195195195195199990, 0.7062713774707822800
-0.0170170170170199989, 0.9241826343172995228
-0.0145145145145099998, 1.2599147966431480938
-0.0120120120120099996, 1.8149444632584614823
-0.0095095095095099995, 2.8252828654530550700
-0.0070070070070070000, 4.9341745183473495473
-0.0045045045045049997, 10.2884020499808812588
-0.0020020020020019998, 26.6171025102439173793
0.0005005005005005000, 42.0019372369915799936
0.0030030030030029999, 17.8834887227101688723
0.0055055055055059999, 7.4691048504971675470
0.0080080080080079993, 3.8807756204423382584
0.0105105105105099995, 2.3405189260753433977
0.0130130130130099997, 1.5563170751496810951
0.0155155155155200005, 1.1068643238926689776
0.0180180180180199989, 0.8265294796028196389
0.0205205205205199991, 0.6403331083033011462
0.0230230230230199992, 0.5105357431445526339
0.0255255255255299983, 0.4165243253651927935
0.0280280280280299984, 0.3462883727057447514
0.0305305305305299986, 0.2924540951526363175
0.0330330330330299987, 0.2502948141569918405
0.0355355355355400013, 0.2166690771379777558
0.0380380380380399979, 0.1894237960873136895
0.0405405405405400016, 0.1670437132528733437
0.0430430430430399982, 0.1484376287779834991
0.0455455455455500008, 0.1328036992105616487
0.0480480480480499975, 0.1195420939244584424
0.0505505505505500011, 0.1081969088138848983
0.0530530530530499977, 0.0984166580396362567
0.0555555555555600003, 0.0899268550860112537
0.0580580580580599970, 0.0825106354984611601
0.0605605605605600006, 0.0759948360046619753
0.0630630630630600042, 0.0702398430570195936
0.0655655655655699998, 0.0651320884256419985
0.0680680680680700034, 0.0605784317488066437
0.0705705705705699932, 0.0565019068600404045
0.0730730730730699968, 0.0528384663598086696
0.0755755755755800063, 0.0495344654992635192
0.0780780780780799960, 0.0465446995995220519
0.0805805805805799996, 0.0438308601284668337
0.0830830830830800032, 0.0413603104244130645
0.0855855855855899988, 0.0391051076332945835
0.0880880880880900025, 0.0370412158690191992
0.0905905905905900061, 0.0351478690442455638
0.0930930930930899958, 0.0334070517054277510
0.0955955955956000053, 0.0318030735469273657
0.0980980980980999950, 0.0303222187770284396
0.1006006006005999986, 0.0289524556601418182
0.1031031031031000023, 0.0276831947183831320
0.1056056056056000059, 0.0265050864969333493
0.1081081081080999956, 0.0254098516662694500
0.1106106106105999992, 0.0243901376860666506
0.1131131131131000028, 0.0234393973904130949
0.1156156156156000064, 0.0225517857463855692
0.1181181181180999962, 0.0217220717437786939
0.1206206206205999998, 0.0209455629349212594
0.1231231231231000034, 0.0202180405919839268
0.1256256256256000070, 0.0195357038093739305
0.1281281281281000106, 0.0188951211694684609
0.1306306306305999865, 0.0182931888255434896
0.1331331331330999901, 0.0177270940475646802
0.1356356356355999937, 0.0171942834333115024
0.1381381381380999973, 0.0166924351160064946
0.1406406406406000009, 0.0162194344056613635
0.1431431431431000045, 0.0157733523890430660
0.1456456456456000081, 0.0153524270859400243
0.1481481481481000118, 0.0149550468200144518
0.1506506506506999910, 0.0145797355131638516
0.1531531531531999946, 0.0142251396547594701
0.1556556556556999982, 0.0138900167328147653
0.1581581581582000018, 0.0135732249442316703
0.1606606606607000054, 0.0132737140267235650
0.1631631631632000090, 0.0129905170766001603
0.1656656656657000126, 0.0127227432349564795
0.1681681681681999885, 0.0124695711404612386
0.1706706706706999921, 0.0122302430603216591
0.1731731731731999957, 0.0120040596224700348
0.1756756756756999993, 0.0117903750818719698
0.1781781781782000029, 0.0115885930623419696
0.1806806806807000065, 0.0113981627225797598
0.1831831831832000101, 0.0112185753014812338
0.1856856856857000138, 0.0110493610032782949
0.1881881881881999896, 0.0108900861878451390
0.1906906906906999932, 0.0107403508356769643
0.1931931931931999968, 0.0105997862606904379
0.1956956956957000004, 0.0104680530471866293
0.1981981981982000041, 0.0103448391901200584
0.2007007007007000077, 0.0102298584202874260
0.2032032032032000113, 0.0101228486982309126
0.2057057057056999871, 0.0100235708625853858
0.2082082082081999908, 0.0099318074203192733
0.2107107107106999944, 0.0098473614678559838
0.2132132132131999980, 0.0097700557334416387
0.2157157157157000016, 0.0096997317323683566
0.2182182182182000052, 0.0096362490277900701
0.2207207207207000088, 0.0095794845908973789
0.2232232232232000124, 0.0095293322551642697
0.2257257257256999883, 0.0094857022602573560
0.2282282282281999919, 0.0094485208820192963
0.2307307307306999955, 0.0094177301457146652
0.2332332332331999991, 0.0093932876204685829
0.2357357357357000027, 0.0093751662935469739
0.2382382382382000063, 0.0093633545238312604
0.2407407407407000099, 0.0093578560745396118
0.2432432432432000136, 0.0093586902259509604
0.2457457457456999894, 0.0093658919696062090
0.2482482482481999930, 0.0093795122862038883
0.2507507507508000000, 0.0093996185101843759
0.2532532532533000036, 0.0094262947848205818
0.2557557557558000072, 0.0094596426125136725
0.2582582582583000108, 0.0094997815059456436
0.2607607607608000144, 0.0095468497467796429
0.2632632632633000180, 0.0096010052597410404
0.2657657657658000216, 0.0096624266111773917
0.2682682682683000253, 0.0097313141426036281
0.2707707707707999734, 0.0098078912513167513
0.2732732732732999770, 0.0098924058319400099
0.2757757757757999806, 0.0099851318947631572
0.2782782782782999842, 0.0100863713790239375
0.2807807807807999878, 0.0101964561818693872
0.2832832832832999914, 0.0103157504267005484
0.2857857857857999950, 0.0104446529980023323
0.2882882882882999986, 0.0105836003736663187
0.2907907907908000023, 0.0107330697903196028
0.2932932932933000059, 0.0108935827823785063
0.2957957957958000095, 0.0110657091415831098
0.2982982982983000131, 0.0112500713507835449
0.3008008008008000167, 0.0114473495539239353
0.3033033033033000203, 0.0116582871337240247
0.3058058058058000239, 0.0118836969797486650
0.3083083083083000275, 0.0121244685427053314
0.3108108108107999756, 0.0123815757862991947
0.3133133133132999792, 0.0126560861662751191
0.3158158158157999829, 0.0129491707879615704
0.3183183183182999865, 0.0132621159194000558
0.3208208208207999901, 0.0135963360678675940
0.3233233233232999937, 0.0139533888643411652
0.3258258258257999973, 0.0143349920445389606
0.3283283283283000009, 0.0147430428682569399
0.3308308308308000045, 0.0151796403828516960
0.3333333333333000081, 0.0156471110145036847
0.3358358358358000118, 0.0161480380655760064
0.3383383383383000154, 0.0166852958121058784
0.3408408408408000190, 0.0172620890374837813
0.3433433433433000226, 0.0178819990134073195
0.3458458458458000262, 0.0185490371559025591
0.3483483483482999743, 0.0192677078537417182
0.3508508508509000090, 0.0200430823034893207
0.3533533533534000126, 0.0208808856086653075
0.3558558558559000162, 0.0217875999350926851
0.3583583583584000198, 0.0227705871934936674
0.3608608608609000235, 0.0238382355878733951
0.3633633633634000271, 0.0250001354833851996
0.3658658658658999752, 0.0262672914902435488
0.3683683683683999788, 0.0276523795399303551
0.3708708708708999824, 0.0291700601964055770
0.3733733733733999860, 0.0308373627061339119
0.3758758758758999896, 0.0326741586373722470
0.3783783783783999932, 0.0347037498022707419
0.3808808808808999968, 0.0369536030815265301
0.3833833833834000004, 0.0394562756272481274
0.3858858858859000041, 0.0422505889414055633
0.3883883883884000077, 0.0453831313421833721
0.3908908908909000113, 0.0489101980762189498
0.3933933933934000149, 0.0529003209706021271
0.3958958958959000185, 0.0574376014620192332
0.3983983983984000221, 0.0626261521556915612
0.4009009009009000257, 0.0685960888193927337
0.4034034034033999738, 0.0755117230492983876
0.4059059059058999774, 0.0835829291861094753
0.4084084084083999810, 0.0930811712250854961
0.4109109109108999847, 0.1043625050551918731
0.4134134134133999883, 0.1179012486470878002
0.4159159159158999919, 0.1343403627152588986
0.4184184184183999955, 0.1545687177908446619
0.4209209209208999991, 0.1798429470272335517
0.4234234234234000027, 0.2119858170558042987
0.4259259259259000063, 0.2537211873024193265
0.4284284284284000099, 0.3092641437948191463
0.4309309309309000136, 0.3854139518133870013
0.4334334334334000172, 0.4937024914778248563
0.4359359359359000208, 0.6549336515437294004
0.4384384384384000244, 0.9096687103879717018
0.4409409409408999725, 1.3453237833652249567
0.4434434434433999761, 2.1770224045759487552
0.4459459459458999797, 4.0367537412866774105
0.4484484484483999833, 9.1987811634477996137
0.4509509509510000180, 23.5478935757687963815
0.4534534534535000216, 20.3782735324395254395
0.4559559559560000253, 7.7810011748884324589
0.4584584584584999734, 3.5623584140294806133
0.4609609609609999770, 1.9783202351668809360
0.4634634634634999806, 1.2460166368148160032
0.4659659659659999842, 0.8535297309112190867
0.4684684684684999878, 0.6202705001891100078
0.4709709709709999914, 0.4708456748594239127
0.4734734734734999950, 0.3695574940883129544
0.4759759759759999986, 0.2978101749496026573
0.4784784784785000022, 0.2451690622924992957
0.4809809809810000059, 0.2054209078862299642
0.4834834834835000095, 0.1746825855938101135
0.4859859859860000131, 0.1504276961202511143
0.4884884884885000167, 0.1309558655622952428
0.4909909909910000203, 0.1150890385746704686
0.4934934934935000239, 0.1019903474975094870
0.4959959959960000275, 0.0910521701857596039
0.4984984984984999756, 0.0818247684354223292
0.5010010010009999792, 0.0739695389642729961
0.5035035035035000384, 0.0672276397344717530
0.5060060060059999865, 0.0613984765117873699
0.5085085085085000456, 0.0563246628985792225
0.5110110110109999937, 0.0518813209729138344
0.5135135135135000528, 0.0479683484602897448
0.5160160160160000009, 0.0445047487991689916
0.5185185185184999490, 0.0414244185977412638
0.5210210210210000081, 0.0386729797439667941
0.5235235235234999562, 0.0362053703717802391
0.5260260260260000154, 0.0339839939004871472
0.5285285285284999635, 0.0319772831909524505
0.5310310310310000226, 0.0301585767650071543
0.5335335335334999707, 0.0285052319387554473
0.5360360360360000298, 0.0269979194775843458
0.5385385385384999779, 0.0256200585321255322
0.5410410410410000370, 0.0243573608609401956
0.5435435435434999851, 0.0231974608403548513
0.5460460460460000442, 0.0221296132961610811
0.5485485485484999924, 0.0211444453153184393
0.5510510510510999715, 0.0202337512940638717
0.5535535535536000307, 0.0193903228254418136
0.5560560560560999788, 0.0186078068200003256
0.5585585585586000379, 0.0178805866297295953
0.5610610610610999860, 0.0172036820103216720
0.5635635635636000451, 0.0165726645862429717
0.5660660660660999932, 0.0159835861330088098
0.5685685685686000523, 0.0154329175032568607
0.5710710710711000004, 0.0149174964291519697
0.5735735735735999485, 0.0144344827570747902
0.5760760760761000077, 0.0139813199295311889
0.5785785785785999558, 0.0135557017376117944
0.5810810810811000149, 0.0131555435357925948
0.5835835835835999630, 0.0127789572476552510
0.5860860860861000221, 0.0124242296026487592
0.5885885885885999702, 0.0120898031353437602
0.5910910910911000293, 0.0117742595537036511
0.5935935935935999774, 0.0114763051448406005
0.5960960960961000366, 0.0111947579380209591
0.5985985985985999847, 0.0109285363873121537
0.6011011011011000438, 0.0106766493718071995
0.6036036036035999919, 0.0104381873410965414
0.6061061061061000510, 0.0102123144586076520
0.6086086086085999991, 0.0099982616164343008
0.6111111111110999472, 0.0097953202130056823
0.6136136136136000063, 0.0096028365999538227
0.6161161161160999544, 0.0094202071172772850
0.6186186186186000135, 0.0092468736467426066
0.6211211211210999616, 0.0090823196227170673
0.6236236236236000208, 0.0089260664475412956
0.6261261261260999689, 0.0087776702653367539
0.6286286286286000280, 0.0086367190539763210
0.6311311311310999761, 0.0085028299999709393
0.6336336336336000352, 0.0083756471253632336
0.6361361361360999833, 0.0082548391394722115
0.6386386386386000424, 0.0081400974915869714
0.6411411411410999905, 0.0080311346035339352
0.6436436436436000497, 0.0079276822635026209
0.6461461461460999978, 0.0078294901646605384
0.6486486486485999459, 0.0077363245739625729
0.6511511511512000361, 0.0076479671182010708
0.6536536536536999842, 0.0075642136757817103
0.6561561561562000433, 0.0074848733639740084
0.6586586586586999914, 0.0074097676124972520
0.6611611611612000505, 0.0073387293152825904
0.6636636636636999986, 0.0072716020531169590
0.6661661661661999467, 0.0072082393806392900
0.6686686686687000059, 0.0071485041718364886
0.6711711711711999540, 0.0070922680187872483
0.6736736736737000131, 0.0070394106789349147
0.6761761761761999612, 0.0069898195666450377
0.6786786786787000203, 0.0069433892852255926
0.6811811811811999684, 0.0069000211959647203
0.6836836836837000275, 0.0068596230210773755
0.6861861861861999756, 0.0068221084777532991
0.6886886886887000347, 0.0067873969407683480
0.6911911911911999828, 0.0067554131313630680
0.6936936936937000420, 0.0067260868303095668
0.6961961961961999901, 0.0066993526132831105
0.6986986986987000492, 0.0066751496068307731
0.7012012012011999973, 0.0066534212633881599
0.7037037037036999454, 0.0066341151539385541
0.7062062062062000045, 0.0066171827770384259
0.7087087087086999526, 0.0066025793830507499
0.7112112112112000117, 0.0065902638125340416
0.7137137137136999598, 0.0065801983478319531
0.7162162162162000190, 0.0065723485769963452
0.7187187187186999671, 0.0065666832692572044
0.7212212212212000262, 0.0065631742613262382
0.7237237237236999743, 0.0065617963538882060
0.7262262262262000334, 0.0065625272176958564
0.7287287287286999815, 0.0065653473087410527
0.7312312312312000406, 0.0065702397920270796
0.7337337337336999887, 0.0065771904735155515
0.7362362362362000479, 0.0065861877398662293
0.7387387387386999960, 0.0065972225056299405
0.7412412412412000551, 0.0066102881675937451
0.7437437437437000032, 0.0066253805660142070
0.7462462462461999513, 0.0066424979525090376
0.7487487487487000104, 0.0066616409644100205
0.7512512512512999896, 0.0066828126054111463
0.7537537537538000487, 0.0067060182323754811
0.7562562562562999968, 0.0067312655481927969
0.7587587587587999449, 0.0067585646006074751
0.7612612612613000040, 0.0067879277869630243
0.7637637637637999521, 0.0068193698648356602
0.7662662662663000113, 0.0068529079685553107
0.7687687687687999594, 0.0068885616316379256
0.7712712712713000185, 0.0069263528151786088
0.7737737737737999666, 0.0069663059422806961
0.7762762762763000257, 0.0070084479386220040
0.7787787787787999738, 0.0070528082792858295
0.7812812812813000329, 0.0070994190420114976
0.7837837837837999810, 0.0071483149670471362
0.7862862862863000402, 0.0071995335238163333
0.7887887887887999883, 0.0072531149846405008
0.7912912912913000474, 0.0073091025057903658
0.7937937937937999955, 0.0073675422161732021
0.7962962962963000546, 0.0074284833139974873
0.7987987987988000027, 0.0074919781717938949
0.8013013013012999508, 0.0075580824502110375
0.8038038038038000099, 0.0076268552210466550
0.8063063063062999580, 0.0076983591000201060
0.8088088088088000172, 0.0077726603898405858
0.8113113113112999653, 0.0078498292341776764
0.8138138138138000244, 0.0079299397831971673
0.8163163163162999725, 0.0080130703713859833
0.8188188188188000316, 0.0080993037084559037
0.8213213213212999797, 0.0081887270841873722
0.8238238238238000388, 0.0082814325881522682
0.8263263263262999869, 0.0083775173453392148
0.8288288288288000460, 0.0084770837687970814
0.8313313313312999941, 0.0085802398305129778
0.8338338338338000533, 0.0086870993518510242
0.8363363363363000014, 0.0087977823149984549
0.8388388388387999495, 0.0089124151969974634
0.8413413413413000086, 0.0090311313280860527
0.8438438438437999567, 0.0091540712762294401
0.8463463463463000158, 0.0092813832598990231
0.8488488488487999639, 0.0094132235913474832
0.8513513513514000541, 0.0095497571528408518
0.8538538538539000022, 0.0096911579085423114
0.8563563563563999503, 0.0098376094550000591
0.8588588588589000095, 0.0099893056134780223
0.8613613613613999576, 0.0101464510676835054
0.8638638638639000167, 0.0103092620507965853
0.8663663663663999648, 0.0104779670860948703
0.8688688688689000239, 0.0106528077858983987
0.8713713713713999720, 0.0108340397140404866
0.8738738738739000311, 0.0110219333176044699
0.8763763763763999792, 0.0112167749342623364
0.8788788788789000384, 0.0114188678822172152
0.8813813813813999865, 0.0116285336404941646
0.8838838838839000456, 0.0118461131281570146
0.8863863863863999937, 0.0120719680919604486
0.8888888888889000528, 0.0123064826129927890
0.8913913913914000009, 0.0125500647440407662
0.8938938938938999490, 0.0128031482907283202
0.8963963963964000081, 0.0130661947509729849
0.8988988988988999562, 0.0133396954289826050
0.9014014014014000153, 0.0136241737419149651
0.9039039039038999634, 0.0139201877394727856
0.9064064064064000226, 0.0142283328591408693
0.9089089089088999707, 0.0145492449425401096
0.9114114114114000298, 0.0148836035415159957
0.9139139139138999779, 0.0152321355461620799
0.9164164164164000370, 0.0155956191710664854
0.9189189189188999851, 0.0159748883407394050
0.9214214214214000442, 0.0163708375205311556
0.9239239239238999923, 0.0167844270454854498
0.9264264264264000515, 0.0172166890066272268
0.9289289289288999996, 0.0176687337623090621
0.9314314314313999477, 0.0181417571516135148
0.9339339339339000068, 0.0186370484976534044
0.9364364364363999549, 0.0191559995011750320
0.9389389389389000140, 0.0197001141394643337
0.9414414414413999621, 0.0202710197025468969
0.9439439439439000212, 0.0208704791184948224
0.9464464464463999693, 0.0215004047428467848
0.9489489489489000285, 0.0221628738143376802
0.9514514514515000076, 0.0228601458111048969
0.9539539539539999558, 0.0235946819792260953
0.9564564564565000149, 0.0243691673499871891
0.9589589589589999630, 0.0251865356150914564
0.9614614614615000221, 0.0260499972918020462
0.9639639639639999702, 0.0269630716848865137
0.9664664664665000293, 0.0279296232418092677
0.9689689689689999774, 0.0289539030051290322
0.9714714714715000365, 0.0300405959955497848
0.9739739739739999846, 0.0311948755155683419
0.9764764764765000438, 0.0324224655535028661
0.9789789789789999919, 0.0337297126988539142
0.9814814814815000510, 0.0351236692625454469
0.9839839839839999991, 0.0366121896425134208
0.9864864864864999472, 0.0382040424027987185
0.9889889889890000063, 0.0399090410639581505
0.9914914914914999544, 0.0417381972616127639
0.9939939939940000135, 0.0437039007538976079
0.9964964964964999616, 0.0458201317940661670
0.9989989989990000208, 0.0481027126927808246
1.0015015015019999023, 0.0505696070569088135
1.0040040040039999170, 0.0532412773161601294
1.0065065065070000205, 0.0561411138810637977
1.0090090090090000352, 0.0592959528123000595
1.0115115115119999167, 0.0627367034905598475
1.0140140140139999314, 0.0664991138268360982
1.0165165165170000350, 0.0706247085570647637
1.0190190190190000497, 0.0751619468387795947
1.0215215215219999312, 0.0801676597237387656
1.0240240240239999459, 0.0857088475660197635
1.0265265265270000494, 0.0918649441292548191
1.0290290290290000641, 0.0987306911323111297
1.0315315315319999456, 0.1064198187365445469
1.0340340340339999603, 0.1150698008016885487
1.0365365365370000639, 0.1248480589204526425
1.0390390390390000785, 0.1359601421887439987
1.0415415415419999601, 0.1486606353483956033
1.0440440440439999747, 0.1632678862562249589
1.0465465465470000783, 0.1801841595974876531
1.0490490490490000930, 0.1999236255258883543
1.0515515515519999745, 0.2231518635539143647
1.0540540540539999892, 0.2507426247647214224
1.0565565565570000928, 0.2838610254532137889
1.0590590590590001074, 0.3240882079862152931
1.0615615615619999890, 0.3736128374420027431
1.0640640640640000036, 0.4355336517678124464
1.0665665665670001072, 0.5143530332837238372
1.0690690690689998998, 0.6168124514369095479
1.0715715715720000034, 0.7533685276542211318
1.0740740740740000181, 0.9409359559684898899
1.0765765765769998996, 1.2083010963016369566
1.0790790790789999143, 1.6076168246876689771
1.0815815815820000179, 2.2411179213313863201
1.0840840840840000325, 3.3307042565717361882
1.0865865865869999141, 5.4276573305302981964
1.0890890890889999287, 10.1717756641079652979
1.0915915915920000323, 23.5203960294643152906
1.0940940940940000470, 59.1567092192119616811
1.0965965965969999285, 46.5166305568953504235
1.0990990990989999432, 17.7646227756259165176
1.1016016016020000468, 8.2473516375601452211
1.1041041041040000614, 4.6230447613163132559
1.1066066066069999430, 2.9294840907940731256
1.1091091091089999576, 2.0150932261697724890
1.1116116116120000612, 1.4688305590683019553
1.1141141141140000759, 1.1175706103453824092
1.1166166166169999574, 0.8787959010806111193
1.1191191191189999721, 0.7093016266624232458
1.1216216216220000756, 0.5847466031100717609
1.1241241241240000903, 0.4905899460173024917
1.1266266266269999718, 0.4177197245839642803
1.1291291291289999865, 0.3601944644319712285
1.1316316316320000901, 0.3140078356900801726
1.1341341341340001048, 0.2763797886480846566
1.1366366366369999863, 0.2453327993357612979
1.1391391391390000010, 0.2194294522467299946
1.1416416416420001045, 0.1976048581028943540
1.1441441441439998972, 0.1790567009661909181
1.1466466466470000007, 0.1631713477413345159
1.1491491491490000154, 0.1494731200410903682
1.1516516516519998969, 0.1375887938216921458
1.1541541541539999116, 0.1272223226169789667
1.1566566566570000152, 0.1181365563223550075
1.1591591591590000299, 0.1101398302067226609
1.1616616616619999114, 0.1030759985992148464
1.1641641641639999261, 0.0968169407012824113
1.1666666666670000296, 0.0912568646434486624
1.1691691691690000443, 0.0863079361663824096
1.1716716716719999258, 0.0818968946953364113
1.1741741741739999405, 0.0779624138303143810
1.1766766766770000441, 0.0744530293107956431
1.1791791791790000588, 0.0713255043946039169
1.1816816816819999403, 0.0685435363061701330
1.1841841841839999550, 0.0660767319800533437
1.1866866866870000585, 0.0638997994894997534
1.1891891891890000732, 0.0619919152019399664
1.1916916916919999547, 0.0603362371791273527
1.1941941941939999694, 0.0589195436027377395
1.1966966966970000730, 0.0577319817754747625
1.1991991991990000876, 0.0567669190866290502
1.2017017017019999692, 0.0560208927149297847
1.2042042042039999838, 0.0554936602129622036
1.2067067067070000874, 0.0551883589388882517
1.2092092092090001021, 0.0551117891136112467
1.2117117117119999836, 0.0552748437789817304
1.2142142142139999983, 0.0556931200678222327
1.2167167167170001019, 0.0563877613391632476
1.2192192192189998945, 0.0573866009170259581
1.2217217217219999981, 0.0587257084984864064
1.2242242242240000127, 0.0604514845922418873
1.2267267267269998943, 0.0626235142774866499
1.2292292292289999089, 0.0653184915598058052
1.2317317317320000125, 0.0686356802208133582
1.2342342342340000272, 0.0727046211662603914
1.2367367367369999087, 0.0776961903973130558
1.2392392392389999234, 0.0838387638425026338
1.2417417417420000270, 0.0914423538766094834
1.2442442442440000416, 0.1009355245323166478
1.2467467467469999232, 0.1129234116609804939
1.2492492492489999378, 0.1282817985364133051
1.2517517517520000414, 0.1483152178141089461
1.2542542542540000561, 0.1750339479090510797
1.2567567567569999376, 0.2116636345761044036
1.2592592592589999523, 0.2636391119628836988
1.2617617617620000559, 0.3406838813359667206
1.2642642642640000705, 0.4615555239517038499
1.2667667667669999521, 0.6661218636140253668
1.2692692692689999667, 1.0506877352617689514
1.2717717717720000703, 1.8913231512650439115
1.2742742742740000850, 4.1601349698422724899
1.2767767767769999665, 10.8268131869024912817
1.2792792792789999812, 11.4133176152822954919
1.2817817817820000847, 4.4202992209714118133
1.2842842842840000994, 1.9784810930023839504
1.2867867867869999809, 1.0873184460935749751
1.2892892892889999956, 0.6845590620794348435
1.2917917917920000992, 0.4721219387853496929
1.2942942942939998918, 0.3473686111098333029
1.2967967967969999954, 0.2682262274924568368
1.2992992992990000101, 0.2150459617301690440
1.3018018018019998916, 0.1777006348629364685
1.3043043043039999063, 0.1505558777172062990
1.3068068068070000098, 0.1302806032683569426
1.3093093093090000245, 0.1148060101987539994
1.3118118118119999060, 0.1027940525747245287
1.3143143143139999207, 0.0933495825351493280
1.3168168168170000243, 0.0858565719240416692
1.3193193193190000390, 0.0798809454693242271
1.3218218218219999205, 0.0751108298880063530
1.3243243243239999352, 0.0713186611408444526
1.3268268268270000387, 0.0683365096442106190
1.3293293293290000534, 0.0660396491061770591
1.3318318318319999349, 0.0643354137364458428
1.3343343343339999496, 0.0631555396358148557
1.3368368368370000532, 0.0624508632716084047
1.3393393393390000679, 0.0621876601393720196
1.3418418418419999494, 0.0623451625700710138
1.3443443443439999641, 0.0629139603737588343
1.3468468468470000676, 0.0638950982748758278
1.3493493493490000823, 0.0652997619540256480
1.3518518518519999638, 0.0671495039281526790
1.3543543543539999785, 0.0694770110351226738
1.3568568568570000821, 0.0723274643670433204
1.3593593593590000967, 0.0757605970086102920
1.3618618618619999783, 0.0798536226281555128
1.3643643643639999929, 0.0847052990244568926
1.3668668668670000965, 0.0904415199862142888
1.3693693693689998891, 0.0972230192589011444
1.3718718718719999927, 0.1052560590999421508
1.3743743743740000074, 0.1148074244446847525
1.3768768768770001110, 0.1262257573265843369
1.3793793793789999036, 0.1399724295770666260
1.3818818818820000072, 0.1566670986094407247
1.3843843843840000218, 0.1771564432687623425
1.3868868868869999034, 0.2026205350168932828
1.3893893893889999180, 0.2347422739783640022
1.3918918918920000216, 0.2759863631281184726
1.3943943943940000363, 0.3300765461563049952
1.3968968968969999178, 0.4028492922091786999
1.3993993993989999325, 0.5038636005469181445
1.4019019019020000361, 0.6496348149476353084
1.4044044044040000507, 0.8706514261964160006
1.4069069069069999323, 1.2281309390663117664
1.4094094094089999469, 1.8591972742574363053
1.4119119119120000505, 3.1192052727577284088
1.4144144144140000652, 6.1240133985522469118
1.4169169169169999467, 15.0271796953778391526
1.4194194194189999614, 32.5733067588141693705
1.4219219219220000650, 17.8968100225870649922
1.4244244244240000796, 7.0421603555291687471
1.4269269269269999612, 3.4621847417253710510
1.4294294294289999758, 2.0161996298610280753
1.4319319319320000794, 1.3107485141729853240
1.4344344344340000941, 0.9182548051322770855
1.4369369369369999756, 0.6786317547765734481
1.4394394394389999903, 0.5220001994550381719
1.4419419419420000938, 0.4141449137609768405
1.4444444444440001085, 0.3367747906444761297
1.4469469469469999900, 0.2794133066437493595
1.4494494494490000047, 0.2357176250679141605
1.4519519519520001083, 0.2016687485656475376
1.4544544544539999009, 0.1746215008769549382
1.4569569569570000045, 0.1527779595706401927
1.4594594594590000192, 0.1348818683159307141
1.4619619619619999007, 0.1200341795302627412
1.4644644644639999154, 0.1075778597572516482
1.4669669669670000189, 0.0970237794702756978
1.4694694694690000336, 0.0880017691248114187
1.4719719719719999151, 0.0802275350733097220
1.4744744744739999298, 0.0734798264287852276
1.4769769769770000334, 0.0675843794141755549
1.4794794794790000481, 0.0624024351137934322
1.4819819819819999296, 0.0578224009214243495
1.4844844844839999443, 0.0537537095936040168
1.4869869869870000478, 0.0501222383486708140
1.4894894894890000625, 0.0468668511540240307
1.4919919919919999440, 0.0439367602508023980
1.4944944944939999587, 0.0412894924331899116
1.4969969969970000623, 0.0388893067451803048
1.4994994994990000770, 0.0367059526368394423
1.5020020020019999585, 0.0347136873795708401
1.5045045045050000621, 0.0328904926896385064
1.5070070070070000767, 0.0312174457122093053
1.5095095095099999583, 0.0296782105628745733
1.5120120120119999729, 0.0282586247274221256
1.5145145145150000765, 0.0269463606223746023
1.5170170170170000912, 0.0257306471029558337
1.5195195195199999727, 0.0246020390832732763
1.5220220220219999874, 0.0235522259984400004
1.5245245245250000909, 0.0225738718002791404
1.5270270270270001056, 0.0216604806895227542
1.5295295295299999871, 0.0208062839593107403
1.5320320320320000018, 0.0200061442392775943
1.5345345345350001054, 0.0192554741474627519
1.5370370370369998980, 0.0185501669241360558
1.5395395395400000016, 0.0178865370716713885
1.5420420420420000163, 0.0172612693837587254
1.5445445445449998978, 0.0166713750352986551
1.5470470470469999125, 0.0161141536364746013
1.5495495495500000160, 0.0155871603424283349
1.5520520520520000307, 0.0150881772627837231
1.5545545545549999122, 0.0146151885400480214
1.5570570570569999269, 0.0141663585682183651
1.5595595595600000305, 0.0137400129071271540
1.5620620620620000452, 0.0133346215176128515
1.5645645645649999267, 0.0129487840002744711
1.5670670670669999414, 0.0125812165685471079
1.5695695695700000449, 0.0122307405268808206
1.5720720720720000596, 0.0118962720583475033
1.5745745745749999411, 0.0115768131541681835
1.5770770770769999558, 0.0112714435413906622
1.5795795795800000594, 0.0109793134850042808
1.5820820820820000741, 0.0106996373577702003
1.5845845845849999556, 0.0104316878854883079
1.5870870870869999703, 0.0101747909877191699
1.5895895895900000738, 0.0099283211444852332
1.5920920920920000885, 0.0096916972284698880
1.5945945945949999700, 0.0094643787499483472
1.5970970970969999847, 0.0092458624683261457
1.5995995996000000883, 0.0090356793298818749
1.6021021021020001029, 0.0088333916962560696
1.6046046046049999845, 0.0086385908325102029
1.6071071071069999991, 0.0084508946272916254
1.6096096096100001027, 0.0082699455208717475
1.6121121121119998953, 0.0080954086196349580
1.6146146146149999989, 0.0079269699780507991
1.6171171171170000136, 0.0077643350313073237
1.6196196196199998951, 0.0076072271636624883
1.6221221221219999098, 0.0074553863992191990
1.6246246246250000134, 0.0073085682032784441
1.6271271271270000280, 0.0071665423837002536
1.6296296296299999096, 0.0070290920828270428
1.6321321321319999242, 0.0068960128515166853
1.6346346346350000278, 0.0067671117977112800
1.6371371371370000425, 0.0066422068027454598
1.6396396396399999240, 0.0065211257992882580
1.6421421421419999387, 0.0064037061054257743
1.6446446446450000423, 0.0062897938099371617
1.6471471471470000569, 0.0061792432043023919
1.6496496496499999385, 0.0060719162574135845
1.6521521521519999531, 0.0059676821293487767
1.6546546546550000567, 0.0058664167209131028
1.6571571571570000714, 0.0057680022559623342
1.6596596596599999529, 0.0056723268938015216
1.6621621621619999676, 0.0055792843692008915
1.6646646646650000712, 0.0054887736577952373
1.6671671671670000858, 0.0054006986648346082
1.6696696696699999674, 0.0053149679354356823
1.6721721721719999820, 0.0052314943846469121
1.6746746746750000856, 0.0051501950457882393
1.6771771771770001003, 0.0050709908356596951
1.6796796796799999818, 0.0049938063353339446
1.6821821821819999965, 0.0049185695853571059
1.6846846846850001000, 0.0048452118942812570
1.6871871871869998927, 0.0047736676595419251
1.6896896896899999962, 0.0047038741997754039
1.6921921921920000109, 0.0046357715977449199
1.6946946946949998924, 0.0045693025531121411
1.6971971971969999071, 0.0045044122443519130
1.6996996997000000107, 0.0044410481991640893
1.7022022022020000254, 0.0043791601727873643
1.7047047047049999069, 0.0043187000336666476
1.7072072072069999216, 0.0042596216559680350
1.7097097097100000251, 0.0042018808184744183
1.7122122122120000398, 0.0041454351094303626
1.7147147147149999213, 0.0040902438369375144
1.7172172172169999360, 0.0040362679445317146
1.7197197197200000396, 0.0039834699316003853
1.7222222222220000543, 0.0039318137783239861
1.7247247247249999358, 0.0038812648748484018
1.7272272272269999505, 0.0038317899544164282
1.7297297297300000540, 0.0037833570302060514
1.7322322322320000687, 0.0037359353356412254
1.7347347347349999502, 0.0036894952679574454
1.7372372372369999649, 0.0036440083348196865
1.7397397397400000685, 0.0035994471038043796
1.7422422422420000832, 0.0035557851545701393
1.7447447447449999647, 0.0035129970335539273
1.7472472472469999794, 0.0034710582110404984
1.7497497497500000829, 0.0034299450404632250
1.7522522522520000976, 0.0033896347198039199
1.7547547547549999791, 0.0033501052549680306
1.7572572572569999938, 0.0033113354250198395
1.7597597597600000974, 0.0032733047491697435
1.7622622622619998900, 0.0032359934554127938
1.7647647647649999936, 0.0031993824507241435
1.7672672672670000082, 0.0031634532927230976
1.7697697697699998898, 0.0031281881627230898
1.7722722722719999044, 0.0030935698400901298
1.7747747747750000080, 0.0030595816778371046
1.7772772772770000227, 0.0030262075793858600
1.7797797797799999042, 0.0029934319764331908
1.7822822822819999189, 0.0029612398078607662
1.7847847847850000225, 0.0029296164996327157
1.7872872872870000371, 0.0028985479456279609
1.7897897897899999187, 0.0028680204893576054
1.7922922922919999333, 0.0028380209065206000
1.7947947947950000369, 0.0028085363883537610
1.7972972972970000516, 0.0027795545257347106
1.7997997997999999331, 0.0027510632939988177
1.8023023023019999478, 0.0027230510384334094
1.8048048048050000514, 0.0026955064604147023
1.8073073073070000660, 0.0026684186041548369
1.8098098098099999476, 0.0026417768440282832
1.8123123123119999622, 0.0026155708724486318
1.8148148148150000658, 0.0025897906882683787
1.8173173173170000805, 0.0025644265856758887
1.8198198198199999620, 0.0025394691435651185
1.8223223223219999767, 0.0025149092153550472
1.8248248248250000803, 0.0024907379192370236
1.8273273273270000949, 0.0024669466288294193
1.8298298298299999765, 0.0024435269642200984
1.8323323323319999911, 0.0024204707833782656
1.8348348348350000947, 0.0023977701739182305
1.8373373373370001094, 0.0023754174451985658
1.8398398398399999909, 0.0023534051207410043
1.8423423423420000056, 0.0023317259309542306
1.8448448448450001091, 0.0023103728061485275
1.8473473473469999018, 0.0022893388698279329
1.8498498498500000053, 0.0022686174322472637
1.8523523523520000200, 0.0022482019842220220
1.8548548548549999015, 0.0022280861911797975
1.8573573573569999162, 0.0022082638874423534
1.8598598598600000198, 0.0021887290707281329
1.8623623623620000345, 0.0021694758968654566
1.8648648648649999160, 0.0021504986747071129
1.8673673673669999307, 0.0021317918612375761
1.8698698698700000342, 0.0021133500568644463
1.8723723723720000489, 0.0020951680008861749
1.8748748748749999304, 0.0020772405671284867
1.8773773773769999451, 0.0020595627597422860
1.8798798798800000487, 0.0020421297091562157
1.8823823823820000634, 0.0020249366681772928
1.8848848848849999449, 0.0020079790082334335
1.8873873873869999596, 0.0019912522157519270
1.8898898898900000631, 0.0019747518886682044
1.8923923923920000778, 0.0019584737330595289
1.8948948948949999593, 0.0019424135598984701
1.8973973973969999740, 0.0019265672819212638
1.8998998999000000776, 0.0019109309106063906
1.9024024024020000923, 0.0018955005532589094
1.9049049049049999738, 0.0018802724101963145
1.9074074074069999885, 0.0018652427720318174
1.9099099099100000920, 0.0018504080170512185
1.9124124124120001067, 0.0018357646086796355
1.9149149149149999882, 0.0018213090930345585
1.9174174174170000029, 0.0018070380965618583
1.9199199199200001065, 0.0017929483237515060
1.9224224224219998991, 0.0017790365549299149
1.9249249249250000027, 0.0017652996441259621
1.9274274274270000173, 0.0017517345170078400
1.9299299299299998989, 0.0017383381688880644
1.9324324324319999135, 0.0017251076627940200
1.9349349349350000171, 0.0017120401276015866
1.9374374374370000318, 0.0016991327562294765
1.9399399399399999133, 0.0016863828038919950
1.9424424424419999280, 0.0016737875864080635
1.9449449449450000316, 0.0016613444785644204
1.9474474474470000462, 0.0016490509125309969
1.9499499499499999278, 0.0016369043763265587
1.9524524524519999424, 0.0016249024123327809
1.9549549549550000460, 0.0016130426158549945
1.9574574574570000607, 0.0016013226337279131
1.9599599599599999422, 0.0015897401629647355
1.9624624624619999569, 0.0015782929494480586
1.9649649649650000605, 0.0015669787866611157
1.9674674674670000751, 0.0015557955144579175
1.9699699699699999567, 0.0015447410178709060
1.9724724724719999713, 0.0015338132259548271
1.9749749749750000749, 0.0015230101106655340
1.9774774774770000896, 0.0015123296857725225
1.9799799799799999711, 0.0015017700058040180
1.9824824824819999858, 0.0014913291650235055
1.9849849849850000894, 0.0014810052964366075
1.9874874874870001040, 0.0014707965708272905
1.9899899899899999856, 0.0014607011958223874
1.9924924924920000002, 0.0014507174149834925
1.9949949949950001038, 0.0014408435069252945
1.9974974974969998964, 0.0014310777844594664
2.0000000000000000000, 0.0014214185937632630
