# k1_lab: [1, 0, 0]
# k2_lab: [-0.8660254037844387, 0.49999999999999994, 0.0]
# k1_cf: [-0.45451947767204365, -0.45451947767204365, 0.766044443118978]
# k2_cf: [0.6644630243886747, 0.6644630243886747, -0.3420201433256688]
# pol1_lab: [(0, 1, 0), (0, 0, 1)]
# pol2_lab: [array([-0.5      , -0.8660254,  0.       ]), array([0., 0., 1.])]
# pol1_cf: [array([0.54167522, 0.54167522, 0.64278761]), array([-0.70710678,  0.70710678,  0.        ])]
# pol2_cf: [array([-0.24184476, -0.24184476, -0.93969262]), array([-0.70710678,  0.70710678,  0.        ])]
# cf: [array([-0.45451948,  0.54167522, -0.70710678]), array([-0.45451948,  0.54167522,  0.70710678]), array([0.76604444, 0.64278761, 0.        ])]
# th: 40
-0.5000000000000000000, 0.0015783682178687210
-0.4974974974974999964, 0.0015918149930452805
-0.4949949949949999928, 0.0016054528448106614
-0.4924924924924999892, 0.0016192855619061937
-0.4899899899899999856, 0.0016333170289541540
-0.4874874874874999819, 0.0016475512294031182
-0.4849849849849999783, 0.0016619922485796995
-0.4824824824824999747, 0.0016766442768511045
-0.4799799799800000266, 0.0016915116129031316
-0.4774774774775000230, 0.0017065986671384505
-0.4749749749750000194, 0.0017219099652002572
-0.4724724724725000158, 0.0017374501516266051
-0.4699699699700000122, 0.0017532239936410025
-0.4674674674675000086, 0.0017692363850851135
-0.4649649649650000049, 0.0017854923504996914
-0.4624624624625000013, 0.0018019970493601736
-0.4599599599599999977, 0.0018187557804736766
-0.4574574574574999941, 0.0018357739865444719
-0.4549549549549999905, 0.0018530572589153681
-0.4524524524524999869, 0.0018706113424927840
-0.4499499499499000077, 0.0018884421408637249
-0.4474474474474000041, 0.0019065557216132376
-0.4449449449449000005, 0.0019249583218513950
-0.4424424424423999969, 0.0019436563539593104
-0.4399399399398999932, 0.0019626564115641544
-0.4374374374373999896, 0.0019819652757536925
-0.4349349349348999860, 0.0020015899215413743
-0.4324324324323999824, 0.0020215375245936067
-0.4299299299298999788, 0.0020418154682314395
-0.4274274274273999752, 0.0020624313507195480
-0.4249249249249000271, 0.0020833929928560650
-0.4224224224224000235, 0.0021047084458775652
-0.4199199199199000199, 0.0021263859996942468
-0.4174174174174000163, 0.0021484341914711942
-0.4149149149149000126, 0.0021708618145724352
-0.4124124124124000090, 0.0021936779278854748
-0.4099099099099000054, 0.0022168918655449026
-0.4074074074074000018, 0.0022405132470747365
-0.4049049049048999982, 0.0022645519879702695
-0.4024024024023999946, 0.0022890183107413136
-0.3998998998998999910, 0.0023139227564400156
-0.3973973973973999874, 0.0023392761966976976
-0.3948948948948999838, 0.0023650898462966091
-0.3923923923923999801, 0.0023913752763039323
-0.3898898898898999765, 0.0024181444277969972
-0.3873873873873999729, 0.0024454096262103361
-0.3848848848849000248, 0.0024731835963370005
-0.3823823823824000212, 0.0025014794780184790
-0.3798798798799000176, 0.0025303108425596297
-0.3773773773774000140, 0.0025596917099071533
-0.3748748748749000104, 0.0025896365666325267
-0.3723723723724000068, 0.0026201603847627554
-0.3698698698699000031, 0.0026512786415049390
-0.3673673673673999995, 0.0026830073399135507
-0.3648648648648999959, 0.0027153630305522397
-0.3623623623623999923, 0.0027483628342053136
-0.3598598598598999887, 0.0027820244656974239
-0.3573573573573999851, 0.0028163662588837654
-0.3548548548548999815, 0.0028514071928769820
-0.3523523523523999779, 0.0028871669195812827
-0.3498498498497999987, 0.0029236657926087939
-0.3473473473472999951, 0.0029609248976580566
-0.3448448448447999914, 0.0029989660844398228
-0.3423423423422999878, 0.0030378120002409123
-0.3398398398397999842, 0.0030774861252229500
-0.3373373373372999806, 0.0031180128095592524
-0.3348348348347999770, 0.0031594173125201472
-0.3323323323322999734, 0.0032017258436244644
-0.3298298298298000253, 0.0032449656059830509
-0.3273273273273000217, 0.0032891648419687888
-0.3248248248248000181, 0.0033343528813570503
-0.3223223223223000145, 0.0033805601920904862
-0.3198198198198000108, 0.0034278184338330494
-0.3173173173173000072, 0.0034761605144898225
-0.3148148148148000036, 0.0035256206498819010
-0.3123123123123000000, 0.0035762344267793482
-0.3098098098097999964, 0.0036280388695099424
-0.3073073073072999928, 0.0036810725103775389
-0.3048048048047999892, 0.0037353754641412332
-0.3023023023022999856, 0.0037909895068251316
-0.2997997997997999819, 0.0038479581591491490
-0.2972972972972999783, 0.0039063267748930645
-0.2947947947947999747, 0.0039661426345301972
-0.2922922922923000266, 0.0040274550444930664
-0.2897897897898000230, 0.0040903154424615255
-0.2872872872873000194, 0.0041547775090948246
-0.2847847847848000158, 0.0042208972866623461
-0.2822822822823000122, 0.0042887333050642068
-0.2797797797798000086, 0.0043583467157727882
-0.2772772772773000050, 0.0044298014342692774
-0.2747747747748000013, 0.0045031642915968912
-0.2722722722722999977, 0.0045785051957038300
-0.2697697697697999941, 0.0046558973033055204
-0.2672672672672999905, 0.0047354172030575972
-0.2647647647647999869, 0.0048171451108984190
-0.2622622622622999833, 0.0049011650784942214
-0.2597597597597999797, 0.0049875652158011818
-0.2572572572572999761, 0.0050764379288477978
-0.2547547547547999724, 0.0051678801739391718
-0.2522522522523000243, 0.0052619937295923045
-0.2497497497496999896, 0.0053588854876303327
-0.2472472472472000138, 0.0054586677649941691
-0.2447447447447000102, 0.0055614586379741848
-0.2422422422422000066, 0.0056673823007235575
-0.2397397397397000030, 0.0057765694500907143
-0.2372372372371999993, 0.0058891576990025398
-0.2347347347346999957, 0.0060052920208453781
-0.2322322322321999921, 0.0061251252275291114
-0.2297297297296999885, 0.0062488184841843807
-0.2272272272272000126, 0.0063765418637367708
-0.2247247247247000090, 0.0065084749449285662
-0.2222222222222000054, 0.0066448074577224467
-0.2197197197197000018, 0.0067857399804268767
-0.2172172172171999982, 0.0069314846933352398
-0.2147147147146999946, 0.0070822661941761381
-0.2122122122121999910, 0.0072383223812375174
-0.2097097097096999874, 0.0073999054106602801
-0.2072072072072000115, 0.0075672827351070367
-0.2047047047047000079, 0.0077407382318087654
-0.2022022022022000043, 0.0079205734288886054
-0.1996996996997000007, 0.0081071088398713010
-0.1971971971971999971, 0.0083006854174250532
-0.1946946946946999935, 0.0085016661386677836
-0.1921921921921999898, 0.0087104377358234661
-0.1896896896896999862, 0.0089274125876607734
-0.1871871871872000104, 0.0091530307890141539
-0.1846846846847000068, 0.0093877624178101311
-0.1821821821822000032, 0.0096321100214375767
-0.1796796796796999995, 0.0098866113470551017
-0.1771771771771999959, 0.0101518423435748729
-0.1746746746746999923, 0.0104284204666615123
-0.1721721721721999887, 0.0107170083222109420
-0.1696696696697000128, 0.0110183176885126442
-0.1671671671672000092, 0.0113331139627512456
-0.1646646646647000056, 0.0116622210837904298
-0.1621621621622000020, 0.0120065269904453542
-0.1596596596596999984, 0.0123669896828598348
-0.1571571571571999948, 0.0127446439643623607
-0.1546546546546999912, 0.0131406089525239449
-0.1521521521521999876, 0.0135560964613677150
-0.1496496496496000084, 0.0139924203721374756
-0.1471471471471000048, 0.0144510071281353653
-0.1446446446446000011, 0.0149334075103984484
-0.1421421421420999975, 0.0154413098760145702
-0.1396396396395999939, 0.0159765550704275561
-0.1371371371370999903, 0.0165411532600674913
-0.1346346346345999867, 0.0171373029731798042
-0.1321321321321000108, 0.0177674126861961656
-0.1296296296296000072, 0.0184341253520873757
-0.1271271271271000036, 0.0191403463379635486
-0.1246246246246000000, 0.0198892753243565534
-0.1221221221220999964, 0.0206844428213877815
-0.1196196196196000067, 0.0215297520814818830
-0.1171171171171000031, 0.0224295273395722708
-0.1146146146145999994, 0.0233885694963576300
-0.1121121121120999958, 0.0244122205863693785
-0.1096096096096000061, 0.0255064386509360266
-0.1071071071071000025, 0.0266778849801021511
-0.1046046046045999989, 0.0279340261146201335
-0.1021021021020999953, 0.0292832535318939477
-0.0995995995996000055, 0.0307350246077223235
-0.0970970970971000019, 0.0323000292875785938
-0.0945945945945900063, 0.0339903879681004578
-0.0920920920920900027, 0.0358198874494256719
-0.0895895895895899991, 0.0378042635629798618
-0.0870870870870899955, 0.0399615413300077743
-0.0845845845845799998, 0.0423124464302695735
-0.0820820820820799962, 0.0448809055862943312
-0.0795795795795800065, 0.0476946585119648742
-0.0770770770770800029, 0.0507860107748994011
-0.0745745745745699934, 0.0541927658992408939
-0.0720720720720700037, 0.0579593871692296661
-0.0695695695695700000, 0.0621384561490792436
-0.0670670670670699964, 0.0667925177492858513
-0.0645645645645600008, 0.0719964334474752776
-0.0620620620620599972, 0.0778404090424502509
-0.0595595595595600005, 0.0844339271708934580
-0.0570570570570599969, 0.0919109070822744512
-0.0545545545545500013, 0.1004365493933888492
-0.0520520520520499977, 0.1102165247832424116
-0.0495495495495500010, 0.1215094700674095030
-0.0470470470470499974, 0.1346442241415403140
-0.0445445445445400018, 0.1500439731991443648
-0.0420420420420399982, 0.1682606575868004217
-0.0395395395395400015, 0.1900249372052493502
-0.0370370370370399979, 0.2163202937593997066
-0.0345345345345300023, 0.2484955494168519796
-0.0320320320320299987, 0.2884403158873557471
-0.0295295295295299985, 0.3388669486663922203
-0.0270270270270299984, 0.4037795948206420737
-0.0245245245245199993, 0.4892863227982630070
-0.0220220220220199991, 0.6050726655877328719
-0.0195195195195199990, 0.7672278476159964944
-0.0170170170170199989, 1.0040400945547482969
-0.0145145145145099998, 1.3688943933968413802
-0.0120120120120099996, 1.9720706388400528475
-0.0095095095095099995, 3.0700545052721395223
-0.0070070070070070000, 5.3618932490912571964
-0.0045045045045049997, 11.1806071645204134768
-0.0020020020020019998, 28.9258513262943495192
0.0005005005005005000, 45.6453474785882633569
0.0030030030030029999, 19.4345718507861278113
0.0055055055055059999, 8.1167156748122906151
0.0080080080080079993, 4.2170879187113490261
0.0105105105105099995, 2.5432070068769601079
0.0130130130130099997, 1.6909701364899065723
0.0155155155155200005, 1.2025224496484545611
0.0180180180180199989, 0.8978639161791915901
0.0205205205205199991, 0.6955104852529856441
0.0230230230230199992, 0.5544487144540517498
0.0255255255255299983, 0.4522773194235022998
0.0280280280280299984, 0.3759438829014025152
0.0305305305305299986, 0.3174349221098556328
0.0330330330330299987, 0.2716137078740982758
0.0355355355355400013, 0.2350662584419394852
0.0380380380380399979, 0.2054526991713490902
0.0405405405405400016, 0.1811263186618091436
0.0430430430430399982, 0.1609012512133400075
0.0455455455455500008, 0.1439060897107194981
0.0480480480480499975, 0.1294889648130190529
0.0505505505505500011, 0.1171544195428325386
0.0530530530530499977, 0.1065204736101879601
0.0555555555555600003, 0.0972888258188198962
0.0580580580580599970, 0.0892237957848706631
0.0605605605605600006, 0.0821371953910156882
0.0630630630630600042, 0.0758772966667046606
0.0655655655655699998, 0.0703206763556283865
0.0680680680680700034, 0.0653661111378527476
0.0705705705705699932, 0.0609299549387461933
0.0730730730730699968, 0.0569426010820594380
0.0755755755755800063, 0.0533457478916840727
0.0780780780780799960, 0.0500902658490680469
0.0805805805805799996, 0.0471345197273343591
0.0830830830830800032, 0.0444430381020651522
0.0855855855855899988, 0.0419854504349033847
0.0880880880880900025, 0.0397356319690882129
0.0905905905905900061, 0.0376710112793800511
0.0930930930930899958, 0.0357720060631063347
0.0955955955956000053, 0.0340215607368538064
0.0980980980980999950, 0.0324047653783336373
0.1006006006005999986, 0.0309085400645425987
0.1031031031031000023, 0.0295213720902801624
0.1056056056056000059, 0.0282330961823523442
0.1081081081080999956, 0.0270347098555804612
0.1106106106105999992, 0.0259182176343862244
0.1131131131131000028, 0.0248764990970110900
0.1156156156156000064, 0.0239031966692527763
0.1181181181180999962, 0.0229926198615685029
0.1206206206205999998, 0.0221396632532143041
0.1231231231231000034, 0.0213397360144640461
0.1256256256256000070, 0.0205887011493885996
0.1281281281281000106, 0.0198828229575444965
0.1306306306305999865, 0.0192187214689633692
0.1331331331330999901, 0.0185933328152807012
0.1356356356355999937, 0.0180038746702473745
0.1381381381380999973, 0.0174478160327303997
0.1406406406406000009, 0.0169228507405449237
0.1431431431431000045, 0.0164268741987552910
0.1456456456456000081, 0.0159579628851695306
0.1481481481481000118, 0.0155143562616111702
0.1506506506506999910, 0.0150944407745783847
0.1531531531531999946, 0.0146967356750217701
0.1556556556556999982, 0.0143198804257490698
0.1581581581582000018, 0.0139626234976642158
0.1606606606607000054, 0.0136238123837018402
0.1631631631632000090, 0.0133023846827703060
0.1656656656657000126, 0.0129973601259590552
0.1681681681681999885, 0.0127078334342693409
0.1706706706706999921, 0.0124329679116614005
0.1731731731731999957, 0.0121719896896656000
0.1756756756756999993, 0.0119241825505040436
0.1781781781782000029, 0.0116888832648806753
0.1806806806807000065, 0.0114654773885489343
0.1831831831832000101, 0.0112533954686439095
0.1856856856857000138, 0.0110521096167289293
0.1881881881881999896, 0.0108611304106893507
0.1906906906906999932, 0.0106800040921190241
0.1931931931931999968, 0.0105083100297858889
0.1956956956957000004, 0.0103456584232102140
0.1981981981982000041, 0.0101916882234129522
0.2007007007007000077, 0.0100460652505506565
0.2032032032032000113, 0.0099084804904964255
0.2057057057056999871, 0.0097786485544985001
0.2082082082081999908, 0.0096563062878843933
0.2107107107106999944, 0.0095412115154118425
0.2132132132131999980, 0.0094331419123258667
0.2157157157157000016, 0.0093318939914872889
0.2182182182182000052, 0.0092372821981137731
0.2207207207207000088, 0.0091491381047378358
0.2232232232232000124, 0.0090673096999532767
0.2257257257256999883, 0.0089916607654071633
0.2282282282281999919, 0.0089220703363106849
0.2307307307306999955, 0.0088584322415015265
0.2332332332331999991, 0.0088006547198026704
0.2357357357357000027, 0.0087486601100977644
0.2382382382382000063, 0.0087023846131907868
0.2407407407407000099, 0.0086617781241457685
0.2432432432432000136, 0.0086268041344199284
0.2457457457456999894, 0.0085974397037185402
0.2482482482481999930, 0.0085736755021206985
0.2507507507508000000, 0.0085555159236606303
0.2532532532533000036, 0.0085429792732077178
0.2557557557558000072, 0.0085360980291801728
0.2582582582583000108, 0.0085349191853618927
0.2607607607608000144, 0.0085395046758810680
0.2632632632633000180, 0.0085499318882649028
0.2657657657658000216, 0.0085662942704213020
0.2682682682683000253, 0.0085887020384313156
0.2707707707707999734, 0.0086172829931836746
0.2732732732732999770, 0.0086521834551654443
0.2757757757757999806, 0.0086935693281645944
0.2782782782782999842, 0.0087416273042691013
0.2807807807807999878, 0.0087965662243952251
0.2832832832832999914, 0.0088586186106831607
0.2857857857857999950, 0.0089280423895057599
0.2882882882882999986, 0.0090051228265984242
0.2907907907908000023, 0.0090901746989982529
0.2932932932933000059, 0.0091835447321517057
0.2957957957958000095, 0.0092856143348019199
0.2982982982983000131, 0.0093968026692042312
0.3008008008008000167, 0.0095175700999685815
0.3033033033033000203, 0.0096484220715435040
0.3058058058058000239, 0.0097899134722206280
0.3083083083083000275, 0.0099426535517758985
0.3108108108107999756, 0.0101073114707424458
0.3133133133132999792, 0.0102846225721600210
0.3158158158157999829, 0.0104753954818704552
0.3183183183182999865, 0.0106805201615184087
0.3208208208207999901, 0.0109009770599820359
0.3233233233232999937, 0.0111378475347461009
0.3258258258257999973, 0.0113923257456713563
0.3283283283283000009, 0.0116657322608669997
0.3308308308308000045, 0.0119595296593811851
0.3333333333333000081, 0.0122753404700076743
0.3358358358358000118, 0.0126149678519496683
0.3383383383383000154, 0.0129804195042871849
0.3408408408408000190, 0.0133739353908507302
0.3433433433433000226, 0.0137980199899281758
0.3458458458458000262, 0.0142554799302949294
0.3483483483482999743, 0.0147494680641939747
0.3508508508509000090, 0.0152835352642986706
0.3533533533534000126, 0.0158616915286899224
0.3558558558559000162, 0.0164884783529957446
0.3583583583584000198, 0.0171690548052902646
0.3608608608609000235, 0.0179093003480565414
0.3633633633634000271, 0.0187159382340190139
0.3658658658658999752, 0.0195966843151094208
0.3683683683683999788, 0.0205604274227975323
0.3708708708708999824, 0.0216174492087254748
0.3733733733733999860, 0.0227796936228893618
0.3758758758758999896, 0.0240610992566272150
0.3783783783783999932, 0.0254780118777569592
0.3808808808808999968, 0.0270497000469858209
0.3833833833834000004, 0.0287990043222630110
0.3858858858859000041, 0.0307531610984299632
0.3883883883884000077, 0.0329448568756219307
0.3908908908909000113, 0.0354135896222843513
0.3933933933934000149, 0.0382074438161080845
0.3958958958959000185, 0.0413854292116863642
0.3983983983984000221, 0.0450205974592550462
0.4009009009009000257, 0.0492042466576424822
0.4034034034033999738, 0.0540516701098944508
0.4059059059058999774, 0.0597101324375958198
0.4084084084083999810, 0.0663701155941285176
0.4109109109108999847, 0.0742814594381398657
0.4134134134133999883, 0.0837769879634320258
0.4159159159158999919, 0.0953078612006414971
0.4184184184183999955, 0.1094977932039339907
0.4209209209208999991, 0.1272285556648776461
0.4234234234234000027, 0.1497791739304984993
0.4259259259259000063, 0.1790609665879006607
0.4284284284284000099, 0.2180316399496139979
0.4309309309309000136, 0.2714622084728669504
0.4334334334334000172, 0.3474445432547439427
0.4359359359359000208, 0.4605766461618786556
0.4384384384384000244, 0.6393201989449537326
0.4409409409408999725, 0.9450147316432077060
0.4434434434433999761, 1.5286115497907530880
0.4459459459458999797, 2.8335748753532854494
0.4484484484483999833, 6.4557460472313543676
0.4509509509510000180, 16.5244574604324512279
0.4534534534535000216, 14.3003458285698101804
0.4559559559560000253, 5.4608891028020050129
0.4584584584584999734, 2.5006827607089889831
0.4609609609609999770, 1.3891678509411926612
0.4634634634634999806, 0.8753117553344793578
0.4659659659659999842, 0.5999037761145301628
0.4684684684684999878, 0.4362253344089478402
0.4709709709709999914, 0.3313732788495460380
0.4734734734734999950, 0.2602986350426252371
0.4759759759759999986, 0.2099528168771112591
0.4784784784785000022, 0.1730138684107361824
0.4809809809810000059, 0.1451219777953141055
0.4834834834835000095, 0.1235523704184062072
0.4859859859860000131, 0.1065322814198917389
0.4884884884885000167, 0.0928685646455677388
0.4909909909910000203, 0.0817345827984373441
0.4934934934935000239, 0.0725431086425990107
0.4959959959960000275, 0.0648677756375058978
0.4984984984984999756, 0.0583930038117351780
0.5010010010009999792, 0.0528811961660094684
0.5035035035035000384, 0.0481507238910360499
0.5060060060059999865, 0.0440608304732462500
0.5085085085085000456, 0.0405010782107468881
0.5110110110109999937, 0.0373838405149556491
0.5135135135135000528, 0.0346388758161261731
0.5160160160160000009, 0.0322093489930963539
0.5185185185184999490, 0.0300488754485698714
0.5210210210210000081, 0.0281192982133895431
0.5235235235234999562, 0.0263889975371293592
0.5260260260260000154, 0.0248315920764131844
0.5285285285284999635, 0.0234249313690364711
0.5310310310310000226, 0.0221503072816174942
0.5335335335334999707, 0.0209918316988078821
0.5360360360360000298, 0.0199359415855825707
0.5385385385384999779, 0.0189710024841427682
0.5410410410410000370, 0.0180869886969073149
0.5435435435434999851, 0.0172752236660385985
0.5460460460460000442, 0.0165281679433344417
0.5485485485484999924, 0.0158392450377086262
0.5510510510510999715, 0.0152026976015223400
0.5535535535536000307, 0.0146134680636360401
0.5560560560560999788, 0.0140670990736000753
0.5585585585586000379, 0.0135596500871682756
0.5610610610610999860, 0.0130876271706267602
0.5635635635636000451, 0.0126479236834258404
0.5660660660660999932, 0.0122377699546333193
0.5685685685686000523, 0.0118546904281418460
0.5710710710711000004, 0.0114964670364061244
0.5735735735735999485, 0.0111611077894285884
0.5760760760761000077, 0.0108468197474402908
0.5785785785785999558, 0.0105519856919522679
0.5810810810811000149, 0.0102751439280612290
0.5835835835835999630, 0.0100149707468770478
0.5860860860861000221, 0.0097702651552088286
0.5885885885885999702, 0.0095399355437319772
0.5910910910911000293, 0.0093229880175372364
0.5935935935935999774, 0.0091185161564285057
0.5960960960961000366, 0.0089256920083306598
0.5985985985985999847, 0.0087437581490805837
0.6011011011011000438, 0.0085720206668156353
0.6036036036035999919, 0.0084098429500377488
0.6061061061061000510, 0.0082566401759395121
0.6086086086085999991, 0.0081118744103151376
0.6111111111110999472, 0.0079750502428192951
0.6136136136136000063, 0.0078457108918680261
0.6161161161160999544, 0.0077234347224156268
0.6186186186186000135, 0.0076078321274499509
0.6211211211210999616, 0.0074985427305412746
0.6236236236236000208, 0.0073952328723335802
0.6261261261260999689, 0.0072975933486295929
0.6286286286286000280, 0.0072053373718139607
0.6311311311310999761, 0.0071181987308851120
0.6336336336336000352, 0.0070359301284103988
0.6361361361360999833, 0.0069583016753528449
0.6386386386386000424, 0.0068850995270012807
0.6411411411410999905, 0.0068161246452192259
0.6436436436436000497, 0.0067511916739545763
0.6461461461460999978, 0.0066901279164579726
0.6486486486485999459, 0.0066327724039734436
0.6511511511512000361, 0.0065789750468165402
0.6536536536536999842, 0.0065285958597651253
0.6561561561562000433, 0.0064815042545749608
0.6586586586586999914, 0.0064375783932128800
0.6611611611612000505, 0.0063967045960881246
0.6636636636636999986, 0.0063587768001698054
0.6661661661661999467, 0.0063236960624153075
0.6686686686687000059, 0.0062913701044100025
0.6711711711711999540, 0.0062617128945403524
0.6736736736737000131, 0.0062346442643970417
0.6761761761761999612, 0.0062100895564381102
0.6786786786787000203, 0.0061879793002388214
0.6811811811811999684, 0.0061682489149200003
0.6836836836837000275, 0.0061508384355831620
0.6861861861861999756, 0.0061356922617925615
0.6886886886887000347, 0.0061227589263340553
0.6911911911911999828, 0.0061119908826509483
0.6936936936937000420, 0.0061033443095101008
0.6961961961961999901, 0.0060967789315892473
0.6986986986987000492, 0.0060922578548007339
0.7012012012011999973, 0.0060897474152789583
0.7037037037036999454, 0.0060892170410601978
0.7062062062062000045, 0.0060906391255753489
0.7087087087086999526, 0.0060939889121594355
0.7112112112112000117, 0.0060992443888575323
0.7137137137136999598, 0.0061063861928757146
0.7162162162162000190, 0.0061153975240886846
0.7187187187186999671, 0.0061262640670733063
0.7212212212212000262, 0.0061389739211901544
0.7237237237236999743, 0.0061535175382837360
0.7262262262262000334, 0.0061698876676168348
0.7287287287286999815, 0.0061880793076958471
0.7312312312312000406, 0.0062080896646823838
0.7337337337336999887, 0.0062299181171222295
0.7362362362362000479, 0.0062535661867561040
0.7387387387386999960, 0.0062790375152081629
0.7412412412412000551, 0.0063063378463777010
0.7437437437437000032, 0.0063354750143875625
0.7462462462461999513, 0.0063664589369695568
0.7487487487487000104, 0.0063993016141926547
0.7512512512512999896, 0.0064340171324644953
0.7537537537538000487, 0.0064706216737605762
0.7562562562562999968, 0.0065091335300588565
0.7587587587587999449, 0.0065495731229803832
0.7612612612613000040, 0.0065919630286592115
0.7637637637637999521, 0.0066363280078874289
0.7662662662663000113, 0.0066826950416036916
0.7687687687687999594, 0.0067310933718164106
0.7712712712713000185, 0.0067815545480759592
0.7737737737737999666, 0.0068341124796337527
0.7762762762763000257, 0.0068888034934504955
0.7787787787787999738, 0.0069456663982408124
0.7812812812813000329, 0.0070047425547677001
0.7837837837837999810, 0.0070660759526273128
0.7862862862863000402, 0.0071297132937932581
0.7887887887887999883, 0.0071957040832195517
0.7912912912913000474, 0.0072641007268332263
0.7937937937937999955, 0.0073349586372813240
0.7962962962963000546, 0.0074083363478329202
0.7987987987988000027, 0.0074842956348751682
0.8013013013012999508, 0.0075629016494835073
0.8038038038038000099, 0.0076442230585901834
0.8063063063062999580, 0.0077283321963227446
0.8088088088088000172, 0.0078153052261353412
0.8113113113112999653, 0.0079052223144108341
0.8138138138138000244, 0.0079981678162716792
0.8163163163162999725, 0.0080942304744021851
0.8188188188188000316, 0.0081935036317553108
0.8213213213212999797, 0.0082960854590935686
0.8238238238238000388, 0.0084020791983969480
0.8263263263262999869, 0.0085115934232615764
0.8288288288288000460, 0.0086247423175119815
0.8313313313312999941, 0.0087416459733581156
0.8338338338338000533, 0.0088624307105468186
0.8363363363363000014, 0.0089872294180872621
0.8388388388387999495, 0.0091161819202720800
0.8413413413413000086, 0.0092494353688725543
0.8438438438437999567, 0.0093871446635572370
0.8463463463463000158, 0.0095294729027730826
0.8488488488487999639, 0.0096765918675356128
0.8513513513514000541, 0.0098286825408041081
0.8538538538539000022, 0.0099859356653712733
0.8563563563563999503, 0.0101485523434756940
0.8588588588589000095, 0.0103167446816555802
0.8613613613613999576, 0.0104907364847040257
0.8638638638639000167, 0.0106707640029659288
0.8663663663663999648, 0.0108570767376380602
0.8688688688689000239, 0.0110499383092010836
0.8713713713713999720, 0.0112496273946338047
0.8738738738739000311, 0.0114564387396387211
0.8763763763763999792, 0.0116706842527543840
0.8788788788789000384, 0.0118926941889519085
0.8813813813813999865, 0.0121228184311180064
0.8838838838839000456, 0.0123614278787305652
0.8863863863863999937, 0.0126089159540425690
0.8888888888889000528, 0.0128657002372249002
0.8913913913914000009, 0.0131322242431932447
0.8938938938938999490, 0.0134089593542772150
0.8963963963964000081, 0.0136964069245062436
0.8988988988988999562, 0.0139951005731089595
0.9014014014014000153, 0.0143056086868820504
0.9039039039038999634, 0.0146285371534166757
0.9064064064064000226, 0.0149645323498104697
0.9089089089088999707, 0.0153142844144946652
0.9114114114114000298, 0.0156785308332148196
0.9139139139138999779, 0.0160580603740890053
0.9164164164164000370, 0.0164537174111005421
0.9189189189188999851, 0.0168664066804470845
0.9214214214214000442, 0.0172970985199715904
0.9239239239238999923, 0.0177468346485549835
0.9264264264264000515, 0.0182167345500010049
0.9289289289288999996, 0.0187080025347555814
0.9314314314313999477, 0.0192219355629690281
0.9339339339339000068, 0.0197599319241708662
0.9364364364363999549, 0.0203235008824525012
0.9389389389389000140, 0.0209142734118821991
0.9414414414413999621, 0.0215340141653044964
0.9439439439439000212, 0.0221846348411746490
0.9464464464463999693, 0.0228682091382335015
0.9489489489489000285, 0.0235869895173175109
0.9514514514515000076, 0.0243434260242734700
0.9539539539539999558, 0.0251401874688223850
0.9564564564565000149, 0.0259801853025282241
0.9589589589589999630, 0.0268666005963060436
0.9614614614615000221, 0.0278029145859951671
0.9639639639639999702, 0.0287929433357322594
0.9664664664665000293, 0.0298408771660128407
0.9689689689689999774, 0.0309513256099338829
0.9714714714715000365, 0.0321293688015540993
0.9739739739739999846, 0.0333806163700391262
0.9764764764765000438, 0.0347112751191575586
0.9789789789789999919, 0.0361282270224125845
0.9814814814815000510, 0.0376391193705925345
0.9839839839839999991, 0.0392524692847875389
0.9864864864864999472, 0.0409777852717823771
0.9889889889890000063, 0.0428257090731933854
0.9914914914914999544, 0.0448081817744625382
0.9939939939940000135, 0.0469386390334592743
0.9964964964964999616, 0.0492322414115136942
0.9989989989990000208, 0.0517061472086429927
1.0015015015019999023, 0.0543798370076222642
1.0040040040039999170, 0.0572755014357682057
1.0065065065070000205, 0.0604185066165614307
1.0090090090090000352, 0.0638379556188865271
1.0115115115119999167, 0.0675673692106856238
1.0140140140139999314, 0.0716455157863507552
1.0165165165170000350, 0.0761174290182072416
1.0190190190190000497, 0.0810356633590210151
1.0215215215219999312, 0.0864618530930745116
1.0240240240239999459, 0.0924686617670704980
1.0265265265270000494, 0.0991422377950601508
1.0290290290290000641, 0.1065853321347922933
1.0315315315319999456, 0.1149212900751303001
1.0340340340339999603, 0.1242992087001947021
1.0365365365370000639, 0.1349006656757739120
1.0390390390390000785, 0.1469485908873447988
1.0415415415419999601, 0.1607190972280883590
1.0440440440439999747, 0.1765574537686656065
1.0465465465470000783, 0.1948999441474484617
1.0490490490490000930, 0.2163042226009921909
1.0515515515519999745, 0.2414921592575962062
1.0540540540539999892, 0.2714114035411981929
1.0565565565570000928, 0.3073256146979685965
1.0590590590590001074, 0.3509496670336375024
1.0615615615619999890, 0.4046573442145937616
1.0640640640640000036, 0.4718094805168780437
1.0665665665670001072, 0.5572892809088551003
1.0690690690689998998, 0.6684084294705339158
1.0715715715720000034, 0.8165080067586941714
1.0740740740740000181, 1.0199334196027423083
1.0765765765769998996, 1.3099059016939724742
1.0790790790789999143, 1.7429896526209469609
1.0815815815820000179, 2.4300669399053060893
1.0840840840840000325, 3.6118069602923101868
1.0865865865869999141, 5.8861211974057869867
1.0890890890889999287, 11.0315100790851587931
1.0915915915920000323, 25.5092101156881483348
1.0940940940940000470, 64.1598011740863256591
1.0965965965969999285, 50.4505539860063123569
1.0990990990989999432, 19.2665540609459604582
1.1016016016020000468, 8.9442553792561731996
1.1041041041040000614, 5.0133752497669465953
1.1066066066069999430, 3.1765524302881700258
1.1091091091089999576, 2.1848047078681345212
1.1116116116120000612, 1.5923225968339644876
1.1141141141140000759, 1.2113368108095474707
1.1166166166169999574, 0.9523501146162354214
1.1191191191189999721, 0.7685031966148683225
1.1216216216220000756, 0.6333959369853752186
1.1241241241240000903, 0.5312574677628645325
1.1266266266269999718, 0.4522050773921747480
1.1291291291289999865, 0.3897946787799500545
1.1316316316320000901, 0.3396810084243778727
1.1341341341340001048, 0.2988488024905332496
1.1366366366369999863, 0.2651531986987464284
1.1391391391390000010, 0.2370351219499059470
1.1416416416420001045, 0.2133395265105609007
1.1441441441439998972, 0.1931961420192266909
1.1466466466470000007, 0.1759393321086530071
1.1491491491490000154, 0.1610530744540557557
1.1516516516519998969, 0.1481324564906117414
1.1541541541539999116, 0.1368562593298872643
1.1566566566570000152, 0.1269671287560739936
1.1591591591590000299, 0.1182570281787492517
1.1616616616619999114, 0.1105564273711404366
1.1641641641639999261, 0.1037261721362606054
1.1666666666670000296, 0.0976513039656164289
1.1691691691690000443, 0.0922363159431103530
1.1716716716719999258, 0.0874014790585281587
1.1741741741739999405, 0.0830799753032011312
1.1766766766770000441, 0.0792156455207025240
1.1791791791790000588, 0.0757612108041319232
1.1816816816819999403, 0.0726768627643790133
1.1841841841839999550, 0.0699291445986834209
1.1866866866870000585, 0.0674900645329604698
1.1891891891890000732, 0.0653363979461158290
1.1916916916919999547, 0.0634491457532238567
1.1941941941939999694, 0.0618131254651279050
1.1966966966970000730, 0.0604166785247168547
1.1991991991990000876, 0.0592514836427594643
1.2017017017019999692, 0.0583124714156445165
1.2042042042039999838, 0.0575978409574037301
1.2067067067070000874, 0.0571091850831574183
1.2092092092090001021, 0.0568517372733235854
1.2117117117119999836, 0.0568347619017356906
1.2142142142139999983, 0.0570721199433684295
1.2167167167170001019, 0.0575830569006053755
1.2192192192189998945, 0.0583932799445568557
1.2217217217219999981, 0.0595364202166839968
1.2242242242240000127, 0.0610560184750771340
1.2267267267269998943, 0.0630082351017497849
1.2292292292289999089, 0.0654655807477594609
1.2317317317320000125, 0.0685221111784079795
1.2342342342340000272, 0.0723007623874426658
1.2367367367369999087, 0.0769638774197372727
1.2392392392389999234, 0.0827285974156928006
1.2417417417420000270, 0.0898898451990272074
1.2442442442440000416, 0.0988554794289004113
1.2467467467469999232, 0.1102015490015152421
1.2492492492489999378, 0.1247618861685541036
1.2517517517520000414, 0.1437786771990947898
1.2542542542540000561, 0.1691662656561689349
1.2567567567569999376, 0.2039965028897400834
1.2592592592589999523, 0.2534452393742592236
1.2617617617620000559, 0.3267727720747137243
1.2642642642640000705, 0.4418432674376992497
1.2667667667669999521, 0.6366258249390011059
1.2692692692689999667, 1.0028388927299722866
1.2717717717720000703, 1.8034052266581179769
1.2742742742740000850, 3.9641373642954960133
1.2767767767769999665, 10.3133009111524245327
1.2792792792789999812, 10.8718470417393611172
1.2817817817820000847, 4.2118295689048759201
1.2842842842840000994, 1.8862751074822874386
1.2867867867869999809, 1.0375325744843384435
1.2892892892889999956, 0.6539369549562226158
1.2917917917920000992, 0.4516026509808877543
1.2942942942939998918, 0.3327791359671987692
1.2967967967969999954, 0.2573972203098613964
1.2992992992990000101, 0.2067438653987133113
1.3018018018019998916, 0.1711742513720201919
1.3043043043039999063, 0.1453224273854908932
1.3068068068070000098, 0.1260160567074892490
1.3093093093090000245, 0.1112849973216684385
1.3118118118119999060, 0.0998550869527983498
1.3143143143139999207, 0.0908739972362653803
1.3168168168170000243, 0.0837552584308771109
1.3193193193190000390, 0.0780857241319905526
1.3218218218219999205, 0.0735686708703717218
1.3243243243239999352, 0.0699877158881341832
1.3268268268270000387, 0.0671833245756985886
1.3293293293290000534, 0.0650371703880517765
1.3318318318319999349, 0.0634615330551949186
1.3343343343339999496, 0.0623920172295117439
1.3368368368370000532, 0.0617825186831755593
1.3393393393390000679, 0.0616017559792443881
1.3418418418419999494, 0.0618309294147035005
1.3443443443439999641, 0.0624622261882080559
1.3468468468470000676, 0.0634979961192995990
1.3493493493490000823, 0.0649504968886982920
1.3518518518519999638, 0.0668421650314237614
1.3543543543539999785, 0.0692064179787820893
1.3568568568570000821, 0.0720890405016852143
1.3593593593590000967, 0.0755502626928555021
1.3618618618619999783, 0.0796677037837169866
1.3643643643639999929, 0.0845404467376332236
1.3668668668670000965, 0.0902946374769532378
1.3693693693689998891, 0.0970911927287174681
1.3718718718719999927, 0.1051364888331902253
1.3743743743740000074, 0.1146973520031296101
1.3768768768770001110, 0.1261223835949412397
1.3793793793789999036, 0.1398728165084132946
1.3818818818820000072, 0.1565680442800226890
1.3843843843840000218, 0.1770543143629667859
1.3868868868869999034, 0.2025110314101515319
1.3893893893889999180, 0.2346200833588504842
1.3918918918920000216, 0.2758446329461343161
1.3943943943940000363, 0.3299060415984382821
1.3968968968969999178, 0.4026369911641250465
1.3993993993989999325, 0.5035902256137235744
1.4019019019020000361, 0.6492702289197640475
1.4044044044040000507, 0.8701453904663760675
1.4069069069069999323, 1.2273927976482463809
1.4094094094089999469, 1.8580457776544458959
1.4119119119120000505, 3.1172243306173395005
1.4144144144140000652, 6.1200494086880814493
1.4169169169169999467, 15.0173337229627108513
1.4194194194189999614, 32.5518658058153960155
1.4219219219220000650, 17.8850718980861600471
1.4244244244240000796, 7.0375987026441544359
1.4269269269269999612, 3.4599910217534159962
1.4294294294289999758, 2.0149631421130314024
1.4319319319320000794, 1.3099796028891610433
1.4344344344340000941, 0.9177464437723141799
1.4369369369369999756, 0.6782827428704204520
1.4394394394389999903, 0.5217555372090812993
1.4419419419420000938, 0.4139722283000055181
1.4444444444440001085, 0.3366538097152060871
1.4469469469469999900, 0.2793306925406330854
1.4494494494490000047, 0.2356642415905223775
1.4519519519520001083, 0.2016381242982884514
1.4544544544539999009, 0.1746089204648067494
1.4569569569570000045, 0.1527799030988702955
1.4594594594590000192, 0.1348956527258490246
1.4619619619619999007, 0.1200577220041508519
1.4644644644639999154, 0.1076095172868492822
1.4669669669670000189, 0.0970622374493213813
1.4694694694690000336, 0.0880459623278558728
1.4719719719719999151, 0.0802765905346201625
1.4744744744739999298, 0.0735330214428066425
1.4769769769770000334, 0.0676411101751630550
1.4794794794790000481, 0.0624621929693279371
1.4819819819819999296, 0.0578847541597509313
1.4844844844839999443, 0.0538182893102829296
1.4869869869870000478, 0.0501887273596277467
1.4894894894890000625, 0.0469349752110051824
1.4919919919919999440, 0.0440062810162948834
1.4944944944939999587, 0.0413602018137700644
1.4969969969970000623, 0.0389610222837264500
1.4994994994990000770, 0.0367785137374950985
1.5020020020019999585, 0.0347869521931140624
1.5045045045050000621, 0.0329643355266938456
1.5070070070070000767, 0.0312917548814615060
1.5095095095099999583, 0.0297528865538585277
1.5120120120119999729, 0.0283335786745147963
1.5145145145150000765, 0.0270215129996931695
1.5170170170170000912, 0.0258059266099751397
1.5195195195199999727, 0.0246773816888463393
1.5220220220219999874, 0.0236275741170768536
1.5245245245250000909, 0.0226491735794091265
1.5270270270270001056, 0.0217356893903334070
1.5295295295299999871, 0.0208813574168460261
1.5320320320320000018, 0.0200810443899608893
1.5345345345350001054, 0.0193301666142149282
1.5370370370369998980, 0.0186246206508875779
1.5395395395400000016, 0.0179607240003954241
1.5420420420420000163, 0.0173351641682417540
1.5445445445449998978, 0.0167449547867618252
1.5470470470469999125, 0.0161873976969011853
1.5495495495500000160, 0.0156600500820687390
1.5520520520520000307, 0.0151606958988235296
1.5545545545549999122, 0.0146873209738547002
1.5570570570569999269, 0.0142380912389439007
1.5595595595600000305, 0.0138113336597485512
1.5620620620620000452, 0.0134055194837506449
1.5645645645649999267, 0.0130192494903483089
1.5670670670669999414, 0.0126512409740140302
1.5695695695700000449, 0.0123003162314613904
1.5720720720720000596, 0.0119653923572814146
1.5745745745749999411, 0.0116454721806585060
1.5770770770769999558, 0.0113396361994970996
1.5795795795800000594, 0.0110470353883332338
1.5820820820820000741, 0.0107668847733852560
1.5845845845849999556, 0.0104984576825306337
1.5870870870869999703, 0.0102410805902846628
1.5895895895900000738, 0.0099941284883553645
1.5920920920920000885, 0.0097570207213368947
1.5945945945949999700, 0.0095292172348139942
1.5970970970969999847, 0.0093102151897869901
1.5995995996000000883, 0.0090995459030436768
1.6021021021020001029, 0.0088967720780463496
1.6046046046049999845, 0.0087014852951810932
1.6071071071069999991, 0.0085133037339258054
1.6096096096100001027, 0.0083318701027224641
1.6121121121119998953, 0.0081568497551474280
1.6146146146149999989, 0.0079879289734267889
1.6171171171170000136, 0.0078248134024875762
1.6196196196199998951, 0.0076672266196132601
1.6221221221219999098, 0.0075149088264195463
1.6246246246250000134, 0.0073676156513140852
1.6271271271270000280, 0.0072251170518783442
1.6296296296299999096, 0.0070871963077334815
1.6321321321319999242, 0.0069536490954445942
1.6346346346350000278, 0.0068242826378951630
1.6371371371370000425, 0.0066989149213411824
1.6396396396399999240, 0.0065773739740440200
1.6421421421419999387, 0.0064594972009936365
1.6446446446450000423, 0.0063451307697789047
1.6471471471470000569, 0.0062341290431471479
1.6496496496499999385, 0.0061263540542281069
1.6521521521519999531, 0.0060216750207842569
1.6546546546550000567, 0.0059199678951953006
1.6571571571570000714, 0.0058211149471943070
1.6596596596599999529, 0.0057250043766506236
1.6621621621619999676, 0.0056315299539438264
1.6646646646650000712, 0.0055405906856969191
1.6671671671670000858, 0.0054520905038383883
1.6696696696699999674, 0.0053659379761441476
1.6721721721719999820, 0.0052820460365739594
1.6746746746750000856, 0.0052003317338645419
1.6771771771770001003, 0.0051207159969749423
1.6796796796799999818, 0.0050431234161004189
1.6821821821819999965, 0.0049674820380802426
1.6846846846850001000, 0.0048937231751238399
1.6871871871869998927, 0.0048217812258694870
1.6896896896899999962, 0.0047515935078712504
1.6921921921920000109, 0.0046831001006840036
1.6946946946949998924, 0.0046162436987837079
1.6971971971969999071, 0.0045509694736215502
1.6996996997000000107, 0.0044872249441664054
1.7022022022020000254, 0.0044249598553411373
1.7047047047049999069, 0.0043641260638047734
1.7072072072069999216, 0.0043046774305751543
1.7097097097100000251, 0.0042465697200255274
1.7122122122120000398, 0.0041897605048241589
1.7147147147149999213, 0.0041342090764186325
1.7172172172169999360, 0.0040798763606963622
1.7197197197200000396, 0.0040267248384802598
1.7222222222220000543, 0.0039747184705436521
1.7247247247249999358, 0.0039238226268516266
1.7272272272269999505, 0.0038740040197572474
1.7297297297300000540, 0.0038252306409005893
1.7322322322320000687, 0.0037774717015765669
1.7347347347349999502, 0.0037306975763540438
1.7372372372369999649, 0.0036848797497440414
1.7397397397400000685, 0.0036399907657289014
1.7422422422420000832, 0.0035960041799772938
1.7447447447449999647, 0.0035528945145819556
1.7472472472469999794, 0.0035106372151681451
1.7497497497500000829, 0.0034692086102310702
1.7522522522520000976, 0.0034285858725700458
1.7547547547549999791, 0.0033887469826959209
1.7572572572569999938, 0.0033496706940964733
1.7597597597600000974, 0.0033113365002520280
1.7622622622619998900, 0.0032737246033005497
1.7647647647649999936, 0.0032368158842579695
1.7672672672670000082, 0.0032005918747055580
1.7697697697699998898, 0.0031650347298617194
1.7722722722719999044, 0.0031301272029608885
1.7747747747750000080, 0.0030958526208669439
1.7772772772770000227, 0.0030621948608531820
1.7797797797799999042, 0.0030291383284850163
1.7822822822819999189, 0.0029966679365455279
1.7847847847850000225, 0.0029647690849476278
1.7872872872870000371, 0.0029334276415799981
1.7897897897899999187, 0.0029026299240371553
1.7922922922919999333, 0.0028723626821869470
1.7947947947950000369, 0.0028426130815315514
1.7972972972970000516, 0.0028133686873206554
1.7997997997999999331, 0.0027846174493778852
1.8023023023019999478, 0.0027563476876038351
1.8048048048050000514, 0.0027285480781211601
1.8073073073070000660, 0.0027012076400291666
1.8098098098099999476, 0.0026743157227372017
1.8123123123119999622, 0.0026478619938478760
1.8148148148150000658, 0.0026218364275627840
1.8173173173170000805, 0.0025962292935849045
1.8198198198199999620, 0.0025710311464933189
1.8223223223219999767, 0.0025462328155672061
1.8248248248250000803, 0.0025218253950373445
1.8273273273270000949, 0.0024978002347445477
1.8298298298299999765, 0.0024741489311855564
1.8323323323319999911, 0.0024508633189279654
1.8348348348350000947, 0.0024279354623767593
1.8373373373370001094, 0.0024053576478759312
1.8398398398399999909, 0.0023831223761295660
1.8423423423420000056, 0.0023612223549275531
1.8448448448450001091, 0.0023396504921619002
1.8473473473469999018, 0.0023183998891203239
1.8498498498500000053, 0.0022974638340444858
1.8523523523520000200, 0.0022768357959409105
1.8548548548549999015, 0.0022565094186331900
1.8573573573569999162, 0.0022364785150446988
1.8598598598600000198, 0.0022167370617015630
1.8623623623620000345, 0.0021972791934461357
1.8648648648649999160, 0.0021780991983517410
1.8673673673669999307, 0.0021591915128298857
1.8698698698700000342, 0.0021405507169215666
1.8723723723720000489, 0.0021221715297647338
1.8748748748749999304, 0.0021040488052303363
1.8773773773769999451, 0.0020861775277197505
1.8798798798800000487, 0.0020685528081167389
1.8823823823820000634, 0.0020511698798874110
1.8848848848849999449, 0.0020340240953219762
1.8873873873869999596, 0.0020171109219123528
1.8898898898900000631, 0.0020004259388600202
1.8923923923920000778, 0.0019839648337086919
1.8948948948949999593, 0.0019677233990967246
1.8973973973969999740, 0.0019516975296243414
1.8998998999000000776, 0.0019358832188310230
1.9024024024020000923, 0.0019202765562786016
1.9049049049049999738, 0.0019048737247358155
1.9074074074069999885, 0.0018896709974602665
1.9099099099100000920, 0.0018746647355739054
1.9124124124120001067, 0.0018598513855283441
1.9149149149149999882, 0.0018452274766564639
1.9174174174170000029, 0.0018307896188069395
1.9199199199200001065, 0.0018165345000584470
1.9224224224219998991, 0.0018024588845104699
1.9249249249250000027, 0.0017885596101477590
1.9274274274270000173, 0.0017748335867756059
1.9299299299299998989, 0.0017612777940232481
1.9324324324319999135, 0.0017478892794128001
1.9349349349350000171, 0.0017346651564912529
1.9374374374370000318, 0.0017216026030231625
1.9399399399399999133, 0.0017086988592417605
1.9424424424419999280, 0.0016959512261563185
1.9449449449450000316, 0.0016833570639136735
1.9474474474470000462, 0.0016709137902119349
1.9499499499499999278, 0.0016586188787644459
1.9524524524519999424, 0.0016464698578121757
1.9549549549550000460, 0.0016344643086827805
1.9574574574570000607, 0.0016225998643946520
1.9599599599599999422, 0.0016108742083043360
1.9624624624619999569, 0.0015992850727957590
1.9649649649650000605, 0.0015878302380097950
1.9674674674670000751, 0.0015765075306127265
1.9699699699699999567, 0.0015653148226022330
1.9724724724719999713, 0.0015542500301495934
1.9749749749750000749, 0.0015433111124768381
1.9774774774770000896, 0.0015324960707676243
1.9799799799799999711, 0.0015218029471106875
1.9824824824819999858, 0.0015112298234747274
1.9849849849850000894, 0.0015007748207136636
1.9874874874870001040, 0.0014904360976012215
1.9899899899899999856, 0.0014802118498938490
1.9924924924920000002, 0.0014701003094210081
1.9949949949950001038, 0.0014600997432019256
1.9974974974969998964, 0.0014502084525879031
2.0000000000000000000, 0.0014404247724293495
