# k1_lab: [1, 0, 0]
# k2_lab: [-0.8660254037844387, 0.49999999999999994, 0.0]
# k1_cf: [-0.6644630243886747, -0.6644630243886747, 0.3420201433256688]
# k2_cf: [0.696364240320019, 0.696364240320019, 0.17364817766693014]
# pol1_lab: [(0, 1, 0), (0, 0, 1)]
# pol2_lab: [array([-0.5      , -0.8660254,  0.       ]), array([0., 0., 1.])]
# pol1_cf: [array([0.24184476, 0.24184476, 0.93969262]), array([-0.70710678,  0.70710678,  0.        ])]
# pol2_cf: [array([ 0.1227878 ,  0.1227878 , -0.98480775]), array([-0.70710678,  0.70710678,  0.        ])]
# cf: [array([-0.66446302,  0.24184476, -0.70710678]), array([-0.66446302,  0.24184476,  0.70710678]), array([0.34202014, 0.93969262, 0.        ])]
# th: 70
-0.5000000000000000000, 0.0016114007474638016
-0.4974974974974999964, 0.0016253021070384069
-0.4949949949949999928, 0.0016394026017058526
-0.4924924924924999892, 0.0016537061977848324
-0.4899899899899999856, 0.0016682169622090600
-0.4874874874874999819, 0.0016829390656219120
-0.4849849849849999783, 0.0016978767855829280
-0.4824824824824999747, 0.0017130345098908140
-0.4799799799800000266, 0.0017284167400278307
-0.4774774774775000230, 0.0017440280947306416
-0.4749749749750000194, 0.0017598733136929830
-0.4724724724725000158, 0.0017759572614057411
-0.4699699699700000122, 0.0017922849311402935
-0.4674674674675000086, 0.0018088614490812799
-0.4649649649650000049, 0.0018256920786152259
-0.4624624624625000013, 0.0018427822247818020
-0.4599599599599999977, 0.0018601374388947890
-0.4574574574574999941, 0.0018777634233402059
-0.4549549549549999905, 0.0018956660365594090
-0.4524524524524999869, 0.0019138512982253485
-0.4499499499499000077, 0.0019323253946206252
-0.4474474474474000041, 0.0019510946842263561
-0.4449449449449000005, 0.0019701657035313871
-0.4424424424423999969, 0.0019895451730718256
-0.4399399399398999932, 0.0020092400037114008
-0.4374374374373999896, 0.0020292573031736980
-0.4349349349348999860, 0.0020496043828378838
-0.4324324324323999824, 0.0020702887648101544
-0.4299299299298999788, 0.0020913181892837670
-0.4274274274273999752, 0.0021127006222012015
-0.4249249249249000271, 0.0021344442632327248
-0.4224224224224000235, 0.0021565575540863939
-0.4199199199199000199, 0.0021790491871653116
-0.4174174174174000163, 0.0022019281145888615
-0.4149149149149000126, 0.0022252035575955047
-0.4124124124124000090, 0.0022488850163457077
-0.4099099099099000054, 0.0022729822801446078
-0.4074074074074000018, 0.0022975054381050666
-0.4049049049048999982, 0.0023224648902729697
-0.4024024024023999946, 0.0023478713592378036
-0.3998998998998999910, 0.0023737359022528810
-0.3973973973973999874, 0.0024000699238909580
-0.3948948948948999838, 0.0024268851892624366
-0.3923923923923999801, 0.0024541938378249595
-0.3898898898898999765, 0.0024820083978148270
-0.3873873873873999729, 0.0025103418013324693
-0.3848848848849000248, 0.0025392074001160687
-0.3823823823824000212, 0.0025686189820394939
-0.3798798798799000176, 0.0025985907883727868
-0.3773773773774000140, 0.0026291375318458023
-0.3748748748749000104, 0.0026602744155579923
-0.3723723723724000068, 0.0026920171527799698
-0.3698698698699000031, 0.0027243819876952569
-0.3673673673673999995, 0.0027573857171336071
-0.3648648648648999959, 0.0027910457133504653
-0.3623623623623999923, 0.0028253799479105437
-0.3598598598598999887, 0.0028604070167371192
-0.3573573573573999851, 0.0028961461663925582
-0.3548548548548999815, 0.0029326173216597546
-0.3523523523523999779, 0.0029698411144986094
-0.3498498498497999987, 0.0030078389144565045
-0.3473473473472999951, 0.0030466328606168326
-0.3448448448447999914, 0.0030862458951751580
-0.3423423423422999878, 0.0031267017987385032
-0.3398398398397999842, 0.0031680252274496074
-0.3373373373372999806, 0.0032102417520448127
-0.3348348348347999770, 0.0032533778989615857
-0.3323323323322999734, 0.0032974611936195490
-0.3298298298298000253, 0.0033425202060074180
-0.3273273273273000217, 0.0033885845987173266
-0.3248248248248000181, 0.0034356851775779714
-0.3223223223223000145, 0.0034838539450484521
-0.3198198198198000108, 0.0035331241565463366
-0.3173173173173000072, 0.0035835303798956693
-0.3148148148148000036, 0.0036351085580940525
-0.3123123123123000000, 0.0036878960756123731
-0.3098098098097999964, 0.0037419318284562207
-0.3073073073072999928, 0.0037972562982350254
-0.3048048048047999892, 0.0038539116305031252
-0.3023023023022999856, 0.0039119417176566654
-0.2997997997997999819, 0.0039713922866918471
-0.2972972972972999783, 0.0040323109921530029
-0.2947947947947999747, 0.0040947475146244109
-0.2922922922923000266, 0.0041587536651470245
-0.2897897897898000230, 0.0042243834959709977
-0.2872872872873000194, 0.0042916934180873651
-0.2847847847848000158, 0.0043607423260173198
-0.2822822822823000122, 0.0044315917303758539
-0.2797797797798000086, 0.0045043058987684834
-0.2772772772773000050, 0.0045789520056250393
-0.2747747747748000013, 0.0046556002916245606
-0.2722722722722999977, 0.0047343242334193913
-0.2697697697697999941, 0.0048152007244260560
-0.2672672672672999905, 0.0048983102675155561
-0.2647647647647999869, 0.0049837371805066186
-0.2622622622622999833, 0.0050715698154436203
-0.2597597597597999797, 0.0051619007927262549
-0.2572572572572999761, 0.0052548272512518458
-0.2547547547547999724, 0.0053504511158344713
-0.2522522522523000243, 0.0054488793832781924
-0.2497497497496999896, 0.0055502244286067034
-0.2472472472472000138, 0.0056546043330890326
-0.2447447447447000102, 0.0057621432358526325
-0.2422422422422000066, 0.0058729717110424509
-0.2397397397397000030, 0.0059872271726695613
-0.2372372372371999993, 0.0061050543094972182
-0.2347347347346999957, 0.0062266055525389370
-0.2322322322321999921, 0.0063520415779936626
-0.2297297297296999885, 0.0064815318487218467
-0.2272272272272000126, 0.0066152551976752082
-0.2247247247247000090, 0.0067534004570367848
-0.2222222222222000054, 0.0068961671372106568
-0.2197197197197000018, 0.0070437661602271067
-0.2172172172171999982, 0.0071964206526049885
-0.2147147147146999946, 0.0073543668032446576
-0.2122122122121999910, 0.0075178547925195613
-0.2097097097096999874, 0.0076871497994005908
-0.2072072072072000115, 0.0078625330941941834
-0.2047047047047000079, 0.0080443032253139559
-0.2022022022022000043, 0.0082327773094486578
-0.1996996996997000007, 0.0084282924355512500
-0.1971971971971999971, 0.0086312071942713457
-0.1946946946946999935, 0.0088419033458055352
-0.1921921921921999898, 0.0090607876406695077
-0.1896896896896999862, 0.0092882938096281627
-0.1871871871872000104, 0.0095248847409852566
-0.1846846846847000068, 0.0097710548656672960
-0.1821821821822000032, 0.0100273327730781656
-0.1796796796796999995, 0.0102942840835991180
-0.1771771771771999959, 0.0105725146069185066
-0.1746746746746999923, 0.0108626738191628866
-0.1721721721721999887, 0.0111654586961419684
-0.1696696696697000128, 0.0114816179450056375
-0.1671671671672000092, 0.0118119566823477549
-0.1646646646647000056, 0.0121573416134059253
-0.1621621621622000020, 0.0125187067746483638
-0.1596596596596999984, 0.0128970599108868995
-0.1571571571571999948, 0.0132934895683217043
-0.1546546546546999912, 0.0137091729968633301
-0.1521521521521999876, 0.0141453849689938144
-0.1496496496496000084, 0.0146035076386913480
-0.1471471471471000048, 0.0150850415829890880
-0.1446446446446000011, 0.0155916181911058601
-0.1421421421420999975, 0.0161250135924218413
-0.1396396396395999939, 0.0166871643456606433
-0.1371371371370999903, 0.0172801851484489094
-0.1346346346345999867, 0.0179063888701257480
-0.1321321321321000108, 0.0185683092627218563
-0.1296296296296000072, 0.0192687267672041473
-0.1271271271271000036, 0.0200106979065971698
-0.1246246246246000000, 0.0207975888471995767
-0.1221221221220999964, 0.0216331138172373288
-0.1196196196196000067, 0.0225213792032364635
-0.1171171171171000031, 0.0234669343035667360
-0.1146146146145999994, 0.0244748299128395227
-0.1121121121120999958, 0.0255506861488297016
-0.1096096096096000061, 0.0267007712264192495
-0.1071071071071000025, 0.0279320932449538539
-0.1046046046045999989, 0.0292525075047157315
-0.1021021021020999953, 0.0306708424287352732
-0.0995995995996000055, 0.0321970478689359782
-0.0970970970971000019, 0.0338423704613616053
-0.0945945945945900063, 0.0356195618177621853
-0.0920920920920900027, 0.0375431267716359596
-0.0895895895895899991, 0.0396296207316614718
-0.0870870870870899955, 0.0418980075634074051
-0.0845845845845799998, 0.0443700924966941440
-0.0820820820820799962, 0.0470710485812981944
-0.0795795795795800065, 0.0500300605198480686
-0.0770770770770800029, 0.0532811167565806487
-0.0745745745745699934, 0.0568639901455107385
-0.0720720720720700037, 0.0608254602875395317
-0.0695695695695700000, 0.0652208480437505567
-0.0670670670670699964, 0.0701159567354671526
-0.0645645645645600008, 0.0755895479753553867
-0.0620620620620599972, 0.0817365271771096913
-0.0595595595595600005, 0.0886720809688843203
-0.0570570570570599969, 0.0965371058090945117
-0.0545545545545500013, 0.1055054093748013788
-0.0520520520520499977, 0.1157933780174065647
-0.0495495495495500010, 0.1276731239231209403
-0.0470470470470499974, 0.1414906191052910378
-0.0445445445445400018, 0.1576910986668252912
-0.0420420420420399982, 0.1768552603649806154
-0.0395395395395400015, 0.1997518333732573037
-0.0370370370370399979, 0.2274155415011352432
-0.0345345345345300023, 0.2612654844431201995
-0.0320320320320299987, 0.3032897283299084146
-0.0295295295295299985, 0.3563419507118106289
-0.0270270270270299984, 0.4246349272708219713
-0.0245245245245199993, 0.5145949762555097617
-0.0220220220220199991, 0.6364122780678420632
-0.0195195195195199990, 0.8070143578458359723
-0.0170170170170199989, 1.0561633499056253260
-0.0145145145145099998, 1.4400257733924040071
-0.0120120120120099996, 2.0746274663149200101
-0.0095095095095099995, 3.2298178466935629771
-0.0070070070070070000, 5.6410668235411360882
-0.0045045045045049997, 11.7629526945739399935
-0.0020020020020019998, 30.4327800931604173229
0.0005005005005005000, 48.0234146222850739605
0.0030030030030029999, 20.4469694616536550313
0.0055055055055059999, 8.5394136201655115315
0.0080080080080079993, 4.4366001815365914140
0.0105105105105099995, 2.6755022559460872600
0.0130130130130099997, 1.7788586803918651214
0.0155155155155200005, 1.2649588569710310537
0.0180180180180199989, 0.9444241629226928225
0.0205205205205199991, 0.7315249602910922633
0.0230230230230199992, 0.5831108708758311332
0.0255255255255299983, 0.4756134289530506987
0.0280280280280299984, 0.3953001424905139283
0.0305305305305299986, 0.3337399989115849008
0.0330330330330299987, 0.2855286275034861765
0.0355355355355400013, 0.2470741657306050054
0.0380380380380399979, 0.2159148226342877119
0.0405405405405400016, 0.1903180865386069898
0.0430430430430399982, 0.1690363030026317548
0.0455455455455500008, 0.1511526604546724606
0.0480480480480499975, 0.1359813236950002113
0.0505505505505500011, 0.1230010194427476472
0.0530530530530499977, 0.1118098635687848758
0.0555555555555600003, 0.1020940109480457103
0.0580580580580599970, 0.0936054999710347196
0.0605605605605600006, 0.0861463357493350151
0.0630630630630600042, 0.0795568831843797147
0.0655655655655699998, 0.0737072866081988631
0.0680680680680700034, 0.0684910469245739589
0.0705705705705699932, 0.0638201580584724509
0.0730730730730699968, 0.0596213847734716335
0.0755755755755800063, 0.0558333858000672617
0.0780780780780799960, 0.0524044698625505401
0.0805805805805799996, 0.0492908303882501619
0.0830830830830800032, 0.0464551456927806417
0.0855855855855899988, 0.0438654606794002117
0.0880880880880900025, 0.0414942871778493511
0.0905905905905900061, 0.0393178754122624763
0.0930930930930899958, 0.0373156203918313389
0.0955955955956000053, 0.0354695754113631204
0.0980980980980999950, 0.0337640511351918887
0.1006006006005999986, 0.0321852834845688732
0.1031031031031000023, 0.0307211571604595404
0.1056056056056000059, 0.0293609744020431052
0.1081081081080999956, 0.0280952607178088162
0.1106106106105999992, 0.0269156009859951237
0.1131131131131000028, 0.0258145006186630242
0.1156156156156000064, 0.0247852675040493575
0.1181181181180999962, 0.0238219112487731630
0.1206206206205999998, 0.0229190568830607566
0.1231231231231000034, 0.0220718707049217533
0.1256256256256000070, 0.0212759963510395604
0.1281281281281000106, 0.0205274995144646422
0.1306306306305999865, 0.0198228199985806819
0.1331331331330999901, 0.0191587300161197398
0.1356356356355999937, 0.0185322978212848974
0.1381381381380999973, 0.0179408559101870632
0.1406406406406000009, 0.0173819731460408550
0.1431431431431000045, 0.0168534302658230155
0.1456456456456000081, 0.0163531983083021991
0.1481481481481000118, 0.0158794195726373044
0.1506506506506999910, 0.0154303907746322702
0.1531531531531999946, 0.0150045481162568144
0.1556556556556999982, 0.0146004540248367287
0.1581581581582000018, 0.0142167853527171636
0.1606606606607000054, 0.0138523228572930042
0.1631631631632000090, 0.0135059418059706848
0.1656656656657000126, 0.0131766035716031488
0.1681681681681999885, 0.0128633481018242350
0.1706706706706999921, 0.0125652871609950954
0.1731731731731999957, 0.0122815982565730210
0.1756756756756999993, 0.0120115191729636053
0.1781781781782000029, 0.0117543430456018561
0.1806806806807000065, 0.0115094139163663713
0.1831831831832000101, 0.0112761227186587466
0.1856856856857000138, 0.0110539036467458204
0.1881881881881999896, 0.0108422308694055107
0.1906906906906999932, 0.0106406155526549140
0.1931931931931999968, 0.0104486031604740653
0.1956956956957000004, 0.0102657710060531614
0.1981981981982000041, 0.0100917260292589794
0.2007007007007000077, 0.0099261027787986272
0.2032032032032000113, 0.0097685615800074850
0.2057057057056999871, 0.0096187868713500588
0.2082082082081999908, 0.0094764856946344157
0.2107107107106999944, 0.0093413863256371042
0.2132132132131999980, 0.0092132370333451279
0.2157157157157000016, 0.0090918049573683827
0.2182182182182000052, 0.0089768750942830905
0.2207207207207000088, 0.0088682493847521675
0.2232232232232000124, 0.0087657458942490326
0.2257257257256999883, 0.0086691980811020725
0.2282282282281999919, 0.0085784541463901336
0.2307307307306999955, 0.0084933764609674191
0.2332332332331999991, 0.0084138410655889093
0.2357357357357000027, 0.0083397372407545411
0.2382382382382000063, 0.0082709671435010484
0.2407407407407000099, 0.0082074455089519230
0.2432432432432000136, 0.0081490994149971286
0.2457457457456999894, 0.0080958681090216606
0.2482482482481999930, 0.0080477028961435208
0.2507507507508000000, 0.0080045670889644267
0.2532532532533000036, 0.0079664360193878285
0.2557557557558000072, 0.0079332971136266972
0.2582582582583000108, 0.0079051500321158201
0.2607607607608000144, 0.0078820068766690676
0.2632632632633000180, 0.0078638924678908761
0.2657657657658000216, 0.0078508446965733537
0.2682682682683000253, 0.0078429149535983837
0.2707707707707999734, 0.0078401686437305912
0.2732732732732999770, 0.0078426857896481683
0.2757757757757999806, 0.0078505617336313456
0.2782782782782999842, 0.0078639079455334118
0.2807807807807999878, 0.0078828529470203103
0.2832832832832999914, 0.0079075433636096142
0.2857857857857999950, 0.0079381451178007142
0.2882882882882999986, 0.0079748447786035376
0.2907907907908000023, 0.0080178510850886977
0.2932932932933000059, 0.0080673966642509018
0.2957957957958000095, 0.0081237399665645763
0.2982982982983000131, 0.0081871674461918183
0.3008008008008000167, 0.0082579960169701025
0.3033033033033000203, 0.0083365758201711555
0.3058058058058000239, 0.0084232933457152465
0.3083083083083000275, 0.0085185749552090656
0.3108108108107999756, 0.0086228908630444460
0.3133133133132999792, 0.0087367596410880717
0.3158158158157999829, 0.0088607533234997329
0.3183183183182999865, 0.0089955032012944674
0.3208208208207999901, 0.0091417064118514690
0.3233233233232999937, 0.0093001334472113169
0.3258258258257999973, 0.0094716367273643028
0.3283283283283000009, 0.0096571604116538912
0.3308308308308000045, 0.0098577516539435552
0.3333333333333000081, 0.0100745735466372770
0.3358358358358000118, 0.0103089200466544850
0.3383383383383000154, 0.0105622332351367944
0.3408408408408000190, 0.0108361233346715158
0.3433433433433000226, 0.0111323919965634135
0.3458458458458000262, 0.0114530594805583204
0.3483483483482999743, 0.0118003964860807584
0.3508508508509000090, 0.0121769615648591577
0.3533533533534000126, 0.0125856452594034600
0.3558558558559000162, 0.0130297223828322907
0.3583583583584000198, 0.0135129141997946990
0.3608608608609000235, 0.0140394627080388211
0.3633633633634000271, 0.0146142197855570356
0.3658658658658999752, 0.0152427546997635829
0.3683683683683999788, 0.0159314844281475340
0.3708708708708999824, 0.0166878324903214845
0.3733733733733999860, 0.0175204236447423917
0.3758758758758999896, 0.0184393240070894748
0.3783783783783999932, 0.0194563391096927094
0.3808808808808999968, 0.0205853864399216518
0.3833833833834000004, 0.0218429644993039483
0.3858858858859000041, 0.0232487480410345816
0.3883883883884000077, 0.0248263497979402600
0.3908908908909000113, 0.0266043040937703687
0.3933933933934000149, 0.0286173493467390544
0.3958958958959000185, 0.0309081178790865801
0.3983983983984000221, 0.0335293877425232867
0.4009009009009000257, 0.0365471206018791253
0.4034034034033999738, 0.0400446153416191414
0.4059059059058999774, 0.0441282709914692928
0.4084084084083999810, 0.0489357122309254169
0.4109109109108999847, 0.0546474513285249153
0.4134134134133999883, 0.0615039586436761099
0.4159159159158999919, 0.0698312052016189927
0.4184184184183999955, 0.0800798364575908417
0.4209209209208999991, 0.0928869506607843676
0.4234234234234000027, 0.1091766712401755213
0.4259259259259000063, 0.1303299684159679728
0.4284284284284000099, 0.1584838521778488274
0.4309309309309000136, 0.1970854902784738294
0.4334334334334000172, 0.2519814473881806238
0.4359359359359000208, 0.3337191203828036024
0.4384384384384000244, 0.4628627401961140087
0.4409409409408999725, 0.6837315545915637616
0.4434434434433999761, 1.1053914216317002328
0.4459459459458999797, 2.0482556443740342900
0.4484484484483999833, 4.6653570294321449197
0.4509509509510000180, 11.9402351098769354820
0.4534534534535000216, 10.3332602642315709573
0.4559559559560000253, 3.9465434973152540010
0.4584584584584999734, 1.8077231923327596874
0.4609609609609999770, 1.0046259424930419346
0.4634634634634999806, 0.6333513280965947789
0.4659659659659999842, 0.4343611910367148887
0.4684684684684999878, 0.3160983839209981494
0.4709709709709999914, 0.2403391376435464466
0.4734734734734999950, 0.1889849795314159087
0.4759759759759999986, 0.1526079990524412677
0.4784784784785000022, 0.1259179103825038559
0.4809809809810000059, 0.1057646463554941796
0.4834834834835000095, 0.0901794926208485809
0.4859859859860000131, 0.0778815842608290149
0.4884884884885000167, 0.0680088445217187920
0.4909909909910000203, 0.0599640079474300230
0.4934934934935000239, 0.0533227885166409205
0.4959959959960000275, 0.0477771258824816539
0.4984984984984999756, 0.0430990056408928207
0.5010010010009999792, 0.0391167579616118477
0.5035035035035000384, 0.0356991513910345365
0.5060060060059999865, 0.0327444857139574316
0.5085085085085000456, 0.0301729668133140297
0.5110110110109999937, 0.0279212821815689807
0.5135135135135000528, 0.0259386804398019089
0.5160160160160000009, 0.0241840967270444442
0.5185185185184999490, 0.0226240169750478899
0.5210210210210000081, 0.0212308718137352789
0.5235235235234999562, 0.0199818152105503480
0.5260260260260000154, 0.0188577860483904527
0.5285285285284999635, 0.0178427801644042358
0.5310310310310000226, 0.0169232806023399164
0.5335335335334999707, 0.0160878079783581714
0.5360360360360000298, 0.0153265628769208729
0.5385385385384999779, 0.0146311393680345833
0.5410410410410000370, 0.0139942939320295660
0.5435435435434999851, 0.0134097578777847316
0.5460460460460000442, 0.0128720841461459623
0.5485485485484999924, 0.0123765214808285832
0.5510510510510999715, 0.0119189105198891591
0.5535535535536000307, 0.0114955975505643508
0.5560560560560999788, 0.0111033625781606169
0.5585585585586000379, 0.0107393590574671634
0.5610610610610999860, 0.0104010631751119739
0.5635635635636000451, 0.0100862309917866266
0.5660660660660999932, 0.0097928620827580620
0.5685685685686000523, 0.0095191685747710343
0.5710710710711000004, 0.0092635486832507545
0.5735735735735999485, 0.0090245640176868473
0.5760760760761000077, 0.0088009200543827347
0.5785785785785999558, 0.0085914492814079899
0.5810810810811000149, 0.0083950966059999129
0.5835835835835999630, 0.0082109066840109751
0.5860860860861000221, 0.0080380128875503082
0.5885885885885999702, 0.0078756276732707756
0.5910910910911000293, 0.0077230341518149479
0.5935935935935999774, 0.0075795786903381400
0.5960960960961000366, 0.0074446644060339393
0.5985985985985999847, 0.0073177454301994781
0.6011011011011000438, 0.0071983218403985751
0.6036036036035999919, 0.0070859351733554635
0.6061061061061000510, 0.0069801644438620934
0.6086086086085999991, 0.0068806226056295078
0.6111111111110999472, 0.0067869533990022358
0.6136136136136000063, 0.0066988285380637815
0.6161161161160999544, 0.0066159451961204574
0.6186186186186000135, 0.0065380237540484439
0.6211211211210999616, 0.0064648057806800559
0.6236236236236000208, 0.0063960522184181448
0.6261261261260999689, 0.0063315417507085470
0.6286286286286000280, 0.0062710693309581782
0.6311311311310999761, 0.0062144448550340344
0.6336336336336000352, 0.0061614919616780539
0.6361361361360999833, 0.0061120469470758877
0.6386386386386000424, 0.0060659577814675646
0.6411411411410999905, 0.0060230832171215137
0.6436436436436000497, 0.0059832919782411053
0.6461461461460999978, 0.0059464620244611063
0.6486486486485999459, 0.0059124798805422676
0.6511511511512000361, 0.0058812400257046114
0.6536536536536999842, 0.0058526443367698721
0.6561561561562000433, 0.0058266015799247461
0.6586586586586999914, 0.0058030269464808036
0.6611611611612000505, 0.0057818416285042654
0.6636636636636999986, 0.0057629724306278753
0.6661661661661999467, 0.0057463514147454015
0.6686686686687000059, 0.0057319155746331906
0.6711711711711999540, 0.0057196065378482342
0.6736736736737000131, 0.0057093702925232418
0.6761761761761999612, 0.0057011569369204550
0.6786786786787000203, 0.0056949204498207336
0.6811811811811999684, 0.0056906184800164308
0.6836836836837000275, 0.0056882121533478854
0.6861861861861999756, 0.0056876658958770251
0.6886886886887000347, 0.0056889472719291023
0.6911911911911999828, 0.0056920268358572421
0.6936936936937000420, 0.0056968779964956901
0.6961961961961999901, 0.0057034768933677503
0.6986986986987000492, 0.0057118022838048765
0.7012012012011999973, 0.0057218354402150760
0.7037037037036999454, 0.0057335600568127754
0.7062062062062000045, 0.0057469621651895630
0.7087087087086999526, 0.0057620300581661893
0.7112112112112000117, 0.0057787542214219906
0.7137137137136999598, 0.0057971272724486461
0.7162162162162000190, 0.0058171439064218103
0.7187187187186999671, 0.0058388008486269074
0.7212212212212000262, 0.0058620968131147030
0.7237237237236999743, 0.0058870324672987123
0.7262262262262000334, 0.0059136104022401749
0.7287287287286999815, 0.0059418351083977208
0.7312312312312000406, 0.0059717129566481848
0.7337337337336999887, 0.0060032521844125006
0.7362362362362000479, 0.0060364628867466035
0.7387387387386999960, 0.0060713570122818018
0.7412412412412000551, 0.0061079483639225373
0.7437437437437000032, 0.0061462526042318985
0.7462462462461999513, 0.0061862872654568800
0.7487487487487000104, 0.0062280717641664280
0.7512512512512999896, 0.0062716274204957737
0.7537537537538000487, 0.0063169774820107556
0.7562562562562999968, 0.0063641471522257872
0.7587587587587999449, 0.0064131636238290166
0.7612612612613000040, 0.0064640561166881914
0.7637637637637999521, 0.0065168559207308598
0.7662662662663000113, 0.0065715964438130773
0.7687687687687999594, 0.0066283132647116738
0.7712712712713000185, 0.0066870441913967184
0.7737737737737999666, 0.0067478293247630562
0.7762762762763000257, 0.0068107111280229955
0.7787787787787999738, 0.0068757345019863480
0.7812812812813000329, 0.0069429468664794899
0.7837837837837999810, 0.0070123982481817473
0.7862862862863000402, 0.0070841413751857752
0.7887887887887999883, 0.0071582317786185361
0.7912912912913000474, 0.0072347279016914470
0.7937937937937999955, 0.0073136912165823378
0.7962962962963000546, 0.0073951863495883494
0.7987987987988000027, 0.0074792812150280431
0.8013013013012999508, 0.0075660471584130320
0.8038038038038000099, 0.0076555591094548238
0.8063063063062999580, 0.0077478957455214183
0.8088088088088000172, 0.0078431396662111269
0.8113113113112999653, 0.0079413775797683162
0.8138138138138000244, 0.0080427005021278322
0.8163163163162999725, 0.0081472039694423567
0.8188188188188000316, 0.0082549882650201183
0.8213213213212999797, 0.0083661586616802924
0.8238238238238000388, 0.0084808256806202832
0.8263263263262999869, 0.0085991053679840626
0.8288288288288000460, 0.0087211195904243304
0.8313313313312999941, 0.0088469963510646593
0.8338338338338000533, 0.0089768701273918519
0.8363363363363000014, 0.0091108822327447929
0.8388388388387999495, 0.0092491812032151240
0.8413413413413000086, 0.0093919232119392786
0.8438438438437999567, 0.0095392725129408024
0.8463463463463000158, 0.0096914019168809346
0.8488488488487999639, 0.0098484933012930771
0.8513513513514000541, 0.0100107381581176734
0.8538538538539000022, 0.0101783381816200839
0.8563563563563999503, 0.0103515059000667958
0.8588588588589000095, 0.0105304653548611900
0.8613613613613999576, 0.0107154528311987594
0.8638638638639000167, 0.0109067176447008255
0.8663663663663999648, 0.0111045229889284551
0.8688688688689000239, 0.0113091468491689651
0.8713713713713999720, 0.0115208829884354651
0.8738738738739000311, 0.0117400420122277301
0.8763763763763999792, 0.0119669525192821254
0.8788788788789000384, 0.0122019623462963946
0.8813813813813999865, 0.0124454399154612858
0.8838838838839000456, 0.0126977756945802003
0.8863863863863999937, 0.0129593837806193258
0.8888888888889000528, 0.0132307036187227951
0.8913913913914000009, 0.0135122018700671587
0.8938938938938999490, 0.0138043744434347207
0.8963963963964000081, 0.0141077487070844498
0.8988988988988999562, 0.0144228858994132503
0.9014014014014000153, 0.0147503837590650146
0.9039039039038999634, 0.0150908793975950660
0.9064064064064000226, 0.0154450524405719686
0.9089089089088999707, 0.0158136284661529666
0.9114114114114000298, 0.0161973827737513301
0.9139139139138999779, 0.0165971445194972658
0.9164164164164000370, 0.0170138012598524888
0.9189189189188999851, 0.0174483039500611115
0.9214214214214000442, 0.0179016724502185851
0.9239239239238999923, 0.0183750015987330095
0.9264264264264000515, 0.0188694679209933380
0.9289289289288999996, 0.0193863370503192696
0.9314314314313999477, 0.0199269719489506107
0.9339339339339000068, 0.0204928420291941756
0.9364364364363999549, 0.0210855332891652231
0.9389389389389000140, 0.0217067595941947099
0.9414414414413999621, 0.0223583752543397157
0.9439439439439000212, 0.0230423890710268406
0.9464464464463999693, 0.0237609800522929938
0.9489489489489000285, 0.0245165150270789493
0.9514514514515000076, 0.0253115684254699991
0.9539539539539999558, 0.0261489445347336501
0.9564564564565000149, 0.0270317025917745993
0.9589589589589999630, 0.0279631851328210404
0.9614614614615000221, 0.0289470500927136234
0.9639639639639999702, 0.0299873072315108360
0.9664664664665000293, 0.0310883595682233116
0.9689689689689999774, 0.0322550506240289192
0.9714714714715000365, 0.0334927184249130261
0.9739739739739999846, 0.0348072573920483047
0.9764764764765000438, 0.0362051894646075595
0.9789789789789999919, 0.0376937460631837501
0.9814814814815000510, 0.0392809628240912284
0.9839839839839999991, 0.0409757894302382186
0.9864864864864999472, 0.0427882173517353040
0.9889889889890000063, 0.0447294289131029699
0.9914914914914999544, 0.0468119718550688846
0.9939939939940000135, 0.0490499644980709887
0.9964964964964999616, 0.0514593377948228681
0.9989989989990000208, 0.0540581220504628840
1.0015015015019999023, 0.0568667879834699602
1.0040040040039999170, 0.0599086542220374912
1.0065065065070000205, 0.0632103764446903527
1.0090090090090000352, 0.0668025374048305531
1.0115115115119999167, 0.0707203623323768432
1.0140140140139999314, 0.0750045911022443890
1.0165165165170000350, 0.0797025476823288448
1.0190190190190000497, 0.0848694595395201035
1.0215215215219999312, 0.0905700960454754178
1.0240240240239999459, 0.0968808171333644941
1.0265265265270000494, 0.1038921538940395656
1.0290290290290000641, 0.1117120849446586461
1.0315315315319999456, 0.1204702314028530535
1.0340340340339999603, 0.1303232768736637404
1.0365365365370000639, 0.1414620387433715987
1.0390390390390000785, 0.1541207914021530678
1.0415415415419999601, 0.1685896992460368948
1.0440440440439999747, 0.1852316029200786751
1.0465465465470000783, 0.2045049903573368244
1.0490490490490000930, 0.2269958980137285476
1.0515515515519999745, 0.2534629371076541071
1.0540540540539999892, 0.2849019907794148598
1.0565565565570000928, 0.3226410376186285567
1.0590590590590001074, 0.3684822392549582104
1.0615615615619999890, 0.4249202069319489850
1.0640640640640000036, 0.4954868461547060621
1.0665665665670001072, 0.5853139262221027650
1.0690690690689998998, 0.7020853123832428988
1.0715715715720000034, 0.8577193748925705519
1.0740740740740000181, 1.0714953520362908712
1.0765765765769998996, 1.3762237284892773204
1.0790790790789999143, 1.8313479908019654196
1.0815815815820000179, 2.5533946529849314011
1.0840840840840000325, 3.7952837195368438472
1.0865865865869999141, 6.1853622342644012377
1.0890890890889999287, 11.5926618651887842759
1.0915915915920000323, 26.8073163183393354814
1.0940940940940000470, 67.4253375276481676792
1.0965965965969999285, 53.0182401460062422416
1.0990990990989999432, 20.2468700849056872926
1.1016016016020000468, 9.3991269914402941765
1.1041041041040000614, 5.2681453822019710387
1.1066066066069999430, 3.3378148359570563031
1.1091091091089999576, 2.2955760105140465832
1.1116116116120000612, 1.6729262999706739912
1.1141141141140000759, 1.2725383515988790695
1.1166166166169999574, 1.0003592178714013627
1.1191191191189999721, 0.8071442770927232946
1.1216216216220000756, 0.6651495345163180861
1.1241241241240000903, 0.5578013074256957804
1.1266266266269999718, 0.4747137928576628529
1.1291291291289999865, 0.4091148465677517665
1.1316316316320000901, 0.3564379818381787635
1.1341341341340001048, 0.3135144097175378008
1.1366366366369999863, 0.2780900456016924260
1.1391391391390000010, 0.2485264067319463976
1.1416416416420001045, 0.2236096019278489000
1.1441441441439998972, 0.2024250067280772281
1.1466466466470000007, 0.1842730420402352576
1.1491491491490000154, 0.1686113529044601378
1.1516516516519998969, 0.1550143435427406569
1.1541541541539999116, 0.1431443649348808911
1.1566566566570000152, 0.1327308755680467467
1.1591591591590000299, 0.1235551528795640064
1.1616616616619999114, 0.1154389304942385619
1.1641641641639999261, 0.1082358526757098705
1.1666666666670000296, 0.1018249778167892999
1.1691691691690000443, 0.0961057910303434182
1.1716716716719999258, 0.0909943413347535646
1.1741741741739999405, 0.0864202263283554706
1.1766766766770000441, 0.0823242224790530913
1.1791791791790000588, 0.0786564125442982820
1.1816816816819999403, 0.0753747000082455459
1.1841841841839999550, 0.0724436283556198629
1.1866866866870000585, 0.0698334436121435670
1.1891891891890000732, 0.0675193540227614214
1.1916916916919999547, 0.0654809525250481944
1.1941941941939999694, 0.0637017768928490047
1.1966966966970000730, 0.0621689898777697814
1.1991991991990000876, 0.0608731679839534801
1.2017017017019999692, 0.0598081931856397839
1.2042042042039999838, 0.0589712473983365765
1.2067067067070000874, 0.0583629153082915464
1.2092092092090001021, 0.0579874077786976944
1.2117117117119999836, 0.0578529261458377714
1.2142142142139999983, 0.0579721981881314921
1.2167167167170001019, 0.0583632306700119230
1.2192192192189998945, 0.0590503430148353464
1.2217217217219999981, 0.0600655747099253512
1.2242242242240000127, 0.0614505999437282430
1.2267267267269998943, 0.0632593437859258478
1.2292292292289999089, 0.0655615863968285195
1.2317317317320000125, 0.0684479842505097275
1.2342342342340000272, 0.0720371622905791320
1.2367367367369999087, 0.0764858940702388412
1.2392392392389999234, 0.0820039877427300584
1.2417417417420000270, 0.0888765171267960064
1.2442442442440000416, 0.0974978264088340041
1.2467467467469999232, 0.1084249793234059039
1.2492492492489999378, 0.1224644265371526569
1.2517517517520000414, 0.1408176606055066005
1.2542542542540000561, 0.1653364080639803668
1.2567567567569999376, 0.1989921380939294049
1.2592592592589999523, 0.2467916615824231608
1.2617617617620000559, 0.3176929403585778133
1.2642642642640000705, 0.4289770057664682446
1.2667667667669999521, 0.6173736529926950878
1.2692692692689999667, 0.9716077788166054274
1.2717717717720000703, 1.7460208768361549225
1.2742742742740000850, 3.8362090128106576259
1.2767767767769999665, 9.9781295771928242289
1.2792792792789999812, 10.5184272249050856374
1.2817817817820000847, 4.0757606671972119727
1.2842842842840000994, 1.8260919246727664866
1.2867867867869999809, 1.0050371546318905835
1.2892892892889999956, 0.6339497940294352984
1.2917917917920000992, 0.4382096370448995692
1.2942942942939998918, 0.3232565323677963898
1.2967967967969999954, 0.2503290878536399422
1.2992992992990000101, 0.2013250568647848571
1.3018018018019998916, 0.1669144570809973360
1.3043043043039999063, 0.1419065352797914126
1.3068068068070000098, 0.1232325716243551500
1.3093093093090000245, 0.1089868193838725852
1.3118118118119999060, 0.0979368133798141360
1.3143143143139999207, 0.0892581736889982436
1.3168168168170000243, 0.0823837234552995262
1.3193193193190000390, 0.0769139766221280385
1.3218218218219999205, 0.0725620980589048864
1.3243243243239999352, 0.0691190030708375425
1.3268268268270000387, 0.0664306364785049452
1.3293293293290000534, 0.0643828488750301658
1.3318318318319999349, 0.0628911479495383452
1.3343343343339999496, 0.0618936633721328608
1.3368368368370000532, 0.0613462877344121971
1.3393393393390000679, 0.0612193341985038247
1.3418418418419999494, 0.0614952875599869206
1.3443443443439999641, 0.0621673776388788901
1.3468468468470000676, 0.0632388060950505038
1.3493493493490000823, 0.0647225303076050529
1.3518518518519999638, 0.0666415638133817795
1.3543543543539999785, 0.0690298009046880906
1.3568568568570000821, 0.0719334203757916735
1.3593593593590000967, 0.0754129767183653182
1.3618618618619999783, 0.0795463538763414302
1.3643643643639999929, 0.0844328470491937100
1.3668668668670000965, 0.0901987667278230515
1.3693693693689998891, 0.0970051490720056364
1.3718718718719999927, 0.1050584448842907109
1.3743743743740000074, 0.1146255073193530871
1.3768768768770001110, 0.1260549111835396474
1.3793793793789999036, 0.1398077986954524288
1.3818818818820000072, 0.1565033911581984183
1.3843843843840000218, 0.1769876544539365493
1.3868868868869999034, 0.2024395580069374700
1.3893893893889999180, 0.2345403290961632914
1.3918918918920000216, 0.2757521251398113438
1.3943943943940000363, 0.3297947526521092798
1.3968968968969999178, 0.4024984214982830766
1.3993993993989999325, 0.5034117927985108931
1.4019019019020000361, 0.6490322622906419259
1.4044044044040000507, 0.8698150991011481814
1.4069069069069999323, 1.2269110100545634889
1.4094094094089999469, 1.8572941916251639594
1.4119119119120000505, 3.1159313624630957662
1.4144144144140000652, 6.1174620980580440843
1.4169169169169999467, 15.0109072208874891885
1.4194194194189999614, 32.5378712176500783926
1.4219219219220000650, 17.8774103814364870857
1.4244244244240000796, 7.0346212951783337886
1.4269269269269999612, 3.4585591727315856403
1.4294294294289999758, 2.0141560820529855746
1.4319319319320000794, 1.3094777316916028642
1.4344344344340000941, 0.9174146344597522429
1.4369369369369999756, 0.6780549415271751590
1.4394394394389999903, 0.5215958452693875147
1.4419419419420000938, 0.4138595158702167431
1.4444444444440001085, 0.3365748450217131427
1.4469469469469999900, 0.2792767700144107579
1.4494494494490000047, 0.2356293980002504007
1.4519519519520001083, 0.2016181357273573171
1.4544544544539999009, 0.1746007091839378300
1.4569569569570000045, 0.1527811716468226721
1.4594594594590000192, 0.1349046498604365429
1.4619619619619999007, 0.1200730882626573209
1.4644644644639999154, 0.1076301802717948009
1.4669669669670000189, 0.0970873391124075780
1.4694694694690000336, 0.0880748073925494979
1.4719719719719999151, 0.0803086092130057688
1.4744744744739999298, 0.0735677420223343342
1.4769769769770000334, 0.0676781385496223742
1.4794794794790000481, 0.0625011971394310306
1.4819819819819999296, 0.0579254523456619111
1.4844844844839999443, 0.0538604407267294222
1.4869869869870000478, 0.0502321249794083699
1.4894894894890000625, 0.0469794400312851454
1.4919919919919999440, 0.0440516574733108290
1.4944944944939999587, 0.0414063540841859423
1.4969969969970000623, 0.0390078312771139218
1.4994994994990000770, 0.0368258746323533101
1.5020020020019999585, 0.0348347724039388476
1.5045045045050000621, 0.0330125330155717489
1.5070070070070000767, 0.0313402567470639770
1.5095095095099999583, 0.0298016278453423003
1.5120120120119999729, 0.0283825013889638100
1.5145145145150000765, 0.0270705652302738950
1.5170170170170000912, 0.0258550618185749079
1.5195195195199999727, 0.0247265580821021437
1.5220220220219999874, 0.0236767541087295093
1.5245245245250000909, 0.0226983233250967753
1.5270270270270001056, 0.0217847783834628078
1.5295295295299999871, 0.0209303581361967028
1.5320320320320000018, 0.0201299319912976345
1.5345345345350001054, 0.0193789186594929136
1.5370370370369998980, 0.0186732168696970291
1.5395395395400000016, 0.0180091460791599670
1.5420420420420000163, 0.0173833955633954304
1.5445445445449998978, 0.0167929805587152640
1.5470470470469999125, 0.0162352043620915716
1.5495495495500000160, 0.0157076254807906150
1.5520520520520000307, 0.0152080290768727491
1.5545545545549999122, 0.0147344020762987908
1.5570570570569999269, 0.0142849114145679364
1.5595595595600000305, 0.0138578849749247130
1.5620620620620000452, 0.0134517948446480559
1.5645645645649999267, 0.0130652425725425493
1.5670670670669999414, 0.0126969461586777417
1.5695695695700000449, 0.0123457285474212249
1.5720720720720000596, 0.0120105074283158534
1.5745745745749999411, 0.0116902861774878328
1.5770770770769999558, 0.0113841457959825143
1.5795795795800000594, 0.0110912377214596510
1.5820820820820000741, 0.0108107774066514631
1.5845845845849999556, 0.0105420385724136617
1.5870870870869999703, 0.0102843480554825201
1.5895895895900000738, 0.0100370811815450878
1.5920920920920000885, 0.0097996576032134096
1.5945945945949999700, 0.0095715375502003347
1.5970970970969999847, 0.0093522184456285781
1.5995995996000000883, 0.0091412318481186340
1.6021021021020001029, 0.0089381406842411072
1.6046046046049999845, 0.0087425367401956222
1.6071071071069999991, 0.0085540383852862160
1.6096096096100001027, 0.0083722885029907761
1.6121121121119998953, 0.0081969526082287664
1.6146146146149999989, 0.0080277171318838131
1.6171171171170000136, 0.0078642878557803261
1.6196196196199998951, 0.0077063884831902445
1.6221221221219999098, 0.0075537593315925184
1.6246246246250000134, 0.0074061561358551202
1.6271271271270000280, 0.0072633489512832225
1.6296296296299999096, 0.0071251211471003544
1.6321321321319999242, 0.0069912684819211507
1.6346346346350000278, 0.0068615982536517506
1.6371371371370000425, 0.0067359285170307155
1.6396396396399999240, 0.0066140873627128696
1.6421421421419999387, 0.0064959122524106457
1.6446446446450000423, 0.0063812494051523035
1.6471471471470000569, 0.0062699532302016294
1.6496496496499999385, 0.0061618858026164913
1.6521521521519999531, 0.0060569163778102109
1.6546546546550000567, 0.0059549209418253961
1.6571571571570000714, 0.0058557817943393981
1.6596596596599999529, 0.0057593871616980277
1.6621621621619999676, 0.0056656308375232110
1.6646646646650000712, 0.0055744118486640718
1.6671671671670000858, 0.0054856341444622109
1.6696696696699999674, 0.0053992063074833046
1.6721721721719999820, 0.0053150412840305998
1.6746746746750000856, 0.0052330561329033964
1.6771771771770001003, 0.0051531717909969795
1.6796796796799999818, 0.0050753128544609553
1.6821821821819999965, 0.0049994073742421581
1.6846846846850001000, 0.0049253866649371812
1.6871871871869998927, 0.0048531851259693377
1.6896896896899999962, 0.0047827400741863226
1.6921921921920000109, 0.0047139915870489033
1.6946946946949998924, 0.0046468823556483109
1.6971971971969999071, 0.0045813575468513666
1.6996996997000000107, 0.0045173646739282052
1.7022022022020000254, 0.0044548534750685070
1.7047047047049999069, 0.0043937757992386127
1.7072072072069999216, 0.0043340854988744484
1.7097097097100000251, 0.0042757383289440329
1.7122122122120000398, 0.0042186918519489299
1.7147147147149999213, 0.0041629053484665505
1.7172172172169999360, 0.0041083397328651183
1.7197197197200000396, 0.0040549574738504221
1.7222222222220000543, 0.0040027225195286825
1.7247247247249999358, 0.0039516002266929062
1.7272272272269999505, 0.0039015572940613499
1.7297297297300000540, 0.0038525616992162223
1.7322322322320000687, 0.0038045826390087274
1.7347347347349999502, 0.0037575904732131378
1.7372372372369999649, 0.0037115566712278072
1.7397397397400000685, 0.0036664537616351253
1.7422422422420000832, 0.0036222552844454416
1.7447447447449999647, 0.0035789357458619270
1.7472472472469999794, 0.0035364705754144955
1.7497497497500000829, 0.0034948360853211246
1.7522522522520000976, 0.0034540094319444239
1.7547547547549999791, 0.0034139685792200902
1.7572572572569999938, 0.0033746922639420291
1.7597597597600000974, 0.0033361599627964506
1.7622622622619998900, 0.0032983518610443050
1.7647647647649999936, 0.0032612488227578480
1.7672672672670000082, 0.0032248323625232228
1.7697697697699998898, 0.0031890846185265199
1.7722722722719999044, 0.0031539883269459971
1.7747747747750000080, 0.0031195267975779803
1.7772772772770000227, 0.0030856838906285116
1.7797797797799999042, 0.0030524439946069577
1.7822822822819999189, 0.0030197920052617562
1.7847847847850000225, 0.0029877133055020927
1.7872872872870000371, 0.0029561937462527230
1.7897897897899999187, 0.0029252196281923173
1.7922922922919999333, 0.0028947776843286626
1.7947947947950000369, 0.0028648550633668494
1.7972972972970000516, 0.0028354393138291158
1.7997997997999999331, 0.0028065183688874809
1.8023023023019999478, 0.0027780805318725265
1.8048048048050000514, 0.0027501144624238151
1.8073073073070000660, 0.0027226091632494148
1.8098098098099999476, 0.0026955539674638467
1.8123123123119999622, 0.0026689385264755052
1.8148148148150000658, 0.0026427527983962492
1.8173173173170000805, 0.0026169870369473578
1.8198198198199999620, 0.0025916317808375050
1.8223223223219999767, 0.0025666778435897335
1.8248248248250000803, 0.0025421163037956701
1.8273273273270000949, 0.0025179384957764311
1.8298298298299999765, 0.0024941360006307438
1.8323323323319999911, 0.0024707006376518876
1.8348348348350000947, 0.0024476244560960336
1.8373373373370001094, 0.0024248997272854774
1.8398398398399999909, 0.0024025189370311421
1.8423423423420000056, 0.0023804747783595466
1.8448448448450001091, 0.0023587601445302082
1.8473473473469999018, 0.0023373681223301680
1.8498498498500000053, 0.0023162919856330256
1.8523523523520000200, 0.0022955251892105015
1.8548548548549999015, 0.0022750613627851818
1.8573573573569999162, 0.0022548943053136376
1.8598598598600000198, 0.0022350179794896861
1.8623623623620000345, 0.0022154265064580664
1.8648648648649999160, 0.0021961141607292727
1.8673673673669999307, 0.0021770753652867580
1.8698698698700000342, 0.0021583046868781635
1.8723723723720000489, 0.0021397968314826061
1.8748748748749999304, 0.0021215466399464823
1.8773773773769999451, 0.0021035490837805755
1.8798798798800000487, 0.0020857992611116368
1.8823823823820000634, 0.0020682923927818940
1.8848848848849999449, 0.0020510238185903031
1.8873873873869999596, 0.0020339889936696041
1.8898898898900000631, 0.0020171834849935510
1.8923923923920000778, 0.0020006029680089440
1.8948948948949999593, 0.0019842432233873296
1.8973973973969999740, 0.0019681001338914929
1.8998998999000000776, 0.0019521696813520634
1.9024024024020000923, 0.0019364479437498036
1.9049049049049999738, 0.0019209310923993166
1.9074074074069999885, 0.0019056153892301328
1.9099099099100000920, 0.0018904971841612948
1.9124124124120001067, 0.0018755729125657470
1.9149149149149999882, 0.0018608390928209959
1.9174174174170000029, 0.0018462923239426646
1.9199199199200001065, 0.0018319292832977168
1.9224224224219998991, 0.0018177467243942610
1.9249249249250000027, 0.0018037414747449874
1.9274274274270000173, 0.0017899104338014156
1.9299299299299998989, 0.0017762505709562485
1.9324324324319999135, 0.0017627589236112570
1.9349349349350000171, 0.0017494325953082072
1.9374374374370000318, 0.0017362687539204829
1.9399399399399999133, 0.0017232646299031160
1.9424424424419999280, 0.0017104175145990640
1.9449449449450000316, 0.0016977247585996474
1.9474474474470000462, 0.0016851837701571657
1.9499499499499999278, 0.0016727920136477596
1.9524524524519999424, 0.0016605470080827069
1.9549549549550000460, 0.0016484463256663865
1.9574574574570000607, 0.0016364875903992276
1.9599599599599999422, 0.0016246684767240250
1.9624624624619999569, 0.0016129867082140764
1.9649649649650000605, 0.0016014400563016495
1.9674674674670000751, 0.0015900263390453474
1.9699699699699999567, 0.0015787434199350120
1.9724724724719999713, 0.0015675892067328391
1.9749749749750000749, 0.0015565616503494435
1.9774774774770000896, 0.0015456587437536616
1.9799799799799999711, 0.0015348785209149266
1.9824824824819999858, 0.0015242190557770889
1.9849849849850000894, 0.0015136784612626072
1.9874874874870001040, 0.0015032548883060779
1.9899899899899999856, 0.0014929465249161051
1.9924924924920000002, 0.0014827515952645465
1.9949949949950001038, 0.0014726683588022281
1.9974974974969998964, 0.0014626951094002254
2.0000000000000000000, 0.0014528301745158735
