# k1_lab: [1, 0, 0]
# k2_lab: [-0.8660254037844387, 0.49999999999999994, 0.0]
# k1_cf: [-0.5416752204197018, -0.5416752204197018, -0.6427876096865394]
# k2_cf: [0.24184476264797528, 0.24184476264797528, 0.9396926207859084]
# pol1_lab: [(0, 1, 0), (0, 0, 1)]
# pol2_lab: [array([-0.5      , -0.8660254,  0.       ]), array([0., 0., 1.])]
# pol1_cf: [array([-0.45451948, -0.45451948,  0.76604444]), array([-0.70710678,  0.70710678,  0.        ])]
# pol2_cf: [array([ 0.66446302,  0.66446302, -0.34202014]), array([-0.70710678,  0.70710678,  0.        ])]
# cf: [array([-0.54167522, -0.45451948, -0.70710678]), array([-0.54167522, -0.45451948,  0.70710678]), array([-0.64278761,  0.76604444,  0.        ])]
# th: 130
-0.5000000000000000000, 0.0012869239184990916
-0.4974974974974999964, 0.0012963599190538859
-0.4949949949949999928, 0.0013059158964335205
-0.4924924924924999892, 0.0013155940726234344
-0.4899899899899999856, 0.0013253967237215360
-0.4874874874874999819, 0.0013353261815663509
-0.4849849849849999783, 0.0013453848354233425
-0.4824824824824999747, 0.0013555751337318040
-0.4799799799800000266, 0.0013658995859148438
-0.4774774774775000230, 0.0013763607642550890
-0.4749749749750000194, 0.0013869613058388772
-0.4724724724725000158, 0.0013977039145718171
-0.4699699699700000122, 0.0014085913632687552
-0.4674674674675000086, 0.0014196264958213161
-0.4649649649650000049, 0.0014308122294463496
-0.4624624624625000013, 0.0014421515570187725
-0.4599599599599999977, 0.0014536475494924715
-0.4574574574574999941, 0.0014653033584130950
-0.4549549549549999905, 0.0014771222185267874
-0.4524524524524999869, 0.0014891074504890744
-0.4499499499499000077, 0.0015012624636783645
-0.4474474474474000041, 0.0015135907591187141
-0.4449449449449000005, 0.0015260959325167790
-0.4424424424423999969, 0.0015387816774180951
-0.4399399399398999932, 0.0015516517884881060
-0.4374374374373999896, 0.0015647101649236394
-0.4349349349348999860, 0.0015779608140008175
-0.4324324324323999824, 0.0015914078547657135
-0.4299299299298999788, 0.0016050555218743775
-0.4274274274273999752, 0.0016189081695892268
-0.4249249249249000271, 0.0016329702759391449
-0.4224224224224000235, 0.0016472464470510444
-0.4199199199199000199, 0.0016617414216610524
-0.4174174174174000163, 0.0016764600758139181
-0.4149149149149000126, 0.0016914074277597196
-0.4124124124124000090, 0.0017065886430574313
-0.4099099099099000054, 0.0017220090398954566
-0.4074074074074000018, 0.0017376740946397459
-0.4049049049048999982, 0.0017535894476207888
-0.4024024024023999946, 0.0017697609091713135
-0.3998998998998999910, 0.0017861944659272664
-0.3973973973973999874, 0.0018028962874053079
-0.3948948948948999838, 0.0018198727328708525
-0.3923923923923999801, 0.0018371303585114564
-0.3898898898898999765, 0.0018546759249312415
-0.3873873873873999729, 0.0018725164049829359
-0.3848848848849000248, 0.0018906589919550983
-0.3823823823824000212, 0.0019091111081331071
-0.3798798798799000176, 0.0019278804137536350
-0.3773773773774000140, 0.0019469748163734816
-0.3748748748749000104, 0.0019664024806748852
-0.3723723723724000068, 0.0019861718387308124
-0.3698698698699000031, 0.0020062916007551222
-0.3673673673673999995, 0.0020267707663640415
-0.3648648648648999959, 0.0020476186363770372
-0.3623623623623999923, 0.0020688448251869008
-0.3598598598598999887, 0.0020904592737307393
-0.3573573573573999851, 0.0021124722630955746
-0.3548548548548999815, 0.0021348944287943820
-0.3523523523523999779, 0.0021577367757507132
-0.3498498498497999987, 0.0021810106940324927
-0.3473473473472999951, 0.0022047279753782296
-0.3448448448447999914, 0.0022289008305617026
-0.3423423423422999878, 0.0022535419076442353
-0.3398398398397999842, 0.0022786643111669179
-0.3373373373372999806, 0.0023042816223386537
-0.3348348348347999770, 0.0023304079202796763
-0.3323323323322999734, 0.0023570578043842216
-0.3298298298298000253, 0.0023842464178704236
-0.3273273273273000217, 0.0024119894725901717
-0.3248248248248000181, 0.0024403032751767698
-0.3223223223223000145, 0.0024692047546136203
-0.3198198198198000108, 0.0024987114913131176
-0.3173173173173000072, 0.0025288417478012259
-0.3148148148148000036, 0.0025596145011100926
-0.3123123123123000000, 0.0025910494769884494
-0.3098098098097999964, 0.0026231671860475554
-0.3073073073072999928, 0.0026559889619690857
-0.3048048048047999892, 0.0026895370019107828
-0.3023023023022999856, 0.0027238344092557557
-0.2997997997997999819, 0.0027589052388624280
-0.2972972972972999783, 0.0027947745449839355
-0.2947947947947999747, 0.0028314684320388424
-0.2922922922923000266, 0.0028690141084290240
-0.2897897897898000230, 0.0029074399436158664
-0.2872872872873000194, 0.0029467755286825686
-0.2847847847848000158, 0.0029870517406283825
-0.2822822822823000122, 0.0030283008106603108
-0.2797797797798000086, 0.0030705563967693148
-0.2772772772773000050, 0.0031138536609013430
-0.2747747747748000013, 0.0031582293510592032
-0.2722722722722999977, 0.0032037218886990632
-0.2697697697697999941, 0.0032503714618159251
-0.2672672672672999905, 0.0032982201241457971
-0.2647647647647999869, 0.0033473119009487708
-0.2622622622622999833, 0.0033976929018772841
-0.2597597597597999797, 0.0034494114414777566
-0.2572572572572999761, 0.0035025181679219312
-0.2547547547547999724, 0.0035570662006173077
-0.2522522522523000243, 0.0036131112774041669
-0.2497497497496999896, 0.0036707119121108618
-0.2472472472472000138, 0.0037299295633096124
-0.2447447447447000102, 0.0037908288151929301
-0.2422422422422000066, 0.0038534775715767088
-0.2397397397397000030, 0.0039179472641309955
-0.2372372372371999993, 0.0039843130760444509
-0.2347347347346999957, 0.0040526541824448129
-0.2322322322321999921, 0.0041230540090264750
-0.2297297297296999885, 0.0041956005104793184
-0.2272272272272000126, 0.0042703864704716574
-0.2247247247247000090, 0.0043475098251167747
-0.2222222222222000054, 0.0044270740120490081
-0.2197197197197000018, 0.0045091883474544202
-0.2172172172171999982, 0.0045939684336454784
-0.2147147147146999946, 0.0046815366000422043
-0.2122122122121999910, 0.0047720223807276498
-0.2097097097096999874, 0.0048655630320876423
-0.2072072072072000115, 0.0049623040944282463
-0.2047047047047000079, 0.0050624000018952044
-0.2022022022022000043, 0.0051660147455038635
-0.1996996996997000007, 0.0052733225946335199
-0.1971971971971999971, 0.0053845088829550490
-0.1946946946946999935, 0.0054997708654551426
-0.1921921921921999898, 0.0056193186540058849
-0.1896896896896999862, 0.0057433762398180583
-0.1871871871872000104, 0.0058721826121257712
-0.1846846846847000068, 0.0060059929835969382
-0.1821821821822000032, 0.0061450801342693975
-0.1796796796796999995, 0.0062897358873007835
-0.1771771771771999959, 0.0064402727315199873
-0.1746746746746999923, 0.0065970256077129358
-0.1721721721721999887, 0.0067603538778046868
-0.1696696696697000128, 0.0069306434986601204
-0.1671671671672000092, 0.0071083094251715752
-0.1646646646647000056, 0.0072937982706984417
-0.1621621621622000020, 0.0074875912568483517
-0.1596596596596999984, 0.0076902074891331464
-0.1571571571571999948, 0.0079022076003053693
-0.1546546546546999912, 0.0081241978093123737
-0.1521521521521999876, 0.0083568344509520331
-0.1496496496496000084, 0.0086008290396652910
-0.1471471471471000048, 0.0088569539406818075
-0.1446446446446000011, 0.0091260487332215923
-0.1421421421420999975, 0.0094090273639793002
-0.1396396396395999939, 0.0097068862050835557
-0.1371371371370999903, 0.0100207131496263258
-0.1346346346345999867, 0.0103516979003000133
-0.1321321321321000108, 0.0107011436334082787
-0.1296296296296000072, 0.0110704802524463283
-0.1271271271271000036, 0.0114612794837130934
-0.1246246246246000000, 0.0118752721124343753
-0.1221221221220999964, 0.0123143677134015389
-0.1196196196196000067, 0.0127806772973738207
-0.1171171171171000031, 0.0132765393762313659
-0.1146146146145999994, 0.0138045500496118759
-0.1121121121120999958, 0.0143675978379789598
-0.1096096096096000061, 0.0149689041374487068
-0.1071071071071000025, 0.0156120703575473429
-0.1046046046045999989, 0.0163011330338117683
-0.1021021021020999953, 0.0170406284949932638
-0.0995995995996000055, 0.0178356690255249625
-0.0970970970971000019, 0.0186920329187826306
-0.0945945945945900063, 0.0196162713931297555
-0.0920920920920900027, 0.0206158360775189758
-0.0895895895895899991, 0.0216992317156816800
-0.0870870870870899955, 0.0228761999539727652
-0.0845845845845799998, 0.0241579416578311910
-0.0820820820820799962, 0.0255573872689727859
-0.0795795795795800065, 0.0270895274403472122
-0.0770770770770800029, 0.0287718198062452205
-0.0745745745745699934, 0.0306246925952527588
-0.0720720720720700037, 0.0326721723495674021
-0.0695695695695700000, 0.0349426719588617346
-0.0670670670670699964, 0.0374699875435093796
-0.0645645645645600008, 0.0402945698914853670
-0.0620620620620599972, 0.0434651603425819794
-0.0595595595595600005, 0.0470409155118773278
-0.0570570570570599969, 0.0510941950953448520
-0.0545545545545500013, 0.0557142600624241369
-0.0520520520520499977, 0.0610122372690496129
-0.0495495495495500010, 0.0671278710329425987
-0.0470470470470499974, 0.0742388356388631460
-0.0445445445445400018, 0.0825737808936010814
-0.0420420420420399982, 0.0924309219973549617
-0.0395395395395400015, 0.1042050356271832512
-0.0370370370370399979, 0.1184274970508511493
-0.0345345345345300023, 0.1358270734525429679
-0.0320320320320299987, 0.1574247182804599521
-0.0295295295295299985, 0.1846859098529465282
-0.0270270270270299984, 0.2197740757591276073
-0.0245245245245199993, 0.2659893829257916065
-0.0220220220220199991, 0.3285648863248692431
-0.0195195195195199990, 0.4161935265868865752
-0.0170170170170199989, 0.5441593096801767837
-0.0145145145145099998, 0.7413059083462472110
-0.0120120120120099996, 1.0672170567706311672
-0.0095095095095099995, 1.6604708107695644870
-0.0070070070070070000, 2.8987592473916015123
-0.0045045045045049997, 6.0426026859892072451
-0.0020020020020019998, 15.6302967913973986924
0.0005005005005005000, 24.6637841213188409029
0.0030030030030029999, 10.5022401159426586048
0.0055055055055059999, 4.3872735751892344425
0.0080080080080079993, 2.2803425823244021231
0.0105105105105099995, 1.3759728698729283280
0.0130130130130099997, 0.9155340613796283389
0.0155155155155200005, 0.6516492585736405330
0.0180180180180199989, 0.4870652683917902626
0.0205205205205199991, 0.3777566355380510554
0.0230230230230199992, 0.3015639914499171348
0.0255255255255299983, 0.2463840325566043765
0.0280280280280299984, 0.2051646061241630958
0.0305305305305299986, 0.1735760731841637927
0.0330330330330299987, 0.1488430920027986604
0.0355355355355400013, 0.1291211137756819727
0.0380380380380399979, 0.1131459252138686533
0.0405405405405400016, 0.1000278263070973339
0.0430430430430399982, 0.0891261102195844701
0.0455455455455500008, 0.0799699710060950975
0.0480480480480499975, 0.0722072183403517226
0.0505505505505500011, 0.0655701711545403770
0.0530530530530499977, 0.0598524597016672419
0.0555555555555600003, 0.0548929260649647574
0.0580580580580599970, 0.0505642464788929047
0.0605605605605600006, 0.0467647574600299834
0.0630630630630600042, 0.0434124952191660279
0.0655655655655699998, 0.0404407893352339148
0.0680680680680700034, 0.0377949643894646969
0.0705705705705699932, 0.0354298423651595931
0.0730730730730699968, 0.0333078311847214981
0.0755755755755800063, 0.0313974473472918500
0.0780780780780799960, 0.0296721635851561541
0.0805805805805799996, 0.0281095023430254255
0.0830830830830800032, 0.0266903169444356256
0.0855855855855899988, 0.0253982173276663600
0.0880880880880900025, 0.0242191080627065618
0.0905905905905900061, 0.0231408142509170259
0.0930930930930899958, 0.0221527767141273223
0.0955955955956000053, 0.0212458021902753313
0.0980980980980999950, 0.0204118574809681042
0.1006006006005999986, 0.0196438989339436688
0.1031031031031000023, 0.0189357304982187002
0.1056056056056000059, 0.0182818850113767341
0.1081081081080999956, 0.0176775244756834995
0.1106106106105999992, 0.0171183559321212223
0.1131131131131000028, 0.0166005602077805257
0.1156156156156000064, 0.0161207313360484557
0.1181181181180999962, 0.0156758248634280110
0.1206206206205999998, 0.0152631135863169759
0.1231231231231000034, 0.0148801495244092058
0.1256256256256000070, 0.0145247311488843206
0.1281281281281000106, 0.0141948750542249362
0.1306306306305999865, 0.0138887914008519256
0.1331331331330999901, 0.0136048625684037708
0.1356356356355999937, 0.0133416245515700603
0.1381381381380999973, 0.0130977507059715208
0.1406406406406000009, 0.0128720375138571055
0.1431431431431000045, 0.0126633920908945496
0.1456456456456000081, 0.0124708211980805138
0.1481481481481000118, 0.0122934215584010048
0.1506506506506999910, 0.0121303713076262049
0.1531531531531999946, 0.0119809224335677492
0.1556556556556999982, 0.0118443940791044047
0.1581581581582000018, 0.0117201666019785301
0.1606606606607000054, 0.0116076762993387213
0.1631631631632000090, 0.0115064107177094595
0.1656656656657000126, 0.0114159044798811705
0.1681681681681999885, 0.0113357355694415837
0.1706706706706999921, 0.0112655220215668195
0.1731731731731999957, 0.0112049189754678293
0.1756756756756999993, 0.0111536160497218359
0.1781781781782000029, 0.0111113350067526297
0.1806806806807000065, 0.0110778276770833149
0.1831831831832000101, 0.0110528741177696854
0.1856856856857000138, 0.0110362809827201300
0.1881881881881999896, 0.0110278800854909046
0.1906906906906999932, 0.0110275271376745945
0.1931931931931999968, 0.0110351006482284839
0.1956956956957000004, 0.0110505009710613177
0.1981981981982000041, 0.0110736494899509926
0.2007007007007000077, 0.0111044879314343981
0.2032032032032000113, 0.0111429777977224281
0.2057057057056999871, 0.0111890999129728753
0.2082082082081999908, 0.0112428540774232189
0.2107107107106999944, 0.0113042588249631856
0.2132132132131999980, 0.0113733512807307029
0.2157157157157000016, 0.0114501871162595893
0.2182182182182000052, 0.0115348406006071796
0.2207207207207000088, 0.0116274047467581458
0.2232232232232000124, 0.0117279915534491026
0.2257257257256999883, 0.0118367323433987478
0.2282282282281999919, 0.0119537781997724486
0.2307307307306999955, 0.0120793005035683843
0.2332332332331999991, 0.0122134915754974344
0.2357357357357000027, 0.0123565654268521473
0.2382382382382000063, 0.0125087586248333327
0.2407407407407000099, 0.0126703312788410665
0.2432432432432000136, 0.0128415681553522773
0.2457457457456999894, 0.0130227799302173996
0.2482482482481999930, 0.0132143045885304324
0.2507507507508000000, 0.0134165089836788612
0.2532532532533000036, 0.0136297905687868866
0.2557557557558000072, 0.0138545793155483554
0.2582582582583000108, 0.0140913398374371106
0.2607607607608000144, 0.0143405737365120516
0.2632632632633000180, 0.0146028221955399867
0.2657657657658000216, 0.0148786688399866508
0.2682682682683000253, 0.0151687428976214605
0.2707707707707999734, 0.0154737226871075190
0.2732732732732999770, 0.0157943394710690702
0.2757757757757999806, 0.0161313817138256550
0.2782782782782999842, 0.0164856997893495644
0.2807807807807999878, 0.0168582111911465791
0.2832832832832999914, 0.0172499063028135648
0.2857857857857999950, 0.0176618547961382918
0.2882882882882999986, 0.0180952127329579784
0.2907907907908000023, 0.0185512304578011877
0.2932932932933000059, 0.0190312613808502201
0.2957957957958000095, 0.0195367717652906794
0.2982982982983000131, 0.0200693516500176049
0.3008008008008000167, 0.0206307270583836536
0.3033033033033000203, 0.0212227736667302824
0.3058058058058000239, 0.0218475321334659356
0.3083083083083000275, 0.0225072253212205108
0.3108108108107999756, 0.0232042776820373664
0.3133133133132999792, 0.0239413371197996563
0.3158158158157999829, 0.0247212996965174465
0.3183183183182999865, 0.0255473376114158414
0.3208208208207999901, 0.0264229309560685792
0.3233233233232999937, 0.0273519038376889012
0.3258258258257999973, 0.0283384655693315023
0.3283283283283000009, 0.0293872577541687170
0.3308308308308000045, 0.0305034082461571147
0.3333333333333000081, 0.0316925931575841868
0.3358358358358000118, 0.0329611083130546267
0.3383383383383000154, 0.0343159518294513660
0.3408408408408000190, 0.0357649198450080211
0.3433433433433000226, 0.0373167178441171574
0.3458458458458000262, 0.0389810905488118739
0.3483483483482999743, 0.0407689740000060780
0.3508508508509000090, 0.0426926742667230116
0.3533533533534000126, 0.0447660782456208300
0.3558558558559000162, 0.0470049033065642607
0.3583583583584000198, 0.0494269941828484605
0.3608608608609000235, 0.0520526776035831126
0.3633633633634000271, 0.0549051878639207347
0.3658658658658999752, 0.0580111800199169664
0.3683683683683999788, 0.0614013519428089419
0.3708708708708999824, 0.0651112024352430152
0.3733733733733999860, 0.0691819605024157069
0.3758758758758999896, 0.0736617313880239544
0.3783783783783999932, 0.0786069191226640568
0.3808808808808999968, 0.0840840045102136113
0.3833833833834000004, 0.0901717837442633230
0.3858858858859000041, 0.0969642091926292693
0.3883883883884000077, 0.1045740247348930646
0.3908908908909000113, 0.1131374600093466298
0.3933933933934000149, 0.1228203510858603131
0.3958958958959000185, 0.1338262049572375711
0.3983983983984000221, 0.1464069461844599296
0.4009009009009000257, 0.1608774149125059560
0.4034034034033999738, 0.1776351895440274054
0.4059059059058999774, 0.1971880897030162672
0.4084084084083999810, 0.2201929543352842411
0.4109109109108999847, 0.2475112970397056467
0.4134134134133999883, 0.2802907731475578479
0.4159159159158999919, 0.3200870788062639694
0.4184184184183999955, 0.3690509033630082203
0.4209209209208999991, 0.4302227596309614044
0.4234234234234000027, 0.5080129542159278477
0.4259259259259000063, 0.6090120419036272326
0.4284284284284000099, 0.7434186901966131078
0.4309309309309000136, 0.9276841445249348617
0.4334334334334000172, 1.1897104984068831435
0.4359359359359000208, 1.5798340319468948678
0.4384384384384000244, 2.1961952268045998871
0.4409409409408999725, 3.2503026828346657240
0.4434434434433999761, 5.2626608412766282541
0.4459459459458999797, 9.7624058144307266360
0.4484484484483999833, 22.2522557087172998536
0.4509509509510000180, 56.9708140516648029461
0.4534534534535000216, 49.3017364883119455499
0.4559559559560000253, 18.8218820211249244778
0.4584584584584999734, 8.6146291757249873200
0.4609609609609999770, 4.7819612112947211813
0.4634634634634999806, 3.0101160847610768379
0.4659659659659999842, 2.0604774383570974017
0.4684684684684999878, 1.4960992026691921630
0.4709709709709999914, 1.1345627962046402892
0.4734734734734999950, 0.8894953275369605894
0.4759759759759999986, 0.7159031772720010345
0.4784784784785000022, 0.5885390691425823606
0.4809809809810000059, 0.4923696765680543042
0.4834834834835000095, 0.4179995443673254485
0.4859859859860000131, 0.3593158999416907751
0.4884884884885000167, 0.3122045889474405755
0.4909909909910000203, 0.2738152382039421573
0.4934934934935000239, 0.2421229985703492460
0.4959959959960000275, 0.2156576940809840082
0.4984984984984999756, 0.1933311582946022344
0.5010010010009999792, 0.1743241222110696320
0.5035035035035000384, 0.1580103037596336246
0.5060060060059999865, 0.1439043547271932622
0.5085085085085000456, 0.1316254706485630310
0.5110110110109999937, 0.1208715030562002302
0.5135135135135000528, 0.1114002494352087785
0.5160160160160000009, 0.1030157344747599929
0.5185185185184999490, 0.0955580175657472497
0.5210210210210000081, 0.0888955279001780313
0.5235235235234999562, 0.0829192356688517040
0.5260260260260000154, 0.0775381735507619796
0.5285285285284999635, 0.0726759626025474531
0.5310310310310000226, 0.0682680932036231897
0.5335335335334999707, 0.0642597792286634939
0.5360360360360000298, 0.0606042514226564563
0.5385385385384999779, 0.0572613901940346171
0.5410410410410000370, 0.0541966228334663375
0.5435435435434999851, 0.0513800282996679236
0.5460460460460000442, 0.0487856061041354108
0.5485485485484999924, 0.0463906758035742134
0.5510510510510999715, 0.0441753811052420439
0.5535535535536000307, 0.0421222782681879501
0.5560560560560999788, 0.0402159928161521241
0.5585585585586000379, 0.0384429319080077311
0.5610610610610999860, 0.0367910422884628746
0.5635635635636000451, 0.0352496057485561509
0.5660660660660999932, 0.0338090655979444710
0.5685685685686000523, 0.0324608788903000406
0.5710710710711000004, 0.0311973901253181189
0.5735735735735999485, 0.0300117229333711835
0.5760760760761000077, 0.0288976868754740809
0.5785785785785999558, 0.0278496969954416390
0.5810810810811000149, 0.0268627041687234877
0.5835835835835999630, 0.0259321346233663402
0.5860860860861000221, 0.0250538372784388161
0.5885885885885999702, 0.0242240377662307771
0.5910910910911000293, 0.0234392981861827818
0.5935935935935999774, 0.0226964817883774060
0.5960960960961000366, 0.0219927219085382861
0.5985985985985999847, 0.0213253945796233260
0.6011011011011000438, 0.0206920943310980876
0.6036036036035999919, 0.0200906127589172978
0.6061061061061000510, 0.0195189195096121156
0.6086086086085999991, 0.0189751453726941383
0.6111111111110999472, 0.0184575672184816020
0.6136136136136000063, 0.0179645945547655464
0.6161161161160999544, 0.0174947575065580556
0.6186186186186000135, 0.0170466960493995401
0.6211211211210999616, 0.0166191503490883408
0.6236236236236000208, 0.0162109520798451659
0.6261261261260999689, 0.0158210166093451718
0.6286286286286000280, 0.0154483359531631913
0.6311311311310999761, 0.0150919724133344174
0.6336336336336000352, 0.0147510528262283364
0.6361361361360999833, 0.0144247633540134663
0.6386386386386000424, 0.0141123447618628026
0.6411411411410999905, 0.0138130881298876556
0.6436436436436000497, 0.0135263309547402118
0.6461461461460999978, 0.0132514536010151784
0.6486486486485999459, 0.0129878760671160443
0.6511511511512000361, 0.0127350550342204289
0.6536536536536999842, 0.0124924811704591986
0.6561561561562000433, 0.0122596766654803919
0.6586586586586999914, 0.0120361929732582494
0.6611611611612000505, 0.0118216087433769476
0.6636636636636999986, 0.0116155279231100646
0.6661661661661999467, 0.0114175780144655688
0.6686686686687000059, 0.0112274084720025598
0.6711711711711999540, 0.0110446892286771309
0.6736736736737000131, 0.0108691093382631328
0.6761761761761999612, 0.0107003757240391080
0.6786786786787000203, 0.0105382120244526638
0.6811811811811999684, 0.0103823575273830696
0.6836836836837000275, 0.0102325661854344788
0.6861861861861999756, 0.0100886057054184429
0.6886886886887000347, 0.0099502567058334934
0.6911911911911999828, 0.0098173119367322391
0.6936936936937000420, 0.0096895755568885515
0.6961961961961999901, 0.0095668624636470814
0.6986986986987000492, 0.0094489976712592242
0.7012012012011999973, 0.0093358157338902428
0.7037037037036999454, 0.0092271602098247616
0.7062062062062000045, 0.0091228831637076100
0.7087087087086999526, 0.0090228447039364789
0.7112112112112000117, 0.0089269125525760287
0.7137137137136999598, 0.0088349616453923911
0.7162162162162000190, 0.0087468737598147273
0.7187187187186999671, 0.0086625371688196159
0.7212212212212000262, 0.0085818463189053281
0.7237237237236999743, 0.0085047015304796011
0.7262262262262000334, 0.0084310087191266942
0.7287287287286999815, 0.0083606791363495768
0.7312312312312000406, 0.0082936291285017234
0.7337337337336999887, 0.0082297799127318272
0.7362362362362000479, 0.0081690573688640855
0.7387387387386999960, 0.0081113918462284180
0.7412412412412000551, 0.0080567179845386673
0.7437437437437000032, 0.0080049745479945401
0.7462462462461999513, 0.0079561042718543293
0.7487487487487000104, 0.0079100537207914857
0.7512512512512999896, 0.0078667731584094146
0.7537537537538000487, 0.0078262164273456662
0.7562562562562999968, 0.0077883408394496872
0.7587587587587999449, 0.0077531070755678241
0.7612612612613000040, 0.0077204790945155600
0.7637637637637999521, 0.0076904240508606728
0.7662662662663000113, 0.0076629122211821282
0.7687687687687999594, 0.0076379169385085103
0.7712712712713000185, 0.0076154145346770128
0.7737737737737999666, 0.0075953842903894861
0.7762762762763000257, 0.0075778083927762405
0.7787787787787999738, 0.0075626719003112951
0.7812812812813000329, 0.0075499627149549628
0.7837837837837999810, 0.0075396715614309750
0.7862862862863000402, 0.0075317919735763943
0.7887887887887999883, 0.0075263202877331303
0.7912912912913000474, 0.0075232556431805066
0.7937937937937999955, 0.0075225999896389936
0.7962962962963000546, 0.0075243581019062665
0.7987987987988000027, 0.0075285376017183315
0.8013013013012999508, 0.0075351489869607555
0.8038038038038000099, 0.0075442056683884115
0.8063063063062999580, 0.0075557240140466135
0.8088088088088000172, 0.0075697234016225490
0.8113113113112999653, 0.0075862262789936361
0.8138138138138000244, 0.0076052582332791514
0.8163163163162999725, 0.0076268480687434999
0.8188188188188000316, 0.0076510278939442159
0.8213213213212999797, 0.0076778332185654151
0.8238238238238000388, 0.0077073030604284613
0.8263263263262999869, 0.0077394800632265195
0.8288288288288000460, 0.0077744106255886840
0.8313313313312999941, 0.0078121450421433820
0.8338338338338000533, 0.0078527376573199158
0.8363363363363000014, 0.0078962470327022683
0.8388388388387999495, 0.0079427361288312154
0.8413413413413000086, 0.0079922725024401328
0.8438438438437999567, 0.0080449285202074949
0.8463463463463000158, 0.0081007815902161759
0.8488488488487999639, 0.0081599144124268573
0.8513513513514000541, 0.0082224152496017909
0.8538538538539000022, 0.0082883782202572073
0.8563563563563999503, 0.0083579036153786437
0.8588588588589000095, 0.0084310982408064717
0.8613613613613999576, 0.0085080757873893138
0.8638638638639000167, 0.0085889572312141515
0.8663663663663999648, 0.0086738712664561138
0.8688688688689000239, 0.0087629547736500085
0.8713713713713999720, 0.0088563533264746867
0.8738738738739000311, 0.0089542217404617996
0.8763763763763999792, 0.0090567246673983141
0.8788788788789000384, 0.0091640372395909858
0.8813813813813999865, 0.0092763457686063904
0.8838838838839000456, 0.0093938485035988777
0.8863863863863999937, 0.0095167564548967222
0.8888888888889000528, 0.0096452942891430971
0.8913913913914000009, 0.0097797013029919840
0.8938938938938999490, 0.0099202324831497383
0.8963963963964000081, 0.0100671596614448546
0.8988988988988999562, 0.0102207727746133192
0.9014014014014000153, 0.0103813812396227265
0.9039039039038999634, 0.0105493154566442086
0.9064064064064000226, 0.0107249284532366807
0.9089089089088999707, 0.0109085976849626447
0.9114114114114000298, 0.0111007270095339824
0.9139139139138999779, 0.0113017488537276133
0.9164164164164000370, 0.0115121265947545348
0.9189189189188999851, 0.0117323571805568981
0.9214214214214000442, 0.0119629740167064985
0.9239239239238999923, 0.0122045501512446954
0.9264264264264000515, 0.0124577017930203003
0.9289289289288999996, 0.0127230922039371711
0.9314314314313999477, 0.0130014360111254182
0.9339339339339000068, 0.0132935039915304098
0.9364364364363999549, 0.0136001283889218491
0.9389389389389000140, 0.0139222088320465048
0.9414414414413999621, 0.0142607189328016262
0.9439439439439000212, 0.0146167136551511416
0.9464464464463999693, 0.0149913375593656896
0.9489489489489000285, 0.0153858340424152373
0.9514514514515000076, 0.0158015557144466044
0.9539539539539999558, 0.0162399760737981097
0.9564564564565000149, 0.0167027026696196478
0.9589589589589999630, 0.0171914919727233634
0.9614614614615000221, 0.0177082662128029422
0.9639639639639999702, 0.0182551324848995514
0.9664664664665000293, 0.0188344044815158818
0.9689689689689999774, 0.0194486272710187036
0.9714714714715000365, 0.0201006056203422295
0.9739739739739999846, 0.0207934364535104360
0.9764764764765000438, 0.0215305461509271504
0.9789789789789999919, 0.0223157335325043366
0.9814814814815000510, 0.0231532195365490578
0.9839839839839999991, 0.0240477048136127879
0.9864864864864999472, 0.0250044367100474840
0.9889889889890000063, 0.0260292874324785060
0.9914914914914999544, 0.0271288455781532670
0.9939939939940000135, 0.0283105237084227343
0.9964964964964999616, 0.0295826852613041771
0.9989989989990000208, 0.0309547948807525619
1.0015015015019999023, 0.0324375972334612905
1.0040040040039999170, 0.0340433306533802701
1.0065065065070000205, 0.0357859835865616122
1.0090090090090000352, 0.0376816039219576293
1.0115115115119999167, 0.0397486740476878930
1.0140140140139999314, 0.0420085680875013703
1.0165165165170000350, 0.0444861125544166250
1.0190190190190000497, 0.0472102780358968493
1.0215215215219999312, 0.0502150381025402159
1.0240240240239999459, 0.0535404432745185122
1.0265265265270000494, 0.0572339738352458868
1.0290290290290000641, 0.0613522573740069022
1.0315315315319999456, 0.0659632678671830258
1.0340340340339999603, 0.0711491669173755503
1.0365365365370000639, 0.0770100106145692187
1.0390390390390000785, 0.0836686368662928337
1.0415415415419999601, 0.0912771828831875492
1.0440440440439999747, 0.1000258846442619587
1.0465465465470000783, 0.1101551184448147785
1.0490490490490000930, 0.1219721236685939875
1.0515515515519999745, 0.1358746057070820412
1.0540540540539999892, 0.1523846504005680613
1.0565565565570000928, 0.1721984307561490180
1.0590590590590001074, 0.1962606895371269422
1.0615615615619999890, 0.2258791549487891848
1.0640640640640000036, 0.2629053086651171878
1.0665665665670001072, 0.3100292854282145627
1.0690690690689998998, 0.3712790341214539103
1.0715715715720000034, 0.4529022381706336309
1.0740740740740000181, 0.5650051577823782534
1.0765765765769998996, 0.7247871474547197268
1.0790790790789999143, 0.9634086068986145168
1.0815815815820000179, 1.3419529089220563201
1.0840840840840000325, 1.9930010073729576003
1.0865865865869999141, 3.2459330132523871448
1.0890890890889999287, 6.0804969067644663028
1.0915915915920000323, 14.0560862594597306696
1.0940940940940000470, 35.3481428998658842033
1.0965965965969999285, 27.7959918595371746619
1.0990990990989999432, 10.6172765073505033229
1.1016016016020000468, 4.9309466819901288659
1.1041041041040000614, 2.7655515542087405478
1.1066066066069999430, 1.7537425694914465790
1.1091091091089999576, 1.2074752364137195659
1.1116116116120000612, 0.8811602948462313734
1.1141141141140000759, 0.6713587832602669891
1.1166166166169999574, 0.5287682807966355147
1.1191191191189999721, 0.4275749430171071341
1.1216216216220000756, 0.3532355890397841369
1.1241241241240000903, 0.2970625439120014866
1.1266266266269999718, 0.2536118455395216520
1.1291291291289999865, 0.2193338380981359748
1.1316316316320000901, 0.1918350990734972727
1.1341341341340001048, 0.1694549087893288397
1.1366366366369999863, 0.1510120678830967345
1.1391391391390000010, 0.1356481109273036945
1.1416416416420001045, 0.1227271825224577478
1.1441441441439998972, 0.1117703462348720866
1.1466466466470000007, 0.1024114406049144582
1.1491491491490000154, 0.0943667747845340632
1.1516516516519998969, 0.0874139231286254342
1.1541541541539999116, 0.0813766289511264757
1.1566566566570000152, 0.0761138888755195503
1.1591591591590000299, 0.0715119480916164563
1.1616616616619999114, 0.0674783549581235431
1.1641641641639999261, 0.0639374940873058961
1.1666666666670000296, 0.0608271955408688780
1.1691691691690000443, 0.0580961374720284640
1.1716716716719999258, 0.0557018411058096893
1.1741741741739999405, 0.0536091133474714404
1.1766766766770000441, 0.0517888318685526330
1.1791791791790000588, 0.0502169956610539897
1.1816816816819999403, 0.0488739843596517204
1.1841841841839999550, 0.0477439845216286948
1.1866866866870000585, 0.0468145521740185588
1.1891891891890000732, 0.0460762894375743373
1.1916916916919999547, 0.0455226197399936777
1.1941941941939999694, 0.0451496516454368418
1.1966966966970000730, 0.0449561261289908379
1.1991991991990000876, 0.0449434466134515237
1.2017017017019999692, 0.0451157956341684402
1.2042042042039999838, 0.0454803469951149814
1.2067067067070000874, 0.0460475881802896309
1.2092092092090001021, 0.0468317751689719258
1.2117117117119999836, 0.0478515514602989370
1.2142142142139999983, 0.0491307761638135748
1.2167167167170001019, 0.0506996241027388717
1.2192192192189998945, 0.0525960464748108925
1.2217217217219999981, 0.0548677175035873696
1.2242242242240000127, 0.0575746465945432412
1.2267267267269998943, 0.0607927161747298522
1.2292292292289999089, 0.0646185278737790997
1.2317317317320000125, 0.0691761292276068668
1.2342342342340000272, 0.0746264924022517206
1.2367367367369999087, 0.0811810997794175510
1.2392392392389999234, 0.0891217910657747803
1.2417417417420000270, 0.0988303863463030757
1.2442442442440000416, 0.1108339817740492533
1.2467467467469999232, 0.1258761313439994423
1.2492492492489999378, 0.1450322536158142883
1.2517517517520000414, 0.1699035733883948462
1.2542542542540000561, 0.2029569010184971156
1.2567567567569999376, 0.2481497545355010603
1.2592592592589999523, 0.3121494119464850447
1.2617617617620000559, 0.4068836574760945624
1.2642642642640000705, 0.5553616284065270303
1.2667667667669999521, 0.8064867418300785129
1.2692692692689999667, 1.2783893947540363456
1.2717717717720000703, 2.3097043758222257637
1.2742742742740000850, 5.0928425898806048977
1.2767767767769999665, 13.2705002474631452714
1.2792792792789999812, 13.9900517981599907813
1.2817817817820000847, 5.4123584478618651517
1.2842842842840000994, 2.4172682152662594568
1.2867867867869999809, 1.3242379823858889676
1.2892892892889999956, 0.8302826415893889145
1.2917917917920000992, 0.5697685199245502430
1.2942942942939998918, 0.4167965747832831913
1.2967967967969999954, 0.3197589872348226003
1.2992992992990000101, 0.2545537327005716888
1.3018018018019998916, 0.2087581959812244981
1.3043043043039999063, 0.1754606666808015969
1.3068068068070000098, 0.1505746015662282611
1.3093093093090000245, 0.1315617023490146531
1.3118118118119999060, 0.1167799154273343049
1.3143143143139999207, 0.1051303247839936450
1.3168168168170000243, 0.0958562405511532295
1.3193193193190000390, 0.0884239917801444009
1.3218218218219999205, 0.0824496107014453805
1.3243243243239999352, 0.0776523241241264817
1.3268268268270000387, 0.0738242527098510182
1.3293293293290000534, 0.0708102152399738560
1.3318318318319999349, 0.0684940113281739954
1.3343343343339999496, 0.0667889675261501004
1.3368368368370000532, 0.0656313617716118569
1.3393393393390000679, 0.0649758435625384101
1.3418418418419999494, 0.0647922801312871555
1.3443443443439999641, 0.0650636596821836943
1.3468468468470000676, 0.0657848162916229995
1.3493493493490000823, 0.0669618342376963743
1.3518518518519999638, 0.0686120591982252448
1.3543543543539999785, 0.0707647012845762508
1.3568568568570000821, 0.0734620688199822403
1.3593593593590000967, 0.0767615297420112530
1.3618618618619999783, 0.0807383677373235409
1.3643643643639999929, 0.0854897932210651051
1.3668668668670000965, 0.0911405001357675770
1.3693693693689998891, 0.0978503514596244239
1.3718718718719999927, 0.1058250665560110521
1.3743743743740000074, 0.1153312339305510303
1.3768768768770001110, 0.1267176891894435664
1.3793793793789999036, 0.1404464653078897340
1.3818818818820000072, 0.1571384754284786134
1.3843843843840000218, 0.1776424512911088938
1.3868868868869999034, 0.2031416375484174086
1.3893893893889999180, 0.2353237510917755015
1.3918918918920000216, 0.2766608245346554584
1.3943943943940000363, 0.3308879382134440328
1.3968968968969999178, 0.4038595841558144661
1.3993993993989999325, 0.5051645291096865664
1.4019019019020000361, 0.6513697961754187915
1.4044044044040000507, 0.8730595340916078584
1.4069069069069999323, 1.2316435846584239400
1.4094094094089999469, 1.8646769823021513979
1.4119119119120000505, 3.1286321217420294261
1.4144144144140000652, 6.1428771165076128113
1.4169169169169999467, 15.0740344182669492312
1.4194194194189999614, 32.6753393330679742235
1.4219219219220000650, 17.9526690630101057877
1.4244244244240000796, 7.0638682146394122796
1.4269269269269999612, 3.4726241515786320235
1.4294294294289999758, 2.0220837912600622133
1.4319319319320000794, 1.3144075864951805244
1.4344344344340000941, 0.9206739801671771639
1.4369369369369999756, 0.6802926223340526324
1.4394394394389999903, 0.5231644909295799506
1.4419419419420000938, 0.4149666842356148355
1.4444444444440001085, 0.3373505111197819817
1.4469469469469999900, 0.2798064481992043051
1.4494494494490000047, 0.2359716647844549153
1.4519519519520001083, 0.2018144824252560698
1.4544544544539999009, 0.1746813681709767641
1.4569569569570000045, 0.1527687107658864119
1.4594594594590000192, 0.1348162714729010392
1.4619619619619999007, 0.1199221463004379179
1.4644644644639999154, 0.1074272088398448566
1.4669669669670000189, 0.0968407667747619577
1.4694694694690000336, 0.0877914638146166521
1.4719719719719999151, 0.0799940913919957447
1.4744744744739999298, 0.0732266835662159915
1.4769769769770000334, 0.0673144107433073513
1.4794794794790000481, 0.0621180611947447087
1.4819819819819999296, 0.0575256761713517153
1.4844844844839999443, 0.0534463895440663653
1.4869869869870000478, 0.0498058324058789290
1.4894894894890000625, 0.0465426644024730871
1.4919919919919999440, 0.0436059268840138237
1.4944944944939999587, 0.0409530027200060431
1.4969969969970000623, 0.0385480289571662540
1.4994994994990000770, 0.0363606510128168248
1.5020020020019999585, 0.0343650369474300457
1.5045045045050000621, 0.0325390915762695729
1.5070070070070000767, 0.0308638254309464601
1.5095095095099999583, 0.0293228446611819848
1.5120120120119999729, 0.0279019360964036719
1.5145145145150000765, 0.0265887277074540219
1.5170170170170000912, 0.0253724092069677748
1.5195195195199999727, 0.0242435009157499701
1.5220220220219999874, 0.0231936615955114292
1.5245245245250000909, 0.0222155279164279983
1.5270270270270001056, 0.0213025797440302214
1.5295295295299999871, 0.0204490266055249587
1.5320320320320000018, 0.0196497116130236044
1.5345345345350001054, 0.0189000298413699273
1.5370370370369998980, 0.0181958587269114569
1.5395395395400000016, 0.0175334985050248915
1.5420420420420000163, 0.0169096210645031247
1.5445445445449998978, 0.0163212258858791287
1.5470470470469999125, 0.0157656019636514197
1.5495495495500000160, 0.0152402948009039765
1.5520520520520000307, 0.0147430777181200671
1.5545545545549999122, 0.0142719268431718387
1.5570570570569999269, 0.0138249992520929760
1.5595595595600000305, 0.0134006138147171987
1.5620620620620000452, 0.0129972343690417207
1.5645645645649999267, 0.0126134549060311560
1.5670670670669999414, 0.0122479864947117028
1.5695695695700000449, 0.0118996457175791319
1.5720720720720000596, 0.0115673444199949921
1.5745745745749999411, 0.0112500806055049161
1.5770770770769999558, 0.0109469303328268725
1.5795795795800000594, 0.0106570404903803557
1.5820820820820000741, 0.0103796223412737885
1.5845845845849999556, 0.0101139457461580200
1.5870870870869999703, 0.0098593339836913711
1.5895895895900000738, 0.0096151590989021554
1.5920920920920000885, 0.0093808377187587239
1.5945945945949999700, 0.0091558272819981142
1.5970970970969999847, 0.0089396226369284799
1.5995995996000000883, 0.0087317529666601154
1.6021021021020001029, 0.0085317790061822697
1.6046046046049999845, 0.0083392905199989233
1.6071071071069999991, 0.0081539040127616407
1.6096096096100001027, 0.0079752606485796722
1.6121121121119998953, 0.0078030243575075041
1.6146146146149999989, 0.0076368801101735660
1.6171171171170000136, 0.0074765323436662527
1.6196196196199998951, 0.0073217035236793782
1.6221221221219999098, 0.0071721328295732360
1.6246246246250000134, 0.0070275749504615688
1.6271271271270000280, 0.0068877989817145470
1.6296296296299999096, 0.0067525874123964434
1.6321321321319999242, 0.0066217351951533649
1.6346346346350000278, 0.0064950488909477910
1.6371371371370000425, 0.0063723458818176091
1.6396396396399999240, 0.0062534536455299116
1.6421421421419999387, 0.0061382090866152596
1.6446446446450000423, 0.0060264579188154472
1.6471471471470000569, 0.0059180540944654613
1.6496496496499999385, 0.0058128592767653382
1.6521521521519999531, 0.0057107423512861039
1.6546546546550000567, 0.0056115789734013707
1.6571571571570000714, 0.0055152511486473684
1.6596596596599999529, 0.0054216468432929706
1.6621621621619999676, 0.0053306596226516921
1.6646646646650000712, 0.0052421883148925444
1.6671671671670000858, 0.0051561366983090065
1.6696696696699999674, 0.0050724132101876629
1.6721721721719999820, 0.0049909306755823819
1.6746746746750000856, 0.0049116060544482009
1.6771771771770001003, 0.0048343602057231887
1.6796796796799999818, 0.0047591176670676852
1.6821821821819999965, 0.0046858064490801340
1.6846846846850001000, 0.0046143578429081299
1.6871871871869998927, 0.0045447062402636006
1.6896896896899999962, 0.0044767889649328964
1.6921921921920000109, 0.0044105461149470731
1.6946946946949998924, 0.0043459204146453854
1.6971971971969999071, 0.0042828570759266609
1.6996996997000000107, 0.0042213036680394589
1.7022022022020000254, 0.0041612099953131643
1.7047047047049999069, 0.0041025279822789820
1.7072072072069999216, 0.0040452115656725409
1.7097097097100000251, 0.0039892165928489274
1.7122122122120000398, 0.0039345007261767304
1.7147147147149999213, 0.0038810233530104667
1.7172172172169999360, 0.0038287455008707812
1.7197197197200000396, 0.0037776297574893440
1.7222222222220000543, 0.0037276401954007055
1.7247247247249999358, 0.0036787423007865333
1.7272272272269999505, 0.0036309029062990697
1.7297297297300000540, 0.0035840901276102625
1.7322322322320000687, 0.0035382733034510973
1.7347347347349999502, 0.0034934229389223617
1.7372372372369999649, 0.0034495106518733758
1.7397397397400000685, 0.0034065091221594400
1.7422422422420000832, 0.0033643920436017966
1.7447447447449999647, 0.0033231340784859848
1.7472472472469999794, 0.0032827108144456514
1.7497497497500000829, 0.0032430987235891819
1.7522522522520000976, 0.0032042751237360847
1.7547547547549999791, 0.0031662181416388996
1.7572572572569999938, 0.0031289066780746107
1.7597597597600000974, 0.0030923203746971223
1.7622622622619998900, 0.0030564395825494360
1.7647647647649999936, 0.0030212453321406701
1.7672672672670000082, 0.0029867193049991753
1.7697697697699998898, 0.0029528438066186275
1.7722722722719999044, 0.0029196017407192138
1.7747747747750000080, 0.0028869765847509394
1.7772772772770000227, 0.0028549523665706081
1.7797797797799999042, 0.0028235136422282473
1.7822822822819999189, 0.0027926454748027248
1.7847847847850000225, 0.0027623334142299364
1.7872872872870000371, 0.0027325634780704022
1.7897897897899999187, 0.0027033221331662907
1.7922922922919999333, 0.0026745962781408667
1.7947947947950000369, 0.0026463732266961645
1.7972972972970000516, 0.0026186406916672818
1.7997997997999999331, 0.0025913867697941084
1.8023023023019999478, 0.0025645999271736138
1.8048048048050000514, 0.0025382689853579140
1.8073073073070000660, 0.0025123831080653574
1.8098098098099999476, 0.0024869317884737121
1.8123123123119999622, 0.0024619048370663160
1.8148148148150000658, 0.0024372923700036620
1.8173173173170000805, 0.0024130847979944407
1.8198198198199999620, 0.0023892728156415170
1.8223223223219999767, 0.0023658473912396469
1.8248248248250000803, 0.0023427997570030293
1.8273273273270000949, 0.0023201213997019730
1.8298298298299999765, 0.0022978040516890910
1.8323323323319999911, 0.0022758396822964702
1.8348348348350000947, 0.0022542204895862812
1.8373373373370001094, 0.0022329388924381948
1.8398398398399999909, 0.0022119875229578883
1.8423423423420000056, 0.0021913592191917042
1.8448448448450001091, 0.0021710470181333535
1.8473473473469999018, 0.0021510441490092472
1.8498498498500000053, 0.0021313440268297488
1.8523523523520000200, 0.0021119402461942916
1.8548548548549999015, 0.0020928265753389266
1.8573573573569999162, 0.0020739969504154272
1.8598598598600000198, 0.0020554454699916315
1.8623623623620000345, 0.0020371663897632434
1.8648648648649999160, 0.0020191541174677586
1.8673673673669999307, 0.0020014032079916809
1.8698698698700000342, 0.0019839083586626065
1.8723723723720000489, 0.0019666644047181842
1.8748748748749999304, 0.0019496663149443220
1.8773773773769999451, 0.0019329091874754185
1.8798798798800000487, 0.0019163882457497020
1.8823823823820000634, 0.0019000988346131306
1.8848848848849999449, 0.0018840364165655849
1.8873873873869999596, 0.0018681965681434159
1.8898898898900000631, 0.0018525749764326479
1.8923923923920000778, 0.0018371674357074525
1.8948948948949999593, 0.0018219698441887134
1.8973973973969999740, 0.0018069782009177814
1.8998998999000000776, 0.0017921886027407151
1.9024024024020000923, 0.0017775972413985337
1.9049049049049999738, 0.0017632004007192129
1.9074074074069999885, 0.0017489944539073416
1.9099099099100000920, 0.0017349758609275414
1.9124124124120001067, 0.0017211411659779415
1.9149149149149999882, 0.0017074869950501354
1.9174174174170000029, 0.0016940100535722431
1.9199199199200001065, 0.0016807071241318201
1.9224224224219998991, 0.0016675750642755160
1.9249249249250000027, 0.0016546108043825180
1.9274274274270000173, 0.0016418113456089295
1.9299299299299998989, 0.0016291737579003816
1.9324324324319999135, 0.0016166951780702782
1.9349349349350000171, 0.0016043728079411751
1.9374374374370000318, 0.0015922039125469301
1.9399399399399999133, 0.0015801858183933349
1.9424424424419999280, 0.0015683159117750459
1.9449449449450000316, 0.0015565916371467210
1.9474474474470000462, 0.0015450104955463729
1.9499499499499999278, 0.0015335700430689945
1.9524524524519999424, 0.0015222678893886368
1.9549549549550000460, 0.0015111016963271656
1.9574574574570000607, 0.0015000691764680022
1.9599599599599999422, 0.0014891680918132310
1.9624624624619999569, 0.0014783962524825152
1.9649649649650000605, 0.0014677515154523204
1.9674674674670000751, 0.0014572317833340220
1.9699699699699999567, 0.0014468350031895129
1.9724724724719999713, 0.0014365591653829912
1.9749749749750000749, 0.0014264023024676610
1.9774774774770000896, 0.0014163624881061234
1.9799799799799999711, 0.0014064378360232946
1.9824824824819999858, 0.0013966264989907127
1.9849849849850000894, 0.0013869266678411668
1.9874874874870001040, 0.0013773365705126014
1.9899899899899999856, 0.0013678544711202951
1.9924924924920000002, 0.0013584786690563593
1.9949949949950001038, 0.0013492074981156274
1.9974974974969998964, 0.0013400393256470500
2.0000000000000000000, 0.0013309725517297404
