# k1_lab: [1, 0, 0]
# k2_lab: [-0.8660254037844387, 0.49999999999999994, 0.0]
# k1_cf: [-0.35355339059327373, -0.35355339059327373, -0.8660254037844387]
# k2_cf: [0.0, 0.0, 1.0]
# pol1_lab: [(0, 1, 0), (0, 0, 1)]
# pol2_lab: [array([-0.5      , -0.8660254,  0.       ]), array([0., 0., 1.])]
# pol1_cf: [array([-0.61237244, -0.61237244,  0.5       ]), array([-0.70710678,  0.70710678,  0.        ])]
# pol2_cf: [array([0.70710678, 0.70710678, 0.        ]), array([-0.70710678,  0.70710678,  0.        ])]
# cf: [array([-0.35355339, -0.61237244, -0.70710678]), array([-0.35355339, -0.61237244,  0.70710678]), array([-0.8660254,  0.5      ,  0.       ])]
# th: 150
-0.5000000000000000000, 0.0012424193117681760
-0.4974974974974999964, 0.0012512428524202924
-0.4949949949949999928, 0.0012601755127041540
-0.4924924924924999892, 0.0012692192753558655
-0.4899899899899999856, 0.0012783761708458014
-0.4874874874874999819, 0.0012876482788056129
-0.4849849849849999783, 0.0012970377295060450
-0.4824824824824999747, 0.0013065467053876489
-0.4799799799800000266, 0.0013161774426465990
-0.4774774774775000230, 0.0013259322328778936
-0.4749749749750000194, 0.0013358134247783530
-0.4724724724725000158, 0.0013458234259119406
-0.4699699699700000122, 0.0013559647045400304
-0.4674674674675000086, 0.0013662397915194049
-0.4649649649650000049, 0.0013766512822708725
-0.4624624624625000013, 0.0013872018388215554
-0.4599599599599999977, 0.0013978941919240305
-0.4574574574574999941, 0.0014087311432556754
-0.4549549549549999905, 0.0014197155677017344
-0.4524524524524999869, 0.0014308504157257871
-0.4499499499499000077, 0.0014421387158314964
-0.4474474474474000041, 0.0014535835771197030
-0.4449449449449000005, 0.0014651881919451339
-0.4424424424423999969, 0.0014769558386772230
-0.4399399399398999932, 0.0014888898845697566
-0.4374374374373999896, 0.0015009937887443116
-0.4349349349348999860, 0.0015132711052927065
-0.4324324324323999824, 0.0015257254865039464
-0.4299299299298999788, 0.0015383606862214619
-0.4274274274273999752, 0.0015511805633367016
-0.4249249249249000271, 0.0015641890854255014
-0.4224224224224000235, 0.0015773903325339731
-0.4199199199199000199, 0.0015907885011210189
-0.4174174174174000163, 0.0016043879081649691
-0.4149149149149000126, 0.0016181929954422435
-0.4124124124124000090, 0.0016322083339863611
-0.4099099099099000054, 0.0016464386287361040
-0.4074074074074000018, 0.0016608887233820850
-0.4049049049048999982, 0.0016755636054215490
-0.4024024024023999946, 0.0016904684114317000
-0.3998998998998999910, 0.0017056084325725324
-0.3973973973973999874, 0.0017209891203306617
-0.3948948948948999838, 0.0017366160925163824
-0.3923923923923999801, 0.0017524951395268544
-0.3898898898898999765, 0.0017686322308890616
-0.3873873873873999729, 0.0017850335220969814
-0.3848848848849000248, 0.0018017053617582755
-0.3823823823824000212, 0.0018186542990666645
-0.3798798798799000176, 0.0018358870916171692
-0.3773773773774000140, 0.0018534107135823690
-0.3748748748749000104, 0.0018712323642689765
-0.3723723723724000068, 0.0018893594770751424
-0.3698698698699000031, 0.0019077997288701909
-0.3673673673673999995, 0.0019265610498198056
-0.3648648648648999959, 0.0019456516336810933
-0.3623623623623999923, 0.0019650799485935034
-0.3598598598598999887, 0.0019848547483931815
-0.3573573573573999851, 0.0020049850844800991
-0.3548548548548999815, 0.0020254803182691524
-0.3523523523523999779, 0.0020463501342584322
-0.3498498498497999987, 0.0020676045537499940
-0.3473473473472999951, 0.0020892539492607756
-0.3448448448447999914, 0.0021113090596637501
-0.3423423423422999878, 0.0021337810061020641
-0.3398398398397999842, 0.0021566813087217362
-0.3373373373372999806, 0.0021800219042715555
-0.3348348348347999770, 0.0022038151646220877
-0.3323323323322999734, 0.0022280739162592266
-0.3298298298298000253, 0.0022528114608115369
-0.3273273273273000217, 0.0022780415966746816
-0.3248248248248000181, 0.0023037786418007061
-0.3223223223223000145, 0.0023300374577245905
-0.3198198198198000108, 0.0023568334749057020
-0.3173173173173000072, 0.0023841827194672374
-0.3148148148148000036, 0.0024121018414227269
-0.3123123123123000000, 0.0024406081444851430
-0.3098098098097999964, 0.0024697196175610414
-0.3073073073072999928, 0.0024994549680398066
-0.3048048048047999892, 0.0025298336569961532
-0.3023023023022999856, 0.0025608759364328529
-0.2997997997997999819, 0.0025926028887003332
-0.2972972972972999783, 0.0026250364682400282
-0.2947947947947999747, 0.0026581995458097567
-0.2922922922923000266, 0.0026921159553615812
-0.2897897897898000230, 0.0027268105437558473
-0.2872872872873000194, 0.0027623092235096926
-0.2847847847848000158, 0.0027986390287939025
-0.2822822822823000122, 0.0028358281749091916
-0.2797797797798000086, 0.0028739061214917037
-0.2772772772773000050, 0.0029129036397177576
-0.2747747747748000013, 0.0029528528838002489
-0.2722722722722999977, 0.0029937874670932559
-0.2697697697697999941, 0.0030357425431480093
-0.2672672672672999905, 0.0030787548920924246
-0.2647647647647999869, 0.0031228630127381166
-0.2622622622622999833, 0.0031681072208537314
-0.2597597597597999797, 0.0032145297540815783
-0.2572572572572999761, 0.0032621748840164794
-0.2547547547547999724, 0.0033110890360119011
-0.2522522522523000243, 0.0033613209173289837
-0.2497497497496999896, 0.0034129216542999568
-0.2472472472472000138, 0.0034659449392387786
-0.2447447447447000102, 0.0035204471878996571
-0.2422422422422000066, 0.0035764877083588218
-0.2397397397397000030, 0.0036341288822775847
-0.2372372372371999993, 0.0036934363595960370
-0.2347347347346999957, 0.0037544792678080178
-0.2322322322321999921, 0.0038173304370799285
-0.2297297297296999885, 0.0038820666426005119
-0.2272272272272000126, 0.0039487688656868122
-0.2247247247247000090, 0.0040175225753250965
-0.2222222222222000054, 0.0040884180319966596
-0.2197197197197000018, 0.0041615506158288566
-0.2172172172171999982, 0.0042370211813244716
-0.2147147147146999946, 0.0043149364411600704
-0.2122122122121999910, 0.0043954093818096718
-0.2097097097096999874, 0.0044785597140477263
-0.2072072072072000115, 0.0045645143617191290
-0.2047047047047000079, 0.0046534079925387266
-0.2022022022022000043, 0.0047453835951042286
-0.1996996996997000007, 0.0048405931067809129
-0.1971971971971999971, 0.0049391980976515835
-0.1946946946946999935, 0.0050413705163294912
-0.1921921921921999898, 0.0051472935041152641
-0.1896896896896999862, 0.0052571622847529861
-0.1871871871872000104, 0.0053711851379186293
-0.1846846846847000068, 0.0054895844655720076
-0.1821821821822000032, 0.0056125979614390312
-0.1796796796796999995, 0.0057404798951860743
-0.1771771771771999959, 0.0058735025243270853
-0.1746746746746999923, 0.0060119576485963486
-0.1721721721721999887, 0.0061561583234593393
-0.1696696696697000128, 0.0063064407516618985
-0.1671671671672000092, 0.0064631663742810786
-0.1646646646647000056, 0.0066267241856965489
-0.1621621621622000020, 0.0067975333003159975
-0.1596596596596999984, 0.0069760458028413404
-0.1571571571571999948, 0.0071627499184499796
-0.1546546546546999912, 0.0073581735446000864
-0.1521521521521999876, 0.0075628881923873121
-0.1496496496496000084, 0.0077775133926463701
-0.1471471471471000048, 0.0080027216305013672
-0.1446446446446000011, 0.0082392438820627426
-0.1421421421420999975, 0.0084878758387356441
-0.1396396396395999939, 0.0087494849184956529
-0.1371371371370999903, 0.0090250181799346116
-0.1346346346345999867, 0.0093155112744061647
-0.1321321321321000108, 0.0096220985948559535
-0.1296296296296000072, 0.0099460248077031174
-0.1271271271271000036, 0.0102886579874340283
-0.1246246246246000000, 0.0106515046136076343
-0.1221221221220999964, 0.0110362267382826344
-0.1196196196196000067, 0.0114446616903838266
-0.1171171171171000031, 0.0118788447546438122
-0.1146146146145999994, 0.0123410353495425392
-0.1121121121120999958, 0.0128337473350032243
-0.1096096096096000061, 0.0133597842114438550
-0.1071071071071000025, 0.0139222801334832544
-0.1046046046045999989, 0.0145247478623606891
-0.1021021021020999953, 0.0151711350315774634
-0.0995995995996000055, 0.0158658904142787681
-0.0970970970971000019, 0.0166140422766637569
-0.0945945945945900063, 0.0174212914032756128
-0.0920920920920900027, 0.0182941220193374235
-0.0895895895895899991, 0.0192399346551348008
-0.0870870870870899955, 0.0202672060554868055
-0.0845845845845799998, 0.0213856826119708174
-0.0820820820820799962, 0.0226066155941446537
-0.0795795795795800065, 0.0239430488268874281
-0.0770770770770800029, 0.0254101726109550070
-0.0745745745745699934, 0.0270257619039746891
-0.0720720720720700037, 0.0288107224831490316
-0.0695695695695700000, 0.0307897765934613821
-0.0670670670670699964, 0.0329923303102539547
-0.0645645645645600008, 0.0354535797837765357
-0.0620620620620599972, 0.0382159345798065569
-0.0595595595595600005, 0.0413308663465015505
-0.0570570570570599969, 0.0448613344116519375
-0.0545545545545500013, 0.0488850034837714706
-0.0520520520520499977, 0.0534985632324307750
-0.0495495495495500010, 0.0588236026576057502
-0.0470470470470499974, 0.0650147126570290723
-0.0445445445445400018, 0.0722708366222179488
-0.0420420420420399982, 0.0808514449987753486
-0.0395395395395400015, 0.0911000238713210037
-0.0370370370370399979, 0.1034789102068916222
-0.0345345345345300023, 0.1186221865338108056
-0.0320320320320299987, 0.1374181590177710188
-0.0295295295295299985, 0.1611419032877173529
-0.0270270270270299984, 0.1916757623597427906
-0.0245245245245199993, 0.2318911263644604925
-0.0220220220220199991, 0.2863411406528788561
-0.0195195195195199990, 0.3625893063628224944
-0.0170170170170199989, 0.4739338377178818895
-0.0145145145145099998, 0.6454708593284791407
-0.0120120120120099996, 0.9290426168993477507
-0.0095095095095099995, 1.4452222431569397010
-0.0070070070070070000, 2.5226297080307023002
-0.0045045045045049997, 5.2580106758057949534
-0.0020020020020019998, 13.6000171560586657904
0.0005005005005005000, 21.4598229258718546930
0.0030030030030029999, 9.1382405046667560811
0.0055055055055059999, 3.8177741740060029407
0.0080080080080079993, 1.9845945106681821546
0.0105105105105099995, 1.1977319629737797069
0.0130130130130099997, 0.7971221465047387822
0.0155155155155200005, 0.5675289145476836161
0.0180180180180199989, 0.4243348176507542036
0.0205205205205199991, 0.3292344645798986891
0.0230230230230199992, 0.2629475725668092845
0.0255255255255299983, 0.2149433772397458808
0.0280280280280299984, 0.1790859881268371534
0.0305305305305299986, 0.1516083026357396557
0.0330330330330299987, 0.1300955715013482616
0.0355355355355400013, 0.1129429040504659337
0.0380380380380399979, 0.0990503444031902713
0.0405405405405400016, 0.0876437909476057569
0.0430430430430399982, 0.0781657845934135842
0.0455455455455500008, 0.0702066926540933778
0.0480480480480499975, 0.0634600868811348029
0.0505505505505500011, 0.0576930684182857256
0.0530530530530499977, 0.0527260838885069000
0.0555555555555600003, 0.0484189176536515414
0.0580580580580599970, 0.0446607923987204294
0.0605605605605600006, 0.0413632572672422427
0.0630630630630600042, 0.0384550017147648193
0.0655655655655699998, 0.0358780216850076578
0.0680680680680700034, 0.0335847497933612557
0.0705705705705699932, 0.0315358822357764204
0.0730730730730699968, 0.0296987156805527605
0.0755755755755800063, 0.0280458618599356210
0.0780780780780799960, 0.0265542449522911117
0.0805805805805799996, 0.0252043128486050191
0.0830830830830800032, 0.0239794117209241216
0.0855855855855899988, 0.0228652863772646070
0.0880880880880900025, 0.0218496783096529638
0.0905905905905900061, 0.0209220002069537628
0.0930930930930899958, 0.0200730707549943189
0.0955955955956000053, 0.0192948972968383439
0.0980980980980999950, 0.0185804967348951779
0.1006006006005999986, 0.0179237471774452220
0.1031031031031000023, 0.0173192644459815373
0.1056056056056000059, 0.0167622987967264436
0.1081081081080999956, 0.0162486481643566057
0.1106106106105999992, 0.0157745849776274594
0.1131131131131000028, 0.0153367941763608486
0.1156156156156000064, 0.0149323205151803366
0.1181181181180999962, 0.0145585235999370396
0.1206206206205999998, 0.0142130393894540769
0.1231231231231000034, 0.0138937471243417311
0.1256256256256000070, 0.0135987408286612228
0.1281281281281000106, 0.0133263046787169531
0.1306306306305999865, 0.0130748916536357011
0.1331331331330999901, 0.0128431049803970979
0.1356356356355999937, 0.0126296819661029201
0.1381381381380999973, 0.0124334798760396686
0.1406406406406000009, 0.0122534635702800914
0.1431431431431000045, 0.0120886946563884285
0.1456456456456000081, 0.0119383219529948098
0.1481481481481000118, 0.0118015730899891785
0.1506506506506999910, 0.0116777470969790000
0.1531531531531999946, 0.0115662078533651791
0.1556556556556999982, 0.0114663782916505155
0.1581581581582000018, 0.0113777352610006204
0.1606606606607000054, 0.0112998049711135612
0.1631631631632000090, 0.0112321589475191802
0.1656656656657000126, 0.0111744104388472459
0.1681681681681999885, 0.0111262112246437658
0.1706706706706999921, 0.0110872487791988696
0.1731731731731999957, 0.0110572437527599494
0.1756756756756999993, 0.0110359477365947548
0.1781781781782000029, 0.0110231412827658942
0.1806806806807000065, 0.0110186321532887294
0.1831831831832000101, 0.0110222537766578102
0.1856856856857000138, 0.0110338638926168950
0.1881881881881999896, 0.0110533433685799862
0.1906906906906999932, 0.0110805951733363890
0.1931931931931999968, 0.0111155434956405810
0.1956956956957000004, 0.0111581329970339392
0.1981981981982000041, 0.0112083281898057042
0.2007007007007000077, 0.0112661129324026395
0.2032032032032000113, 0.0113314900358663546
0.2057057057056999871, 0.0114044809760361961
0.2082082082081999908, 0.0114851257073227825
0.2107107107106999944, 0.0115734825748504827
0.2132132132131999980, 0.0116696283227014884
0.2157157157157000016, 0.0117736581968835227
0.2182182182182000052, 0.0118856861425012048
0.2207207207207000088, 0.0120058450954491393
0.2232232232232000124, 0.0121342873697749473
0.2257257257256999883, 0.0122711851426940757
0.2282282282281999919, 0.0124167310400860268
0.2307307307306999955, 0.0125711388261754552
0.2332332332331999991, 0.0127346442020129201
0.2357357357357000027, 0.0129075057183308493
0.2382382382382000063, 0.0130900058093735890
0.2407407407407000099, 0.0132824519554009535
0.2432432432432000136, 0.0134851779827563148
0.2457457457456999894, 0.0136985455116914144
0.2482482482481999930, 0.0139229455635688556
0.2507507507508000000, 0.0141588003406404161
0.2532532532533000036, 0.0144065651933506719
0.2557557557558000072, 0.0146667307920653883
0.2582582582583000108, 0.0149398255223071562
0.2607607607608000144, 0.0152264181250303301
0.2632632632633000180, 0.0155271206062251935
0.2657657657658000216, 0.0158425914432570765
0.2682682682683000253, 0.0161735391188718505
0.2707707707707999734, 0.0165207260178032236
0.2732732732732999770, 0.0168849727254716878
0.2757757757757999806, 0.0172671627734589939
0.2782782782782999842, 0.0176682478823800629
0.2807807807807999878, 0.0180892537595738825
0.2832832832832999914, 0.0185312865168439297
0.2857857857857999950, 0.0189955397824613584
0.2882882882882999986, 0.0194833025920018998
0.2907907907908000023, 0.0199959681545598886
0.2932932932933000059, 0.0205350436047458257
0.2957957957958000095, 0.0211021608669726100
0.2982982982983000131, 0.0216990887772656113
0.3008008008008000167, 0.0223277466296804179
0.3033033033033000203, 0.0229902193399625573
0.3058058058058000239, 0.0236887744490324598
0.3083083083083000275, 0.0244258812240838938
0.3108108108107999756, 0.0252042321565712768
0.3133133133132999792, 0.0260267672053892153
0.3158158158157999829, 0.0268967011916586458
0.3183183183182999865, 0.0278175548206012271
0.3208208208207999901, 0.0287931898883406652
0.3233233233232999937, 0.0298278493299701276
0.3258258258257999973, 0.0309262028834262799
0.3283283283283000009, 0.0320933992860396589
0.3308308308308000045, 0.0333351260926040421
0.3333333333333000081, 0.0346576784123803633
0.3358358358358000118, 0.0360680381163544020
0.3383383383383000154, 0.0375739653763960124
0.3408408408408000190, 0.0391841047788205263
0.3433433433433000226, 0.0409081087242533503
0.3458458458458000262, 0.0427567814068550225
0.3483483483482999743, 0.0447422473888166236
0.3508508508509000090, 0.0468781496895538455
0.3533533533534000126, 0.0491798834441354998
0.3558558558559000162, 0.0516648726191546726
0.3583583583584000198, 0.0543528990952207441
0.3608608608609000235, 0.0572664957517127204
0.3633633633634000271, 0.0604314181801391820
0.3658658658658999752, 0.0638772135220525006
0.3683683683683999788, 0.0676379099685490703
0.3708708708708999824, 0.0717528570731415793
0.3733733733733999860, 0.0762677557756899493
0.3758758758758999896, 0.0812359286922323259
0.3783783783783999932, 0.0867198968960902483
0.3808808808808999968, 0.0927933506727462998
0.3833833833834000004, 0.0995436308452933988
0.3858858858859000041, 0.1070748775537779945
0.3883883883884000077, 0.1155120597314059222
0.3908908908909000113, 0.1250061782950090961
0.3933933933934000149, 0.1357410504117488870
0.3958958958959000185, 0.1479422483293477697
0.3983983983984000221, 0.1618890111541900767
0.4009009009009000257, 0.1779303147164377208
0.4034034034033999738, 0.1965068433822871607
0.4059059059058999774, 0.2181814748387005121
0.4084084084083999810, 0.2436822624439493601
0.4109109109108999847, 0.2739641246063866942
0.4134134134133999883, 0.3102991443723110421
0.4159159159158999919, 0.3544116845798436222
0.4184184184183999955, 0.4086856092687283781
0.4209209209208999991, 0.4764910788892953719
0.4234234234234000027, 0.5627165581080382228
0.4259259259259000063, 0.6746671381324607086
0.4284284284284000099, 0.8236472076297165490
0.4309309309309000136, 1.0278916258699484221
0.4334334334334000172, 1.3183275795368132322
0.4359359359359000208, 1.7507487140757480581
0.4384384384384000244, 2.4339357178484481992
0.4409409409408999725, 3.6023285549865033950
0.4434434434433999761, 5.8328637774494715984
0.4459459459458999797, 10.8204635521032468404
0.4484484484483999833, 24.6644403070296789338
0.4509509509510000180, 63.1471201166116458126
0.4534534534535000216, 54.6465764104383566746
0.4559559559560000253, 20.8621543361114731852
0.4584584584584999734, 9.5482510765914287987
0.4609609609609999770, 5.3000531230197962529
0.4634634634634999806, 3.3361084865135715027
0.4659659659659999842, 2.2835123598849098592
0.4684684684684999878, 1.6579458052389310918
0.4709709709709999914, 1.2572127628623983586
0.4734734734734999950, 0.9855759556927253806
0.4759759759759999986, 0.7931636413244460559
0.4784784784785000022, 0.6519912817449632358
0.4809809809810000059, 0.5453956657725805846
0.4834834834835000095, 0.4629627009909689228
0.4859859859860000131, 0.3979168798018636322
0.4884884884885000167, 0.3456979992649165112
0.4909909909910000203, 0.3031466543542227776
0.4934934934935000239, 0.2680184658243988105
0.4959959959960000275, 0.2386838642062122928
0.4984984984984999756, 0.2139367062886580184
0.5010010010009999792, 0.1928688996370701569
0.5035035035035000384, 0.1747862620070587680
0.5060060060059999865, 0.1591508247770825613
0.5085085085085000456, 0.1455404974918046435
0.5110110110109999937, 0.1336203734109045471
0.5135135135135000528, 0.1231219909564215953
0.5160160160160000009, 0.1138281276034452394
0.5185185185184999490, 0.1055615023259919572
0.5210210210210000081, 0.0981762796824167394
0.5235235235234999562, 0.0915516090654101555
0.5260260260260000154, 0.0855866606397875651
0.5285285285284999635, 0.0801967745754701561
0.5310310310310000226, 0.0753104471978459922
0.5335335335334999707, 0.0708669525136954859
0.5360360360360000298, 0.0668144505571892089
0.5385385385384999779, 0.0631084719530144583
0.5410410410410000370, 0.0597106955736795494
0.5435435435434999851, 0.0565879562678495637
0.5460460460460000442, 0.0537114344788821446
0.5485485485484999924, 0.0510559906312869280
0.5510510510510999715, 0.0485996154720184162
0.5535535535536000307, 0.0463229738468519461
0.5560560560560999788, 0.0442090241946272722
0.5585585585586000379, 0.0422426997333044535
0.5610610610610999860, 0.0404106401679907717
0.5635635635636000451, 0.0387009649754867305
0.5660660660660999932, 0.0371030810628487570
0.5685685685686000523, 0.0356075189711488257
0.5710710710711000004, 0.0342057928842821671
0.5735735735735999485, 0.0328902805700498277
0.5760760760761000077, 0.0316541200753089336
0.5785785785785999558, 0.0304911205558670295
0.5810810810811000149, 0.0293956850735916618
0.5835835835835999630, 0.0283627435600543668
0.5860860860861000221, 0.0273876944451737422
0.5885885885885999702, 0.0264663536942564004
0.5910910910911000293, 0.0255949101981725533
0.5935935935935999774, 0.0247698866275274966
0.5960960960961000366, 0.0239881049992613261
0.5985985985985999847, 0.0232466563184314003
0.6011011011011000438, 0.0225428737532560389
0.6036036036035999919, 0.0218743088812393335
0.6061061061061000510, 0.0212387106111119849
0.6086086086085999991, 0.0206340064416451752
0.6111111111110999472, 0.0200582857659398414
0.6136136136136000063, 0.0195097849700425867
0.6161161161160999544, 0.0189868741089058227
0.6186186186186000135, 0.0184880449717889084
0.6211211211210999616, 0.0180119003740101744
0.6236236236236000208, 0.0175571445331854162
0.6261261261260999689, 0.0171225744062885321
0.6286286286286000280, 0.0167070718795129733
0.6311311311310999761, 0.0163095967163873201
0.6336336336336000352, 0.0159291801812315378
0.6361361361360999833, 0.0155649192651049553
0.6386386386386000424, 0.0152159714501220907
0.6411411411410999905, 0.0148815499555923665
0.6436436436436000497, 0.0145609194160368563
0.6461461461460999978, 0.0142533919468885717
0.6486486486485999459, 0.0139583235587090061
0.6511511511512000361, 0.0136751108851532396
0.6536536536536999842, 0.0134031881937729889
0.6561561561562000433, 0.0131420246521349385
0.6586586586586999914, 0.0128911218247121252
0.6611611611612000505, 0.0126500113786323642
0.6636636636636999986, 0.0124182529786858210
0.6661661661661999467, 0.0121954323540426693
0.6686686686687000059, 0.0119811595209458038
0.6711711711711999540, 0.0117750671472516711
0.6736736736737000131, 0.0115768090461203788
0.6761761761761999612, 0.0113860587874256881
0.6786786786787000203, 0.0112025084165859896
0.6811811811811999684, 0.0110258672715251096
0.6836836836837000275, 0.0108558608893716546
0.6861861861861999756, 0.0106922299953098581
0.6886886886887000347, 0.0105347295667145811
0.6911911911911999828, 0.0103831279663485990
0.6936936936937000420, 0.0102372061389788011
0.6961961961961999901, 0.0100967568662882271
0.6986986986987000492, 0.0099615840754283501
0.7012012012011999973, 0.0098315021969774385
0.7037037037036999454, 0.0097063355684502937
0.7062062062062000045, 0.0095859178798475518
0.7087087087086999526, 0.0094700916580423306
0.7112112112112000117, 0.0093587077870822249
0.7137137137136999598, 0.0092516250617382164
0.7162162162162000190, 0.0091487097718624035
0.7187187187186999671, 0.0090498353153249476
0.7212212212212000262, 0.0089548818374907187
0.7237237237236999743, 0.0088637358953685668
0.7262262262262000334, 0.0087762901447235551
0.7287287287286999815, 0.0086924430485860078
0.7312312312312000406, 0.0086120986057219798
0.7337337337336999887, 0.0085351660977499525
0.7362362362362000479, 0.0084615598536977987
0.7387387387386999960, 0.0083911990308949726
0.7412412412412000551, 0.0083240074111870441
0.7437437437437000032, 0.0082599132115447199
0.7462462462461999513, 0.0081988489082177336
0.7487487487487000104, 0.0081407510736561488
0.7512512512512999896, 0.0080855602254885535
0.7537537537538000487, 0.0080332206869083815
0.7562562562562999968, 0.0079836804578772083
0.7587587587587999449, 0.0079368910966073451
0.7612612612613000040, 0.0078928076108360935
0.7637637637637999521, 0.0078513883584508202
0.7662662662663000113, 0.0078125949570680975
0.7687687687687999594, 0.0077763922022115201
0.7712712712713000185, 0.0077427479937722289
0.7737737737737999666, 0.0077116332704734560
0.7762762762763000257, 0.0076830219520960851
0.7787787787787999738, 0.0076568908892564970
0.7812812812813000329, 0.0076332198205609908
0.7837837837837999810, 0.0076119913369931524
0.7862862862863000402, 0.0075931908534218068
0.7887887887887999883, 0.0075768065871480179
0.7912912912913000474, 0.0075628295434398626
0.7937937937937999955, 0.0075512535080340722
0.7962962962963000546, 0.0075420750466138036
0.7987987987988000027, 0.0075352935113024598
0.8013013013012999508, 0.0075309110542443212
0.8038038038038000099, 0.0075289326483745853
0.8063063063062999580, 0.0075293661155138303
0.8088088088088000172, 0.0075322221619556640
0.8113113113112999653, 0.0075375144217513599
0.8138138138138000244, 0.0075452595079319191
0.8163163163162999725, 0.0075554770719465699
0.8188188188188000316, 0.0075681898716374874
0.8213213213212999797, 0.0075834238481137378
0.8238238238238000388, 0.0076012082119335869
0.8263263263262999869, 0.0076215755390537264
0.8288288288288000460, 0.0076445618770568519
0.8313313313312999941, 0.0076702068622263014
0.8338338338338000533, 0.0076985538480980643
0.8363363363363000014, 0.0077296500461874005
0.8388388388387999495, 0.0077635466796600319
0.8413413413413000086, 0.0078002991507969480
0.8438438438437999567, 0.0078399672231882385
0.8463463463463000158, 0.0078826152196858641
0.8488488488487999639, 0.0079283122372487639
0.8513513513514000541, 0.0079771323799271709
0.8538538538539000022, 0.0080291550113581293
0.8563563563563999503, 0.0080844650282814144
0.8588588588589000095, 0.0081431531567370576
0.8613613613613999576, 0.0082053162727730271
0.8638638638639000167, 0.0082710577496769820
0.8663663663663999648, 0.0083404878339515508
0.8688688688689000239, 0.0084137240524798842
0.8713713713713999720, 0.0084908916535818071
0.8738738738739000311, 0.0085721240849418907
0.8763763763763999792, 0.0086575635117044289
0.8788788788789000384, 0.0087473613783799597
0.8813813813813999865, 0.0088416790185983137
0.8838838838839000456, 0.0089406883171801801
0.8863863863863999937, 0.0090445724294881038
0.8888888888889000528, 0.0091535265635664682
0.8913913913914000009, 0.0092677588311963852
0.8938938938938999490, 0.0093874911746838503
0.8963963963964000081, 0.0095129603769807496
0.8988988988988999562, 0.0096444191636182834
0.9014014014014000153, 0.0097821374059273054
0.9039039039038999634, 0.0099264034361458316
0.9064064064064000226, 0.0100775254862890684
0.9089089089088999707, 0.0102358332641058342
0.9114114114114000298, 0.0104016796810913019
0.9139139139138999779, 0.0105754427494008530
0.9164164164164000370, 0.0107575276666497452
0.9189189189188999851, 0.0109483691100272715
0.9214214214214000442, 0.0111484337639549264
0.9239239239238999923, 0.0113582231087287436
0.9264264264264000515, 0.0115782765012776272
0.9289289289288999996, 0.0118091745834211365
0.9314314314313999477, 0.0120515430579147820
0.9339339339339000068, 0.0123060568782452466
0.9364364364363999549, 0.0125734449047116125
0.9389389389389000140, 0.0128544950869645368
0.9414414414413999621, 0.0131500602420655498
0.9439439439439000212, 0.0134610645074992250
0.9464464464463999693, 0.0137885105607054095
0.9489489489489000285, 0.0141334877109239535
0.9514514514515000076, 0.0144971809858705173
0.9539539539539999558, 0.0148808813554787544
0.9564564564565000149, 0.0152859972582476550
0.9589589589589999630, 0.0157140676233614440
0.9614614614615000221, 0.0161667766145933214
0.9639639639639999702, 0.0166459703611749471
0.9664664664665000293, 0.0171536759876748275
0.9689689689689999774, 0.0176921233111711519
0.9714714714715000365, 0.0182637696417452464
0.9739739739739999846, 0.0188713282041880030
0.9764764764765000438, 0.0195178007981217337
0.9789789789789999919, 0.0202065154346679557
0.9814814814815000510, 0.0209411698356219214
0.9839839839839999991, 0.0217258818625740979
0.9864864864864999472, 0.0225652481671478507
0.9889889889890000063, 0.0234644126305920409
0.9914914914914999544, 0.0244291465056987386
0.9939939939940000135, 0.0254659426050283938
0.9964964964964999616, 0.0265821264210951286
0.9989989989990000208, 0.0277859877485323939
1.0015015015019999023, 0.0290869372478084615
1.0040040040039999170, 0.0304956935014033120
1.0065065065070000205, 0.0320245075425578882
1.0090090090090000352, 0.0336874336866670732
1.0115115115119999167, 0.0355006579064416766
1.0140140140139999314, 0.0374828981571071265
1.0165165165170000350, 0.0396558952448075458
1.0190190190190000497, 0.0420450184148190298
1.0215215215219999312, 0.0446800173459461283
1.0240240240239999459, 0.0475959624303457715
1.0265265265270000494, 0.0508344291869513576
1.0290290290290000641, 0.0544450019985786918
1.0315315315319999456, 0.0584871994403833168
1.0340340340339999603, 0.0630329618229810568
1.0365365365370000639, 0.0681698965946125196
1.0390390390390000785, 0.0740055572529719763
1.0415415415419999601, 0.0806731494701267288
1.0440440440439999747, 0.0883392351069463011
1.0465465465470000783, 0.0972142746934251123
1.0490490490490000930, 0.1075672683526090884
1.0515515515519999745, 0.1197464203391963161
1.0540540540539999892, 0.1342088313832157653
1.0565565565570000928, 0.1515640172747598213
1.0590590590590001074, 0.1726391188837295143
1.0615615615619999890, 0.1985790738610856698
1.0640640640640000036, 0.2310048802373889376
1.0665665665670001072, 0.2722717829381839372
1.0690690690689998998, 0.3259062925141984479
1.0715715715720000034, 0.3973783120855974849
1.0740740740740000181, 0.4955359541407681201
1.0765765765769998996, 0.6354373811198614774
1.0790790790789999143, 0.8443637399041540315
1.0815815815820000179, 1.1757939305785165551
1.0840840840840000325, 1.7458034383548712842
1.0865865865869999141, 2.8427666549275665275
1.0890890890889999287, 5.3244591505607354875
1.0915915915920000323, 12.3071525038000348928
1.0940940940940000470, 30.9484976725156180066
1.0965965965969999285, 24.3365576545115516183
1.0990990990989999432, 9.2965003011880753547
1.1016016016020000468, 4.3180998167475062033
1.1041041041040000614, 2.4223006833301856666
1.1066066066069999430, 1.5364743180809128376
1.1091091091089999576, 1.0582334640830264316
1.1116116116120000612, 0.7725632193835597628
1.1141141141140000759, 0.5889021704138699409
1.1166166166169999574, 0.4640857909580234364
1.1191191191189999721, 0.3755139561230727563
1.1216216216220000756, 0.3104540828175628708
1.1241241241240000903, 0.2613001254776689541
1.1266266266269999718, 0.2232859352295963606
1.1291291291289999865, 0.1933038464531708356
1.1316316316320000901, 0.1692584898666397719
1.1341341341340001048, 0.1496959896236132737
1.1366366366369999863, 0.1335823012012335720
1.1391391391390000010, 0.1201659448223471593
1.1416416416420001045, 0.1088903473437332348
1.1441441441439998972, 0.0993363304487610010
1.1466466466470000007, 0.0911834635876776489
1.1491491491490000154, 0.0841835337757001895
1.1516516516519998969, 0.0781419817854679261
1.1541541541539999116, 0.0729046871875598246
1.1566566566570000152, 0.0683484138026776988
1.1591591591590000299, 0.0643738039921010058
1.1616616616619999114, 0.0609001762954642090
1.1641641641639999261, 0.0578616179327831048
1.1666666666670000296, 0.0552040199728290118
1.1691691691690000443, 0.0528828077899419352
1.1716716716719999258, 0.0508611908558326345
1.1741741741739999405, 0.0491088053153789644
1.1766766766770000441, 0.0476006574622904119
1.1791791791790000588, 0.0463163009085700780
1.1816816816819999403, 0.0452391980737049879
1.1841841841839999550, 0.0443562297203607611
1.1866866866870000585, 0.0436573260814683561
1.1891891891890000732, 0.0431352006716547651
1.1916916916919999547, 0.0427851738815710966
1.1941941941939999694, 0.0426050784603712387
1.1966966966970000730, 0.0425952434296116705
1.1991991991990000876, 0.0427585572110581111
1.2017017017019999692, 0.0431006151448596470
1.2042042042039999838, 0.0436299615028535176
1.2067067067070000874, 0.0443584420173940147
1.2092092092090001021, 0.0453016904362207873
1.2117117117119999836, 0.0464797824850885777
1.2142142142139999983, 0.0479181040251287077
1.2167167167170001019, 0.0496484988266901323
1.2192192192189998945, 0.0517107877950000738
1.2217217217219999981, 0.0541547895834347121
1.2242242242240000127, 0.0570430284199473780
1.2267267267269998943, 0.0604543983597469539
1.2292292292289999089, 0.0644891798126972227
1.2317317317320000125, 0.0692760001673967951
1.2342342342340000272, 0.0749816398520223026
1.2367367367369999087, 0.0818250850041080252
1.2392392392389999234, 0.0900980550371984212
1.2417417417420000270, 0.1001956395647793652
1.2442442442440000416, 0.1126631427397949969
1.2467467467469999232, 0.1282696971963158128
1.2492492492489999378, 0.1481276126037322505
1.2517517517520000414, 0.1738929402530248469
1.2542542542540000561, 0.2081168541939082406
1.2567567567569999376, 0.2548921169856688262
1.2592592592589999523, 0.3211137530553724861
1.2617617617620000559, 0.4191168816543145992
1.2642642642640000705, 0.5726962958629904232
1.2667667667669999521, 0.8324251229256731666
1.2692692692689999667, 1.3204669607026859879
1.2717717717720000703, 2.3870181011909306079
1.2742742742740000850, 5.2651999915811149577
1.2767767767769999665, 13.7220753641219541663
1.2792792792789999812, 14.4662130292807500354
1.2817817817820000847, 5.5956835832055755731
1.2842842842840000994, 2.4983527981174784571
1.2867867867869999809, 1.3680189431179488047
1.2892892892889999956, 0.8572112706594265941
1.2917917917920000992, 0.5878128787873886374
1.2942942942939998918, 0.4296263439060133971
1.2967967967969999954, 0.3292818563320841774
1.2992992992990000101, 0.2618544736885696222
1.3018018018019998916, 0.2144974013039799843
1.3043043043039999063, 0.1800628856650154930
1.3068068068070000098, 0.1543247808738543170
1.3093093093090000245, 0.1346580291085104075
1.3118118118119999060, 0.1193643984207450048
1.3143143143139999207, 0.1073073179600858018
1.3168168168170000243, 0.0977041046249589734
1.3193193193190000390, 0.0900026829295513531
1.3218218218219999205, 0.0838057625817108520
1.3243243243239999352, 0.0788227377367004545
1.3268268268270000387, 0.0748383466399018538
1.3293293293290000534, 0.0716917802296832829
1.3318318318319999349, 0.0692624891021609151
1.3343343343339999496, 0.0674603978618624756
1.3368368368370000532, 0.0662190941389640131
1.3393393393390000679, 0.0654910790339300330
1.3418418418419999494, 0.0652444891788440118
1.3443443443439999641, 0.0654609080580701719
1.3468468468470000676, 0.0661340220666326861
1.3493493493490000823, 0.0672689727815413419
1.3518518518519999638, 0.0688823284881689840
1.3543543543539999785, 0.0710026568247932310
1.3568568568570000821, 0.0736717352484157761
1.3593593593590000967, 0.0769464946350810752
1.3618618618619999783, 0.0809018620252517084
1.3643643643639999929, 0.0856347618891358797
1.3668668668670000965, 0.0912696664466552121
1.3693693693689998891, 0.0979662777647137412
1.3718718718719999927, 0.1059302148839213475
1.3743743743740000074, 0.1154280300111558688
1.3768768768770001110, 0.1268085945234137812
1.3793793793789999036, 0.1405340635703276331
1.3818818818820000072, 0.1572255823438783451
1.3843843843840000218, 0.1777322619435982853
1.3868868868869999034, 0.2032379334040786689
1.3893893893889999180, 0.2354312037192261842
1.3918918918920000216, 0.2767854599649672842
1.3943943943940000363, 0.3310378774052392115
1.3968968968969999178, 0.4040462785615868135
1.3993993993989999325, 0.5054049309913282162
1.4019019019020000361, 0.6516904077475750290
1.4044044044040000507, 0.8735045344442560200
1.4069069069069999323, 1.2322926953275687989
1.4094094094089999469, 1.8656895914203679432
1.4119119119120000505, 3.1303741330243299856
1.4144144144140000652, 6.1463629906909549305
1.4169169169169999467, 15.0826928210947812659
1.4194194194189999614, 32.6941941906990791722
1.4219219219220000650, 17.9629913964632841328
1.4244244244240000796, 7.0678796648647477241
1.4269269269269999612, 3.4745532765465036995
1.4294294294289999758, 2.0231711403372112379
1.4319319319320000794, 1.3150837557303454162
1.4344344344340000941, 0.9211210256445674371
1.4369369369369999756, 0.6805995382534901772
1.4394394394389999903, 0.5233796432978665703
1.4419419419420000938, 0.4151185412814425990
1.4444444444440001085, 0.3374568999635048638
1.4469469469469999900, 0.2798790978222387427
1.4494494494490000047, 0.2360186094266232826
1.4519519519520001083, 0.2018414129540105351
1.4544544544539999009, 0.1746924311997565815
1.4569569569570000045, 0.1527670016558473898
1.4594594594590000192, 0.1348041496662576999
1.4619619619619999007, 0.1199014433963527110
1.4644644644639999154, 0.1073993696755338040
1.4669669669670000189, 0.0968069473955699700
1.4694694694690000336, 0.0877526009640828414
1.4719719719719999151, 0.0799509527433018841
1.4744744744739999298, 0.0731799046559612476
1.4769769769770000334, 0.0672645225493525983
1.4794794794790000481, 0.0620655110185203557
1.4819819819819999296, 0.0574708436538037062
1.4844844844839999443, 0.0533895990943145451
1.4869869869870000478, 0.0497473629509171608
1.4894894894890000625, 0.0464827571121682603
1.4919919919919999440, 0.0435447913488573035
1.4944944944939999587, 0.0408908219342834847
1.4969969969970000623, 0.0384849633709776623
1.4994994994990000770, 0.0362968418517882752
1.5020020020019999585, 0.0343006089516738333
1.5045045045050000621, 0.0324741552751675114
1.5070070070070000767, 0.0307984790441927919
1.5095095095099999583, 0.0292571756968111052
1.5120120120119999729, 0.0278360227015329760
1.5145145145150000765, 0.0265226398159711593
1.5170170170170000912, 0.0253062095195023123
1.5195195195199999727, 0.0241772457403475610
1.5220220220219999874, 0.0231274015720020869
1.5245245245250000909, 0.0221493086431970854
1.5270270270270001056, 0.0212364423224996324
1.5295295295299999871, 0.0203830081149347364
1.5320320320320000018, 0.0195838455259212812
1.5345345345350001054, 0.0188343463884515366
1.5370370370369998980, 0.0181303852184262100
1.5395395395400000016, 0.0174682596147874847
1.5420420420420000163, 0.0168446390815996695
1.5445445445449998978, 0.0162565209383639386
1.5470470470469999125, 0.0157011922178795296
1.5495495495500000160, 0.0151761966396022283
1.5520520520520000307, 0.0146793058998477832
1.5545545545549999122, 0.0142084946454436208
1.5570570570569999269, 0.0137619186001184321
1.5595595595600000305, 0.0133378953974441807
1.5620620620620000452, 0.0129348877439627134
1.5645645645649999267, 0.0125514885940201208
1.5670670670669999414, 0.0121864080659942718
1.5695695695700000449, 0.0118384618697990329
1.5720720720720000596, 0.0115065610492195072
1.5745745745749999411, 0.0111897028709086674
1.5770770770769999558, 0.0108869627157045373
1.5795795795800000594, 0.0105974868480617403
1.5820820820820000741, 0.0103204859564480812
1.5845845845849999556, 0.0100552293720562770
1.5870870870869999703, 0.0098010398855256330
1.5895895895900000738, 0.0095572890919157442
1.5920920920920000885, 0.0093233932032035748
1.5945945945949999700, 0.0090988092753214005
1.5970970970969999847, 0.0088830318034208433
1.5995995996000000883, 0.0086755896447918736
1.6021021021020001029, 0.0084760432338307212
1.6046046046049999845, 0.0082839820577495608
1.6071071071069999991, 0.0080990223654478690
1.6096096096100001027, 0.0079208050852096531
1.6121121121119998953, 0.0077489939297124364
1.6146146146149999989, 0.0075832736692988878
1.6171171171170000136, 0.0074233485566160481
1.6196196196199998951, 0.0072689408876139353
1.6221221221219999098, 0.0071197896855507243
1.6246246246250000134, 0.0069756494961065547
1.6271271271270000280, 0.0068362892829887762
1.6296296296299999096, 0.0067014914145407571
1.6321321321319999242, 0.0065710507328635313
1.6346346346350000278, 0.0064447736978418303
1.6371371371370000425, 0.0063224775992472299
1.6396396396399999240, 0.0062039898307843441
1.6421421421419999387, 0.0060891472205617629
1.6446446446450000423, 0.0059777954130171701
1.6471471471470000569, 0.0058697882978140971
1.6496496496499999385, 0.0057649874816629657
1.6521521521519999531, 0.0056632617994079558
1.6546546546550000567, 0.0055644868610687688
1.6571571571570000714, 0.0054685446318378118
1.6596596596599999529, 0.0053753230423123199
1.6621621621619999676, 0.0052847156264914678
1.6646646646650000712, 0.0051966211852936921
1.6671671671670000858, 0.0051109434735518485
1.6696696696699999674, 0.0050275909086263254
1.6721721721719999820, 0.0049464762989406622
1.6746746746750000856, 0.0048675165908926106
1.6771771771770001003, 0.0047906326327277820
1.6796796796799999818, 0.0047157489540842435
1.6821821821819999965, 0.0046427935600263284
1.6846846846850001000, 0.0045716977384854173
1.6871871871869998927, 0.0045023958801157574
1.6896896896899999962, 0.0044348253096553906
1.6921921921920000109, 0.0043689261279567550
1.6946946946949998924, 0.0043046410639193365
1.6971971971969999071, 0.0042419153356184677
1.6996996997000000107, 0.0041806965199805979
1.7022022022020000254, 0.0041209344304067022
1.7047047047049999069, 0.0040625810017923172
1.7072072072069999216, 0.0040055901824354537
1.7097097097100000251, 0.0039499178323628261
1.7122122122120000398, 0.0038955216276405900
1.7147147147149999213, 0.0038423609702686011
1.7172172172169999360, 0.0037903969032872685
1.7197197197200000396, 0.0037395920307536192
1.7222222222220000543, 0.0036899104422685493
1.7247247247249999358, 0.0036413176417604215
1.7272272272269999505, 0.0035937804802516037
1.7297297297300000540, 0.0035472670923541597
1.7322322322320000687, 0.0035017468362590308
1.7347347347349999502, 0.0034571902369997013
1.7372372372369999649, 0.0034135689327867390
1.7397397397400000685, 0.0033708556242237377
1.7422422422420000832, 0.0033290240262283419
1.7447447447449999647, 0.0032880488224940434
1.7472472472469999794, 0.0032479056223396864
1.7497497497500000829, 0.0032085709198039127
1.7522522522520000976, 0.0031700220548513433
1.7547547547549999791, 0.0031322371765661553
1.7572572572569999938, 0.0030951952082169344
1.7597597597600000974, 0.0030588758140842271
1.7622622622619998900, 0.0030232593679493788
1.7647647647649999936, 0.0029883269231496608
1.7672672672670000082, 0.0029540601841108924
1.7697697697699998898, 0.0029204414792743296
1.7722722722719999044, 0.0028874537353398809
1.7747747747750000080, 0.0028550804527526048
1.7772772772770000227, 0.0028233056823639526
1.7797797797799999042, 0.0027921140032035031
1.7822822822819999189, 0.0027614905013008360
1.7847847847850000225, 0.0027314207495009058
1.7872872872870000371, 0.0027018907882196668
1.7897897897899999187, 0.0026728871070899477
1.7922922922919999333, 0.0026443966274505085
1.7947947947950000369, 0.0026164066856340421
1.7972972972970000516, 0.0025889050170124750
1.7997997997999999331, 0.0025618797407603467
1.8023023023019999478, 0.0025353193452993450
1.8048048048050000514, 0.0025092126743891953
1.8073073073070000660, 0.0024835489138321015
1.8098098098099999476, 0.0024583175787597925
1.8123123123119999622, 0.0024335085014740155
1.8148148148150000658, 0.0024091118198129018
1.8173173173170000805, 0.0023851179660172310
1.8198198198199999620, 0.0023615176560720088
1.8223223223219999767, 0.0023383018795001772
1.8248248248250000803, 0.0023154618895865051
1.8273273273270000949, 0.0022929891940109345
1.8298298298299999765, 0.0022708755458717656
1.8323323323319999911, 0.0022491129350801146
1.8348348348350000947, 0.0022276935801080920
1.8373373373370001094, 0.0022066099200740495
1.8398398398399999909, 0.0021858546071491644
1.8423423423420000056, 0.0021654204992704162
1.8448448448450001091, 0.0021453006531458180
1.8473473473469999018, 0.0021254883175384834
1.8498498498500000053, 0.0021059769268168185
1.8523523523520000200, 0.0020867600947587525
1.8548548548549999015, 0.0020678316085985730
1.8573573573569999162, 0.0020491854233054764
1.8598598598600000198, 0.0020308156560835183
1.8623623623620000345, 0.0020127165810831485
1.8648648648649999160, 0.0019948826243150171
1.8673673673669999307, 0.0019773083587571916
1.8698698698700000342, 0.0019599884996473610
1.8723723723720000489, 0.0019429178999520185
1.8748748748749999304, 0.0019260915460050094
1.8773773773769999451, 0.0019095045533081756
1.8798798798800000487, 0.0018931521624872241
1.8823823823820000634, 0.0018770297353962210
1.8848848848849999449, 0.0018611327513644669
1.8873873873869999596, 0.0018454568035797935
1.8898898898900000631, 0.0018299975956025895
1.8923923923920000778, 0.0018147509380051540
1.8948948948949999593, 0.0017997127451312110
1.8973973973969999740, 0.0017848790319706497
1.8998998999000000776, 0.0017702459111448199
1.9024024024020000923, 0.0017558095899978762
1.9049049049049999738, 0.0017415663677899081
1.9074074074069999885, 0.0017275126329877714
1.9099099099100000920, 0.0017136448606497275
1.9124124124120001067, 0.0016999596099001521
1.9149149149149999882, 0.0016864535214907769
1.9174174174170000029, 0.0016731233154450521
1.9199199199200001065, 0.0016599657887823830
1.9224224224219998991, 0.0016469778133191434
1.9249249249250000027, 0.0016341563335434861
1.9274274274270000173, 0.0016214983645611164
1.9299299299299998989, 0.0016090009901093100
1.9324324324319999135, 0.0015966613606365730
1.9349349349350000171, 0.0015844766914454641
1.9374374374370000318, 0.0015724442608961811
1.9399399399399999133, 0.0015605614086686493
1.9424424424419999280, 0.0015488255340809145
1.9449449449450000316, 0.0015372340944617463
1.9474474474470000462, 0.0015257846035754640
1.9499499499499999278, 0.0015144746300970392
1.9524524524519999424, 0.0015033017961356508
1.9549549549550000460, 0.0014922637758049248
1.9574574574570000607, 0.0014813582938381508
1.9599599599599999422, 0.0014705831242468755
1.9624624624619999569, 0.0014599360890212899
1.9649649649650000605, 0.0014494150568709369
1.9674674674670000751, 0.0014390179420042837
1.9699699699699999567, 0.0014287427029458018
1.9724724724719999713, 0.0014185873413892188
1.9749749749750000749, 0.0014085499010856755
1.9774774774770000896, 0.0013986284667655740
1.9799799799799999711, 0.0013888211630929332
1.9824824824819999858, 0.0013791261536511446
1.9849849849850000894, 0.0013695416399590260
1.9874874874870001040, 0.0013600658605161498
1.9899899899899999856, 0.0013506970898764371
1.9924924924920000002, 0.0013414336377490618
1.9949949949950001038, 0.0013322738481257364
1.9974974974969998964, 0.0013232160984334926
2.0000000000000000000, 0.0013142587987121054
