# k1_lab: [1, 0, 0]
# k2_lab: [-0.8660254037844387, 0.49999999999999994, 0.0]
# k1_cf: [-0.08715574274765808, -0.9961946980917455, 0.0]
# k2_cf: [0.5735764363510459, 0.8191520442889919, 0.0]
# pol1_lab: [(0, 1, 0), (0, 0, 1)]
# pol2_lab: [array([-0.5      , -0.8660254,  0.       ]), array([0., 0., 1.])]
# pol1_cf: [array([ 0.9961947 , -0.08715574,  0.        ]), array([0., 0., 1.])]
# pol2_cf: [array([-0.81915204,  0.57357644,  0.        ]), array([0., 0., 1.])]
# cf: [array([-0.08715574,  0.9961947 ,  0.        ]), array([-0.9961947 , -0.08715574,  0.        ]), array([0., 0., 1.])]
# th: 50
-0.500000000000000000000, 0.000038668366238227967
-0.497497497497499996388, 0.000039018271680828603
-0.494994994994999992777, 0.000039373303390019918
-0.492492492492499989165, 0.000039733564395623465
-0.489989989989999985553, 0.000040099160348050088
-0.487487487487499981942, 0.000040470199598875870
-0.484984984984999978330, 0.000040846793284325309
-0.482482482482499974719, 0.000041229055411782531
-0.479979979980000026618, 0.000041617102949456494
-0.477477477477500023006, 0.000042011055919332331
-0.474974974975000019395, 0.000042411037493547341
-0.472472472472500015783, 0.000042817174094336556
-0.469969969970000012172, 0.000043229595497699805
-0.467467467467500008560, 0.000043648434940949575
-0.464964964965000004948, 0.000044073829234306529
-0.462462462462500001337, 0.000044505918876717908
-0.459959959959999997725, 0.000044944848176082322
-0.457457457457499994113, 0.000045390765374073714
-0.454954954954999990502, 0.000045843822775766668
-0.452452452452499986890, 0.000046304176884275276
-0.449949949949900007695, 0.000046771988540628705
-0.447447447447400004084, 0.000047247423069117123
-0.444944944944900000472, 0.000047730650428354424
-0.442442442442399996860, 0.000048221845368315820
-0.439939939939899993249, 0.000048721187593622185
-0.437437437437399989637, 0.000049228861933356771
-0.434934934934899986025, 0.000049745058517714633
-0.432432432432399982414, 0.000050269972961800919
-0.429929929929899978802, 0.000050803806556910705
-0.427427427427399975191, 0.000051346766469640285
-0.424924924924900027090, 0.000051899065949198833
-0.422422422422400023478, 0.000052460924543308579
-0.419919919919900019867, 0.000053032568323102720
-0.417417417417400016255, 0.000053614230117452212
-0.414914914914900012644, 0.000054206149757175935
-0.412412412412400009032, 0.000054808574329613762
-0.409909909909900005420, 0.000055421758444068221
-0.407407407407400001809, 0.000056045964508648062
-0.404904904904899998197, 0.000056681463019077548
-0.402402402402399994585, 0.000057328532860065816
-0.399899899899899990974, 0.000057987461619864667
-0.397397397397399987362, 0.000058658545918678888
-0.394894894894899983750, 0.000059342091751630370
-0.392392392392399980139, 0.000060038414847018401
-0.389889889889899976527, 0.000060747841040660245
-0.387387387387399972916, 0.000061470706667143265
-0.384884884884900024815, 0.000062207358968866292
-0.382382382382400021203, 0.000062958156523802006
-0.379879879879900017592, 0.000063723469692965253
-0.377377377377400013980, 0.000064503681088632137
-0.374874874874900010369, 0.000065299186064417020
-0.372372372372400006757, 0.000066110393228382082
-0.369869869869900003145, 0.000066937724980423554
-0.367367367367399999534, 0.000067781618075258719
-0.364864864864899995922, 0.000068642524212414780
-0.362362362362399992310, 0.000069520910654712241
-0.359859859859899988699, 0.000070417260876824781
-0.357357357357399985087, 0.000071332075245600387
-0.354854854854899981476, 0.000072265871733933709
-0.352352352352399977864, 0.000073219186670093748
-0.349849849849799998669, 0.000074192575524534792
-0.347347347347299995057, 0.000075186613736348873
-0.344844844844799991446, 0.000076201897581658167
-0.342342342342299987834, 0.000077239045086399549
-0.339839839839799984222, 0.000078298696986112368
-0.337337337337299980611, 0.000079381517735517616
-0.334834834834799976999, 0.000080488196570862187
-0.332332332332299973388, 0.000081619448628204592
-0.329829829829800025287, 0.000082776016121033743
-0.327327327327300021675, 0.000083958669580847377
-0.324824824824800018064, 0.000085168209164566670
-0.322322322322300014452, 0.000086405466032933947
-0.319819819819800010841, 0.000087671303804333993
-0.317317317317300007229, 0.000088966620088792313
-0.314814814814800003617, 0.000090292348107244265
-0.312312312312300000006, 0.000091649458401537448
-0.309809809809799996394, 0.000093038960641023163
-0.307307307307299992782, 0.000094461905532024950
-0.304804804804799989171, 0.000095919386836935532
-0.302302302302299985559, 0.000097412543510193227
-0.299799799799799981948, 0.000098942561958938722
-0.297297297297299978336, 0.000100510678436737655
-0.294794794794799974724, 0.000102118181579398870
-0.292292292292300026624, 0.000103766415092611632
-0.289789789789800023012, 0.000105456780601879130
-0.287287287287300019401, 0.000107190740676049636
-0.284784784784800015789, 0.000108969822036635586
-0.282282282282300012177, 0.000110795618966085172
-0.279779779779800008566, 0.000112669796929230385
-0.277277277277300004954, 0.000114594096423286816
-0.274774774774800001342, 0.000116570337073043350
-0.272272272272299997731, 0.000118600421989252985
-0.269769769769799994119, 0.000120686342409737042
-0.267267267267299990507, 0.000122830182644362702
-0.264764764764799986896, 0.000125034125346846261
-0.262262262262299983284, 0.000127300457138308684
-0.259759759759799979673, 0.000129631574609666604
-0.257257257257299976061, 0.000132029990732311761
-0.254754754754799972449, 0.000134498341709135148
-0.252252252252300024349, 0.000137039394300808218
-0.249749749749699989643, 0.000139656053665382894
-0.247247247247200013787, 0.000142351371752734261
-0.244744744744700010175, 0.000145128556299188095
-0.242242242242200006563, 0.000147990980471887244
-0.239739739739700002952, 0.000150942193217104581
-0.237237237237199999340, 0.000153985930371846469
-0.234734734734699995728, 0.000157126126603787918
-0.232232232232199992117, 0.000160366928250875012
-0.229729729729699988505, 0.000163712707138924043
-0.227227227227200012649, 0.000167168075463300359
-0.224724724724700009038, 0.000170737901829381912
-0.222222222222200005426, 0.000174427328556103631
-0.219719719719700001814, 0.000178241790357556410
-0.217217217217199998203, 0.000182187034529533444
-0.214714714714699994591, 0.000186269142781207540
-0.212212212212199990979, 0.000190494554866994781
-0.209709709709699987368, 0.000194870094190297309
-0.207207207207200011512, 0.000199402995569462535
-0.204704704704700007900, 0.000204100935377225600
-0.202202202202200004288, 0.000208972064288410998
-0.199699699699700000677, 0.000214025042897128027
-0.197197197197199997065, 0.000219269080494509161
-0.194694694694699993454, 0.000224713977331679888
-0.192192192192199989842, 0.000230370170730671955
-0.189689689689699986230, 0.000236248785449021082
-0.187187187187200010374, 0.000242361688752576828
-0.184684684684700006763, 0.000248721550706436216
-0.182182182182200003151, 0.000255341910256909853
-0.179679679679699999539, 0.000262237247749183815
-0.177177177177199995928, 0.000269423064607238801
-0.174674674674699992316, 0.000276915970996196074
-0.172172172172199988704, 0.000284733782394483198
-0.169669669669700012848, 0.000292895626126230121
-0.167167167167200009237, 0.000301422059045736591
-0.164664664664700005625, 0.000310335197728765181
-0.162162162162200002014, 0.000319658862713457430
-0.159659659659699998402, 0.000329418738551173014
-0.157157157157199994790, 0.000339642551679676576
-0.154654654654699991179, 0.000350360268424007386
-0.152152152152199987567, 0.000361604315771420529
-0.149649649649600008372, 0.000373409827964881608
-0.147147147147100004760, 0.000385814922425350840
-0.144644644644600001149, 0.000398861009059411616
-0.142142142142099997537, 0.000412593137651295471
-0.139639639639599993926, 0.000427060388795938309
-0.137137137137099990314, 0.000442316314725551228
-0.134634634634599986702, 0.000458419437444501632
-0.132132132132100010846, 0.000475433812850806670
-0.129629629629600007235, 0.000493429671029971587
-0.127127127127100003623, 0.000512484144711049684
-0.124624624624600000011, 0.000532682100041303183
-0.122122122122099996400, 0.000554117086446295130
-0.119619619619600006666, 0.000576892425498980307
-0.117117117117100003054, 0.000601122462552730651
-0.114614614614599999443, 0.000626934009561451997
-0.112112112112099995831, 0.000654468013220539527
-0.109609609609600006097, 0.000683881489577445865
-0.107107107107100002485, 0.000715349774915534191
-0.104604604604599998874, 0.000749069153441634284
-0.102102102102099995262, 0.000785259935665475069
-0.099599599599600005528, 0.000824170078075795766
-0.097097097097100001917, 0.000866079455747013221
-0.094594594594590006298, 0.000911304926108210127
-0.092092092092090002686, 0.000960206355940133719
-0.089589589589589999075, 0.001013193826962533513
-0.087087087087089995463, 0.001070736291129794184
-0.084584584584579999844, 0.001133372019029730378
-0.082082082082079996233, 0.001201721279130279867
-0.079579579579580006499, 0.001276501809693892644
-0.077077077077080002887, 0.001358547809620682875
-0.074574574574569993390, 0.001448833394227521353
-0.072072072072070003657, 0.001548501758202762381
-0.069569569569570000045, 0.001658901691050111401
-0.067067067067069996433, 0.001781633644243875393
-0.064564564564560000814, 0.001918608318593814557
-0.062062062062059997203, 0.002072121820843165693
-0.059559559559560000530, 0.002244952974729133056
-0.057057057057059996918, 0.002440490584413970362
-0.054554554554550001300, 0.002662901680262005216
-0.052052052052049997688, 0.002917356570159522315
-0.049549549549550001015, 0.003210333745843813036
-0.047047047047049997404, 0.003550038784643595475
-0.044544544544540001785, 0.003946988745234357963
-0.042042042042039998173, 0.004414841311107611972
-0.039539539539540001500, 0.004971593374219362808
-0.037037037037039997889, 0.005641350108949585301
-0.034534534534530002270, 0.006456997686971342569
-0.032032032032029998658, 0.007464348883986594851
-0.029529529529529998516, 0.008728768588687218360
-0.027027027027029998374, 0.010346132470929077923
-0.024524524524519999286, 0.012461688136125418508
-0.022022022022019999143, 0.015304066248615830897
-0.019519519519519999001, 0.019250101078446438946
-0.017017017017019998859, 0.024956896961034036320
-0.014514514514509999771, 0.033653872992699770950
-0.012012012012009999629, 0.047858301372910153071
-0.009509509509509999486, 0.073373352681934955744
-0.007007007007007000007, 0.125884278269193100597
-0.004504504504504999729, 0.257371547493077834634
-0.002002002002001999816, 0.654225017399661767925
0.000500500500500499954, 1.034317899565851073262
0.003003003003002999941, 0.484696227853151695442
0.005505505505505999854, 0.319076992095832678853
0.008008008008007999265, 0.381929910124595428655
0.010510510510509999543, 0.204934560615752436874
0.013013013013009999685, 0.096425689634917238768
0.015515515515520000508, 0.055889931577661533524
0.018018018018019998916, 0.036999725596304988695
0.020520520520519999058, 0.026547287962390621330
0.023023023023019999200, 0.020084006502085249846
0.025525525525529998289, 0.015775581905202604172
0.028028028028029998431, 0.012744758182046180342
0.030530530530529998573, 0.010524597967100406820
0.033033033033029998715, 0.008846001843762919814
0.035535535535540001273, 0.007544127091155652769
0.038038038038039997946, 0.006513002926246290111
0.040540540540540001557, 0.005681785732813852095
0.043043043043039998230, 0.005001554622066470453
0.045545545545550000788, 0.004437591494203728566
0.048048048048049997460, 0.003964674879468902714
0.050550550550550001072, 0.003564107456198904993
0.053053053053049997745, 0.003221780494879873669
0.055555555555560000303, 0.002926879675196069914
0.058058058058059996975, 0.002670999389652306370
0.060560560560560000587, 0.002447523989799497198
0.063063063063060004199, 0.002251187503139227310
0.065565565565569999817, 0.002077755128030273155
0.068068068068070003429, 0.001923789360176706136
0.070570570570569993163, 0.001786475918690898571
0.073073073073069996775, 0.001663492567763912846
0.075575575575580006271, 0.001552909135204906619
0.078078078078079996005, 0.001453110508292331697
0.080580580580579999617, 0.001362736751219624509
0.083083083083080003228, 0.001280636118788635756
0.085585585585589998847, 0.001205827881186974111
0.088088088088090002459, 0.001137472682355240936
0.090590590590590006070, 0.001074848733432227053
0.093093093093089995804, 0.001017332562439707787
0.095595595595600005301, 0.000964383348732740031
0.098098098098099995035, 0.000915530098042593044
0.100600600600599998646, 0.000870361083566890438
0.103103103103100002258, 0.000828515106234648403
0.105605605605600005870, 0.000789674224145449789
0.108108108108099995603, 0.000753557675242961123
0.110610610610599999215, 0.000719916774312382899
0.113113113113100002827, 0.000688530609605271450
0.115615615615600006438, 0.000659202398894868100
0.118118118118099996172, 0.000631756391850136784
0.120620620620599999784, 0.000606035227004712005
0.123123123123100003395, 0.000581897668580069619
0.125625625625600007007, 0.000559216661979027984
0.128128128128100010619, 0.000537877657642156634
0.130630630630599986475, 0.000517777161727801262
0.133133133133099990086, 0.000498821479177669318
0.135635635635599993698, 0.000480925620506459522
0.138138138138099997310, 0.000464012348373008259
0.140640640640600000921, 0.000448011343861055898
0.143143143143100004533, 0.000432858475584964146
0.145645645645600008145, 0.000418495157370035525
0.148148148148100011756, 0.000404867782442252752
0.150650650650699990951, 0.000391927223881164506
0.153153153153199994563, 0.000379628392608723545
0.155655655655699998174, 0.000367929845459664593
0.158158158158200001786, 0.000356793436948726168
0.160660660660700005398, 0.000346184009251775267
0.163163163163200009009, 0.000336069115680261198
0.165665665665700012621, 0.000326418773574751434
0.168168168168199988477, 0.000317205243092731799
0.170670670670699992089, 0.000308402828834152183
0.173173173173199995700, 0.000299987701648322383
0.175675675675699999312, 0.000291937738308535653
0.178178178178200002924, 0.000284232377035057945
0.180680680680700006535, 0.000276852487100401475
0.183183183183200010147, 0.000269780250969234444
0.185685685685700013758, 0.000262999057614090399
0.188188188188199989614, 0.000256493405811614780
0.190690690690699993226, 0.000250248816366026978
0.193193193193199996838, 0.000244251752329961529
0.195695695695700000449, 0.000238489546400434379
0.198198198198200004061, 0.000232950334761603174
0.200700700700700007673, 0.000227622996728158258
0.203203203203200011284, 0.000222497099615143358
0.205705705705699987140, 0.000217562848323197660
0.208208208208199990752, 0.000212811039183751735
0.210710710710699994364, 0.000208233017657619992
0.213213213213199997975, 0.000203820639523593435
0.215715715715700001587, 0.000199566235231732537
0.218218218218200005198, 0.000195462577129801611
0.220720720720700008810, 0.000191502849301160863
0.223223223223200012422, 0.000187680619778948370
0.225725725725699988278, 0.000183989814924956715
0.228228228228199991889, 0.000180424695782568109
0.230730730730699995501, 0.000176979836231803625
0.233233233233199999113, 0.000173650102791211977
0.235735735735700002724, 0.000170430635926214959
0.238238238238200006336, 0.000167316832736856232
0.240740740740700009948, 0.000164304330909824354
0.243243243243200013559, 0.000161388993830329170
0.245745745745699989415, 0.000158566896759011191
0.248248248248199993027, 0.000155834313987702089
0.250750750750799999977, 0.000153187706895619482
0.253253253253300003589, 0.000150623712834581873
0.255755755755800007201, 0.000148139134778136797
0.258258258258300010812, 0.000145730931675197334
0.260760760760800014424, 0.000143396209453926243
0.263263263263300018036, 0.000141132212626267996
0.265765765765800021647, 0.000138936316447744730
0.268268268268300025259, 0.000136806019590956601
0.270770770770799973359, 0.000134738937294692079
0.273273273273299976971, 0.000132732794953707695
0.275775775775799980583, 0.000130785422117095634
0.278278278278299984194, 0.000128894746865765091
0.280780780780799987806, 0.000127058790541932469
0.283283283283299991417, 0.000125275662805679721
0.285785785785799995029, 0.000123543556995609296
0.288288288288299998641, 0.000121860745772425777
0.290790790790800002252, 0.000120225577025918456
0.293293293293300005864, 0.000118636470027323006
0.295795795795800009476, 0.000117091911810415875
0.298298298298300013087, 0.000115590453765957910
0.300800800800800016699, 0.000114130708435255385
0.303303303303300020310, 0.000112711346489670274
0.305805805805800023922, 0.000111331093883881228
0.308308308308300027534, 0.000109988729171592347
0.310810810810799975634, 0.000108683080973207363
0.313313313313299979246, 0.000107413025585742126
0.315815815815799982857, 0.000106177484725946525
0.318318318318299986469, 0.000104975423398242753
0.320820820820799990081, 0.000103805847879683835
0.323323323323299993692, 0.000102667803814675843
0.325825825825799997304, 0.000101560374412713259
0.328328328328300000916, 0.000100482678742840054
0.330830830830800004527, 0.000099433870118979792
0.333333333333300008139, 0.000098413134570672728
0.335835835835800011751, 0.000097419689394127732
0.338338338338300015362, 0.000096452781778835005
0.340840840840800018974, 0.000095511687505302445
0.343343343343300022585, 0.000094595709709768870
0.345845845845800026197, 0.000093704177712018843
0.348348348348299974298, 0.000092836445902676765
0.350850850850900009004, 0.000091991892686588177
0.353353353353400012615, 0.000091169919479116714
0.355855855855900016227, 0.000090369949752383105
0.358358358358400019839, 0.000089591428128664197
0.360860860860900023450, 0.000088833819518340404
0.363363363363400027062, 0.000088096608299945278
0.365865865865899975162, 0.000087379297540021258
0.368368368368399978774, 0.000086681408250626277
0.370870870870899982386, 0.000086002478682468739
0.373373373373399985997, 0.000085342063651769318
0.375875875875899989609, 0.000084699733899063723
0.378378378378399993220, 0.000084075075478268123
0.380880880880899996832, 0.000083467689174426734
0.383383383383400000444, 0.000082877189948656548
0.385885885885900004055, 0.000082303206408890822
0.388388388388400007667, 0.000081745380305104056
0.390890890890900011279, 0.000081203366047778746
0.393393393393400014890, 0.000080676830248445038
0.395895895895900018502, 0.000080165451281192214
0.398398398398400022113, 0.000079668918864113104
0.400900900900900025725, 0.000079186933659701632
0.403403403403399973826, 0.000078719206893280628
0.405905905905899977437, 0.000078265459988586240
0.408408408408399981049, 0.000077825424219685890
0.410910910910899984660, 0.000077398840378453465
0.413413413413399988272, 0.000076985458456864698
0.415915915915899991884, 0.000076585037343421947
0.418418418418399995495, 0.000076197344533049418
0.420920920920899999107, 0.000075822155849840920
0.423423423423400002719, 0.000075459255182073250
0.425925925925900006330, 0.000075108434228929913
0.428428428428400009942, 0.000074769492258412311
0.430930930930900013553, 0.000074442235875940582
0.433433433433400017165, 0.000074126478803175549
0.435935935935900020777, 0.000073822041666616947
0.438438438438400024388, 0.000073528751795556830
0.440940940940899972489, 0.000073246443028990876
0.443443443443399976100, 0.000072974955531109460
0.445945945945899979712, 0.000072714135615012108
0.448448448448399983324, 0.000072463835574307039
0.450950950951000018030, 0.000072223913522275420
0.453453453453500021642, 0.000071994233238297791
0.455955955956000025253, 0.000071774664021254683
0.458458458458499973354, 0.000071565080549630547
0.460960960960999976965, 0.000071365362748063011
0.463463463463499980577, 0.000071175395660093971
0.465965965965999984189, 0.000070995069326892528
0.468468468468499987800, 0.000070824278671730370
0.470970970970999991412, 0.000070662923390004713
0.473473473473499995023, 0.000070510907844612719
0.475975975975999998635, 0.000070368140966492793
0.478478478478500002247, 0.000070234536160159502
0.480980980981000005858, 0.000070110011214065990
0.483483483483500009470, 0.000069994488215640313
0.485985985986000013082, 0.000069887893470847929
0.488488488488500016693, 0.000069790157428142700
0.490990990991000020305, 0.000069701214606677226
0.493493493493500023916, 0.000069621003528649245
0.495995995996000027528, 0.000069549466655670589
0.498498498498499975629, 0.000069486550329050578
0.501001001000999979240, 0.000069432204713893063
0.503503503503500038363, 0.000069386383746914253
0.506006006005999986463, 0.000069349045087892271
0.508508508508500045586, 0.000069320150074668235
0.511011011010999993687, 0.000069299663681622722
0.513513513513500052809, 0.000069287554481558395
0.516016016016000000910, 0.000069283794610924403
0.518518518518499949010, 0.000069288359738324068
0.521021021021000008133, 0.000069301229036252684
0.523523523523499956234, 0.000069322385156016779
0.526026026026000015356, 0.000069351814205792381
0.528528528528499963457, 0.000069389505731783541
0.531031031031000022580, 0.000069435452702448040
0.533533533533499970680, 0.000069489651495761566
0.536036036036000029803, 0.000069552101889496326
0.538538538538499977903, 0.000069622807054495260
0.541041041041000037026, 0.000069701773550926414
0.543543543543499985127, 0.000069789011327507826
0.546046046046000044250, 0.000069884533723696922
0.548548548548499992350, 0.000069988357474843111
0.551051051051099971545, 0.000070100502720307314
0.553553553553600030668, 0.000070220993014555324
0.556056056056099978768, 0.000070349855341237888
0.558558558558600037891, 0.000070487120130273775
0.561061061061099985992, 0.000070632821277957246
0.563563563563600045114, 0.000070786996170115536
0.566066066066099993215, 0.000070949685708347079
0.568568568568600052338, 0.000071120934339375275
0.571071071071100000438, 0.000071300790087557876
0.573573573573599948539, 0.000071489304590596756
0.576076076076100007661, 0.000071686533138497736
0.578578578578599955762, 0.000071892534715835204
0.581081081081100014885, 0.000072107372047381624
0.583583583583599962985, 0.000072331111647167134
0.586086086086100022108, 0.000072563823871040024
0.588588588588599970208, 0.000072805582972804584
0.591091091091100029331, 0.000073056467164018271
0.593593593593599977432, 0.000073316558677536891
0.596096096096100036554, 0.000073585943834901600
0.598598598598599984655, 0.000073864713117669092
0.601101101101100043778, 0.000074152961242792033
0.603603603603599991878, 0.000074450787242164653
0.606106106106100051001, 0.000074758294546454560
0.608608608608599999101, 0.000075075591073350118
0.611111111111099947202, 0.000075402789320360531
0.613613613613600006325, 0.000075740006462312974
0.616116116116099954425, 0.000076087364453700934
0.618618618618600013548, 0.000076444990136045719
0.621121121121099961648, 0.000076813015350442879
0.623623623623600020771, 0.000077191577055474937
0.626126126126099968872, 0.000077580817450681756
0.628628628628600027994, 0.000077980884105790838
0.631131131131099976095, 0.000078391930095920829
0.633633633633600035218, 0.000078814114142983295
0.636136136136099983318, 0.000079247600763520184
0.638638638638600042441, 0.000079692560423227202
0.641141141141099990541, 0.000080149169698427166
0.643643643643600049664, 0.000080617611444771731
0.646146146146099997765, 0.000081098074973464491
0.648648648648599945865, 0.000081590756235315427
0.651151151151200036082, 0.000082095858012952102
0.653653653653699984183, 0.000082613590121531546
0.656156156156200043306, 0.000083144169618315774
0.658658658658699991406, 0.000083687821021492153
0.661161161161200050529, 0.000084244776538642242
0.663663663663699998629, 0.000084815276305283551
0.666166166166199946730, 0.000085399568633932719
0.668668668668700005853, 0.000085997910274162548
0.671171171171199953953, 0.000086610566684151656
0.673673673673700013076, 0.000087237812314253086
0.676176176176199961176, 0.000087879930903137185
0.678678678678700020299, 0.000088537215787095138
0.681181181181199968400, 0.000089209970223122091
0.683683683683700027522, 0.000089898507726433581
0.686186186186199975623, 0.000090603152423105943
0.688688688688700034746, 0.000091324239418570305
0.691191191191199982846, 0.000092062115182731368
0.693693693693700041969, 0.000092817137952526168
0.696196196196199990069, 0.000093589678152784946
0.698698698698700049192, 0.000094380118836305597
0.701201201201199997293, 0.000095188856144107361
0.703703703703699945393, 0.000096016299786883967
0.706206206206200004516, 0.000096862873548738074
0.708708708708699952616, 0.000097729015814341223
0.711211211211200011739, 0.000098615180120733314
0.713713713713699959840, 0.000099521835735045876
0.716216216216200018962, 0.000100449468259512965
0.718718718718699967063, 0.000101398580265214385
0.721221221221200026186, 0.000102369691956084386
0.723723723723699974286, 0.000103363341864813631
0.726226226226200033409, 0.000104380087582370772
0.728728728728699981509, 0.000105420506522979800
0.731231231231200040632, 0.000106485196726501403
0.733733733733699988733, 0.000107574777700290949
0.736236236236200047856, 0.000108689891302735613
0.738738738738699995956, 0.000109831202670815351
0.741241241241200055079, 0.000110999401194180551
0.743743743743700003179, 0.000112195201538402658
0.746246246246199951280, 0.000113419344720225339
0.748748748748700010403, 0.000114672599237830285
0.751251251251299989597, 0.000115955762259329628
0.753753753753800048720, 0.000117269660872911915
0.756256256256299996821, 0.000118615153402296971
0.758758758758799944921, 0.000119993130791402598
0.761261261261300004044, 0.000121404518062390572
0.763763763763799952144, 0.000122850275851546389
0.766266266266300011267, 0.000124331402027752491
0.768768768768799959368, 0.000125848933398648377
0.771271271271300018491, 0.000127403947509925283
0.773773773773799966591, 0.000128997564543590693
0.776276276276300025714, 0.000130630949321451596
0.778778778778799973814, 0.000132305313420513868
0.781281281281300032937, 0.000134021917407481047
0.783783783783799981038, 0.000135782073200057922
0.786286286286300040160, 0.000137587146563331617
0.788788788788799988261, 0.000139438559750116892
0.791291291291300047384, 0.000141337794294814009
0.793793793793799995484, 0.000143286393971049831
0.796296296296300054607, 0.000145285967924151896
0.798798798798800002707, 0.000147338193990351592
0.801301301301299950808, 0.000149444822215533330
0.803803803803800009931, 0.000151607678587345251
0.806306306306299958031, 0.000153828668995573191
0.808808808808800017154, 0.000156109783436862021
0.811311311311299965254, 0.000158453100481157543
0.813813813813800024377, 0.000160860792018641048
0.816316316316299972478, 0.000163335128307464392
0.818818818818800031600, 0.000165878483344257494
0.821321321321299979701, 0.000168493340581207850
0.823823823823800038824, 0.000171182299015503576
0.826326326326299986924, 0.000173948079679112370
0.828828828828800046047, 0.000176793532559256717
0.831331331331299994147, 0.000179721643982562083
0.833833833833800053270, 0.000182735544498722590
0.836336336336300001371, 0.000185838517302680799
0.838838838838799949471, 0.000189034007237773077
0.841341341341300008594, 0.000192325630426105497
0.843843843843799956694, 0.000195717184576596232
0.846346346346300015817, 0.000199212660025751030
0.848848848848799963918, 0.000202816251571309985
0.851351351351400054135, 0.000206532371164520065
0.853853853853900002235, 0.000210365661532997336
0.856356356356399950336, 0.000214321010812980214
0.858858858858900009459, 0.000218403568277391686
0.861361361361399957559, 0.000222618761254520685
0.863863863863900016682, 0.000226972313341473246
0.866366366366399964782, 0.000231470264026916193
0.868868868868900023905, 0.000236118989849137665
0.871371371371399972006, 0.000240925227228304005
0.873873873873900031128, 0.000245896097126061702
0.876376376376399979229, 0.000251039131701590978
0.878878878878900038352, 0.000256362303151036442
0.881381381381399986452, 0.000261874054937142556
0.883883883883900045575, 0.000267583335638259972
0.886386386386399993675, 0.000273499635670883734
0.888888888888900052798, 0.000279633027167981187
0.891391391391400000899, 0.000285994207326959013
0.893893893893899948999, 0.000292594545576643295
0.896396396396400008122, 0.000299446134952779778
0.898898898898899956222, 0.000306561848116788016
0.901401401401400015345, 0.000313955398503708587
0.903903903903899963446, 0.000321641407143263066
0.906406406406400022568, 0.000329635475763672867
0.908908908908899970669, 0.000337954266862639527
0.911411411411400029792, 0.000346615591514880467
0.913913913913899977892, 0.000355638505782553344
0.916416416416400037015, 0.000365043416705603950
0.918918918918899985115, 0.000374852198975653454
0.921421421421400044238, 0.000385088323542219719
0.923923923923899992339, 0.000395776999566662649
0.926426426426400051461, 0.000406945331330977223
0.928928928928899999562, 0.000418622491929585613
0.931431431431399947662, 0.000430839915827528478
0.933933933933900006785, 0.000443631512664056818
0.936436436436399954886, 0.000457033905023433392
0.938938938938900014008, 0.000471086693293412272
0.941441441441399962109, 0.000485832751196486640
0.943943943943900021232, 0.000501318556121650521
0.946446446446399969332, 0.000517594559020083389
0.948948948948900028455, 0.000534715599374279327
0.951451451451500007650, 0.000552741371628517387
0.953953953953999955750, 0.000571736950505325804
0.956456456456500014873, 0.000591773383859583741
0.958958958958999962974, 0.000612928363178616951
0.961461461461500022097, 0.000635286983570789365
0.963963963963999970197, 0.000658942607156315059
0.966466466466500029320, 0.000683997846255678913
0.968968968968999977420, 0.000710565685754176884
0.971471471471500036543, 0.000738770767619971198
0.973973973973999984644, 0.000768750864909739976
0.976476476476500043766, 0.000800658577890318596
0.978978978978999991867, 0.000834663291363248660
0.981481481481500050990, 0.000870953440189561499
0.983983983983999999090, 0.000909739139742235157
0.986486486486499947191, 0.000951255250033914714
0.988988988989000006313, 0.000995764957185466849
0.991491491491499954414, 0.001043563974503651775
0.993993993994000013537, 0.001094985488749583265
0.996496496496499961637, 0.001150406006550450588
0.998998998999000020760, 0.001210252293110876702
1.001501501501999902288, 0.001275009642778713844
1.004004004003999916961, 0.001345231781770283609
1.006506506507000020534, 0.001421552781718554660
1.009009009009000035206, 0.001504701464453594073
1.011511511511999916735, 0.001595518911468962134
1.014014014013999931407, 0.001694979866793656920
1.016516516517000034980, 0.001804219054690547365
1.019019019019000049653, 0.001924563745135231090
1.021521521521999931181, 0.002057574320783938857
1.024024024023999945854, 0.002205095172742554000
1.026526526527000049427, 0.002369319042245464878
1.029029029029000064099, 0.002552869024423087829
1.031531531531999945628, 0.002758903997231823210
1.034034034033999960300, 0.002991255442421357751
1.036536536537000063873, 0.003254606806319791483
1.039039039039000078546, 0.003554731204424503577
1.041541541541999960074, 0.003898810193769123959
1.044044044043999974747, 0.004295866791916856491
1.046546546547000078320, 0.004757362001812142673
1.049049049049000092992, 0.005298029321681166186
1.051551551551999974521, 0.005937062127658302227
1.054054054053999989193, 0.006699835101440843911
1.056556556557000092766, 0.007620452470536175776
1.059059059059000107439, 0.008745609218790336217
1.061561561561999988967, 0.010140597577118248482
1.064064064064000003640, 0.011898933668063715885
1.066566566567000107213, 0.014158322298201018660
1.069069069068999899841, 0.017128199362625846219
1.071571571572000003414, 0.021139493164365148747
1.074074074074000018086, 0.026739582370938919792
1.076576576576999899615, 0.034885816435204615449
1.079079079078999914287, 0.047372940537021124285
1.081581581582000017860, 0.067876807825417606601
1.084084084084000032533, 0.104850000381947749961
1.086586586586999914061, 0.180981921689457203595
1.089089089088999928734, 0.370660306796403715701
1.091591591592000032307, 0.947098253785520594050
1.094094094094000046979, 1.666900011462883579583
1.096596596596999928508, 0.751748423797422016257
1.099099099098999943180, 0.308022791527330142003
1.101601601602000046753, 0.157530506537415987411
1.104104104104000061426, 0.094043997128483949877
1.106606606606999942954, 0.062109149974381883119
1.109109109108999957627, 0.043960630611153739267
1.111611611612000061200, 0.032710675827799254312
1.114114114114000075872, 0.025273435979003309321
1.116616616616999957401, 0.020107901174234582564
1.119119119118999972073, 0.016377544203481902291
1.121621621622000075646, 0.013597344271959858203
1.124124124124000090319, 0.011470719927792312476
1.126626626626999971847, 0.009808194245636643951
1.129129129128999986520, 0.008484192115340613571
1.131631631632000090093, 0.007412854777053721686
1.134134134134000104766, 0.006533884607053987159
1.136636636636999986294, 0.005803938210441718544
1.139139139139000000966, 0.005191217096161598356
1.141641641642000104540, 0.004671968126363739218
1.144144144143999897167, 0.004228160896927211226
1.146646646647000000740, 0.003845910818712338936
1.149149149149000015413, 0.003514386497958254911
1.151651651651999896941, 0.003225038699074899481
1.154154154153999911614, 0.002971047157123025192
1.156656656657000015187, 0.002746917668794378580
1.159159159159000029859, 0.002548184575930951146
1.161661661661999911388, 0.002371188287530439764
1.164164164163999926060, 0.002212906974761730695
1.166666666667000029634, 0.002070827878617609568
1.169169169169000044306, 0.001942847927701062171
1.171671671671999925834, 0.001827196282188874596
1.174174174173999940507, 0.001722373448359266947
1.176676676677000044080, 0.001627103035953545015
1.179179179179000058753, 0.001540293247926214802
1.181681681681999940281, 0.001461005925052187874
1.184184184183999954953, 0.001388431501467200747
1.186686686687000058527, 0.001321868619577124980
1.189189189189000073199, 0.001260707443983320394
1.191691691691999954728, 0.001204415932146088962
1.194194194193999969400, 0.001152528484226173801
1.196696696697000072973, 0.001104636520016000949
1.199199199199000087646, 0.001060380627272152496
1.201701701701999969174, 0.001019444000501365652
1.204204204203999983847, 0.000981546947802473899
1.206706706707000087420, 0.000946442289821855130
1.209209209209000102092, 0.000913911512372726927
1.211711711711999983621, 0.000883761565276771624
1.214214214213999998293, 0.000855822226574269986
1.216716716717000101866, 0.000829943975281674517
1.219219219218999894494, 0.000805996339240411925
1.221721721721999998067, 0.000783866709472188063
1.224224224224000012740, 0.000763459641675841337
1.226726726726999894268, 0.000744696703170001054
1.229229229228999908941, 0.000727516976063640819
1.231731731732000012514, 0.000711878405098209524
1.234234234234000027186, 0.000697760299048134957
1.236736736736999908715, 0.000685167488662781878
1.239239239238999923387, 0.000674136967820418735
1.241741741742000026960, 0.000664748402657577148
1.244244244244000041633, 0.000657140889578991809
1.246746746746999923161, 0.000651540189090670787
1.249249249248999937834, 0.000648304229621539927
1.251751751752000041407, 0.000648001903956745115
1.254254254254000056079, 0.000651555651748101619
1.256756756756999937608, 0.000660513615689508216
1.259259259258999952280, 0.000677603991916352804
1.261761761762000055853, 0.000707958095902776890
1.264264264264000070526, 0.000762092276552738088
1.266766766766999952054, 0.000864163609025004513
1.269269269268999966727, 0.001078869718187561600
1.271771771772000070300, 0.001617684593303732841
1.274274274274000084972, 0.003259218472346872477
1.276776776776999966501, 0.005398492542648536743
1.279279279278999981173, 0.002763675221237088704
1.281781781782000084746, 0.001456851360725973724
1.284284284284000099419, 0.001015913688902859904
1.286786786786999980947, 0.000832053458268335738
1.289289289288999995620, 0.000741670478088445615
1.291791791792000099193, 0.000692536018344954893
1.294294294293999891821, 0.000664472414607731221
1.296796796796999995394, 0.000648480012295526466
1.299299299299000010066, 0.000640096195669546258
1.301801801801999891595, 0.000636928158233564311
1.304304304303999906267, 0.000637618662284184044
1.306806806807000009840, 0.000641369339898859958
1.309309309309000024513, 0.000647703721336997636
1.311811811811999906041, 0.000656342087849839028
1.314314314313999920714, 0.000667132156481335453
1.316816816817000024287, 0.000680009318660512122
1.319319319319000038959, 0.000694973364089579004
1.321821821821999920488, 0.000712074871685796501
1.324324324323999935160, 0.000731407572010730990
1.326826826827000038733, 0.000753104624447771152
1.329329329329000053406, 0.000777337654286808450
1.331831831831999934934, 0.000804317917106306835
1.334334334333999949607, 0.000834299279639828914
1.336836836837000053180, 0.000867582922066598519
1.339339339339000067852, 0.000904523829036842607
1.341841841841999949381, 0.000945539277617292993
1.344344344343999964053, 0.000991119671624009387
1.346846846847000067626, 0.001041842231487362554
1.349349349349000082299, 0.001098388244902827673
1.351851851851999963827, 0.001161564837408736017
1.354354354353999978500, 0.001232332561833580139
1.356856856857000082073, 0.001311840570727519162
1.359359359359000096745, 0.001401471783796771030
1.361861861861999978274, 0.001502901378411101996
1.364364364363999992946, 0.001618173245098081248
1.366866866867000096519, 0.001749800961803109085
1.369369369368999889147, 0.001900902665307449644
1.371871871871999992720, 0.002075383439391578766
1.374374374374000007393, 0.002278185319641779904
1.376876876877000110966, 0.002515635105832016334
1.379379379378999903594, 0.002795936215131971866
1.381881881882000007167, 0.003129876899195761005
1.384384384384000021839, 0.003531870656106472425
1.386886886886999903368, 0.004021519270446317559
1.389389389388999918040, 0.004626020869450115855
1.391891891892000021613, 0.005383987068252935222
1.394394394394000036286, 0.006351693768114298130
1.396896896896999917814, 0.007613707987825036119
1.399399399398999932487, 0.009301759846456930311
1.401901901902000036060, 0.011630025368082948234
1.404404404404000050732, 0.014965273722734151463
1.406906906906999932261, 0.019977153023495033274
1.409409409408999946933, 0.027991402648963020772
1.411911911912000050506, 0.041923042215585910875
1.414414414414000065179, 0.069140805774397531835
1.416916916916999946707, 0.132062237851758440543
1.419419419418999961380, 0.313276955959616576486
1.421921921922000064953, 0.751743646688516120591
1.424424424424000079625, 0.502568737984503965954
1.426926926926999961154, 0.193434088925671487935
1.429429429428999975826, 0.092035333592139126346
1.431931931932000079399, 0.052441991242252655736
1.434434434434000094072, 0.033592726445081683151
1.436936936936999975600, 0.023282761906030464971
1.439439439438999990273, 0.017065553895456705980
1.441941941942000093846, 0.013039300268815869066
1.444444444444000108518, 0.010287013367056925886
1.446946946946999990047, 0.008324278425314867585
1.449449449449000004719, 0.006876248898741511503
1.451951951952000108292, 0.005777796165208600246
1.454454454453999900920, 0.004924953229971099598
1.456956956957000004493, 0.004249657539041435186
1.459459459459000019166, 0.003705857958317231460
1.461961961961999900694, 0.003261504157971085137
1.464464464463999915367, 0.002893738146487767095
1.466966966967000018940, 0.002585905863826996366
1.469469469469000033612, 0.002325642747240127140
1.471971971971999915141, 0.002103614140324892943
1.474474474473999929813, 0.001912666707368928989
1.476976976977000033386, 0.001747244533672281074
1.479479479479000048059, 0.001602979653405126048
1.481981981981999929587, 0.001476399932730759149
1.484484484483999944260, 0.001364717405268848962
1.486986986987000047833, 0.001265672710406903247
1.489489489489000062505, 0.001177419268972092507
1.491991991991999944034, 0.001098436009744520672
1.494494494493999958706, 0.001027460880961790285
1.496996996997000062279, 0.000963439678130797571
1.499499499499000076952, 0.000905486285957546972
1.502002002001999958480, 0.000852851515697353483
1.504504504505000062053, 0.000804898478574600160
1.507007007007000076726, 0.000761082974657674503
1.509509509509999958254, 0.000720937763190309289
1.512012012011999972927, 0.000684059860811588993
1.514514514515000076500, 0.000650100219556950989
1.517017017017000091172, 0.000618755288488481063
1.519519519519999972701, 0.000589760076187532891
1.522022022021999987373, 0.000562882416657502346
1.524524524525000090946, 0.000537918205885821272
1.527027027027000105619, 0.000514687425750928870
1.529529529529999987147, 0.000493030810001040837
1.532032032032000001820, 0.000472807036500462105
1.534534534535000105393, 0.000453890352914244140
1.537037037036999898021, 0.000436168561022201584
1.539539539540000001594, 0.000419541299069712246
1.542042042042000016266, 0.000403918572839909260
1.544544544544999897795, 0.000389219495124419764
1.547047047046999912467, 0.000375371200477183460
1.549549549550000016040, 0.000362307907939637725
1.552052052052000030713, 0.000349970109121065928
1.554554554554999912241, 0.000338303862833385337
1.557057057056999926914, 0.000327260180593017219
1.559559559560000030487, 0.000316794489853660689
1.562062062062000045159, 0.000306866163931983371
1.564564564564999926688, 0.000297438109320735103
1.567067067066999941360, 0.000288476402519343778
1.569569569570000044934, 0.000279949969705599604
1.572072072072000059606, 0.000271830303567989571
1.574574574574999941134, 0.000264091212451647139
1.577077077076999955807, 0.000256708597670729283
1.579579579580000059380, 0.000249660255429368213
1.582082082082000074053, 0.000242925700291008351
1.584584584584999955581, 0.000236486007557575712
1.587087087086999970253, 0.000230323672277861849
1.589589589590000073827, 0.000224422482909368960
1.592092092092000088499, 0.000218767407918110993
1.594594594594999970028, 0.000213344493823504545
1.597097097096999984700, 0.000208140773386591201
1.599599599600000088273, 0.000203144182804027278
1.602102102102000102946, 0.000198343486911843847
1.604604604604999984474, 0.000193728211525240953
1.607107107106999999147, 0.000189288582146425542
1.609609609610000102720, 0.000185015468364319567
1.612112112111999895347, 0.000180900333349645311
1.614614614614999998921, 0.000176935187918341396
1.617117117117000013593, 0.000173112548696814877
1.619619619619999895122, 0.000169425399975457308
1.622122122121999909794, 0.000165867158883192752
1.624624624625000013367, 0.000162431643556459036
1.627127127127000028040, 0.000159113044011729651
1.629629629629999909568, 0.000155905895462098452
1.632132132131999924241, 0.000152805053846142251
1.634634634635000027814, 0.000149805673361723049
1.637137137137000042486, 0.000146903185819004240
1.639639639639999924015, 0.000144093281646097101
1.642142142141999938687, 0.000141371892397724238
1.644644644645000042260, 0.000138735174632359401
1.647147147147000056933, 0.000136179495036707805
1.649649649649999938461, 0.000133701416688326245
1.652152152151999953134, 0.000131297686357825013
1.654654654655000056707, 0.000128965222761597779
1.657157157157000071379, 0.000126701105684520765
1.659659659659999952908, 0.000124502565899664851
1.662162162161999967580, 0.000122366975818882106
1.664664664665000071153, 0.000120291840814240353
1.667167167167000085826, 0.000118274791155772920
1.669669669669999967354, 0.000116313574515951911
1.672172172171999982027, 0.000114406048995738106
1.674674674675000085600, 0.000112550176631071218
1.677177177177000100272, 0.000110744017342281239
1.679679679679999981801, 0.000108985723292166070
1.682182182181999996473, 0.000107273533621437593
1.684684684685000100046, 0.000105605769532908847
1.687187187186999892674, 0.000103980829698218838
1.689689689689999996247, 0.000102397185963086553
1.692192192192000010920, 0.000100853379329080223
1.694694694694999892448, 0.000099348016191698425
1.697197197196999907121, 0.000097879764816207113
1.699699699700000010694, 0.000096447352034175960
1.702202202202000025366, 0.000095049560145022330
1.704704704704999906895, 0.000093685224008118216
1.707207207206999921567, 0.000092353228312149339
1.709709709710000025140, 0.000091052505009455581
1.712212212212000039813, 0.000089782030904030002
1.714714714714999921341, 0.000088540825382720818
1.717217217216999936014, 0.000087327948279975566
1.719719719720000039587, 0.000086142497867195837
1.722222222222000054259, 0.000084983608958436122
1.724724724724999935788, 0.000083850451124794942
1.727227227226999950460, 0.000082742227010407639
1.729729729730000054033, 0.000081658170743467335
1.732232232232000068706, 0.000080597546436176243
1.734734734734999950234, 0.000079559646767966131
1.737237237236999964907, 0.000078543791646730357
1.739739739740000068480, 0.000077549326943180400
1.742242242242000083152, 0.000076575623293782558
1.744744744744999964681, 0.000075622074968045730
1.747247247246999979353, 0.000074688098796223671
1.749749749750000082926, 0.000073773133153763230
1.752252252252000097599, 0.000072876636999080692
1.754754754754999979127, 0.000071998088961477180
1.757257257256999993800, 0.000071136986476218560
1.759759759760000097373, 0.000070292844964002125
1.762262262261999890001, 0.000069465197052215501
1.764764764764999993574, 0.000068653591835563015
1.767267267267000008246, 0.000067857594173792210
1.769769769769999889775, 0.000067076784024399256
1.772272272271999904447, 0.000066310755808327877
1.774774774775000008020, 0.000065559117806802454
1.777277277277000022693, 0.000064821491587553536
1.779779779779999904221, 0.000064097511458802630
1.782282282281999918894, 0.000063386823949475223
1.784784784785000022467, 0.000062689087314205558
1.787287287287000037139, 0.000062003971061784079
1.789789789789999918668, 0.000061331155505781876
1.792292292291999933340, 0.000060670331336161890
1.794794794795000036913, 0.000060021199210759027
1.797297297297000051586, 0.000059383469365577448
1.799799799799999933114, 0.000058756861242916188
1.802302302301999947787, 0.000058141103136392077
1.804804804805000051360, 0.000057535931851983662
1.807307307307000066032, 0.000056941092384270816
1.809809809809999947561, 0.000056356337607092063
1.812312312311999962233, 0.000055781427977886746
1.814814814815000065806, 0.000055216131255030629
1.817317317317000080479, 0.000054660222227512544
1.819819819819999962007, 0.000054113482456337117
1.822322322321999976680, 0.000053575700027072036
1.824824824825000080253, 0.000053046669312991505
1.827327327327000094925, 0.000052526190748297127
1.829829829829999976454, 0.000052014070610926564
1.832332332331999991126, 0.000051510120814486480
1.834834834835000094699, 0.000051014158708871698
1.837337337337000109372, 0.000050526006889156167
1.839839839839999990900, 0.000050045493012363138
1.842342342342000005573, 0.000049572449621743475
1.844844844845000109146, 0.000049106713978209956
1.847347347346999901774, 0.000048648127898594479
1.849849849850000005347, 0.000048196537600412318
1.852352352352000020019, 0.000047751793552833868
1.854854854854999901548, 0.000047313750333579976
1.857357357356999916220, 0.000046882266491471566
1.859859859860000019793, 0.000046457204414377690
1.862362362362000034466, 0.000046038430202319598
1.864864864864999915994, 0.000045625813545500346
1.867367367366999930667, 0.000045219227607041032
1.869869869870000034240, 0.000044818548910215882
1.872372372372000048912, 0.000044423657229988529
1.874874874874999930441, 0.000044034435488661536
1.877377377376999945113, 0.000043650769655460801
1.879879879880000048686, 0.000043272548649884681
1.882382382382000063359, 0.000042899664248656341
1.884884884884999944887, 0.000042532010996125321
1.887387387386999959560, 0.000042169486117971996
1.889889889890000063133, 0.000041811989438075386
1.892392392392000077805, 0.000041459423298411430
1.894894894894999959334, 0.000041111692481855088
1.897397397396999974006, 0.000040768704137765896
1.899899899900000077579, 0.000040430367710241505
1.902402402402000092252, 0.000040096594868930120
1.904904904904999973780, 0.000039767299442296609
1.907407407406999988453, 0.000039442397353243143
1.909909909910000092026, 0.000039121806556988617
1.912412412412000106698, 0.000038805446981116276
1.914914914914999988227, 0.000038493240467702661
1.917417417417000002899, 0.000038185110717445040
1.919919919920000106472, 0.000037880983235708160
1.922422422421999899100, 0.000037580785280414645
1.924924924925000002673, 0.000037284445811706945
1.927427427427000017346, 0.000036991895443311437
1.929929929929999898874, 0.000036703066395538987
1.932432432431999913547, 0.000036417892449858528
1.934934934935000017120, 0.000036136308904983448
1.937437437437000031792, 0.000035858252534412687
1.939939939939999913321, 0.000035583661545371612
1.942442442441999927993, 0.000035312475539099340
1.944944944945000031566, 0.000035044635472432148
1.947447447447000046239, 0.000034780083620634047
1.949949949949999927767, 0.000034518763541428472
1.952452452451999942440, 0.000034260620040186052
1.954954954955000046013, 0.000034005599136226265
1.957457457457000060685, 0.000033753648030191574
1.959959959959999942214, 0.000033504715072455326
1.962462462461999956886, 0.000033258749732525302
1.964964964965000060459, 0.000033015702569407397
1.967467467467000075132, 0.000032775525202894301
1.969969969969999956660, 0.000032538170285746406
1.972472472471999971333, 0.000032303591476732886
1.974974974975000074906, 0.000032071743414502496
1.977477477477000089578, 0.000031842581692254624
1.979979979979999971107, 0.000031616062833182529
1.982482482481999985779, 0.000031392144266661768
1.984984984985000089353, 0.000031170784305157578
1.987487487487000104025, 0.000030951942121826566
1.989989989989999985553, 0.000030735577728788545
1.992492492492000000226, 0.000030521651956045399
1.994994994995000103799, 0.000030310126431025052
1.997497497496999896427, 0.000030100963558729008
2.000000000000000000000, 0.000029894126502463122
