# k1_lab: [1, 0, 0]
# k2_lab: [-0.8660254037844387, 0.49999999999999994, 0.0]
# k1_cf: [-0.9659258262890682, -0.25881904510252096, 0.0]
# k2_cf: [0.9659258262890684, -0.2588190451025205, 0.0]
# pol1_lab: [(0, 1, 0), (0, 0, 1)]
# pol2_lab: [array([-0.5      , -0.8660254,  0.       ]), array([0., 0., 1.])]
# pol1_cf: [array([ 0.25881905, -0.96592583,  0.        ]), array([0., 0., 1.])]
# pol2_cf: [array([0.25881905, 0.96592583, 0.        ]), array([0., 0., 1.])]
# cf: [array([-0.96592583,  0.25881905,  0.        ]), array([-0.25881905, -0.96592583,  0.        ]), array([0., 0., 1.])]
# th: 120
-0.500000000000000000000, 0.000038668366238227817
-0.497497497497499996388, 0.000039018271680828460
-0.494994994994999992777, 0.000039373303390019762
-0.492492492492499989165, 0.000039733564395623303
-0.489989989989999985553, 0.000040099160348049939
-0.487487487487499981942, 0.000040470199598875714
-0.484984984984999978330, 0.000040846793284325146
-0.482482482482499974719, 0.000041229055411782375
-0.479979979980000026618, 0.000041617102949456331
-0.477477477477500023006, 0.000042011055919332168
-0.474974974975000019395, 0.000042411037493547164
-0.472472472472500015783, 0.000042817174094336393
-0.469969969970000012172, 0.000043229595497699629
-0.467467467467500008560, 0.000043648434940949406
-0.464964964965000004948, 0.000044073829234306360
-0.462462462462500001337, 0.000044505918876717738
-0.459959959959999997725, 0.000044944848176082159
-0.457457457457499994113, 0.000045390765374073544
-0.454954954954999990502, 0.000045843822775766485
-0.452452452452499986890, 0.000046304176884275120
-0.449949949949900007695, 0.000046771988540628536
-0.447447447447400004084, 0.000047247423069116947
-0.444944944944900000472, 0.000047730650428354248
-0.442442442442399996860, 0.000048221845368315637
-0.439939939939899993249, 0.000048721187593622002
-0.437437437437399989637, 0.000049228861933356581
-0.434934934934899986025, 0.000049745058517714450
-0.432432432432399982414, 0.000050269972961800736
-0.429929929929899978802, 0.000050803806556910522
-0.427427427427399975191, 0.000051346766469640089
-0.424924924924900027090, 0.000051899065949198636
-0.422422422422400023478, 0.000052460924543308390
-0.419919919919900019867, 0.000053032568323102531
-0.417417417417400016255, 0.000053614230117452016
-0.414914914914900012644, 0.000054206149757175738
-0.412412412412400009032, 0.000054808574329613559
-0.409909909909900005420, 0.000055421758444067990
-0.407407407407400001809, 0.000056045964508647832
-0.404904904904899998197, 0.000056681463019077365
-0.402402402402399994585, 0.000057328532860065633
-0.399899899899899990974, 0.000057987461619864437
-0.397397397397399987362, 0.000058658545918678657
-0.394894894894899983750, 0.000059342091751630194
-0.392392392392399980139, 0.000060038414847018171
-0.389889889889899976527, 0.000060747841040660069
-0.387387387387399972916, 0.000061470706667143035
-0.384884884884900024815, 0.000062207358968866116
-0.382382382382400021203, 0.000062958156523801843
-0.379879879879900017592, 0.000063723469692965063
-0.377377377377400013980, 0.000064503681088631906
-0.374874874874900010369, 0.000065299186064416803
-0.372372372372400006757, 0.000066110393228381866
-0.369869869869900003145, 0.000066937724980423337
-0.367367367367399999534, 0.000067781618075258475
-0.364864864864899995922, 0.000068642524212414536
-0.362362362362399992310, 0.000069520910654711997
-0.359859859859899988699, 0.000070417260876824565
-0.357357357357399985087, 0.000071332075245600211
-0.354854854854899981476, 0.000072265871733933479
-0.352352352352399977864, 0.000073219186670093464
-0.349849849849799998669, 0.000074192575524534575
-0.347347347347299995057, 0.000075186613736348643
-0.344844844844799991446, 0.000076201897581657950
-0.342342342342299987834, 0.000077239045086399319
-0.339839839839799984222, 0.000078298696986112097
-0.337337337337299980611, 0.000079381517735517345
-0.334834834834799976999, 0.000080488196570861970
-0.332332332332299973388, 0.000081619448628204348
-0.329829829829800025287, 0.000082776016121033499
-0.327327327327300021675, 0.000083958669580847106
-0.324824824824800018064, 0.000085168209164566372
-0.322322322322300014452, 0.000086405466032933676
-0.319819819819800010841, 0.000087671303804333762
-0.317317317317300007229, 0.000088966620088792042
-0.314814814814800003617, 0.000090292348107243981
-0.312312312312300000006, 0.000091649458401537218
-0.309809809809799996394, 0.000093038960641022892
-0.307307307307299992782, 0.000094461905532024719
-0.304804804804799989171, 0.000095919386836935315
-0.302302302302299985559, 0.000097412543510192956
-0.299799799799799981948, 0.000098942561958938492
-0.297297297297299978336, 0.000100510678436737424
-0.294794794794799974724, 0.000102118181579398653
-0.292292292292300026624, 0.000103766415092611361
-0.289789789789800023012, 0.000105456780601878846
-0.287287287287300019401, 0.000107190740676049351
-0.284784784784800015789, 0.000108969822036635315
-0.282282282282300012177, 0.000110795618966084888
-0.279779779779800008566, 0.000112669796929230101
-0.277277277277300004954, 0.000114594096423286518
-0.274774774774800001342, 0.000116570337073043079
-0.272272272272299997731, 0.000118600421989252714
-0.269769769769799994119, 0.000120686342409736825
-0.267267267267299990507, 0.000122830182644362404
-0.264764764764799986896, 0.000125034125346845990
-0.262262262262299983284, 0.000127300457138308413
-0.259759759759799979673, 0.000129631574609666332
-0.257257257257299976061, 0.000132029990732311490
-0.254754754754799972449, 0.000134498341709134877
-0.252252252252300024349, 0.000137039394300807866
-0.249749749749699989643, 0.000139656053665382623
-0.247247247247200013787, 0.000142351371752734099
-0.244744744744700010175, 0.000145128556299187824
-0.242242242242200006563, 0.000147990980471887027
-0.239739739739700002952, 0.000150942193217104364
-0.237237237237199999340, 0.000153985930371846225
-0.234734734734699995728, 0.000157126126603787674
-0.232232232232199992117, 0.000160366928250874795
-0.229729729729699988505, 0.000163712707138923827
-0.227227227227200012649, 0.000167168075463300142
-0.224724724724700009038, 0.000170737901829381722
-0.222222222222200005426, 0.000174427328556103387
-0.219719719719700001814, 0.000178241790357556247
-0.217217217217199998203, 0.000182187034529533281
-0.214714714714699994591, 0.000186269142781207351
-0.212212212212199990979, 0.000190494554866994700
-0.209709709709699987368, 0.000194870094190297173
-0.207207207207200011512, 0.000199402995569462373
-0.204704704704700007900, 0.000204100935377225437
-0.202202202202200004288, 0.000208972064288410862
-0.199699699699700000677, 0.000214025042897127973
-0.197197197197199997065, 0.000219269080494509079
-0.194694694694699993454, 0.000224713977331679834
-0.192192192192199989842, 0.000230370170730671874
-0.189689689689699986230, 0.000236248785449021028
-0.187187187187200010374, 0.000242361688752576801
-0.184684684684700006763, 0.000248721550706436270
-0.182182182182200003151, 0.000255341910256909853
-0.179679679679699999539, 0.000262237247749183870
-0.177177177177199995928, 0.000269423064607238964
-0.174674674674699992316, 0.000276915970996196128
-0.172172172172199988704, 0.000284733782394483415
-0.169669669669700012848, 0.000292895626126230338
-0.167167167167200009237, 0.000301422059045736862
-0.164664664664700005625, 0.000310335197728765452
-0.162162162162200002014, 0.000319658862713457755
-0.159659659659699998402, 0.000329418738551173393
-0.157157157157199994790, 0.000339642551679677010
-0.154654654654699991179, 0.000350360268424007928
-0.152152152152199987567, 0.000361604315771421071
-0.149649649649600008372, 0.000373409827964882313
-0.147147147147100004760, 0.000385814922425351545
-0.144644644644600001149, 0.000398861009059412375
-0.142142142142099997537, 0.000412593137651296393
-0.139639639639599993926, 0.000427060388795939285
-0.137137137137099990314, 0.000442316314725552313
-0.134634634634599986702, 0.000458419437444502825
-0.132132132132100010846, 0.000475433812850808025
-0.129629629629600007235, 0.000493429671029972997
-0.127127127127100003623, 0.000512484144711051743
-0.124624624624600000011, 0.000532682100041305243
-0.122122122122099996400, 0.000554117086446297624
-0.119619619619600006666, 0.000576892425498982367
-0.117117117117100003054, 0.000601122462552733145
-0.114614614614599999443, 0.000626934009561454925
-0.112112112112099995831, 0.000654468013220542454
-0.109609609609600006097, 0.000683881489577449443
-0.107107107107100002485, 0.000715349774915537660
-0.104604604604599998874, 0.000749069153441638729
-0.102102102102099995262, 0.000785259935665479514
-0.099599599599600005528, 0.000824170078075800753
-0.097097097097100001917, 0.000866079455747019293
-0.094594594594590006298, 0.000911304926108216632
-0.092092092092090002686, 0.000960206355940141092
-0.089589589589589999075, 0.001013193826962541537
-0.087087087087089995463, 0.001070736291129803291
-0.084584584584579999844, 0.001133372019029740786
-0.082082082082079996233, 0.001201721279130290709
-0.079579579579580006499, 0.001276501809693905221
-0.077077077077080002887, 0.001358547809620696970
-0.074574574574569993390, 0.001448833394227537399
-0.072072072072070003657, 0.001548501758202780161
-0.069569569569570000045, 0.001658901691050132000
-0.067067067067069996433, 0.001781633644243898378
-0.064564564564560000814, 0.001918608318593840794
-0.062062062062059997203, 0.002072121820843196051
-0.059559559559560000530, 0.002244952974729168185
-0.057057057057059996918, 0.002440490584414011128
-0.054554554554550001300, 0.002662901680262051620
-0.052052052052049997688, 0.002917356570159577393
-0.049549549549550001015, 0.003210333745843878088
-0.047047047047049997404, 0.003550038784643672670
-0.044544544544540001785, 0.003946988745234450771
-0.042042042042039998173, 0.004414841311107723862
-0.039539539539540001500, 0.004971593374219498117
-0.037037037037039997889, 0.005641350108949749233
-0.034534534534530002270, 0.006456997686971550736
-0.032032032032029998658, 0.007464348883986858529
-0.029529529529529998516, 0.008728768588687554897
-0.027027027027029998374, 0.010346132470929525482
-0.024524524524519999286, 0.012461688136126010049
-0.022022022022019999143, 0.015304066248616656626
-0.019519519519519999001, 0.019250101078447622027
-0.017017017017019998859, 0.024956896961035809207
-0.014514514514509999771, 0.033653872992702602018
-0.012012012012009999629, 0.047858301372915010297
-0.009509509509509999486, 0.073373352681944295495
-0.007007007007007000007, 0.125884278269214083812
-0.004504504504504999729, 0.257371547493136509921
-0.002002002002001999816, 0.654225017399835961918
0.000500500500500499954, 1.034317899565738496648
0.003003003003002999941, 0.484696227853041339273
0.005505505505505999854, 0.319076992095832401297
0.008008008008007999265, 0.381929910124582439046
0.010510510510509999543, 0.204934560615700728237
0.013013013013009999685, 0.096425689634898822944
0.015515515515520000508, 0.055889931577653602368
0.018018018018019998916, 0.036999725596300825359
0.020520520520519999058, 0.026547287962388112920
0.023023023023019999200, 0.020084006502083615736
0.025525525525529998289, 0.015775581905201466193
0.028028028028029998431, 0.012744758182045349409
0.030530530530529998573, 0.010524597967099780585
0.033033033033029998715, 0.008846001843762435826
0.035535535535540001273, 0.007544127091155265058
0.038038038038039997946, 0.006513002926245976126
0.040540540540540001557, 0.005681785732813598826
0.043043043043039998230, 0.005001554622066256214
0.045545545545550000788, 0.004437591494203547288
0.048048048048049997460, 0.003964674879468747457
0.050550550550550001072, 0.003564107456198771853
0.053053053053049997745, 0.003221780494879759177
0.055555555555560000303, 0.002926879675195969300
0.058058058058059996975, 0.002670999389652217899
0.060560560560560000587, 0.002447523989799419136
0.063063063063060004199, 0.002251187503139157487
0.065565565565569999817, 0.002077755128030210705
0.068068068068070003429, 0.001923789360176650191
0.070570570570569993163, 0.001786475918690847830
0.073073073073069996775, 0.001663492567763866442
0.075575575575580006271, 0.001552909135204865202
0.078078078078079996005, 0.001453110508292293750
0.080580580580579999617, 0.001362736751219589381
0.083083083083080003228, 0.001280636118788603664
0.085585585585589998847, 0.001205827881186944837
0.088088088088090002459, 0.001137472682355213614
0.090590590590590006070, 0.001074848733432201900
0.093093093093089995804, 0.001017332562439684802
0.095595595595600005301, 0.000964383348732718131
0.098098098098099995035, 0.000915530098042572661
0.100600600600599998646, 0.000870361083566871573
0.103103103103100002258, 0.000828515106234630622
0.105605605605600005870, 0.000789674224145432875
0.108108108108099995603, 0.000753557675242945294
0.110610610610599999215, 0.000719916774312368479
0.113113113113100002827, 0.000688530609605257572
0.115615615615600006438, 0.000659202398894855198
0.118118118118099996172, 0.000631756391850124424
0.120620620620599999784, 0.000606035227004700621
0.123123123123100003395, 0.000581897668580058668
0.125625625625600007007, 0.000559216661979017576
0.128128128128100010619, 0.000537877657642146117
0.130630630630599986475, 0.000517777161727791830
0.133133133133099990086, 0.000498821479177660428
0.135635635635599993698, 0.000480925620506450957
0.138138138138099997310, 0.000464012348373000236
0.140640640640600000921, 0.000448011343861048200
0.143143143143100004533, 0.000432858475584956773
0.145645645645600008145, 0.000418495157370028423
0.148148148148100011756, 0.000404867782442245975
0.150650650650699990951, 0.000391927223881158001
0.153153153153199994563, 0.000379628392608717257
0.155655655655699998174, 0.000367929845459658738
0.158158158158200001786, 0.000356793436948720476
0.160660660660700005398, 0.000346184009251769738
0.163163163163200009009, 0.000336069115680255994
0.165665665665700012621, 0.000326418773574746392
0.168168168168199988477, 0.000317205243092726920
0.170670670670699992089, 0.000308402828834147466
0.173173173173199995700, 0.000299987701648317829
0.175675675675699999312, 0.000291937738308531316
0.178178178178200002924, 0.000284232377035053716
0.180680680680700006535, 0.000276852487100397518
0.183183183183200010147, 0.000269780250969230487
0.185685685685700013758, 0.000262999057614086550
0.188188188188199989614, 0.000256493405811611039
0.190690690690699993226, 0.000250248816366023454
0.193193193193199996838, 0.000244251752329958114
0.195695695695700000449, 0.000238489546400431045
0.198198198198200004061, 0.000232950334761599921
0.200700700700700007673, 0.000227622996728155141
0.203203203203200011284, 0.000222497099615140404
0.205705705705699987140, 0.000217562848323194787
0.208208208208199990752, 0.000212811039183748916
0.210710710710699994364, 0.000208233017657617227
0.213213213213199997975, 0.000203820639523590806
0.215715715715700001587, 0.000199566235231729962
0.218218218218200005198, 0.000195462577129799063
0.220720720720700008810, 0.000191502849301158451
0.223223223223200012422, 0.000187680619778945985
0.225725725725699988278, 0.000183989814924954411
0.228228228228199991889, 0.000180424695782565887
0.230730730730699995501, 0.000176979836231801375
0.233233233233199999113, 0.000173650102791209835
0.235735735735700002724, 0.000170430635926212899
0.238238238238200006336, 0.000167316832736854226
0.240740740740700009948, 0.000164304330909822429
0.243243243243200013559, 0.000161388993830327218
0.245745745745699989415, 0.000158566896759009348
0.248248248248199993027, 0.000155834313987700300
0.250750750750799999977, 0.000153187706895617693
0.253253253253300003589, 0.000150623712834580139
0.255755755755800007201, 0.000148139134778135090
0.258258258258300010812, 0.000145730931675195708
0.260760760760800014424, 0.000143396209453924589
0.263263263263300018036, 0.000141132212626266396
0.265765765765800021647, 0.000138936316447743185
0.268268268268300025259, 0.000136806019590955138
0.270770770770799973359, 0.000134738937294690643
0.273273273273299976971, 0.000132732794953706258
0.275775775775799980583, 0.000130785422117094251
0.278278278278299984194, 0.000128894746865763709
0.280780780780799987806, 0.000127058790541931141
0.283283283283299991417, 0.000125275662805678447
0.285785785785799995029, 0.000123543556995607995
0.288288288288299998641, 0.000121860745772424530
0.290790790790800002252, 0.000120225577025917236
0.293293293293300005864, 0.000118636470027321759
0.295795795795800009476, 0.000117091911810414737
0.298298298298300013087, 0.000115590453765956772
0.300800800800800016699, 0.000114130708435254246
0.303303303303300020310, 0.000112711346489669163
0.305805805805800023922, 0.000111331093883880144
0.308308308308300027534, 0.000109988729171591317
0.310810810810799975634, 0.000108683080973206292
0.313313313313299979246, 0.000107413025585741164
0.315815815815799982857, 0.000106177484725945482
0.318318318318299986469, 0.000104975423398241791
0.320820820820799990081, 0.000103805847879682872
0.323323323323299993692, 0.000102667803814674921
0.325825825825799997304, 0.000101560374412712270
0.328328328328300000916, 0.000100482678742839119
0.330830830830800004527, 0.000099433870118978911
0.333333333333300008139, 0.000098413134570671847
0.335835835835800011751, 0.000097419689394126851
0.338338338338300015362, 0.000096452781778834124
0.340840840840800018974, 0.000095511687505301686
0.343343343343300022585, 0.000094595709709768030
0.345845845845800026197, 0.000093704177712018017
0.348348348348299974298, 0.000092836445902675925
0.350850850850900009004, 0.000091991892686587418
0.353353353353400012615, 0.000091169919479115928
0.355855855855900016227, 0.000090369949752382319
0.358358358358400019839, 0.000089591428128663465
0.360860860860900023450, 0.000088833819518339659
0.363363363363400027062, 0.000088096608299944560
0.365865865865899975162, 0.000087379297540020527
0.368368368368399978774, 0.000086681408250625585
0.370870870870899982386, 0.000086002478682468129
0.373373373373399985997, 0.000085342063651768694
0.375875875875899989609, 0.000084699733899063100
0.378378378378399993220, 0.000084075075478267486
0.380880880880899996832, 0.000083467689174426110
0.383383383383400000444, 0.000082877189948655925
0.385885885885900004055, 0.000082303206408890185
0.388388388388400007667, 0.000081745380305103446
0.390890890890900011279, 0.000081203366047778109
0.393393393393400014890, 0.000080676830248444469
0.395895895895900018502, 0.000080165451281191712
0.398398398398400022113, 0.000079668918864112521
0.400900900900900025725, 0.000079186933659701063
0.403403403403399973826, 0.000078719206893280113
0.405905905905899977437, 0.000078265459988585698
0.408408408408399981049, 0.000077825424219685375
0.410910910910899984660, 0.000077398840378452936
0.413413413413399988272, 0.000076985458456864183
0.415915915915899991884, 0.000076585037343421418
0.418418418418399995495, 0.000076197344533048889
0.420920920920899999107, 0.000075822155849840459
0.423423423423400002719, 0.000075459255182072776
0.425925925925900006330, 0.000075108434228929465
0.428428428428400009942, 0.000074769492258411837
0.430930930930900013553, 0.000074442235875940148
0.433433433433400017165, 0.000074126478803175142
0.435935935935900020777, 0.000073822041666616513
0.438438438438400024388, 0.000073528751795556396
0.440940940940899972489, 0.000073246443028990456
0.443443443443399976100, 0.000072974955531109040
0.445945945945899979712, 0.000072714135615011702
0.448448448448399983324, 0.000072463835574306632
0.450950950951000018030, 0.000072223913522275027
0.453453453453500021642, 0.000071994233238297385
0.455955955956000025253, 0.000071774664021254290
0.458458458458499973354, 0.000071565080549630168
0.460960960960999976965, 0.000071365362748062618
0.463463463463499980577, 0.000071175395660093619
0.465965965965999984189, 0.000070995069326892148
0.468468468468499987800, 0.000070824278671729991
0.470970970970999991412, 0.000070662923390004361
0.473473473473499995023, 0.000070510907844612366
0.475975975975999998635, 0.000070368140966492481
0.478478478478500002247, 0.000070234536160159150
0.480980980981000005858, 0.000070110011214065651
0.483483483483500009470, 0.000069994488215640002
0.485985985986000013082, 0.000069887893470847604
0.488488488488500016693, 0.000069790157428142389
0.490990990991000020305, 0.000069701214606676901
0.493493493493500023916, 0.000069621003528648920
0.495995995996000027528, 0.000069549466655670304
0.498498498498499975629, 0.000069486550329050253
0.501001001000999979240, 0.000069432204713892778
0.503503503503500038363, 0.000069386383746913982
0.506006006005999986463, 0.000069349045087892000
0.508508508508500045586, 0.000069320150074667978
0.511011011010999993687, 0.000069299663681622451
0.513513513513500052809, 0.000069287554481558124
0.516016016016000000910, 0.000069283794610924132
0.518518518518499949010, 0.000069288359738323811
0.521021021021000008133, 0.000069301229036252440
0.523523523523499956234, 0.000069322385156016535
0.526026026026000015356, 0.000069351814205792137
0.528528528528499963457, 0.000069389505731783324
0.531031031031000022580, 0.000069435452702447809
0.533533533533499970680, 0.000069489651495761336
0.536036036036000029803, 0.000069552101889496095
0.538538538538499977903, 0.000069622807054495043
0.541041041041000037026, 0.000069701773550926211
0.543543543543499985127, 0.000069789011327507609
0.546046046046000044250, 0.000069884533723696705
0.548548548548499992350, 0.000069988357474842907
0.551051051051099971545, 0.000070100502720307111
0.553553553553600030668, 0.000070220993014555121
0.556056056056099978768, 0.000070349855341237684
0.558558558558600037891, 0.000070487120130273599
0.561061061061099985992, 0.000070632821277957056
0.563563563563600045114, 0.000070786996170115347
0.566066066066099993215, 0.000070949685708346903
0.568568568568600052338, 0.000071120934339375085
0.571071071071100000438, 0.000071300790087557687
0.573573573573599948539, 0.000071489304590596580
0.576076076076100007661, 0.000071686533138497574
0.578578578578599955762, 0.000071892534715835028
0.581081081081100014885, 0.000072107372047381448
0.583583583583599962985, 0.000072331111647166971
0.586086086086100022108, 0.000072563823871039875
0.588588588588599970208, 0.000072805582972804421
0.591091091091100029331, 0.000073056467164018109
0.593593593593599977432, 0.000073316558677536742
0.596096096096100036554, 0.000073585943834901451
0.598598598598599984655, 0.000073864713117668929
0.601101101101100043778, 0.000074152961242791884
0.603603603603599991878, 0.000074450787242164517
0.606106106106100051001, 0.000074758294546454398
0.608608608608599999101, 0.000075075591073349969
0.611111111111099947202, 0.000075402789320360382
0.613613613613600006325, 0.000075740006462312825
0.616116116116099954425, 0.000076087364453700785
0.618618618618600013548, 0.000076444990136045557
0.621121121121099961648, 0.000076813015350442744
0.623623623623600020771, 0.000077191577055474802
0.626126126126099968872, 0.000077580817450681634
0.628628628628600027994, 0.000077980884105790702
0.631131131131099976095, 0.000078391930095920694
0.633633633633600035218, 0.000078814114142983173
0.636136136136099983318, 0.000079247600763520062
0.638638638638600042441, 0.000079692560423227067
0.641141141141099990541, 0.000080149169698427058
0.643643643643600049664, 0.000080617611444771582
0.646146146146099997765, 0.000081098074973464382
0.648648648648599945865, 0.000081590756235315332
0.651151151151200036082, 0.000082095858012951953
0.653653653653699984183, 0.000082613590121531437
0.656156156156200043306, 0.000083144169618315679
0.658658658658699991406, 0.000083687821021492044
0.661161161161200050529, 0.000084244776538642147
0.663663663663699998629, 0.000084815276305283470
0.666166166166199946730, 0.000085399568633932638
0.668668668668700005853, 0.000085997910274162453
0.671171171171199953953, 0.000086610566684151575
0.673673673673700013076, 0.000087237812314252964
0.676176176176199961176, 0.000087879930903137090
0.678678678678700020299, 0.000088537215787095044
0.681181181181199968400, 0.000089209970223122010
0.683683683683700027522, 0.000089898507726433513
0.686186186186199975623, 0.000090603152423105848
0.688688688688700034746, 0.000091324239418570196
0.691191191191199982846, 0.000092062115182731287
0.693693693693700041969, 0.000092817137952526087
0.696196196196199990069, 0.000093589678152784865
0.698698698698700049192, 0.000094380118836305516
0.701201201201199997293, 0.000095188856144107293
0.703703703703699945393, 0.000096016299786883899
0.706206206206200004516, 0.000096862873548738006
0.708708708708699952616, 0.000097729015814341141
0.711211211211200011739, 0.000098615180120733274
0.713713713713699959840, 0.000099521835735045809
0.716216216216200018962, 0.000100449468259512884
0.718718718718699967063, 0.000101398580265214263
0.721221221221200026186, 0.000102369691956084372
0.723723723723699974286, 0.000103363341864813564
0.726226226226200033409, 0.000104380087582370704
0.728728728728699981509, 0.000105420506522979732
0.731231231231200040632, 0.000106485196726501335
0.733733733733699988733, 0.000107574777700290882
0.736236236236200047856, 0.000108689891302735545
0.738738738738699995956, 0.000109831202670815283
0.741241241241200055079, 0.000110999401194180537
0.743743743743700003179, 0.000112195201538402644
0.746246246246199951280, 0.000113419344720225339
0.748748748748700010403, 0.000114672599237830231
0.751251251251299989597, 0.000115955762259329574
0.753753753753800048720, 0.000117269660872911901
0.756256256256299996821, 0.000118615153402296971
0.758758758758799944921, 0.000119993130791402544
0.761261261261300004044, 0.000121404518062390518
0.763763763763799952144, 0.000122850275851546335
0.766266266266300011267, 0.000124331402027752519
0.768768768768799959368, 0.000125848933398648322
0.771271271271300018491, 0.000127403947509925202
0.773773773773799966591, 0.000128997564543590585
0.776276276276300025714, 0.000130630949321451542
0.778778778778799973814, 0.000132305313420513814
0.781281281281300032937, 0.000134021917407481047
0.783783783783799981038, 0.000135782073200057867
0.786286286286300040160, 0.000137587146563331590
0.788788788788799988261, 0.000139438559750116865
0.791291291291300047384, 0.000141337794294813955
0.793793793793799995484, 0.000143286393971049777
0.796296296296300054607, 0.000145285967924151842
0.798798798798800002707, 0.000147338193990351565
0.801301301301299950808, 0.000149444822215533276
0.803803803803800009931, 0.000151607678587345197
0.806306306306299958031, 0.000153828668995573082
0.808808808808800017154, 0.000156109783436861994
0.811311311311299965254, 0.000158453100481157434
0.813813813813800024377, 0.000160860792018641021
0.816316316316299972478, 0.000163335128307464311
0.818818818818800031600, 0.000165878483344257467
0.821321321321299979701, 0.000168493340581207850
0.823823823823800038824, 0.000171182299015503495
0.826326326326299986924, 0.000173948079679112262
0.828828828828800046047, 0.000176793532559256690
0.831331331331299994147, 0.000179721643982562083
0.833833833833800053270, 0.000182735544498722482
0.836336336336300001371, 0.000185838517302680718
0.838838838838799949471, 0.000189034007237772969
0.841341341341300008594, 0.000192325630426105443
0.843843843843799956694, 0.000195717184576596123
0.846346346346300015817, 0.000199212660025750921
0.848848848848799963918, 0.000202816251571309822
0.851351351351400054135, 0.000206532371164519957
0.853853853853900002235, 0.000210365661532997228
0.856356356356399950336, 0.000214321010812980133
0.858858858858900009459, 0.000218403568277391550
0.861361361361399957559, 0.000222618761254520631
0.863863863863900016682, 0.000226972313341473192
0.866366366366399964782, 0.000231470264026916058
0.868868868868900023905, 0.000236118989849137557
0.871371371371399972006, 0.000240925227228303842
0.873873873873900031128, 0.000245896097126061593
0.876376376376399979229, 0.000251039131701590815
0.878878878878900038352, 0.000256362303151036280
0.881381381381399986452, 0.000261874054937142340
0.883883883883900045575, 0.000267583335638259701
0.886386386386399993675, 0.000273499635670883408
0.888888888888900052798, 0.000279633027167981024
0.891391391391400000899, 0.000285994207326958742
0.893893893893899948999, 0.000292594545576643024
0.896396396396400008122, 0.000299446134952779562
0.898898898898899956222, 0.000306561848116787745
0.901401401401400015345, 0.000313955398503708207
0.903903903903899963446, 0.000321641407143262686
0.906406406406400022568, 0.000329635475763672488
0.908908908908899970669, 0.000337954266862639148
0.911411411411400029792, 0.000346615591514879979
0.913913913913899977892, 0.000355638505782552748
0.916416416416400037015, 0.000365043416705603408
0.918918918918899985115, 0.000374852198975652966
0.921421421421400044238, 0.000385088323542219231
0.923923923923899992339, 0.000395776999566661999
0.926426426426400051461, 0.000406945331330976518
0.928928928928899999562, 0.000418622491929584854
0.931431431431399947662, 0.000430839915827527665
0.933933933933900006785, 0.000443631512664056005
0.936436436436399954886, 0.000457033905023432416
0.938938938938900014008, 0.000471086693293411296
0.941441441441399962109, 0.000485832751196485556
0.943943943943900021232, 0.000501318556121649328
0.946446446446399969332, 0.000517594559020082196
0.948948948948900028455, 0.000534715599374278026
0.951451451451500007650, 0.000552741371628515978
0.953953953953999955750, 0.000571736950505324177
0.956456456456500014873, 0.000591773383859582223
0.958958958958999962974, 0.000612928363178615434
0.961461461461500022097, 0.000635286983570787413
0.963963963963999970197, 0.000658942607156313000
0.966466466466500029320, 0.000683997846255676419
0.968968968968999977420, 0.000710565685754174390
0.971471471471500036543, 0.000738770767619968162
0.973973973973999984644, 0.000768750864909737482
0.976476476476500043766, 0.000800658577890315777
0.978978978978999991867, 0.000834663291363245299
0.981481481481500050990, 0.000870953440189557596
0.983983983983999999090, 0.000909739139742230820
0.986486486486499947191, 0.000951255250033910486
0.988988988989000006313, 0.000995764957185462079
0.991491491491499954414, 0.001043563974503647004
0.993993993994000013537, 0.001094985488749578061
0.996496496496499961637, 0.001150406006550444516
0.998998998999000020760, 0.001210252293110870197
1.001501501501999902288, 0.001275009642778706471
1.004004004003999916961, 0.001345231781770275803
1.006506506507000020534, 0.001421552781718545336
1.009009009009000035206, 0.001504701464453583881
1.011511511511999916735, 0.001595518911468950425
1.014014014013999931407, 0.001694979866793644560
1.016516516517000034980, 0.001804219054690533704
1.019019019019000049653, 0.001924563745135215260
1.021521521521999931181, 0.002057574320783921509
1.024024024023999945854, 0.002205095172742533617
1.026526526527000049427, 0.002369319042245442760
1.029029029029000064099, 0.002552869024423062676
1.031531531531999945628, 0.002758903997231794154
1.034034034033999960300, 0.002991255442421324792
1.036536536537000063873, 0.003254606806319752885
1.039039039039000078546, 0.003554731204424459341
1.041541541541999960074, 0.003898810193769071050
1.044044044043999974747, 0.004295866791916794908
1.046546546547000078320, 0.004757362001812069814
1.049049049049000092992, 0.005298029321681080317
1.051551551551999974521, 0.005937062127658199011
1.054054054053999989193, 0.006699835101440718144
1.056556556557000092766, 0.007620452470536017049
1.059059059059000107439, 0.008745609218790138459
1.061561561561999988967, 0.010140597577118005621
1.064064064064000003640, 0.011898933668063403635
1.066566566567000107213, 0.014158322298200600592
1.069069069068999899841, 0.017128199362625287638
1.071571571572000003414, 0.021139493164364368122
1.074074074074000018086, 0.026739582370937802630
1.076576576576999899615, 0.034885816435202929298
1.079079079078999914287, 0.047372940537018445872
1.081581581582000017860, 0.067876807825412985298
1.084084084084000032533, 0.104850000381938826544
1.086586586586999914061, 0.180981921689437330603
1.089089089088999928734, 0.370660306796348593128
1.091591591592000032307, 0.947098253785351062994
1.094094094094000046979, 1.666900011462960407016
1.096596596596999928508, 0.751748423797563236626
1.099099099098999943180, 0.308022791527375328080
1.101601601602000046753, 0.157530506537433501180
1.104104104104000061426, 0.094043997128492276549
1.106606606606999942954, 0.062109149974386448911
1.109109109108999957627, 0.043960630611156507885
1.111611611612000061200, 0.032710675827801051485
1.114114114114000075872, 0.025273435979004544444
1.116616616616999957401, 0.020107901174235470743
1.119119119118999972073, 0.016377544203482558016
1.121621621622000075646, 0.013597344271960361273
1.124124124124000090319, 0.011470719927792707993
1.126626626626999971847, 0.009808194245636961406
1.129129129128999986520, 0.008484192115340868576
1.131631631632000090093, 0.007412854777053931588
1.134134134134000104766, 0.006533884607054161499
1.136636636636999986294, 0.005803938210441866863
1.139139139139000000966, 0.005191217096161724123
1.141641641642000104540, 0.004671968126363846771
1.144144144143999897167, 0.004228160896927304901
1.146646646647000000740, 0.003845910818712420468
1.149149149149000015413, 0.003514386497958326468
1.151651651651999896941, 0.003225038699074962364
1.154154154153999911614, 0.002971047157123079836
1.156656656657000015187, 0.002746917668794428887
1.159159159159000029859, 0.002548184575930996249
1.161661661661999911388, 0.002371188287530480096
1.164164164163999926060, 0.002212906974761767124
1.166666666667000029634, 0.002070827878617642094
1.169169169169000044306, 0.001942847927701092745
1.171671671671999925834, 0.001827196282188902135
1.174174174173999940507, 0.001722373448359292101
1.176676676677000044080, 0.001627103035953568651
1.179179179179000058753, 0.001540293247926236703
1.181681681681999940281, 0.001461005925052207607
1.184184184183999954953, 0.001388431501467219612
1.186686686687000058527, 0.001321868619577142327
1.189189189189000073199, 0.001260707443983335790
1.191691691691999954728, 0.001204415932146104141
1.194194194193999969400, 0.001152528484226188112
1.196696696697000072973, 0.001104636520016014176
1.199199199199000087646, 0.001060380627272165073
1.201701701701999969174, 0.001019444000501377144
1.204204204203999983847, 0.000981546947802484741
1.206706706707000087420, 0.000946442289821865430
1.209209209209000102092, 0.000913911512372736251
1.211711711711999983621, 0.000883761565276781056
1.214214214213999998293, 0.000855822226574278876
1.216716716717000101866, 0.000829943975281682541
1.219219219218999894494, 0.000805996339240420056
1.221721721721999998067, 0.000783866709472195436
1.224224224224000012740, 0.000763459641675848602
1.226726726726999894268, 0.000744696703170007993
1.229229229228999908941, 0.000727516976063647324
1.231731731732000012514, 0.000711878405098216030
1.234234234234000027186, 0.000697760299048141137
1.236736736736999908715, 0.000685167488662787733
1.239239239238999923387, 0.000674136967820424590
1.241741741742000026960, 0.000664748402657582894
1.244244244244000041633, 0.000657140889578997664
1.246746746746999923161, 0.000651540189090676750
1.249249249248999937834, 0.000648304229621546107
1.251751751752000041407, 0.000648001903956751729
1.254254254254000056079, 0.000651555651748109100
1.256756756756999937608, 0.000660513615689517107
1.259259259258999952280, 0.000677603991916364079
1.261761761762000055853, 0.000707958095902792503
1.264264264264000070526, 0.000762092276552762266
1.266766766766999952054, 0.000864163609025047448
1.269269269268999966727, 0.001078869718187653107
1.271771771772000070300, 0.001617684593303979606
1.274274274274000084972, 0.003259218472347629684
1.276776776776999966501, 0.005398492542648219289
1.279279279278999981173, 0.002763675221236439484
1.281781781782000084746, 0.001456851360725767291
1.284284284284000099419, 0.001015913688902781624
1.286786786786999980947, 0.000832053458268299851
1.289289289288999995620, 0.000741670478088427400
1.291791791792000099193, 0.000692536018344944919
1.294294294293999891821, 0.000664472414607725692
1.296796796796999995394, 0.000648480012295523647
1.299299299299000010066, 0.000640096195669545066
1.301801801801999891595, 0.000636928158233564202
1.304304304303999906267, 0.000637618662284184694
1.306806806807000009840, 0.000641369339898861042
1.309309309309000024513, 0.000647703721336999045
1.311811811811999906041, 0.000656342087849840872
1.314314314313999920714, 0.000667132156481337621
1.316816816817000024287, 0.000680009318660514507
1.319319319319000038959, 0.000694973364089581606
1.321821821821999920488, 0.000712074871685799320
1.324324324323999935160, 0.000731407572010734242
1.326826826827000038733, 0.000753104624447774513
1.329329329329000053406, 0.000777337654286812136
1.331831831831999934934, 0.000804317917106310738
1.334334334333999949607, 0.000834299279639832926
1.336836836837000053180, 0.000867582922066602855
1.339339339339000067852, 0.000904523829036847811
1.341841841841999949381, 0.000945539277617298414
1.344344344343999964053, 0.000991119671624015675
1.346846846847000067626, 0.001041842231487369059
1.349349349349000082299, 0.001098388244902835480
1.351851851851999963827, 0.001161564837408744257
1.354354354353999978500, 0.001232332561833589246
1.356856856857000082073, 0.001311840570727529137
1.359359359359000096745, 0.001401471783796782739
1.361861861861999978274, 0.001502901378411115440
1.364364364363999992946, 0.001618173245098096860
1.366866866867000096519, 0.001749800961803125998
1.369369369368999889147, 0.001900902665307469593
1.371871871871999992720, 0.002075383439391602185
1.374374374374000007393, 0.002278185319641808093
1.376876876877000110966, 0.002515635105832050595
1.379379379378999903594, 0.002795936215132012632
1.381881881882000007167, 0.003129876899195809577
1.384384384384000021839, 0.003531870656106532273
1.386886886886999903368, 0.004021519270446391285
1.389389389388999918040, 0.004626020869450208663
1.391891891892000021613, 0.005383987068253054918
1.394394394394000036286, 0.006351693768114454255
1.396896896896999917814, 0.007613707987825244286
1.399399399398999932487, 0.009301759846457218275
1.401901901902000036060, 0.011630025368083352424
1.404404404404000050732, 0.014965273722734756881
1.406906906906999932261, 0.019977153023495980433
1.409409409408999946933, 0.027991402648964606309
1.411911911912000050506, 0.041923042215588832149
1.414414414414000065179, 0.069140805774403707451
1.416916916916999946707, 0.132062237851774177955
1.419419419418999961380, 0.313276955959666203455
1.421921921922000064953, 0.751743646688569522318
1.424424424424000079625, 0.502568737984420921272
1.426926926926999961154, 0.193434088925642955203
1.429429429428999975826, 0.092035333592128912295
1.431931931932000079399, 0.052441991242248089944
1.434434434434000094072, 0.033592726445079289233
1.436936936936999975600, 0.023282761906029056376
1.439439439438999990273, 0.017065553895455810862
1.441941941942000093846, 0.013039300268815263648
1.444444444444000108518, 0.010287013367056497409
1.446946946946999990047, 0.008324278425314551866
1.449449449449000004719, 0.006876248898741271244
1.451951951952000108292, 0.005777796165208415498
1.454454454453999900920, 0.004924953229970953882
1.456956956957000004493, 0.004249657539041316358
1.459459459459000019166, 0.003705857958317134750
1.461961961961999900694, 0.003261504157971005340
1.464464464463999915367, 0.002893738146487699007
1.466966966967000018940, 0.002585905863826939120
1.469469469469000033612, 0.002325642747240077701
1.471971971971999915141, 0.002103614140324850008
1.474474474473999929813, 0.001912666707368892560
1.476976976977000033386, 0.001747244533672249198
1.479479479479000048059, 0.001602979653405096992
1.481981981981999929587, 0.001476399932730733779
1.484484484483999944260, 0.001364717405268825977
1.486986986987000047833, 0.001265672710406883080
1.489489489489000062505, 0.001177419268972074076
1.491991991991999944034, 0.001098436009744504192
1.494494494493999958706, 0.001027460880961774889
1.496996996997000062279, 0.000963439678130783910
1.499499499499000076952, 0.000905486285957534287
1.502002002001999958480, 0.000852851515697341991
1.504504504505000062053, 0.000804898478574589426
1.507007007007000076726, 0.000761082974657664962
1.509509509509999958254, 0.000720937763190299965
1.512012012011999972927, 0.000684059860811580861
1.514514514515000076500, 0.000650100219556943399
1.517017017017000091172, 0.000618755288488474125
1.519519519519999972701, 0.000589760076187526277
1.522022022021999987373, 0.000562882416657496274
1.524524524525000090946, 0.000537918205885815526
1.527027027027000105619, 0.000514687425750923449
1.529529529529999987147, 0.000493030810001035850
1.532032032032000001820, 0.000472807036500457389
1.534534534535000105393, 0.000453890352914239803
1.537037037036999898021, 0.000436168561022197301
1.539539539540000001594, 0.000419541299069708289
1.542042042042000016266, 0.000403918572839905574
1.544544544544999897795, 0.000389219495124416295
1.547047047046999912467, 0.000375371200477180207
1.549549549550000016040, 0.000362307907939634526
1.552052052052000030713, 0.000349970109121062892
1.554554554554999912241, 0.000338303862833382409
1.557057057056999926914, 0.000327260180593014509
1.559559559560000030487, 0.000316794489853658196
1.562062062062000045159, 0.000306866163931980985
1.564564564564999926688, 0.000297438109320732826
1.567067067066999941360, 0.000288476402519341609
1.569569569570000044934, 0.000279949969705597652
1.572072072072000059606, 0.000271830303567987511
1.574574574574999941134, 0.000264091212451645241
1.577077077076999955807, 0.000256708597670727439
1.579579579580000059380, 0.000249660255429366425
1.582082082082000074053, 0.000242925700291006671
1.584584584584999955581, 0.000236486007557574086
1.587087087086999970253, 0.000230323672277860331
1.589589589590000073827, 0.000224422482909367551
1.592092092092000088499, 0.000218767407918109584
1.594594594594999970028, 0.000213344493823503217
1.597097097096999984700, 0.000208140773386589900
1.599599599600000088273, 0.000203144182804025977
1.602102102102000102946, 0.000198343486911842654
1.604604604604999984474, 0.000193728211525239760
1.607107107106999999147, 0.000189288582146424458
1.609609609610000102720, 0.000185015468364318510
1.612112112111999895347, 0.000180900333349644281
1.614614614614999998921, 0.000176935187918340447
1.617117117117000013593, 0.000173112548696813956
1.619619619619999895122, 0.000169425399975456413
1.622122122121999909794, 0.000165867158883191857
1.624624624625000013367, 0.000162431643556458196
1.627127127127000028040, 0.000159113044011728838
1.629629629629999909568, 0.000155905895462097666
1.632132132131999924241, 0.000152805053846141492
1.634634634635000027814, 0.000149805673361722317
1.637137137137000042486, 0.000146903185819003508
1.639639639639999924015, 0.000144093281646096396
1.642142142141999938687, 0.000141371892397723560
1.644644644645000042260, 0.000138735174632358696
1.647147147147000056933, 0.000136179495036707209
1.649649649649999938461, 0.000133701416688325703
1.652152152151999953134, 0.000131297686357824390
1.654654654655000056707, 0.000128965222761597264
1.657157157157000071379, 0.000126701105684520196
1.659659659659999952908, 0.000124502565899664255
1.662162162161999967580, 0.000122366975818881591
1.664664664665000071153, 0.000120291840814239811
1.667167167167000085826, 0.000118274791155772419
1.669669669669999967354, 0.000116313574515951451
1.672172172171999982027, 0.000114406048995737577
1.674674674675000085600, 0.000112550176631070743
1.677177177177000100272, 0.000110744017342280764
1.679679679679999981801, 0.000108985723292165650
1.682182182181999996473, 0.000107273533621437159
1.684684684685000100046, 0.000105605769532908468
1.687187187186999892674, 0.000103980829698218432
1.689689689689999996247, 0.000102397185963086146
1.692192192192000010920, 0.000100853379329079857
1.694694694694999892448, 0.000099348016191698046
1.697197197196999907121, 0.000097879764816206748
1.699699699700000010694, 0.000096447352034175580
1.702202202202000025366, 0.000095049560145022004
1.704704704704999906895, 0.000093685224008117890
1.707207207206999921567, 0.000092353228312148987
1.709709709710000025140, 0.000091052505009455242
1.712212212212000039813, 0.000089782030904029717
1.714714714714999921341, 0.000088540825382720507
1.717217217216999936014, 0.000087327948279975281
1.719719719720000039587, 0.000086142497867195553
1.722222222222000054259, 0.000084983608958435851
1.724724724724999935788, 0.000083850451124794684
1.727227227226999950460, 0.000082742227010407368
1.729729729730000054033, 0.000081658170743467077
1.732232232232000068706, 0.000080597546436175999
1.734734734734999950234, 0.000079559646767965887
1.737237237236999964907, 0.000078543791646730113
1.739739739740000068480, 0.000077549326943180183
1.742242242242000083152, 0.000076575623293782314
1.744744744744999964681, 0.000075622074968045513
1.747247247246999979353, 0.000074688098796223441
1.749749749750000082926, 0.000073773133153763013
1.752252252252000097599, 0.000072876636999080475
1.754754754754999979127, 0.000071998088961476976
1.757257257256999993800, 0.000071136986476218344
1.759759759760000097373, 0.000070292844964001922
1.762262262261999890001, 0.000069465197052215297
1.764764764764999993574, 0.000068653591835562811
1.767267267267000008246, 0.000067857594173792020
1.769769769769999889775, 0.000067076784024399080
1.772272272271999904447, 0.000066310755808327701
1.774774774775000008020, 0.000065559117806802291
1.777277277277000022693, 0.000064821491587553360
1.779779779779999904221, 0.000064097511458802454
1.782282282281999918894, 0.000063386823949475061
1.784784784785000022467, 0.000062689087314205408
1.787287287287000037139, 0.000062003971061783930
1.789789789789999918668, 0.000061331155505781726
1.792292292291999933340, 0.000060670331336161741
1.794794794795000036913, 0.000060021199210758878
1.797297297297000051586, 0.000059383469365577299
1.799799799799999933114, 0.000058756861242916045
1.802302302301999947787, 0.000058141103136391935
1.804804804805000051360, 0.000057535931851983527
1.807307307307000066032, 0.000056941092384270680
1.809809809809999947561, 0.000056356337607091928
1.812312312311999962233, 0.000055781427977886630
1.814814814815000065806, 0.000055216131255030500
1.817317317317000080479, 0.000054660222227512415
1.819819819819999962007, 0.000054113482456336995
1.822322322321999976680, 0.000053575700027071928
1.824824824825000080253, 0.000053046669312991383
1.827327327327000094925, 0.000052526190748297005
1.829829829829999976454, 0.000052014070610926442
1.832332332331999991126, 0.000051510120814486358
1.834834834835000094699, 0.000051014158708871589
1.837337337337000109372, 0.000050526006889156059
1.839839839839999990900, 0.000050045493012363044
1.842342342342000005573, 0.000049572449621743380
1.844844844845000109146, 0.000049106713978209854
1.847347347346999901774, 0.000048648127898594384
1.849849849850000005347, 0.000048196537600412223
1.852352352352000020019, 0.000047751793552833766
1.854854854854999901548, 0.000047313750333579882
1.857357357356999916220, 0.000046882266491471478
1.859859859860000019793, 0.000046457204414377602
1.862362362362000034466, 0.000046038430202319510
1.864864864864999915994, 0.000045625813545500252
1.867367367366999930667, 0.000045219227607040937
1.869869869870000034240, 0.000044818548910215814
1.872372372372000048912, 0.000044423657229988448
1.874874874874999930441, 0.000044034435488661455
1.877377377376999945113, 0.000043650769655460719
1.879879879880000048686, 0.000043272548649884607
1.882382382382000063359, 0.000042899664248656266
1.884884884884999944887, 0.000042532010996125247
1.887387387386999959560, 0.000042169486117971922
1.889889889890000063133, 0.000041811989438075319
1.892392392392000077805, 0.000041459423298411348
1.894894894894999959334, 0.000041111692481855014
1.897397397396999974006, 0.000040768704137765822
1.899899899900000077579, 0.000040430367710241437
1.902402402402000092252, 0.000040096594868930045
1.904904904904999973780, 0.000039767299442296541
1.907407407406999988453, 0.000039442397353243075
1.909909909910000092026, 0.000039121806556988549
1.912412412412000106698, 0.000038805446981116215
1.914914914914999988227, 0.000038493240467702593
1.917417417417000002899, 0.000038185110717444972
1.919919919920000106472, 0.000037880983235708099
1.922422422421999899100, 0.000037580785280414591
1.924924924925000002673, 0.000037284445811706884
1.927427427427000017346, 0.000036991895443311376
1.929929929929999898874, 0.000036703066395538919
1.932432432431999913547, 0.000036417892449858474
1.934934934935000017120, 0.000036136308904983394
1.937437437437000031792, 0.000035858252534412633
1.939939939939999913321, 0.000035583661545371558
1.942442442441999927993, 0.000035312475539099292
1.944944944945000031566, 0.000035044635472432093
1.947447447447000046239, 0.000034780083620633993
1.949949949949999927767, 0.000034518763541428418
1.952452452451999942440, 0.000034260620040186004
1.954954954955000046013, 0.000034005599136226217
1.957457457457000060685, 0.000033753648030191533
1.959959959959999942214, 0.000033504715072455279
1.962462462461999956886, 0.000033258749732525261
1.964964964965000060459, 0.000033015702569407350
1.967467467467000075132, 0.000032775525202894254
1.969969969969999956660, 0.000032538170285746359
1.972472472471999971333, 0.000032303591476732845
1.974974974975000074906, 0.000032071743414502455
1.977477477477000089578, 0.000031842581692254570
1.979979979979999971107, 0.000031616062833182481
1.982482482481999985779, 0.000031392144266661728
1.984984984985000089353, 0.000031170784305157523
1.987487487487000104025, 0.000030951942121826532
1.989989989989999985553, 0.000030735577728788498
1.992492492492000000226, 0.000030521651956045358
1.994994994995000103799, 0.000030310126431025012
1.997497497496999896427, 0.000030100963558728974
2.000000000000000000000, 0.000029894126502463089
