# k1_lab: [1, 0, 0]
# k2_lab: [-0.8660254037844387, 0.49999999999999994, 0.0]
# k1_cf: [-0.573576436351046, -0.8191520442889919, 0.0]
# k2_cf: [0.9063077870366499, 0.42261826174069966, 0.0]
# pol1_lab: [(0, 1, 0), (0, 0, 1)]
# pol2_lab: [array([-0.5      , -0.8660254,  0.       ]), array([0., 0., 1.])]
# pol1_cf: [array([ 0.81915204, -0.57357644,  0.        ]), array([0., 0., 1.])]
# pol2_cf: [array([-0.42261826,  0.90630779,  0.        ]), array([0., 0., 1.])]
# cf: [array([-0.57357644,  0.81915204,  0.        ]), array([-0.81915204, -0.57357644,  0.        ]), array([0., 0., 1.])]
# th: 80
-0.500000000000000000000, 0.000038668366238228190
-0.497497497497499996388, 0.000039018271680828826
-0.494994994994999992777, 0.000039373303390020142
-0.492492492492499989165, 0.000039733564395623689
-0.489989989989999985553, 0.000040099160348050332
-0.487487487487499981942, 0.000040470199598876114
-0.484984984984999978330, 0.000040846793284325539
-0.482482482482499974719, 0.000041229055411782768
-0.479979979980000026618, 0.000041617102949456744
-0.477477477477500023006, 0.000042011055919332581
-0.474974974975000019395, 0.000042411037493547591
-0.472472472472500015783, 0.000042817174094336813
-0.469969969970000012172, 0.000043229595497700063
-0.467467467467500008560, 0.000043648434940949833
-0.464964964965000004948, 0.000044073829234306793
-0.462462462462500001337, 0.000044505918876718172
-0.459959959959999997725, 0.000044944848176082593
-0.457457457457499994113, 0.000045390765374073992
-0.454954954954999990502, 0.000045843822775766939
-0.452452452452499986890, 0.000046304176884275567
-0.449949949949900007695, 0.000046771988540628996
-0.447447447447400004084, 0.000047247423069117422
-0.444944944944900000472, 0.000047730650428354723
-0.442442442442399996860, 0.000048221845368316105
-0.439939939939899993249, 0.000048721187593622477
-0.437437437437399989637, 0.000049228861933357076
-0.434934934934899986025, 0.000049745058517714944
-0.432432432432399982414, 0.000050269972961801244
-0.429929929929899978802, 0.000050803806556911010
-0.427427427427399975191, 0.000051346766469640604
-0.424924924924900027090, 0.000051899065949199151
-0.422422422422400023478, 0.000052460924543308905
-0.419919919919900019867, 0.000053032568323103059
-0.417417417417400016255, 0.000053614230117452544
-0.414914914914900012644, 0.000054206149757176280
-0.412412412412400009032, 0.000054808574329614108
-0.409909909909900005420, 0.000055421758444068532
-0.407407407407400001809, 0.000056045964508648428
-0.404904904904899998197, 0.000056681463019077948
-0.402402402402399994585, 0.000057328532860066229
-0.399899899899899990974, 0.000057987461619865033
-0.397397397397399987362, 0.000058658545918679247
-0.394894894894899983750, 0.000059342091751630777
-0.392392392392399980139, 0.000060038414847018754
-0.389889889889899976527, 0.000060747841040660651
-0.387387387387399972916, 0.000061470706667143672
-0.384884884884900024815, 0.000062207358968866699
-0.382382382382400021203, 0.000062958156523802467
-0.379879879879900017592, 0.000063723469692965714
-0.377377377377400013980, 0.000064503681088632543
-0.374874874874900010369, 0.000065299186064417494
-0.372372372372400006757, 0.000066110393228382489
-0.369869869869900003145, 0.000066937724980424014
-0.367367367367399999534, 0.000067781618075259112
-0.364864864864899995922, 0.000068642524212415227
-0.362362362362399992310, 0.000069520910654712742
-0.359859859859899988699, 0.000070417260876825242
-0.357357357357399985087, 0.000071332075245600889
-0.354854854854899981476, 0.000072265871733934224
-0.352352352352399977864, 0.000073219186670094196
-0.349849849849799998669, 0.000074192575524535307
-0.347347347347299995057, 0.000075186613736349388
-0.344844844844799991446, 0.000076201897581658736
-0.342342342342299987834, 0.000077239045086400064
-0.339839839839799984222, 0.000078298696986112937
-0.337337337337299980611, 0.000079381517735518185
-0.334834834834799976999, 0.000080488196570862783
-0.332332332332299973388, 0.000081619448628205188
-0.329829829829800025287, 0.000082776016121034285
-0.327327327327300021675, 0.000083958669580847932
-0.324824824824800018064, 0.000085168209164567267
-0.322322322322300014452, 0.000086405466032934557
-0.319819819819800010841, 0.000087671303804334657
-0.317317317317300007229, 0.000088966620088792964
-0.314814814814800003617, 0.000090292348107244929
-0.312312312312300000006, 0.000091649458401538153
-0.309809809809799996394, 0.000093038960641023827
-0.307307307307299992782, 0.000094461905532025654
-0.304804804804799989171, 0.000095919386836936237
-0.302302302302299985559, 0.000097412543510193932
-0.299799799799799981948, 0.000098942561958939481
-0.297297297297299978336, 0.000100510678436738414
-0.294794794794799974724, 0.000102118181579399629
-0.292292292292300026624, 0.000103766415092612391
-0.289789789789800023012, 0.000105456780601879930
-0.287287287287300019401, 0.000107190740676050449
-0.284784784784800015789, 0.000108969822036636453
-0.282282282282300012177, 0.000110795618966086026
-0.279779779779800008566, 0.000112669796929231239
-0.277277277277300004954, 0.000114594096423287670
-0.274774774774800001342, 0.000116570337073044258
-0.272272272272299997731, 0.000118600421989253948
-0.269769769769799994119, 0.000120686342409738004
-0.267267267267299990507, 0.000122830182644363651
-0.264764764764799986896, 0.000125034125346847264
-0.262262262262299983284, 0.000127300457138309714
-0.259759759759799979673, 0.000129631574609667661
-0.257257257257299976061, 0.000132029990732312791
-0.254754754754799972449, 0.000134498341709136178
-0.252252252252300024349, 0.000137039394300809329
-0.249749749749699989643, 0.000139656053665384086
-0.247247247247200013787, 0.000142351371752735508
-0.244744744744700010175, 0.000145128556299189260
-0.242242242242200006563, 0.000147990980471888491
-0.239739739739700002952, 0.000150942193217105827
-0.237237237237199999340, 0.000153985930371847770
-0.234734734734699995728, 0.000157126126603789247
-0.232232232232199992117, 0.000160366928250876422
-0.229729729729699988505, 0.000163712707138925426
-0.227227227227200012649, 0.000167168075463301795
-0.224724724724700009038, 0.000170737901829383457
-0.222222222222200005426, 0.000174427328556105122
-0.219719719719700001814, 0.000178241790357558009
-0.217217217217199998203, 0.000182187034529535043
-0.214714714714699994591, 0.000186269142781209221
-0.212212212212199990979, 0.000190494554866996570
-0.209709709709699987368, 0.000194870094190299097
-0.207207207207200011512, 0.000199402995569464324
-0.204704704704700007900, 0.000204100935377227470
-0.202202202202200004288, 0.000208972064288412976
-0.199699699699700000677, 0.000214025042897130060
-0.197197197197199997065, 0.000219269080494511221
-0.194694694694699993454, 0.000224713977331682084
-0.192192192192199989842, 0.000230370170730674151
-0.189689689689699986230, 0.000236248785449023359
-0.187187187187200010374, 0.000242361688752579105
-0.184684684684700006763, 0.000248721550706438709
-0.182182182182200003151, 0.000255341910256912455
-0.179679679679699999539, 0.000262237247749186472
-0.177177177177199995928, 0.000269423064607241566
-0.174674674674699992316, 0.000276915970996198892
-0.172172172172199988704, 0.000284733782394486071
-0.169669669669700012848, 0.000292895626126233157
-0.167167167167200009237, 0.000301422059045739789
-0.164664664664700005625, 0.000310335197728768488
-0.162162162162200002014, 0.000319658862713460791
-0.159659659659699998402, 0.000329418738551176592
-0.157157157157199994790, 0.000339642551679680208
-0.154654654654699991179, 0.000350360268424011235
-0.152152152152199987567, 0.000361604315771424487
-0.149649649649600008372, 0.000373409827964885891
-0.147147147147100004760, 0.000385814922425355286
-0.144644644644600001149, 0.000398861009059416061
-0.142142142142099997537, 0.000412593137651300296
-0.139639639639599993926, 0.000427060388795943351
-0.137137137137099990314, 0.000442316314725556433
-0.134634634634599986702, 0.000458419437444507161
-0.132132132132100010846, 0.000475433812850812470
-0.129629629629600007235, 0.000493429671029977659
-0.127127127127100003623, 0.000512484144711056189
-0.124624624624600000011, 0.000532682100041309689
-0.122122122122099996400, 0.000554117086446302720
-0.119619619619600006666, 0.000576892425498987896
-0.117117117117100003054, 0.000601122462552738132
-0.114614614614599999443, 0.000626934009561460562
-0.112112112112099995831, 0.000654468013220548526
-0.109609609609600006097, 0.000683881489577455514
-0.107107107107100002485, 0.000715349774915544166
-0.104604604604599998874, 0.000749069153441645342
-0.102102102102099995262, 0.000785259935665486562
-0.099599599599600005528, 0.000824170078075807692
-0.097097097097100001917, 0.000866079455747026340
-0.094594594594590006298, 0.000911304926108224222
-0.092092092092090002686, 0.000960206355940149223
-0.089589589589589999075, 0.001013193826962550210
-0.087087087087089995463, 0.001070736291129811748
-0.084584584584579999844, 0.001133372019029749243
-0.082082082082079996233, 0.001201721279130300250
-0.079579579579580006499, 0.001276501809693915412
-0.077077077077080002887, 0.001358547809620707378
-0.074574574574569993390, 0.001448833394227548241
-0.072072072072070003657, 0.001548501758202791871
-0.069569569569570000045, 0.001658901691050143710
-0.067067067067069996433, 0.001781633644243911171
-0.064564564564560000814, 0.001918608318593854672
-0.062062062062059997203, 0.002072121820843209929
-0.059559559559560000530, 0.002244952974729183363
-0.057057057057059996918, 0.002440490584414026307
-0.054554554554550001300, 0.002662901680262067666
-0.052052052052049997688, 0.002917356570159594740
-0.049549549549550001015, 0.003210333745843895869
-0.047047047047049997404, 0.003550038784643691318
-0.044544544544540001785, 0.003946988745234470720
-0.042042042042039998173, 0.004414841311107742944
-0.039539539539540001500, 0.004971593374219518933
-0.037037037037039997889, 0.005641350108949771784
-0.034534534534530002270, 0.006456997686971573287
-0.032032032032029998658, 0.007464348883986876744
-0.029529529529529998516, 0.008728768588687565305
-0.027027027027029998374, 0.010346132470929530686
-0.024524524524519999286, 0.012461688136126006579
-0.022022022022019999143, 0.015304066248616627136
-0.019519519519519999001, 0.019250101078447552638
-0.017017017017019998859, 0.024956896961035673899
-0.014514514514509999771, 0.033653872992702317524
-0.012012012012009999629, 0.047858301372914434368
-0.009509509509509999486, 0.073373352681942949349
-0.007007007007007000007, 0.125884278269210753143
-0.004504504504504999729, 0.257371547493126240358
-0.002002002002001999816, 0.654225017399804209539
0.000500500500500499954, 1.034317899565773357651
0.003003003003002999941, 0.484696227853070371605
0.005505505505505999854, 0.319076992095835287877
0.008008008008007999265, 0.381929910124589155895
0.010510510510509999543, 0.204934560615714661536
0.013013013013009999685, 0.096425689634903971603
0.015515515515520000508, 0.055889931577655975470
0.018018018018019998916, 0.036999725596302136810
0.020520520520519999058, 0.026547287962388949056
0.023023023023019999200, 0.020084006502084184725
0.025525525525529998289, 0.015775581905201879057
0.028028028028029998431, 0.012744758182045668599
0.030530530530529998573, 0.010524597967100030385
0.033033033033029998715, 0.008846001843762631850
0.035535535535540001273, 0.007544127091155427255
0.038038038038039997946, 0.006513002926246109700
0.040540540540540001557, 0.005681785732813710715
0.043043043043039998230, 0.005001554622066354226
0.045545545545550000788, 0.004437591494203631422
0.048048048048049997460, 0.003964674879468822050
0.050550550550550001072, 0.003564107456198838640
0.053053053053049997745, 0.003221780494879817290
0.055555555555560000303, 0.002926879675196021342
0.058058058058059996975, 0.002670999389652264737
0.060560560560560000587, 0.002447523989799461203
0.063063063063060004199, 0.002251187503139195651
0.065565565565569999817, 0.002077755128030245833
0.068068068068070003429, 0.001923789360176682717
0.070570570570569993163, 0.001786475918690877537
0.073073073073069996775, 0.001663492567763893547
0.075575575575580006271, 0.001552909135204890139
0.078078078078079996005, 0.001453110508292316735
0.080580580580579999617, 0.001362736751219610848
0.083083083083080003228, 0.001280636118788623830
0.085585585585589998847, 0.001205827881186963052
0.088088088088090002459, 0.001137472682355230962
0.090590590590590006070, 0.001074848733432218163
0.093093093093089995804, 0.001017332562439699764
0.095595595595600005301, 0.000964383348732732876
0.098098098098099995035, 0.000915530098042586539
0.100600600600599998646, 0.000870361083566884475
0.103103103103100002258, 0.000828515106234642873
0.105605605605600005870, 0.000789674224145444801
0.108108108108099995603, 0.000753557675242956678
0.110610610610599999215, 0.000719916774312378887
0.113113113113100002827, 0.000688530609605267439
0.115615615615600006438, 0.000659202398894864522
0.118118118118099996172, 0.000631756391850133315
0.120620620620599999784, 0.000606035227004708969
0.123123123123100003395, 0.000581897668580066583
0.125625625625600007007, 0.000559216661979025490
0.128128128128100010619, 0.000537877657642154140
0.130630630630599986475, 0.000517777161727799203
0.133133133133099990086, 0.000498821479177667258
0.135635635635599993698, 0.000480925620506457679
0.138138138138099997310, 0.000464012348373006524
0.140640640640600000921, 0.000448011343861054272
0.143143143143100004533, 0.000432858475584962737
0.145645645645600008145, 0.000418495157370034115
0.148148148148100011756, 0.000404867782442251505
0.150650650650699990951, 0.000391927223881163313
0.153153153153199994563, 0.000379628392608722407
0.155655655655699998174, 0.000367929845459663563
0.158158158158200001786, 0.000356793436948725300
0.160660660660700005398, 0.000346184009251774292
0.163163163163200009009, 0.000336069115680260493
0.165665665665700012621, 0.000326418773574750675
0.168168168168199988477, 0.000317205243092731095
0.170670670670699992089, 0.000308402828834151532
0.173173173173199995700, 0.000299987701648321786
0.175675675675699999312, 0.000291937738308535057
0.178178178178200002924, 0.000284232377035057349
0.180680680680700006535, 0.000276852487100401042
0.183183183183200010147, 0.000269780250969233956
0.185685685685700013758, 0.000262999057614089966
0.188188188188199989614, 0.000256493405811614346
0.190690690690699993226, 0.000250248816366026652
0.193193193193199996838, 0.000244251752329961204
0.195695695695700000449, 0.000238489546400434053
0.198198198198200004061, 0.000232950334761602876
0.200700700700700007673, 0.000227622996728157987
0.203203203203200011284, 0.000222497099615143141
0.205705705705699987140, 0.000217562848323197498
0.208208208208199990752, 0.000212811039183751491
0.210710710710699994364, 0.000208233017657619829
0.213213213213199997975, 0.000203820639523593326
0.215715715715700001587, 0.000199566235231732401
0.218218218218200005198, 0.000195462577129801475
0.220720720720700008810, 0.000191502849301160755
0.223223223223200012422, 0.000187680619778948316
0.225725725725699988278, 0.000183989814924956688
0.228228228228199991889, 0.000180424695782568082
0.230730730730699995501, 0.000176979836231803516
0.233233233233199999113, 0.000173650102791211895
0.235735735735700002724, 0.000170430635926214932
0.238238238238200006336, 0.000167316832736856151
0.240740740740700009948, 0.000164304330909824381
0.243243243243200013559, 0.000161388993830329061
0.245745745745699989415, 0.000158566896759011218
0.248248248248199993027, 0.000155834313987702116
0.250750750750799999977, 0.000153187706895619509
0.253253253253300003589, 0.000150623712834581900
0.255755755755800007201, 0.000148139134778136825
0.258258258258300010812, 0.000145730931675197361
0.260760760760800014424, 0.000143396209453926270
0.263263263263300018036, 0.000141132212626268023
0.265765765765800021647, 0.000138936316447744757
0.268268268268300025259, 0.000136806019590956628
0.270770770770799973359, 0.000134738937294692161
0.273273273273299976971, 0.000132732794953707776
0.275775775775799980583, 0.000130785422117095715
0.278278278278299984194, 0.000128894746865765173
0.280780780780799987806, 0.000127058790541932550
0.283283283283299991417, 0.000125275662805679803
0.285785785785799995029, 0.000123543556995609377
0.288288288288299998641, 0.000121860745772425831
0.290790790790800002252, 0.000120225577025918537
0.293293293293300005864, 0.000118636470027323073
0.295795795795800009476, 0.000117091911810416011
0.298298298298300013087, 0.000115590453765957978
0.300800800800800016699, 0.000114130708435255507
0.303303303303300020310, 0.000112711346489670355
0.305805805805800023922, 0.000111331093883881323
0.308308308308300027534, 0.000109988729171592482
0.310810810810799975634, 0.000108683080973207444
0.313313313313299979246, 0.000107413025585742275
0.315815815815799982857, 0.000106177484725946647
0.318318318318299986469, 0.000104975423398242848
0.320820820820799990081, 0.000103805847879683984
0.323323323323299993692, 0.000102667803814675978
0.325825825825799997304, 0.000101560374412713354
0.328328328328300000916, 0.000100482678742840149
0.330830830830800004527, 0.000099433870118979874
0.333333333333300008139, 0.000098413134570672864
0.335835835835800011751, 0.000097419689394127868
0.338338338338300015362, 0.000096452781778835140
0.340840840840800018974, 0.000095511687505302580
0.343343343343300022585, 0.000094595709709768992
0.345845845845800026197, 0.000093704177712018992
0.348348348348299974298, 0.000092836445902676846
0.350850850850900009004, 0.000091991892686588326
0.353353353353400012615, 0.000091169919479116781
0.355855855855900016227, 0.000090369949752383186
0.358358358358400019839, 0.000089591428128664292
0.360860860860900023450, 0.000088833819518340540
0.363363363363400027062, 0.000088096608299945427
0.365865865865899975162, 0.000087379297540021394
0.368368368368399978774, 0.000086681408250626412
0.370870870870899982386, 0.000086002478682468888
0.373373373373399985997, 0.000085342063651769453
0.375875875875899989609, 0.000084699733899063859
0.378378378378399993220, 0.000084075075478268313
0.380880880880899996832, 0.000083467689174426829
0.383383383383400000444, 0.000082877189948656684
0.385885885885900004055, 0.000082303206408890944
0.388388388388400007667, 0.000081745380305104205
0.390890890890900011279, 0.000081203366047778882
0.393393393393400014890, 0.000080676830248445187
0.395895895895900018502, 0.000080165451281192363
0.398398398398400022113, 0.000079668918864113239
0.400900900900900025725, 0.000079186933659701781
0.403403403403399973826, 0.000078719206893280831
0.405905905905899977437, 0.000078265459988586389
0.408408408408399981049, 0.000077825424219686053
0.410910910910899984660, 0.000077398840378453614
0.413413413413399988272, 0.000076985458456864847
0.415915915915899991884, 0.000076585037343422082
0.418418418418399995495, 0.000076197344533049553
0.420920920920899999107, 0.000075822155849841123
0.423423423423400002719, 0.000075459255182073399
0.425925925925900006330, 0.000075108434228930075
0.428428428428400009942, 0.000074769492258412460
0.430930930930900013553, 0.000074442235875940717
0.433433433433400017165, 0.000074126478803175698
0.435935935935900020777, 0.000073822041666617109
0.438438438438400024388, 0.000073528751795556992
0.440940940940899972489, 0.000073246443028991039
0.443443443443399976100, 0.000072974955531109623
0.445945945945899979712, 0.000072714135615012271
0.448448448448399983324, 0.000072463835574307201
0.450950950951000018030, 0.000072223913522275583
0.453453453453500021642, 0.000071994233238297954
0.455955955956000025253, 0.000071774664021254832
0.458458458458499973354, 0.000071565080549630710
0.460960960960999976965, 0.000071365362748063160
0.463463463463499980577, 0.000071175395660094147
0.465965965965999984189, 0.000070995069326892690
0.468468468468499987800, 0.000070824278671730519
0.470970970970999991412, 0.000070662923390004876
0.473473473473499995023, 0.000070510907844612868
0.475975975975999998635, 0.000070368140966492969
0.478478478478500002247, 0.000070234536160159665
0.480980980981000005858, 0.000070110011214066152
0.483483483483500009470, 0.000069994488215640503
0.485985985986000013082, 0.000069887893470848092
0.488488488488500016693, 0.000069790157428142863
0.490990990991000020305, 0.000069701214606677388
0.493493493493500023916, 0.000069621003528649408
0.495995995996000027528, 0.000069549466655670778
0.498498498498499975629, 0.000069486550329050727
0.501001001000999979240, 0.000069432204713893239
0.503503503503500038363, 0.000069386383746914429
0.506006006005999986463, 0.000069349045087892448
0.508508508508500045586, 0.000069320150074668425
0.511011011010999993687, 0.000069299663681622885
0.513513513513500052809, 0.000069287554481558571
0.516016016016000000910, 0.000069283794610924579
0.518518518518499949010, 0.000069288359738324244
0.521021021021000008133, 0.000069301229036252874
0.523523523523499956234, 0.000069322385156016955
0.526026026026000015356, 0.000069351814205792571
0.528528528528499963457, 0.000069389505731783731
0.531031031031000022580, 0.000069435452702448216
0.533533533533499970680, 0.000069489651495761742
0.536036036036000029803, 0.000069552101889496502
0.538538538538499977903, 0.000069622807054495450
0.541041041041000037026, 0.000069701773550926604
0.543543543543499985127, 0.000069789011327508029
0.546046046046000044250, 0.000069884533723697112
0.548548548548499992350, 0.000069988357474843314
0.551051051051099971545, 0.000070100502720307517
0.553553553553600030668, 0.000070220993014555500
0.556056056056099978768, 0.000070349855341238091
0.558558558558600037891, 0.000070487120130273978
0.561061061061099985992, 0.000070632821277957450
0.563563563563600045114, 0.000070786996170115726
0.566066066066099993215, 0.000070949685708347282
0.568568568568600052338, 0.000071120934339375478
0.571071071071100000438, 0.000071300790087558066
0.573573573573599948539, 0.000071489304590596959
0.576076076076100007661, 0.000071686533138497926
0.578578578578599955762, 0.000071892534715835407
0.581081081081100014885, 0.000072107372047381827
0.583583583583599962985, 0.000072331111647167337
0.586086086086100022108, 0.000072563823871040227
0.588588588588599970208, 0.000072805582972804787
0.591091091091100029331, 0.000073056467164018488
0.593593593593599977432, 0.000073316558677537108
0.596096096096100036554, 0.000073585943834901817
0.598598598598599984655, 0.000073864713117669295
0.601101101101100043778, 0.000074152961242792250
0.603603603603599991878, 0.000074450787242164870
0.606106106106100051001, 0.000074758294546454763
0.608608608608599999101, 0.000075075591073350335
0.611111111111099947202, 0.000075402789320360762
0.613613613613600006325, 0.000075740006462313191
0.616116116116099954425, 0.000076087364453701151
0.618618618618600013548, 0.000076444990136045936
0.621121121121099961648, 0.000076813015350443110
0.623623623623600020771, 0.000077191577055475168
0.626126126126099968872, 0.000077580817450681987
0.628628628628600027994, 0.000077980884105791068
0.631131131131099976095, 0.000078391930095921046
0.633633633633600035218, 0.000078814114142983525
0.636136136136099983318, 0.000079247600763520428
0.638638638638600042441, 0.000079692560423227433
0.641141141141099990541, 0.000080149169698427410
0.643643643643600049664, 0.000080617611444771934
0.646146146146099997765, 0.000081098074973464735
0.648648648648599945865, 0.000081590756235315698
0.651151151151200036082, 0.000082095858012952319
0.653653653653699984183, 0.000082613590121531803
0.656156156156200043306, 0.000083144169618316045
0.658658658658699991406, 0.000083687821021492410
0.661161161161200050529, 0.000084244776538642499
0.663663663663699998629, 0.000084815276305283822
0.666166166166199946730, 0.000085399568633932990
0.668668668668700005853, 0.000085997910274162806
0.671171171171199953953, 0.000086610566684151928
0.673673673673700013076, 0.000087237812314253357
0.676176176176199961176, 0.000087879930903137442
0.678678678678700020299, 0.000088537215787095450
0.681181181181199968400, 0.000089209970223122416
0.683683683683700027522, 0.000089898507726433906
0.686186186186199975623, 0.000090603152423106214
0.688688688688700034746, 0.000091324239418570576
0.691191191191199982846, 0.000092062115182731639
0.693693693693700041969, 0.000092817137952526480
0.696196196196199990069, 0.000093589678152785271
0.698698698698700049192, 0.000094380118836305855
0.701201201201199997293, 0.000095188856144107632
0.703703703703699945393, 0.000096016299786884292
0.706206206206200004516, 0.000096862873548738413
0.708708708708699952616, 0.000097729015814341602
0.711211211211200011739, 0.000098615180120733680
0.713713713713699959840, 0.000099521835735046188
0.716216216216200018962, 0.000100449468259513331
0.718718718718699967063, 0.000101398580265214724
0.721221221221200026186, 0.000102369691956084779
0.723723723723699974286, 0.000103363341864813970
0.726226226226200033409, 0.000104380087582371097
0.728728728728699981509, 0.000105420506522980125
0.731231231231200040632, 0.000106485196726501782
0.733733733733699988733, 0.000107574777700291343
0.736236236236200047856, 0.000108689891302735992
0.738738738738699995956, 0.000109831202670815744
0.741241241241200055079, 0.000110999401194180984
0.743743743743700003179, 0.000112195201538403092
0.746246246246199951280, 0.000113419344720225787
0.748748748748700010403, 0.000114672599237830732
0.751251251251299989597, 0.000115955762259330062
0.753753753753800048720, 0.000117269660872912349
0.756256256256299996821, 0.000118615153402297418
0.758758758758799944921, 0.000119993130791403032
0.761261261261300004044, 0.000121404518062391019
0.763763763763799952144, 0.000122850275851546823
0.766266266266300011267, 0.000124331402027753006
0.768768768768799959368, 0.000125848933398648837
0.771271271271300018491, 0.000127403947509925717
0.773773773773799966591, 0.000128997564543591154
0.776276276276300025714, 0.000130630949321452084
0.778778778778799973814, 0.000132305313420514356
0.781281281281300032937, 0.000134021917407481616
0.783783783783799981038, 0.000135782073200058410
0.786286286286300040160, 0.000137587146563332159
0.788788788788799988261, 0.000139438559750117434
0.791291291291300047384, 0.000141337794294814524
0.793793793793799995484, 0.000143286393971050400
0.796296296296300054607, 0.000145285967924152466
0.798798798798800002707, 0.000147338193990352161
0.801301301301299950808, 0.000149444822215533953
0.803803803803800009931, 0.000151607678587345875
0.806306306306299958031, 0.000153828668995573760
0.808808808808800017154, 0.000156109783436862671
0.811311311311299965254, 0.000158453100481158139
0.813813813813800024377, 0.000160860792018641672
0.816316316316299972478, 0.000163335128307465043
0.818818818818800031600, 0.000165878483344258199
0.821321321321299979701, 0.000168493340581208555
0.823823823823800038824, 0.000171182299015504308
0.826326326326299986924, 0.000173948079679113075
0.828828828828800046047, 0.000176793532559257476
0.831331331331299994147, 0.000179721643982562869
0.833833833833800053270, 0.000182735544498723458
0.836336336336300001371, 0.000185838517302681585
0.838838838838799949471, 0.000189034007237773863
0.841341341341300008594, 0.000192325630426106310
0.843843843843799956694, 0.000195717184576597099
0.846346346346300015817, 0.000199212660025751897
0.848848848848799963918, 0.000202816251571310852
0.851351351351400054135, 0.000206532371164521014
0.853853853853900002235, 0.000210365661532998258
0.856356356356399950336, 0.000214321010812981190
0.858858858858900009459, 0.000218403568277392743
0.861361361361399957559, 0.000222618761254521743
0.863863863863900016682, 0.000226972313341474357
0.866366366366399964782, 0.000231470264026917305
0.868868868868900023905, 0.000236118989849138804
0.871371371371399972006, 0.000240925227228305143
0.873873873873900031128, 0.000245896097126062894
0.876376376376399979229, 0.000251039131701592225
0.878878878878900038352, 0.000256362303151037689
0.881381381381399986452, 0.000261874054937143912
0.883883883883900045575, 0.000267583335638261273
0.886386386386399993675, 0.000273499635670885035
0.888888888888900052798, 0.000279633027167982651
0.891391391391400000899, 0.000285994207326960423
0.893893893893899948999, 0.000292594545576644813
0.896396396396400008122, 0.000299446134952781350
0.898898898898899956222, 0.000306561848116789642
0.901401401401400015345, 0.000313955398503710213
0.903903903903899963446, 0.000321641407143264692
0.906406406406400022568, 0.000329635475763674711
0.908908908908899970669, 0.000337954266862641425
0.911411411411400029792, 0.000346615591514882419
0.913913913913899977892, 0.000355638505782555350
0.916416416416400037015, 0.000365043416705605956
0.918918918918899985115, 0.000374852198975655730
0.921421421421400044238, 0.000385088323542221995
0.923923923923899992339, 0.000395776999566664980
0.926426426426400051461, 0.000406945331330979608
0.928928928928899999562, 0.000418622491929588161
0.931431431431399947662, 0.000430839915827530972
0.933933933933900006785, 0.000443631512664059582
0.936436436436399954886, 0.000457033905023436211
0.938938938938900014008, 0.000471086693293415199
0.941441441441399962109, 0.000485832751196489622
0.943943943943900021232, 0.000501318556121653773
0.946446446446399969332, 0.000517594559020086750
0.948948948948900028455, 0.000534715599374282796
0.951451451451500007650, 0.000552741371628521182
0.953953953953999955750, 0.000571736950505329381
0.956456456456500014873, 0.000591773383859587861
0.958958958958999962974, 0.000612928363178621614
0.961461461461500022097, 0.000635286983570794027
0.963963963963999970197, 0.000658942607156319722
0.966466466466500029320, 0.000683997846255683683
0.968968968968999977420, 0.000710565685754182088
0.971471471471500036543, 0.000738770767619976510
0.973973973973999984644, 0.000768750864909745831
0.976476476476500043766, 0.000800658577890324993
0.978978978978999991867, 0.000834663291363255165
0.981481481481500050990, 0.000870953440189568546
0.983983983983999999090, 0.000909739139742242638
0.986486486486499947191, 0.000951255250033922846
0.988988988989000006313, 0.000995764957185475523
0.991491491491499954414, 0.001043563974503661099
0.993993993994000013537, 0.001094985488749593457
0.996496496496499961637, 0.001150406006550461430
0.998998998999000020760, 0.001210252293110888411
1.001501501501999902288, 0.001275009642778725987
1.004004004003999916961, 0.001345231781770296836
1.006506506507000020534, 0.001421552781718569622
1.009009009009000035206, 0.001504701464453609902
1.011511511511999916735, 0.001595518911468979265
1.014014014013999931407, 0.001694979866793675785
1.016516516517000034980, 0.001804219054690567965
1.019019019019000049653, 0.001924563745135253424
1.021521521521999931181, 0.002057574320783964010
1.024024024023999945854, 0.002205095172742581756
1.026526526527000049427, 0.002369319042245496103
1.029029029029000064099, 0.002552869024423122524
1.031531531531999945628, 0.002758903997231861808
1.034034034033999960300, 0.002991255442421401119
1.036536536537000063873, 0.003254606806319840489
1.039039039039000078546, 0.003554731204424559522
1.041541541541999960074, 0.003898810193769187710
1.044044044043999974747, 0.004295866791916930216
1.046546546547000078320, 0.004757362001812228541
1.049049049049000092992, 0.005298029321681266800
1.051551551551999974521, 0.005937062127658420188
1.054054054053999989193, 0.006699835101440984424
1.056556556557000092766, 0.007620452470536344045
1.059059059059000107439, 0.008745609218790544384
1.061561561561999988967, 0.010140597577118512160
1.064064064064000003640, 0.011898933668064047217
1.066566566567000107213, 0.014158322298201445402
1.069069069068999899841, 0.017128199362626415209
1.071571571572000003414, 0.021139493164365925904
1.074074074074000018086, 0.026739582370940023076
1.076576576576999899615, 0.034885816435206253028
1.079079079078999914287, 0.047372940537023691676
1.081581581582000017860, 0.067876807825421964226
1.084084084084000032533, 0.104850000381955965612
1.086586586586999914061, 0.180981921689475327986
1.089089089088999928734, 0.370660306796453342670
1.091591591592000032307, 0.947098253785672250515
1.094094094094000046979, 1.666900011462824293673
1.096596596596999928508, 0.751748423797303000349
1.099099099098999943180, 0.308022791527292449931
1.101601601602000046753, 0.157530506537401443490
1.104104104104000061426, 0.094043997128477122005
1.106606606606999942954, 0.062109149974378219383
1.109109109108999957627, 0.043960630611151553515
1.111611611612000061200, 0.032710675827797852655
1.114114114114000075872, 0.025273435979002358692
1.116616616616999957401, 0.020107901174233916430
1.119119119118999972073, 0.016377544203481413099
1.121621621622000075646, 0.013597344271959488707
1.124124124124000090319, 0.011470719927792031451
1.126626626626999971847, 0.009808194245636423642
1.129129129128999986520, 0.008484192115340436630
1.131631631632000090093, 0.007412854777053577704
1.134134134134000104766, 0.006533884607053865728
1.136636636636999986294, 0.005803938210441620532
1.139139139139000000966, 0.005191217096161515089
1.141641641642000104540, 0.004671968126363669829
1.144144144143999897167, 0.004228160896927150511
1.146646646647000000740, 0.003845910818712286895
1.149149149149000015413, 0.003514386497958210242
1.151651651651999896941, 0.003225038699074860449
1.154154154153999911614, 0.002971047157122990064
1.156656656657000015187, 0.002746917668794348222
1.159159159159000029859, 0.002548184575930925559
1.161661661661999911388, 0.002371188287530415911
1.164164164163999926060, 0.002212906974761709444
1.166666666667000029634, 0.002070827878617590486
1.169169169169000044306, 0.001942847927701045040
1.171671671671999925834, 0.001827196282188859417
1.174174174173999940507, 0.001722373448359253503
1.176676676677000044080, 0.001627103035953533089
1.179179179179000058753, 0.001540293247926204177
1.181681681681999940281, 0.001461005925052177683
1.184184184183999954953, 0.001388431501467191857
1.186686686687000058527, 0.001321868619577117173
1.189189189189000073199, 0.001260707443983312371
1.191691691691999954728, 0.001204415932146082023
1.194194194193999969400, 0.001152528484226167512
1.196696696697000072973, 0.001104636520015995311
1.199199199199000087646, 0.001060380627272147509
1.201701701701999969174, 0.001019444000501361098
1.204204204203999983847, 0.000981546947802469563
1.206706706707000087420, 0.000946442289821851227
1.209209209209000102092, 0.000913911512372723566
1.211711711711999983621, 0.000883761565276768805
1.214214214213999998293, 0.000855822226574267167
1.216716716717000101866, 0.000829943975281671915
1.219219219218999894494, 0.000805996339240409865
1.221721721721999998067, 0.000783866709472186003
1.224224224224000012740, 0.000763459641675839928
1.226726726726999894268, 0.000744696703169999753
1.229229229228999908941, 0.000727516976063639518
1.231731731732000012514, 0.000711878405098208874
1.234234234234000027186, 0.000697760299048134306
1.236736736736999908715, 0.000685167488662781444
1.239239239238999923387, 0.000674136967820418518
1.241741741742000026960, 0.000664748402657577364
1.244244244244000041633, 0.000657140889578992460
1.246746746746999923161, 0.000651540189090671872
1.249249249248999937834, 0.000648304229621541554
1.251751751752000041407, 0.000648001903956747392
1.254254254254000056079, 0.000651555651748104980
1.256756756756999937608, 0.000660513615689512987
1.259259259258999952280, 0.000677603991916359959
1.261761761762000055853, 0.000707958095902787949
1.264264264264000070526, 0.000762092276552756628
1.266766766766999952054, 0.000864163609025038883
1.269269269268999966727, 0.001078869718187635759
1.271771771772000070300, 0.001617684593303932335
1.274274274274000084972, 0.003259218472347480931
1.276776776776999966501, 0.005398492542648340720
1.279279279278999981173, 0.002763675221236612089
1.281781781782000084746, 0.001456851360725823670
1.284284284284000099419, 0.001015913688902803959
1.286786786786999980947, 0.000832053458268310802
1.289289289288999995620, 0.000741670478088433472
1.291791791792000099193, 0.000692536018344948713
1.294294294293999891821, 0.000664472414607728511
1.296796796796999995394, 0.000648480012295525707
1.299299299299000010066, 0.000640096195669546801
1.301801801801999891595, 0.000636928158233565937
1.304304304303999906267, 0.000637618662284186320
1.306806806807000009840, 0.000641369339898862885
1.309309309309000024513, 0.000647703721337000889
1.311811811811999906041, 0.000656342087849842932
1.314314314313999920714, 0.000667132156481339790
1.316816816817000024287, 0.000680009318660517001
1.319319319319000038959, 0.000694973364089584316
1.321821821821999920488, 0.000712074871685802356
1.324324324323999935160, 0.000731407572010737495
1.326826826827000038733, 0.000753104624447778091
1.329329329329000053406, 0.000777337654286816039
1.331831831831999934934, 0.000804317917106315075
1.334334334333999949607, 0.000834299279639837913
1.336836836837000053180, 0.000867582922066608276
1.339339339339000067852, 0.000904523829036853015
1.341841841841999949381, 0.000945539277617304594
1.344344344343999964053, 0.000991119671624022180
1.346846846847000067626, 0.001041842231487376431
1.349349349349000082299, 0.001098388244902843286
1.351851851851999963827, 0.001161564837408753364
1.354354354353999978500, 0.001232332561833599004
1.356856856857000082073, 0.001311840570727540196
1.359359359359000096745, 0.001401471783796794882
1.361861861861999978274, 0.001502901378411129101
1.364364364363999992946, 0.001618173245098112039
1.366866866867000096519, 0.001749800961803143562
1.369369369368999889147, 0.001900902665307488675
1.371871871871999992720, 0.002075383439391623435
1.374374374374000007393, 0.002278185319641832379
1.376876876877000110966, 0.002515635105832077483
1.379379379378999903594, 0.002795936215132044725
1.381881881882000007167, 0.003129876899195846007
1.384384384384000021839, 0.003531870656106574774
1.386886886886999903368, 0.004021519270446442459
1.389389389388999918040, 0.004626020869450269378
1.391891891892000021613, 0.005383987068253129511
1.394394394394000036286, 0.006351693768114545328
1.396896896896999917814, 0.007613707987825357043
1.399399399398999932487, 0.009301759846457365727
1.401901901902000036060, 0.011630025368083551918
1.404404404404000050732, 0.014965273722735029233
1.406906906906999932261, 0.019977153023496375950
1.409409409408999946933, 0.027991402648965227340
1.411911911912000050506, 0.041923042215589900739
1.414414414414000065179, 0.069140805774405733608
1.416916916916999946707, 0.132062237851779118447
1.419419419418999961380, 0.313276955959680691866
1.421921921922000064953, 0.751743646688589062244
1.424424424424000079625, 0.502568737984405711217
1.426926926926999961154, 0.193434088925637903689
1.429429429428999975826, 0.092035333592127316349
1.431931931932000079399, 0.052441991242247472382
1.434434434434000094072, 0.033592726445079018616
1.436936936936999975600, 0.023282761906028931476
1.439439439438999990273, 0.017065553895455748412
1.441941941942000093846, 0.013039300268815234157
1.444444444444000108518, 0.010287013367056481797
1.446946946946999990047, 0.008324278425314548396
1.449449449449000004719, 0.006876248898741275581
1.451951951952000108292, 0.005777796165208419835
1.454454454453999900920, 0.004924953229970960820
1.456956956957000004493, 0.004249657539041324164
1.459459459459000019166, 0.003705857958317142556
1.461961961961999900694, 0.003261504157971013146
1.464464464463999915367, 0.002893738146487706813
1.466966966967000018940, 0.002585905863826946927
1.469469469469000033612, 0.002325642747240085073
1.471971971971999915141, 0.002103614140324857381
1.474474474473999929813, 0.001912666707368899065
1.476976976977000033386, 0.001747244533672255703
1.479479479479000048059, 0.001602979653405103063
1.481981981981999929587, 0.001476399932730739634
1.484484484483999944260, 0.001364717405268831615
1.486986986987000047833, 0.001265672710406888068
1.489489489489000062505, 0.001177419268972079063
1.491991991991999944034, 0.001098436009744508529
1.494494494493999958706, 0.001027460880961779443
1.496996996997000062279, 0.000963439678130788464
1.499499499499000076952, 0.000905486285957538082
1.502002002001999958480, 0.000852851515697345677
1.504504504505000062053, 0.000804898478574593112
1.507007007007000076726, 0.000761082974657667998
1.509509509509999958254, 0.000720937763190303434
1.512012012011999972927, 0.000684059860811584005
1.514514514515000076500, 0.000650100219556946435
1.517017017017000091172, 0.000618755288488476943
1.519519519519999972701, 0.000589760076187528879
1.522022022021999987373, 0.000562882416657498877
1.524524524525000090946, 0.000537918205885818020
1.527027027027000105619, 0.000514687425750925834
1.529529529529999987147, 0.000493030810001038127
1.532032032032000001820, 0.000472807036500459557
1.534534534535000105393, 0.000453890352914241863
1.537037037036999898021, 0.000436168561022199307
1.539539539540000001594, 0.000419541299069710186
1.542042042042000016266, 0.000403918572839907309
1.544544544544999897795, 0.000389219495124418029
1.547047047046999912467, 0.000375371200477181942
1.549549549550000016040, 0.000362307907939636153
1.552052052052000030713, 0.000349970109121064518
1.554554554554999912241, 0.000338303862833384036
1.557057057056999926914, 0.000327260180593016026
1.559559559560000030487, 0.000316794489853659605
1.562062062062000045159, 0.000306866163931982341
1.564564564564999926688, 0.000297438109320734127
1.567067067066999941360, 0.000288476402519342911
1.569569569570000044934, 0.000279949969705598899
1.572072072072000059606, 0.000271830303567988758
1.574574574574999941134, 0.000264091212451646380
1.577077077076999955807, 0.000256708597670728578
1.579579579580000059380, 0.000249660255429367509
1.582082082082000074053, 0.000242925700291007755
1.584584584584999955581, 0.000236486007557575061
1.587087087086999970253, 0.000230323672277861307
1.589589589590000073827, 0.000224422482909368418
1.592092092092000088499, 0.000218767407918110505
1.594594594594999970028, 0.000213344493823504030
1.597097097096999984700, 0.000208140773386590767
1.599599599600000088273, 0.000203144182804026818
1.602102102102000102946, 0.000198343486911843440
1.604604604604999984474, 0.000193728211525240546
1.607107107106999999147, 0.000189288582146425217
1.609609609610000102720, 0.000185015468364319242
1.612112112111999895347, 0.000180900333349644986
1.614614614614999998921, 0.000176935187918341125
1.617117117117000013593, 0.000173112548696814660
1.619619619619999895122, 0.000169425399975457064
1.622122122121999909794, 0.000165867158883192508
1.624624624625000013367, 0.000162431643556458819
1.627127127127000028040, 0.000159113044011729488
1.629629629629999909568, 0.000155905895462098263
1.632132132131999924241, 0.000152805053846142116
1.634634634635000027814, 0.000149805673361722859
1.637137137137000042486, 0.000146903185819004050
1.639639639639999924015, 0.000144093281646096938
1.642142142141999938687, 0.000141371892397724048
1.644644644645000042260, 0.000138735174632359211
1.647147147147000056933, 0.000136179495036707697
1.649649649649999938461, 0.000133701416688326163
1.652152152151999953134, 0.000131297686357824959
1.654654654655000056707, 0.000128965222761597697
1.657157157157000071379, 0.000126701105684520656
1.659659659659999952908, 0.000124502565899664743
1.662162162161999967580, 0.000122366975818882052
1.664664664665000071153, 0.000120291840814240245
1.667167167167000085826, 0.000118274791155772812
1.669669669669999967354, 0.000116313574515951857
1.672172172171999982027, 0.000114406048995738051
1.674674674675000085600, 0.000112550176631071150
1.677177177177000100272, 0.000110744017342281198
1.679679679679999981801, 0.000108985723292166030
1.682182182181999996473, 0.000107273533621437552
1.684684684685000100046, 0.000105605769532908820
1.687187187186999892674, 0.000103980829698218784
1.689689689689999996247, 0.000102397185963086512
1.692192192192000010920, 0.000100853379329080169
1.694694694694999892448, 0.000099348016191698371
1.697197197196999907121, 0.000097879764816207127
1.699699699700000010694, 0.000096447352034175919
1.702202202202000025366, 0.000095049560145022343
1.704704704704999906895, 0.000093685224008118243
1.707207207206999921567, 0.000092353228312149299
1.709709709710000025140, 0.000091052505009455554
1.712212212212000039813, 0.000089782030904030015
1.714714714714999921341, 0.000088540825382720791
1.717217217216999936014, 0.000087327948279975566
1.719719719720000039587, 0.000086142497867195837
1.722222222222000054259, 0.000084983608958436122
1.724724724724999935788, 0.000083850451124794955
1.727227227226999950460, 0.000082742227010407639
1.729729729730000054033, 0.000081658170743467348
1.732232232232000068706, 0.000080597546436176243
1.734734734734999950234, 0.000079559646767966131
1.737237237236999964907, 0.000078543791646730357
1.739739739740000068480, 0.000077549326943180400
1.742242242242000083152, 0.000076575623293782558
1.744744744744999964681, 0.000075622074968045757
1.747247247246999979353, 0.000074688098796223685
1.749749749750000082926, 0.000073773133153763257
1.752252252252000097599, 0.000072876636999080719
1.754754754754999979127, 0.000071998088961477193
1.757257257256999993800, 0.000071136986476218574
1.759759759760000097373, 0.000070292844964002139
1.762262262261999890001, 0.000069465197052215528
1.764764764764999993574, 0.000068653591835563042
1.767267267267000008246, 0.000067857594173792237
1.769769769769999889775, 0.000067076784024399283
1.772272272271999904447, 0.000066310755808327904
1.774774774775000008020, 0.000065559117806802494
1.777277277277000022693, 0.000064821491587553563
1.779779779779999904221, 0.000064097511458802644
1.782282282281999918894, 0.000063386823949475264
1.784784784785000022467, 0.000062689087314205585
1.787287287287000037139, 0.000062003971061784106
1.789789789789999918668, 0.000061331155505781916
1.792292292291999933340, 0.000060670331336161931
1.794794794795000036913, 0.000060021199210759054
1.797297297297000051586, 0.000059383469365577475
1.799799799799999933114, 0.000058756861242916222
1.802302302301999947787, 0.000058141103136392111
1.804804804805000051360, 0.000057535931851983696
1.807307307307000066032, 0.000056941092384270843
1.809809809809999947561, 0.000056356337607092090
1.812312312311999962233, 0.000055781427977886793
1.814814814815000065806, 0.000055216131255030656
1.817317317317000080479, 0.000054660222227512578
1.819819819819999962007, 0.000054113482456337137
1.822322322321999976680, 0.000053575700027072077
1.824824824825000080253, 0.000053046669312991539
1.827327327327000094925, 0.000052526190748297154
1.829829829829999976454, 0.000052014070610926591
1.832332332331999991126, 0.000051510120814486514
1.834834834835000094699, 0.000051014158708871738
1.837337337337000109372, 0.000050526006889156194
1.839839839839999990900, 0.000050045493012363179
1.842342342342000005573, 0.000049572449621743509
1.844844844845000109146, 0.000049106713978209996
1.847347347346999901774, 0.000048648127898594519
1.849849849850000005347, 0.000048196537600412359
1.852352352352000020019, 0.000047751793552833895
1.854854854854999901548, 0.000047313750333580010
1.857357357356999916220, 0.000046882266491471606
1.859859859860000019793, 0.000046457204414377724
1.862362362362000034466, 0.000046038430202319632
1.864864864864999915994, 0.000045625813545500380
1.867367367366999930667, 0.000045219227607041059
1.869869869870000034240, 0.000044818548910215922
1.872372372372000048912, 0.000044423657229988570
1.874874874874999930441, 0.000044034435488661577
1.877377377376999945113, 0.000043650769655460828
1.879879879880000048686, 0.000043272548649884722
1.882382382382000063359, 0.000042899664248656381
1.884884884884999944887, 0.000042532010996125362
1.887387387386999959560, 0.000042169486117972037
1.889889889890000063133, 0.000041811989438075414
1.892392392392000077805, 0.000041459423298411457
1.894894894894999959334, 0.000041111692481855129
1.897397397396999974006, 0.000040768704137765930
1.899899899900000077579, 0.000040430367710241553
1.902402402402000092252, 0.000040096594868930147
1.904904904904999973780, 0.000039767299442296643
1.907407407406999988453, 0.000039442397353243177
1.909909909910000092026, 0.000039121806556988658
1.912412412412000106698, 0.000038805446981116310
1.914914914914999988227, 0.000038493240467702695
1.917417417417000002899, 0.000038185110717445087
1.919919919920000106472, 0.000037880983235708194
1.922422422421999899100, 0.000037580785280414686
1.924924924925000002673, 0.000037284445811706986
1.927427427427000017346, 0.000036991895443311471
1.929929929929999898874, 0.000036703066395539014
1.932432432431999913547, 0.000036417892449858569
1.934934934935000017120, 0.000036136308904983482
1.937437437437000031792, 0.000035858252534412728
1.939939939939999913321, 0.000035583661545371646
1.942442442441999927993, 0.000035312475539099380
1.944944944945000031566, 0.000035044635472432175
1.947447447447000046239, 0.000034780083620634088
1.949949949949999927767, 0.000034518763541428499
1.952452452451999942440, 0.000034260620040186092
1.954954954955000046013, 0.000034005599136226306
1.957457457457000060685, 0.000033753648030191615
1.959959959959999942214, 0.000033504715072455360
1.962462462461999956886, 0.000033258749732525343
1.964964964965000060459, 0.000033015702569407438
1.967467467467000075132, 0.000032775525202894335
1.969969969969999956660, 0.000032538170285746440
1.972472472471999971333, 0.000032303591476732927
1.974974974975000074906, 0.000032071743414502536
1.977477477477000089578, 0.000031842581692254651
1.979979979979999971107, 0.000031616062833182562
1.982482482481999985779, 0.000031392144266661802
1.984984984985000089353, 0.000031170784305157605
1.987487487487000104025, 0.000030951942121826607
1.989989989989999985553, 0.000030735577728788579
1.992492492492000000226, 0.000030521651956045426
1.994994994995000103799, 0.000030310126431025079
1.997497497496999896427, 0.000030100963558729042
2.000000000000000000000, 0.000029894126502463163
