# Delta1: 0.465
# Delta2: 1.17
# Delta3: 1.355
# Dq: 0.1355
# Ds: 0.04
# Dt: 0.061000000000000006
# k1_lab: [1, 0, 0]
# k2_lab: [-0.8660254037844387, 0.49999999999999994, 0.0]
# k1_cf: [-0.42261826174069933, -0.90630778703665, 0.0]
# k2_cf: [0.8191520442889917, 0.5735764363510463, 0.0]
# pol1_lab: [(0, 1, 0), (0, 0, 1)]
# pol2_lab: [array([-0.5      , -0.8660254,  0.       ]), array([0., 0., 1.])]
# pol1_cf: [array([ 0.90630779, -0.42261826,  0.        ]), array([0., 0., 1.])]
# pol2_cf: [array([-0.57357644,  0.81915204,  0.        ]), array([0., 0., 1.])]
# cf: [array([-0.42261826,  0.90630779,  0.        ]), array([-0.90630779, -0.42261826,  0.        ]), array([0., 0., 1.])]
# th: 70
-0.500000000000000000000, 0.000033630840465917262
-0.497497497497499996388, 0.000033921601762559165
-0.494994994994999992777, 0.000034216531835555425
-0.492492492492499989165, 0.000034515713746897818
-0.489989989989999985553, 0.000034819232665970400
-0.487487487487499981942, 0.000035127175934371934
-0.484984984984999978330, 0.000035439633133081509
-0.482482482482499974719, 0.000035756696152064639
-0.479979979980000026618, 0.000036078459262421918
-0.477477477477500023006, 0.000036405019191186937
-0.474974974975000019395, 0.000036736475198885343
-0.472472472472500015783, 0.000037072929159972196
-0.469969969970000012172, 0.000037414485646270721
-0.467467467467500008560, 0.000037761252013540739
-0.464964964965000004948, 0.000038113338491312297
-0.462462462462500001337, 0.000038470858276125758
-0.459959959959999997725, 0.000038833927628327151
-0.457457457457499994113, 0.000039202665972574344
-0.454954954954999990502, 0.000039577196002218163
-0.452452452452499986890, 0.000039957643787729700
-0.449949949949900007695, 0.000040344138889354619
-0.447447447447400004084, 0.000040736814474183773
-0.444944944944900000472, 0.000041135807437839312
-0.442442442442399996860, 0.000041541258530985581
-0.439939939939899993249, 0.000041953312490884788
-0.437437437437399989637, 0.000042372118178228881
-0.434934934934899986025, 0.000042797828719491004
-0.432432432432399982414, 0.000043230601655052606
-0.429929929929899978802, 0.000043670599093375827
-0.427427427427399975191, 0.000044117987871504831
-0.424924924924900027090, 0.000044572939722195180
-0.422422422422400023478, 0.000045035631447985769
-0.419919919919900019867, 0.000045506245102545472
-0.417417417417400016255, 0.000045984968179643959
-0.414914914914900012644, 0.000046471993810115496
-0.412412412412400009032, 0.000046967520967204773
-0.409909909909900005420, 0.000047471754680705278
-0.407407407407400001809, 0.000047984906260322727
-0.404904904904899998197, 0.000048507193528721777
-0.402402402402399994585, 0.000049038841064738126
-0.399899899899899990974, 0.000049580080457266883
-0.397397397397399987362, 0.000050131150570365954
-0.394894894894899983750, 0.000050692297820144789
-0.392392392392399980139, 0.000051263776464041359
-0.389889889889899976527, 0.000051845848903125064
-0.387387387387399972916, 0.000052438785998100774
-0.384884884884900024815, 0.000053042867399728403
-0.382382382382400021203, 0.000053658381894414868
-0.379879879879900017592, 0.000054285627765780649
-0.377377377377400013980, 0.000054924913173050182
-0.374874874874900010369, 0.000055576556547167731
-0.372372372372400006757, 0.000056240887005593944
-0.369869869869900003145, 0.000056918244786797826
-0.367367367367399999534, 0.000057608981705519544
-0.364864864864899995922, 0.000058313461629948652
-0.362362362362399992310, 0.000059032060982030637
-0.359859859859899988699, 0.000059765169262193421
-0.357357357357399985087, 0.000060513189599865635
-0.354854854854899981476, 0.000061276539331246439
-0.352352352352399977864, 0.000062055650605880058
-0.349849849849799998669, 0.000062850971023688170
-0.347347347347299995057, 0.000063662964304222249
-0.344844844844799991446, 0.000064492110990011336
-0.342342342342299987834, 0.000065338909186005999
-0.339839839839799984222, 0.000066203875337252175
-0.337337337337299980611, 0.000067087545047070780
-0.334834834834799976999, 0.000067990473938173257
-0.332332332332299973388, 0.000068913238559308262
-0.329829829829800025287, 0.000069856437340212361
-0.327327327327300021675, 0.000070820691597829681
-0.324824824824800018064, 0.000071806646596971193
-0.322322322322300014452, 0.000072814972668805997
-0.319819819819800010841, 0.000073846366390818913
-0.317317317317300007229, 0.000074901551832125439
-0.314814814814800003617, 0.000075981281868314757
-0.312312312312300000006, 0.000077086339570295602
-0.309809809809799996394, 0.000078217539671942538
-0.307307307307299992782, 0.000079375730121696559
-0.304804804804799989171, 0.000080561793723654866
-0.302302302302299985559, 0.000081776649874097472
-0.299799799799799981948, 0.000083021256399849625
-0.297297297297299978336, 0.000084296611505362196
-0.294794794794799974724, 0.000085603755835923187
-0.292292292292300026624, 0.000086943774664985883
-0.289789789789800023012, 0.000088317800214220097
-0.287287287287300019401, 0.000089727014115575018
-0.284784784784800015789, 0.000091172650025375445
-0.282282282282300012177, 0.000092655996401277269
-0.279779779779800008566, 0.000094178399453786324
-0.277277277277300004954, 0.000095741266284992581
-0.274774774774800001342, 0.000097346068228221263
-0.272272272272299997731, 0.000098994344403433826
-0.269769769769799994119, 0.000100687705504458693
-0.267267267267299990507, 0.000102427837835493407
-0.264764764764799986896, 0.000104216507615806925
-0.262262262262299983284, 0.000106055565573205538
-0.259759759759799979673, 0.000107946951848617584
-0.257257257257299976061, 0.000109892701236114881
-0.254754754754799972449, 0.000111894948784852749
-0.252252252252300024349, 0.000113955935791781591
-0.249749749749699989643, 0.000116078016216599389
-0.247247247247200013787, 0.000118263663553294562
-0.244744744744700010175, 0.000120515478195802638
-0.242242242242200006563, 0.000122836195338807440
-0.239739739739700002952, 0.000125228693458590072
-0.237237237237199999340, 0.000127696003423109999
-0.234734734734699995728, 0.000130241318285251605
-0.232232232232199992117, 0.000132868003818416058
-0.229729729729699988505, 0.000135579609859479334
-0.227227227227200012649, 0.000138379882530606074
-0.224724724724700009038, 0.000141272777418616690
-0.222222222222200005426, 0.000144262473798617943
-0.219719719719700001814, 0.000147353389997543425
-0.217217217217199998203, 0.000150550200003220691
-0.214714714714699994591, 0.000153857851435715634
-0.212212212212199990979, 0.000157281585010167859
-0.209709709709699987368, 0.000160826955634276689
-0.207207207207200011512, 0.000164499855299249365
-0.204704704704700007900, 0.000168306537940589844
-0.202202202202200004288, 0.000172253646464863336
-0.199699699699700000677, 0.000176348242160817873
-0.197197197197199997065, 0.000180597836738329969
-0.194694694694699993454, 0.000185010427266967458
-0.192192192192199989842, 0.000189594534318002076
-0.189689689689699986230, 0.000194359243649993587
-0.187187187187200010374, 0.000199314251819233647
-0.184684684684700006763, 0.000204469916143126026
-0.182182182182200003151, 0.000209837309497818369
-0.179679679679699999539, 0.000215428280492115494
-0.177177177177199995928, 0.000221255519629038916
-0.174674674674699992316, 0.000227332632145729030
-0.172172172172199988704, 0.000233674218313326712
-0.169669669669700012848, 0.000240295962082906359
-0.167167167167200009237, 0.000247214729083708278
-0.164664664664700005625, 0.000254448675118477074
-0.162162162162200002014, 0.000262017366460798849
-0.159659659659699998402, 0.000269941913444679972
-0.157157157157199994790, 0.000278245119051675354
-0.154654654654699991179, 0.000286951644450996119
-0.152152152152199987567, 0.000296088193739552303
-0.149649649649600008372, 0.000305683720469553002
-0.147147147147100004760, 0.000315769658950278923
-0.144644644644600001149, 0.000326380183779192035
-0.142142142142099997537, 0.000337552501609226455
-0.139639639639599993926, 0.000349327179810356950
-0.137137137137099990314, 0.000361748517454634866
-0.134634634634599986702, 0.000374864964969357927
-0.132132132132100010846, 0.000388729599893333669
-0.129629629629600007235, 0.000403400667473691220
-0.127127127127100003623, 0.000418942196401655628
-0.124624624624600000011, 0.000435424701862826278
-0.122122122122099996400, 0.000452925990342486963
-0.119619619619600006666, 0.000471532083369484802
-0.117117117117100003054, 0.000491338280716514071
-0.114614614614599999443, 0.000512450387643476795
-0.112112112112099995831, 0.000534986135755998338
-0.109609609609600006097, 0.000559076833185431711
-0.107107107107100002485, 0.000584869287377730350
-0.104604604604599998874, 0.000612528053190893626
-0.102102102102099995262, 0.000642238070742618956
-0.099599599599600005528, 0.000674207772171671457
-0.097097097097100001917, 0.000708672755031521497
-0.094594594594590006298, 0.000745900143549865433
-0.092092092092090002686, 0.000786193788960876691
-0.089589589589589999075, 0.000829900498553778508
-0.087087087087089995463, 0.000877417532685902677
-0.084584584584579999844, 0.000929201673455576295
-0.082082082082079996233, 0.000985780253053704630
-0.079579579579580006499, 0.001047764640967934835
-0.077077077077080002887, 0.001115866836894984383
-0.074574574574569993390, 0.001190920014071006556
-0.072072072072070003657, 0.001273904125155291911
-0.069569569569570000045, 0.001365978047674255283
-0.067067067067069996433, 0.001468520248861536481
-0.064564564564560000814, 0.001583180650109408151
-0.062062062062059997203, 0.001711947357979729748
-0.059559559559560000530, 0.001857233335979739707
-0.057057057057059996918, 0.002021990124831902179
-0.054554554554550001300, 0.002209858699314917047
-0.052052052052049997688, 0.002425371985021494009
-0.049549549549550001015, 0.002674230269014170411
-0.047047047047049997404, 0.002963681076128762710
-0.044544544544540001785, 0.003303051324125504205
-0.042042042042039998173, 0.003704505643016179663
-0.039539539539540001500, 0.004184147601235787758
-0.037037037037039997889, 0.004763652902524057389
-0.034534534534530002270, 0.005472749271792052249
-0.032032032032029998658, 0.006353083313281993917
-0.029529529529529998516, 0.007464434718538314611
-0.027027027027029998374, 0.008895053973870066175
-0.024524524524519999286, 0.010779561518305216458
-0.022022022022019999143, 0.013331424302651169456
-0.019519519519519999001, 0.016905245193234202244
-0.017017017017019998859, 0.022124490293584857942
-0.014514514514509999771, 0.030165752668830512345
-0.012012012012009999629, 0.043459576323033669021
-0.009509509509509999486, 0.067658847681589806555
-0.007007007007007000007, 0.118170410655801499944
-0.004504504504504999729, 0.246413506484953859221
-0.002002002002001999816, 0.637514637588211030561
0.000500500500500499954, 1.006008522491077972205
0.003003003003002999941, 0.428328894077632527093
0.005505505505505999854, 0.178885836907619166780
0.008008008008007999265, 0.092938866721877219645
0.010510510510509999543, 0.056046855985726437566
0.013013013013009999685, 0.037263694314547152198
0.015515515515520000508, 0.026498363528953912394
0.018018018018019998916, 0.019783703418017977577
0.020520520520519999058, 0.015323823808239014216
0.023023023023019999200, 0.012214797633995322715
0.025525525525529998289, 0.009962905606127366379
0.028028028028029998431, 0.008280475362427664951
0.030530530530529998573, 0.006990891522198405990
0.033033033033029998715, 0.005980941706084441818
0.035535535535540001273, 0.005175382499479347712
0.038038038038039997946, 0.004522643565972276659
0.040540540540540001557, 0.003986431730183735873
0.043043043043039998230, 0.003540610751418649550
0.045545545545550000788, 0.003165974984552055987
0.048048048048049997460, 0.002848157346700132177
0.050550550550550001072, 0.002576238047343062856
0.053053053053049997745, 0.002341798295654624017
0.055555555555560000303, 0.002138263568208275626
0.058058058058059996975, 0.001960439489160390597
0.060560560560560000587, 0.001804178400465746099
0.063063063063060004199, 0.001666136216400681148
0.065565565565569999817, 0.001543592679623242547
0.068068068068070003429, 0.001434316813198595417
0.070570570570569993163, 0.001336465037481625664
0.073073073073069996775, 0.001248503196718253865
0.075575575575580006271, 0.001169146293472459689
0.078078078078079996005, 0.001097311481202131647
0.080580580580579999617, 0.001032081084416480114
0.083083083083080003228, 0.000972673274934271492
0.085585585585589998847, 0.000918418645383883977
0.088088088088090002459, 0.000868741362828618735
0.090590590590590006070, 0.000823143907254989047
0.093093093093089995804, 0.000781194636463115855
0.095595595595600005301, 0.000742517594727143664
0.098098098098099995035, 0.000706784114281242578
0.100600600600599998646, 0.000673705858121335412
0.103103103103100002258, 0.000643029028273822234
0.105605605605600005870, 0.000614529521675177826
0.108108108108099995603, 0.000588008860564383316
0.110610610610599999215, 0.000563290759061249873
0.113113113113100002827, 0.000540218214785044863
0.115615615615600006438, 0.000518651035742517851
0.118118118118099996172, 0.000498463729618192457
0.120620620620599999784, 0.000479543696040049896
0.123123123123100003395, 0.000461789673135319667
0.125625625625600007007, 0.000445110398318262677
0.128128128128100010619, 0.000429423450213465749
0.130630630630599986475, 0.000414654244261254809
0.133133133133099990086, 0.000400735159145926192
0.135635635635599993698, 0.000387604774943148766
0.138138138138099997310, 0.000375207206965399586
0.140640640640600000921, 0.000363491521824021297
0.143143143143100004533, 0.000352411224326743173
0.145645645645600008145, 0.000341923805572507029
0.148148148148100011756, 0.000331990344056922327
0.150650650650699990951, 0.000322575152814373481
0.153153153153199994563, 0.000313645466639252937
0.155655655655699998174, 0.000305171164283356690
0.158158158158200001786, 0.000297124521247092482
0.160660660660700005398, 0.000289479989391552720
0.163163163163200009009, 0.000282214000115296314
0.165665665665700012621, 0.000275304788279123974
0.168168168168199988477, 0.000268732234436779005
0.170670670670699992089, 0.000262477723249726169
0.173173173173199995700, 0.000256524016238528696
0.175675675675699999312, 0.000250855137259026867
0.178178178178200002924, 0.000245456269294389701
0.180680680680700006535, 0.000240313661329204372
0.183183183183200010147, 0.000235414544223180552
0.185685685685700013758, 0.000230747054633287591
0.188188188188199989614, 0.000226300166147167772
0.190690690690699993226, 0.000222063626889908112
0.193193193193199996838, 0.000218027902952863336
0.195695695695700000449, 0.000214184127068934986
0.198198198198200004061, 0.000210524052025061904
0.200700700700700007673, 0.000207040008360956482
0.203203203203200011284, 0.000203724865954410815
0.205705705705699987140, 0.000200571999138771828
0.208208208208199990752, 0.000197575255038226206
0.210710710710699994364, 0.000194728924842058916
0.213213213213199997975, 0.000192027717770659338
0.215715715715700001587, 0.000189466737514250007
0.218218218218200005198, 0.000187041460950586715
0.220720720720700008810, 0.000184747718970597005
0.223223223223200012422, 0.000182581679261449679
0.225725725725699988278, 0.000180539830915187771
0.228228228228199991889, 0.000178618970748069294
0.230730730730699995501, 0.000176816191231408444
0.233233233233199999113, 0.000175128869949195724
0.235735735735700002724, 0.000173554660511307133
0.238238238238200006336, 0.000172091484863872064
0.240740740740700009948, 0.000170737526950525277
0.243243243243200013559, 0.000169491227689985946
0.245745745745699989415, 0.000168351281246841017
0.248248248248199993027, 0.000167316632583710195
0.250750750750799999977, 0.000166386476294298844
0.253253253253300003589, 0.000165560256728343751
0.255755755755800007201, 0.000164837669431303448
0.258258258258300010812, 0.000164218663933995989
0.260760760760800014424, 0.000163703447940437578
0.263263263263300018036, 0.000163292492976079549
0.265765765765800021647, 0.000162986541573704774
0.268268268268300025259, 0.000162786616090674567
0.270770770770799973359, 0.000162694029269295359
0.273273273273299976971, 0.000162710396672126887
0.275775775775799980583, 0.000162837651146438675
0.278278278278299984194, 0.000163078059497183614
0.280780780780799987806, 0.000163434241576274834
0.283283283283299991417, 0.000163909192028225629
0.285785785785799995029, 0.000164506304969008976
0.288288288288299998641, 0.000165229401917129759
0.290790790790800002252, 0.000166082763344330494
0.293293293293300005864, 0.000167071164269195062
0.295795795795800009476, 0.000168199914381538239
0.298298298298300013087, 0.000169474903260471218
0.300800800800800016699, 0.000170902651336351727
0.303303303303300020310, 0.000172490367348802280
0.305805805805800023922, 0.000174246013172388932
0.308308308308300027534, 0.000176178377021834738
0.310810810810799975634, 0.000178297156213888996
0.313313313313299979246, 0.000180613050858230428
0.315815815815799982857, 0.000183137870081225620
0.318318318318299986469, 0.000185884652661481213
0.320820820820799990081, 0.000188867804284297100
0.323323323323299993692, 0.000192103254014770942
0.325825825825799997304, 0.000195608633060713173
0.328328328328300000916, 0.000199403479464496360
0.330830830830800004527, 0.000203509473049639464
0.333333333333300008139, 0.000207950705781340123
0.335835835835800011751, 0.000212753993715451573
0.338338338338300015362, 0.000217949237952317325
0.340840840840800018974, 0.000223569843537307564
0.343343343343300022585, 0.000229653207131680695
0.345845845845800026197, 0.000236241286609398287
0.348348348348299974298, 0.000243381268638984382
0.350850850850900009004, 0.000251126353942464917
0.353353353353400012615, 0.000259536684492573939
0.355855855855900016227, 0.000268680442687022655
0.358358358358400019839, 0.000278635159885959023
0.360860860860900023450, 0.000289489281097595266
0.363363363363400027062, 0.000301344044695602898
0.365865865865899975162, 0.000314315751728139929
0.368368368368399978774, 0.000328538519830890862
0.370870870870899982386, 0.000344167643635996700
0.373373373373399985997, 0.000361383719167425324
0.375875875875899989609, 0.000380397737245528281
0.378378378378399993220, 0.000401457414939873614
0.380880880880899996832, 0.000424855121120469960
0.383383383383400000444, 0.000450937871582418484
0.385885885885900004055, 0.000480120034844864520
0.388388388388400007667, 0.000512899621990378293
0.390890890890900011279, 0.000549879363522376018
0.393393393393400014890, 0.000591794249980018110
0.395895895895900018502, 0.000639547903416025224
0.398398398398400022113, 0.000694261167853689877
0.400900900900900025725, 0.000757337841256098166
0.403403403403399973826, 0.000830554818016424621
0.405905905905899977437, 0.000916187568001201468
0.408408408408399981049, 0.001017187697251860324
0.410910910910899984660, 0.001137438808399621063
0.413413413413399988272, 0.001282132693256084546
0.415915915915899991884, 0.001458335039327026067
0.418418418418399995495, 0.001675857917509395497
0.420920920920899999107, 0.001948644523881837894
0.423423423423400002719, 0.002297039998889269762
0.425925925925900006330, 0.002751658352434851844
0.428428428428400009942, 0.003360262918122914211
0.430930930930900013553, 0.004200659442030351375
0.433433433433400017165, 0.005406400212837058315
0.435935935935900020777, 0.007222040202545501955
0.438438438438400024388, 0.010133555289152263584
0.440940940940899972489, 0.015214774865595314529
0.443443443443399976100, 0.025198148820710107587
0.445945945945899979712, 0.048467275684997902785
0.448448448448399983324, 0.116031630266985541500
0.450950950951000018030, 0.272069566660297412763
0.453453453453500021642, 0.171898496186837335120
0.455955955956000025253, 0.066497232439575545970
0.458458458458499973354, 0.031935068831564314418
0.460960960960999976965, 0.018314900229454925823
0.463463463463499980577, 0.011787231511241063817
0.465965965965999984189, 0.008200321721444447584
0.468468468468499987800, 0.006030230750423611411
0.470970970970999991412, 0.004621513304186087613
0.473473473473499995023, 0.003656802787199865852
0.475975975975999998635, 0.002967898943692382548
0.478478478478500002247, 0.002459122325756800224
0.480980980981000005858, 0.002072868234974129410
0.483483483483500009470, 0.001772805420378036328
0.485985985986000013082, 0.001535114972219126786
0.488488488488500016693, 0.001343661158260226656
0.490990990991000020305, 0.001187202052259580609
0.493493493493500023916, 0.001057712643490550707
0.495995995996000027528, 0.000949341296687452089
0.498498498498499975629, 0.000857740467796451163
0.501001001000999979240, 0.000779625903319787288
0.503503503503500038363, 0.000712479403720946776
0.506006006005999986463, 0.000654344132942278342
0.508508508508500045586, 0.000603680969733191419
0.511011011010999993687, 0.000559265960949658259
0.513513513513500052809, 0.000520115972590260529
0.516016016016000000910, 0.000485434017341158160
0.518518518518499949010, 0.000454568527340011206
0.521021021021000008133, 0.000426982652000645489
0.523523523523499956234, 0.000402230857820969534
0.526026026026000015356, 0.000379940911522741020
0.528528528528499963457, 0.000359799876759145051
0.531031031031000022580, 0.000341543134483607335
0.533533533533499970680, 0.000324945703427510779
0.536036036036000029803, 0.000309815326196832093
0.538538538538499977903, 0.000295986922236048523
0.541041041041000037026, 0.000283318107407003986
0.543543543543499985127, 0.000271685552125028882
0.546046046046000044250, 0.000260982003408840907
0.548548548548499992350, 0.000251113836070837582
0.551051051051099971545, 0.000241999028283699396
0.553553553553600030668, 0.000233565479525186896
0.556056056056099978768, 0.000225749606302850885
0.558558558558600037891, 0.000218495164453201844
0.561061061061099985992, 0.000211752257187628590
0.563563563563600045114, 0.000205476496150089040
0.566066066066099993215, 0.000199628289100744951
0.568568568568600052338, 0.000194172232849684220
0.571071071071100000438, 0.000189076594039920624
0.573573573573599948539, 0.000184312863549345021
0.576076076076100007661, 0.000179855372822768404
0.578578578578599955762, 0.000175680962492238090
0.581081081081100014885, 0.000171768695300182677
0.583583583583599962985, 0.000168099606686127393
0.586086086086100022108, 0.000164656487496425393
0.588588588588599970208, 0.000161423694176806426
0.591091091091100029331, 0.000158386982548250766
0.593593593593599977432, 0.000155533361878328291
0.596096096096100036554, 0.000152850966467030485
0.598598598598599984655, 0.000150328942387658362
0.601101101101100043778, 0.000147957347375053411
0.603603603603599991878, 0.000145727062147891443
0.606106106106100051001, 0.000143629711698991261
0.608608608608599999101, 0.000141657595295816469
0.611111111111099947202, 0.000139803624109235459
0.613613613613600006325, 0.000138061265537587258
0.616116116116099954425, 0.000136424493419642825
0.618618618618600013548, 0.000134887743437810538
0.621121121121099961648, 0.000133445873104937816
0.623623623623600020771, 0.000132094125806803939
0.626126126126099968872, 0.000130828098439951084
0.628628628628600027994, 0.000129643712242595555
0.631131131131099976095, 0.000128537186466423295
0.633633633633600035218, 0.000127505014580323012
0.636136136136099983318, 0.000126543942734537717
0.638638638638600042441, 0.000125650950246186470
0.641141141141099990541, 0.000124823231895324185
0.643643643643600049664, 0.000124058181845281343
0.646146146146099997765, 0.000123353379022466715
0.648648648648599945865, 0.000122706573809556335
0.651151151151200036082, 0.000122115675922403747
0.653653653653699984183, 0.000121578743355407252
0.656156156156200043306, 0.000121093972292718845
0.658658658658699991406, 0.000120659687893820747
0.661161161161200050529, 0.000120274335871816952
0.663663663663699998629, 0.000119936474791458900
0.666166166166199946730, 0.000119644769021601656
0.668668668668700005853, 0.000119397982283584152
0.671171171171199953953, 0.000119194971743061205
0.673673673673700013076, 0.000119034682598179856
0.676176176176199961176, 0.000118916143121763896
0.678678678678700020299, 0.000118838460119431003
0.681181181181199968400, 0.000118800814769363347
0.683683683683700027522, 0.000118802458812856148
0.686186186186199975623, 0.000118842711067809341
0.688688688688700034746, 0.000118920954240063004
0.691191191191199982846, 0.000119036632009927645
0.693693693693700041969, 0.000119189246373474058
0.696196196196199990069, 0.000119378355220134944
0.698698698698700049192, 0.000119603570129973153
0.701201201201199997293, 0.000119864554375596389
0.703703703703699945393, 0.000120161021115177400
0.706206206206200004516, 0.000120492731764374638
0.708708708708699952616, 0.000120859494536175102
0.711211211211200011739, 0.000121261163138789698
0.713713713713699959840, 0.000121697635622753498
0.716216216216200018962, 0.000122168853369319301
0.718718718718699967063, 0.000122674800213088742
0.721221221221200026186, 0.000123215501692625139
0.723723723723699974286, 0.000123791024423522335
0.726226226226200033409, 0.000124401475589090845
0.728728728728699981509, 0.000125047002544459419
0.731231231231200040632, 0.000125727792530488784
0.733733733733699988733, 0.000126444072494457131
0.736236236236200047856, 0.000127196109015012126
0.738738738738699995956, 0.000127984208329391051
0.741241241241200055079, 0.000128808716461397050
0.743743743743700003179, 0.000129670019449088143
0.746246246246199951280, 0.000130568543671591376
0.748748748748700010403, 0.000131504756274894468
0.751251251251299989597, 0.000132479165696905866
0.753753753753800048720, 0.000133492322292503099
0.756256256256299996821, 0.000134544819059717678
0.758758758758799944921, 0.000135637292468636741
0.761261261261300004044, 0.000136770423395031308
0.763763763763799952144, 0.000137944938161166760
0.766266266266300011267, 0.000139161609686695638
0.768768768768799959368, 0.000140421258753000122
0.771271271271300018491, 0.000141724755384826793
0.773773773773799966591, 0.000143073020353553631
0.776276276276300025714, 0.000144467026806948979
0.778778778778799973814, 0.000145907802030824401
0.781281281281300032937, 0.000147396429348557436
0.783783783783799981038, 0.000148934050165064384
0.786286286286300040160, 0.000150521866162446621
0.788788788788799988261, 0.000152161141655215087
0.791291291291300047384, 0.000153853206113729402
0.793793793793799995484, 0.000155599456865264016
0.796296296296300054607, 0.000157401361982953424
0.798798798798800002707, 0.000159260463373765509
0.801301301301299950808, 0.000161178380077618678
0.803803803803800009931, 0.000163156811790805063
0.806306306306299958031, 0.000165197542628007588
0.808808808808800017154, 0.000167302445138420622
0.811311311311299965254, 0.000169473484592808408
0.813813813813800024377, 0.000171712723559769471
0.816316316316299972478, 0.000174022326791038994
0.818818818818800031600, 0.000176404566437359000
0.821321321321299979701, 0.000178861827618295830
0.823823823823800038824, 0.000181396614371406921
0.826326326326299986924, 0.000184011556008358641
0.828828828828800046047, 0.000186709413908010423
0.831331331331299994147, 0.000189493088779116759
0.833833833833800053270, 0.000192365628428184604
0.836336336336300001371, 0.000195330236071195973
0.838838838838799949471, 0.000198390279231374977
0.841341341341300008594, 0.000201549299269010483
0.843843843843799956694, 0.000204811021593530215
0.846346346346300015817, 0.000208179366612666427
0.848848848848799963918, 0.000211658461478639846
0.851351351351400054135, 0.000215252652696914615
0.853853853853900002235, 0.000218966519669301315
0.856356356356399950336, 0.000222804889250030955
0.858858858858900009459, 0.000226772851401050955
0.861361361361399957559, 0.000230875776041196922
0.863863863863900016682, 0.000235119331193241719
0.866366366366399964782, 0.000239509502543206756
0.868868868868900023905, 0.000244052614537829235
0.871371371371399972006, 0.000248755353158940920
0.873873873873900031128, 0.000253624790527793762
0.876376376376399979229, 0.000258668411508330216
0.878878878878900038352, 0.000263894142496223999
0.881381381381399986452, 0.000269310382600423546
0.883883883883900045575, 0.000274926037446278381
0.886386386386399993675, 0.000280750555854327702
0.888888888888900052798, 0.000286793969676933614
0.891391391391400000899, 0.000293066937106538990
0.893893893893899948999, 0.000299580789804864225
0.896396396396400008122, 0.000306347584242487342
0.898898898898899956222, 0.000313380157683496019
0.901401401401400015345, 0.000320692189301100645
0.903903903903899963446, 0.000328298266968092578
0.906406406406400022568, 0.000336213960331757991
0.908908908908899970669, 0.000344455900857625877
0.911411411411400029792, 0.000353041869611422866
0.913913913913899977892, 0.000361990893645556015
0.916416416416400037015, 0.000371323351967153023
0.918918918918899985115, 0.000381061092191278675
0.921421421421400044238, 0.000391227559128134322
0.923923923923899992339, 0.000401847936719650783
0.926426426426400051461, 0.000412949304932631249
0.928928928928899999562, 0.000424560813436637534
0.931431431431399947662, 0.000436713874150076195
0.933933933933900006785, 0.000449442375033559801
0.936436436436399954886, 0.000462782917852435022
0.938938938938900014008, 0.000476775083029057399
0.941441441441399962109, 0.000491461725170027545
0.943943943943900021232, 0.000506889303396290680
0.946446446446399969332, 0.000523108251239686167
0.948948948948900028455, 0.000540173391615687165
0.951451451451500007650, 0.000558144403260481324
0.953953953953999955750, 0.000577086346057340428
0.956456456456500014873, 0.000597070253904281390
0.958958958958999962974, 0.000618173805231790607
0.961461461461500022097, 0.000640482083013597459
0.963963963963999970197, 0.000664088438184819011
0.966466466466500029320, 0.000689095472863532647
0.968968968968999977420, 0.000715616162755115890
0.971471471471500036543, 0.000743775141717712990
0.973973973973999984644, 0.000773710175824065638
0.976476476476500043766, 0.000805573859549477134
0.978978978978999991867, 0.000839535573174496233
0.981481481481500050990, 0.000875783748401624080
0.983983983983999999090, 0.000914528498915890978
0.986486486486499947191, 0.000956004684639812715
0.988988988989000006313, 0.001000475493351837700
0.991491491491499954414, 0.001048236641940896623
0.993993993994000013537, 0.001099621322884052673
0.996496496496499961637, 0.001155006050906288821
0.998998998999000020760, 0.001214817601986930770
1.001501501501999902288, 0.001279541284277651040
1.004004004003999916961, 0.001349730841249773342
1.006506506507000020534, 0.001426020365750368859
1.009009009009000035206, 0.001509138705396807952
1.011511511511999916735, 0.001599926972789356659
1.014014014013999931407, 0.001699359949294764437
1.016516516517000034980, 0.001808572403864923536
1.019019019019000049653, 0.001928891659900854299
1.021521521521999931181, 0.002061878163944694253
1.024024024023999945854, 0.002209376383610035539
1.026526526527000049427, 0.002373579151990944797
1.029029029029000064099, 0.002557109674906472840
1.031531531531999945628, 0.002763126964297718795
1.034034034033999960300, 0.002995462664988606666
1.036536536537000063873, 0.003258800423061365085
1.039039039039000078546, 0.003558913600501624475
1.041541541541999960074, 0.003902984061042457948
1.044044044043999974747, 0.004300035207457816346
1.046546546547000078320, 0.004761528531615998733
1.049049049049000092992, 0.005302198159626606358
1.051551551551999974521, 0.005941238284606029443
1.054054054053999989193, 0.006704024667008823442
1.056556556557000092766, 0.007624662982442897800
1.059059059059000107439, 0.008749850195171809258
1.061561561561999988967, 0.010144881302344751356
1.064064064064000003640, 0.011903276384816582206
1.066566566567000107213, 0.014162746073258769205
1.069069069068999899841, 0.017132735114894062645
1.071571571572000003414, 0.021144185792706195193
1.074074074074000018086, 0.026744499888927745351
1.076576576576999899615, 0.034891067271765975610
1.079079079078999914287, 0.047378708872808136809
1.081581581582000017860, 0.067883432969845766691
1.084084084084000032533, 0.104858178334177987168
1.086586586586999914061, 0.180993305878291682598
1.089089089088999928734, 0.370679689549125612746
1.091591591592000032307, 0.947141955980644101309
1.094094094094000046979, 1.666974083664711336894
1.096596596596999928508, 0.751783878594398657924
1.099099099098999943180, 0.308039522491412087746
1.101601601602000046753, 0.157540888250983002195
1.104104104104000061426, 0.094051702221767854994
1.106606606606999942954, 0.062115511177266859166
1.109109109108999957627, 0.043966231075180987886
1.111611611612000061200, 0.032715808120590814112
1.114114114114000075872, 0.025278262513940250727
1.116616616616999957401, 0.020112519400756173615
1.119119119118999972073, 0.016382016337921703752
1.121621621622000075646, 0.013601712134505273416
1.124124124124000090319, 0.011475012899021006657
1.126626626626999971847, 0.009812433791443779182
1.129129129128999986520, 0.008488394489318474428
1.131631631632000090093, 0.007417032702816811311
1.134134134134000104766, 0.006538048363790454655
1.136636636636999986294, 0.005808096355855718596
1.139139139139000000966, 0.005195376961784222390
1.141641641642000104540, 0.004676136165874655165
1.144144144143999897167, 0.004232342937211208862
1.146646646647000000740, 0.003850112245184290124
1.149149149149000015413, 0.003518612394665723668
1.151651651651999896941, 0.003229293957227736579
1.154154154153999911614, 0.002975336561328348686
1.156656656657000015187, 0.002751245967430269394
1.159159159159000029859, 0.002552556540204030909
1.161661661661999911388, 0.002375608762486853143
1.164164164163999926060, 0.002217380924644571545
1.166666666667000029634, 0.002075360428351423394
1.169169169169000044306, 0.001947444401848306798
1.171671671671999925834, 0.001831862242406037591
1.174174174173999940507, 0.001727114730142145392
1.176676676677000044080, 0.001631925785273647756
1.179179179179000058753, 0.001545203958201983455
1.181681681681999940281, 0.001466011474751973548
1.184184184183999954953, 0.001393539192489258753
1.186686686687000058527, 0.001327086216378057506
1.189189189189000073199, 0.001266043213210228452
1.191691691691999954728, 0.001209878682243571051
1.194194194193999969400, 0.001158127604102976091
1.196696696697000072973, 0.001110382015320131484
1.199199199199000087646, 0.001066283152070427766
1.201701701701999969174, 0.001025514881093370079
1.204204204203999983847, 0.000987798193879645646
1.206706706707000087420, 0.000952886586004350849
1.209209209209000102092, 0.000920562180014930249
1.211711711711999983621, 0.000890632479870009756
1.214214214213999998293, 0.000862927669400488694
1.216716716717000101866, 0.000837298388123977285
1.219219219218999894494, 0.000813613936289659767
1.221721721721999998067, 0.000791760878493965583
1.224224224224000012740, 0.000771642032884595013
1.226726726726999894268, 0.000753175852388170705
1.229229229228999908941, 0.000736296227542910619
1.231731731732000012514, 0.000720952770190982461
1.234234234234000027186, 0.000707111677651943091
1.236736736736999908715, 0.000694757334521657502
1.239239239238999923387, 0.000683894894265555590
1.241741741742000026960, 0.000674554212320820057
1.244244244244000041633, 0.000666795705222825641
1.246746746746999923161, 0.000660719036126680790
1.249249249248999937834, 0.000656476064749622460
1.251751751752000041407, 0.000654290412201251836
1.254254254254000056079, 0.000654487587846477046
1.256756756756999937608, 0.000657542515910878472
1.259259259258999952280, 0.000664156735937750250
1.261761761762000055853, 0.000675388227951077033
1.264264264264000070526, 0.000692878848849573276
1.266766766766999952054, 0.000719272540492935097
1.269269269268999966727, 0.000759030146610550037
1.271771771772000070300, 0.000820132267967664877
1.274274274274000084972, 0.000917959149254062327
1.276776776776999966501, 0.001085144548008838087
1.279279279278999981173, 0.001400327641399422979
1.281781781782000084746, 0.002088210942154553225
1.284284284284000099419, 0.003937578195292351473
1.286786786786999980947, 0.009397785270122770152
1.289289289288999995620, 0.010126683451541400663
1.291791791792000099193, 0.004268987403476540501
1.294294294293999891821, 0.002211134609611553094
1.296796796796999995394, 0.001466752166700422116
1.299299299299000010066, 0.001135355445752120112
1.301801801801999891595, 0.000965010683222971340
1.304304304303999906267, 0.000869290497283350017
1.306806806807000009840, 0.000812896104214550093
1.309309309309000024513, 0.000779416367994760322
1.311811811811999906041, 0.000760450769648647628
1.314314314313999920714, 0.000751379472173119116
1.316816816817000024287, 0.000749525544903647395
1.319319319319000038959, 0.000753283401995181166
1.321821821821999920488, 0.000761675458013534937
1.324324324323999935160, 0.000774113602202476897
1.326826826827000038733, 0.000790265142746009847
1.329329329329000053406, 0.000809975111634807297
1.331831831831999934934, 0.000833220585231161243
1.334334334333999949607, 0.000860084149828088413
1.336836836837000053180, 0.000890739483269793525
1.339339339339000067852, 0.000925445150613594079
1.341841841841999949381, 0.000964544475758686583
1.344344344343999964053, 0.001008470411511417416
1.346846846847000067626, 0.001057755026864298179
1.349349349349000082299, 0.001113043748260854945
1.351851851851999963827, 0.001175114943375817024
1.354354354353999978500, 0.001244905900116181170
1.356856856857000082073, 0.001323546798505664899
1.359359359359000096745, 0.001412404973167214698
1.361861861861999978274, 0.001513142714851790915
1.364364364363999992946, 0.001627793196752425108
1.366866866867000096519, 0.001758861039315108912
1.369369369368999889147, 0.001909456863120139510
1.371871871871999992720, 0.002083479428608561897
1.374374374374000007393, 0.002285865447581759621
1.376876876877000110966, 0.002522937246868737961
1.379379379378999903594, 0.002802894510463734435
1.381881881882000007167, 0.003136522419478624240
1.384384384384000021839, 0.003538232020594107678
1.386886886886999903368, 0.004027623260318716376
1.389389389388999918040, 0.004631893083511137016
1.391891891892000021613, 0.005389652690548428320
1.394394394394000036286, 0.006357178558341742419
1.396896896896999917814, 0.007619039685850839856
1.399399399398999932487, 0.009306970344311426072
1.401901901902000036060, 0.011635154346395004676
1.404404404404000050732, 0.014970375226458339235
1.406906906906999932261, 0.019982308361543958675
1.409409409408999946933, 0.027996748183015580241
1.411911911912000050506, 0.041928836512960032668
1.414414414414000065179, 0.069147617617767331843
1.416916916916999946707, 0.132071581310853530811
1.419419419418999961380, 0.313293829479422136775
1.421921921922000064953, 0.751778911698400942321
1.424424424424000079625, 0.502593384632416317892
1.426926926926999961154, 0.193445592638861074697
1.429429429428999975826, 0.092042465108784346506
1.431931931932000079399, 0.052447363246633460498
1.434434434434000094072, 0.033597218665606429222
1.436936936936999975600, 0.023286738776953475050
1.439439439438999990273, 0.017069191949202165703
1.441941941942000093846, 0.013042695536875866663
1.444444444444000108518, 0.010290222955858845111
1.446946946946999990047, 0.008327338787683713495
1.449449449449000004719, 0.006879184693681412652
1.451951951952000108292, 0.005780624902825979607
1.454454454453999900920, 0.004927687866112633909
1.456956956957000004493, 0.004252308002925159897
1.459459459459000019166, 0.003708432092809956990
1.461961961961999900694, 0.003264008320841290701
1.464464464463999915367, 0.002896177607853727635
1.466966966967000018940, 0.002588285076689560149
1.469469469469000033612, 0.002327965536497556432
1.471971971971999915141, 0.002105883837972779508
1.474474474473999929813, 0.001914886251291412350
1.476976976977000033386, 0.001749416541249907472
1.479479479479000048059, 0.001605106477350131018
1.481981981981999929587, 0.001478483704147028283
1.484484484483999944260, 0.001366760067371981108
1.486986986987000047833, 0.001267676045308198298
1.489489489489000062505, 0.001179384919236053930
1.491991991991999944034, 0.001100365495954166908
1.494494494493999958706, 0.001029355616195477049
1.496996996997000062279, 0.000965300980020914780
1.499499499499000076952, 0.000907315386834471257
1.502002002001999958480, 0.000854649571201059402
1.504504504505000062053, 0.000806666575027569334
1.507007007007000076726, 0.000762822135426935205
1.509509509509999958254, 0.000722648954217105393
1.512012012011999972927, 0.000685743995449822341
1.514514514515000076500, 0.000651758162832998499
1.517017017017000091172, 0.000620387860872971889
1.519519519519999972701, 0.000591368056952546080
1.522022022021999987373, 0.000564466546879218356
1.524524524525000090946, 0.000539479191142042233
1.527027027027000105619, 0.000516225938554432345
1.529529529529999987147, 0.000494547492002951313
1.532032032032000001820, 0.000474302500492345823
1.534534534535000105393, 0.000455365184653186298
1.537037037036999898021, 0.000437623320899475118
1.539539539540000001594, 0.000420976523640656812
1.542042042042000016266, 0.000405334776230147737
1.544544544544999897795, 0.000390617170325478552
1.547047047046999912467, 0.000376750820542846420
1.549549549550000016040, 0.000363669927092908252
1.552052052052000030713, 0.000351314963780378670
1.554554554554999912241, 0.000339631972565658719
1.557057057056999926914, 0.000328571949000245733
1.559559559560000030487, 0.000318090305398974541
1.562062062062000045159, 0.000308146400710443966
1.564564564564999926688, 0.000298703127779561010
1.567067067066999941360, 0.000289726550131764603
1.569569569570000044934, 0.000281185581602102184
1.572072072072000059606, 0.000273051703128340394
1.574574574574999941134, 0.000265298711860745230
1.577077077076999955807, 0.000257902498441044473
1.579579579580000059380, 0.000250840848892466416
1.582082082082000074053, 0.000244093268060432543
1.584584584584999955581, 0.000237640821965147457
1.587087087086999970253, 0.000231465996785286263
1.589589589590000073827, 0.000225552572496863594
1.592092092092000088499, 0.000219885509451632694
1.594594594594999970028, 0.000214450846402018251
1.597097097096999984700, 0.000209235608670705307
1.599599599600000088273, 0.000204227725327215520
1.602102102102000102946, 0.000199415954375376946
1.604604604604999984474, 0.000194789815077862200
1.607107107106999999147, 0.000190339526649729802
1.609609609610000102720, 0.000186055952644718285
1.612112112111999895347, 0.000181930550437738752
1.614614614614999998921, 0.000177955325276456689
1.617117117117000013593, 0.000174122788435415938
1.619619619619999895122, 0.000170425919059081859
1.622122122121999909794, 0.000166858129326524838
1.624624624625000013367, 0.000163413232611106377
1.627127127127000028040, 0.000160085414344233047
1.629629629629999909568, 0.000156869205323667348
1.632132132131999924241, 0.000153759457234577351
1.634634634635000027814, 0.000150751320175955322
1.637137137137000042486, 0.000147840222006654238
1.639639639639999924015, 0.000145021849344430595
1.642142142141999938687, 0.000142292130068356502
1.644644644645000042260, 0.000139647217190040434
1.647147147147000056933, 0.000137083473972497510
1.649649649649999938461, 0.000134597460187451106
1.652152152151999953134, 0.000132185919412490418
1.654654654655000056707, 0.000129845767279012991
1.657157157157000071379, 0.000127574080590377696
1.659659659659999952908, 0.000125368087237299358
1.662162162161999967580, 0.000123225156844331305
1.664664664665000071153, 0.000121142792087398411
1.667167167167000085826, 0.000119118620627835928
1.669669669669999967354, 0.000117150387613330838
1.672172172171999982027, 0.000115235948700609557
1.674674674675000085600, 0.000113373263558726845
1.677177177177000100272, 0.000111560389815425594
1.679679679679999981801, 0.000109795477412307361
1.682182182181999996473, 0.000108076763337505333
1.684684684685000100046, 0.000106402566707227005
1.687187187186999892674, 0.000104771284169955515
1.689689689689999996247, 0.000103181385609294360
1.692192192192000010920, 0.000101631410123436395
1.694694694694999892448, 0.000100119962261047748
1.697197197196999907121, 0.000098645708495004813
1.699699699700000010694, 0.000097207373916923635
1.702202202202000025366, 0.000095803739136784619
1.704704704704999906895, 0.000094433637373203406
1.707207207206999921567, 0.000093095951721033758
1.709709709710000025140, 0.000091789612584026634
1.712212212212000039813, 0.000090513595261219513
1.714714714714999921341, 0.000089266917676596451
1.717217217216999936014, 0.000088048638242355920
1.719719719720000039587, 0.000086857853846849817
1.722222222222000054259, 0.000085693697958925784
1.724724724724999935788, 0.000084555338841017547
1.727227227226999950460, 0.000083441977863889894
1.729729729730000054033, 0.000082352847916462873
1.732232232232000068706, 0.000081287211904614159
1.734734734734999950234, 0.000080244361333297023
1.737237237236999964907, 0.000079223614966713590
1.739739739740000068480, 0.000078224317561654546
1.742242242242000083152, 0.000077245838669458896
1.744744744744999964681, 0.000076287571502363266
1.747247247246999979353, 0.000075348931860301689
1.749749749750000082926, 0.000074429357114486679
1.752252252252000097599, 0.000073528305244351203
1.754754754754999979127, 0.000072645253924661903
1.757257257256999993800, 0.000071779699659827042
1.759759759760000097373, 0.000070931156962620272
1.762262262261999890001, 0.000070099157574724462
1.764764764764999993574, 0.000069283249726669662
1.767267267267000008246, 0.000068482997434896625
1.769769769769999889775, 0.000067697979833823520
1.772272272271999904447, 0.000066927790540929693
1.774774774775000008020, 0.000066172037052995806
1.777277277277000022693, 0.000065430340171757789
1.779779779779999904221, 0.000064702333457340792
1.782282282281999918894, 0.000063987662707940874
1.784784784785000022467, 0.000063285985464317247
1.787287287287000037139, 0.000062596970537745543
1.789789789789999918668, 0.000061920297560165137
1.792292292291999933340, 0.000061255656555330159
1.794794794795000036913, 0.000060602747529845167
1.797297297297000051586, 0.000059961280083033430
1.799799799799999933114, 0.000059330973034648321
1.802302302301999947787, 0.000058711554069496014
1.804804804805000051360, 0.000058102759398092919
1.807307307307000066032, 0.000057504333432531738
1.809809809809999947561, 0.000056916028476777843
1.812312312311999962233, 0.000056337604430662570
1.814814814815000065806, 0.000055768828506881392
1.817317317317000080479, 0.000055209474960344545
1.819819819819999962007, 0.000054659324829264174
1.822322322321999976680, 0.000054118165687396555
1.824824824825000080253, 0.000053585791406890186
1.827327327327000094925, 0.000053062001931221162
1.829829829829999976454, 0.000052546603057725252
1.832332332331999991126, 0.000052039406229263187
1.834834834835000094699, 0.000051540228334580787
1.837337337337000109372, 0.000051048891516948918
1.839839839839999990900, 0.000050565222990690774
1.842342342342000005573, 0.000050089054865224662
1.844844844845000109146, 0.000049620223976270381
1.847347347346999901774, 0.000049158571723885403
1.849849849850000005347, 0.000048703943917014935
1.852352352352000020019, 0.000048256190624256147
1.854854854854999901548, 0.000047815166030552278
1.857357357356999916220, 0.000047380728299547037
1.859859859860000019793, 0.000046952739441343544
1.862362362362000034466, 0.000046531065185424880
1.864864864864999915994, 0.000046115574858505532
1.867367367366999930667, 0.000045706141267095121
1.869869869870000034240, 0.000045302640584565679
1.872372372372000048912, 0.000044904952242525367
1.874874874874999930441, 0.000044512958826310134
1.877377377376999945113, 0.000044126545974414785
1.879879879880000048686, 0.000043745602281693379
1.882382382382000063359, 0.000043370019206166971
1.884884884884999944887, 0.000042999690979284857
1.887387387386999959560, 0.000042634514519492806
1.889889889890000063133, 0.000042274389348968236
1.892392392392000077805, 0.000041919217513389966
1.894894894894999959334, 0.000041568903504615199
1.897397397396999974006, 0.000041223354186143557
1.899899899900000077579, 0.000040882478721252492
1.902402402402000092252, 0.000040546188503694792
1.904904904904999973780, 0.000040214397090853212
1.907407407406999988453, 0.000039887020139252292
1.909909909910000092026, 0.000039563975342332371
1.912412412412000106698, 0.000039245182370394361
1.914914914914999988227, 0.000038930562812628826
1.917417417417000002899, 0.000038620040121146185
1.919919919920000106472, 0.000038313539556928837
1.922422422421999899100, 0.000038010988137629498
1.924924924925000002673, 0.000037712314587143547
1.927427427427000017346, 0.000037417449286885884
1.929929929929999898874, 0.000037126324228706597
1.932432432431999913547, 0.000036838872969381829
1.934934934935000017120, 0.000036555030586619600
1.937437437437000031792, 0.000036274733636522590
1.939939939939999913321, 0.000035997920112452539
1.942442442441999927993, 0.000035724529405243214
1.944944944945000031566, 0.000035454502264711263
1.947447447447000046239, 0.000035187780762416261
1.949949949949999927767, 0.000034924308255623412
1.952452452451999942440, 0.000034664029352424400
1.954954954955000046013, 0.000034406889877973469
1.957457457457000060685, 0.000034152836841798021
1.959959959959999942214, 0.000033901818406144157
1.962462462461999956886, 0.000033653783855319802
1.964964964965000060459, 0.000033408683565999183
1.967467467467000075132, 0.000033166468978453905
1.969969969969999956660, 0.000032927092568677677
1.972472472471999971333, 0.000032690507821372518
1.974974974975000074906, 0.000032456669203766053
1.977477477477000089578, 0.000032225532140230410
1.979979979979999971107, 0.000031997052987674509
1.982482482481999985779, 0.000031771189011682727
1.984984984985000089353, 0.000031547898363373846
1.987487487487000104025, 0.000031327140056955373
1.989989989989999985553, 0.000031108873947949031
1.992492492492000000226, 0.000030893060712064666
1.994994994995000103799, 0.000030679661824700019
1.997497497496999896427, 0.000030468639541045299
2.000000000000000000000, 0.000030259956876771845
