# Delta1: 0.465
# Delta2: 1.17
# Delta3: 1.355
# Dq: 0.1355
# Ds: 0.04
# Dt: 0.061000000000000006
# k1_lab: [1, 0, 0]
# k2_lab: [-0.8660254037844387, 0.49999999999999994, 0.0]
# k1_cf: [-0.8191520442889918, -0.5735764363510462, 0.0]
# k2_cf: [0.9961946980917455, 0.0871557427476583, 0.0]
# pol1_lab: [(0, 1, 0), (0, 0, 1)]
# pol2_lab: "[array([-0.5      , -0.8660254,  0.       ]), array([0., 0., 1.])]"
# pol1_cf: "[array([ 0.57357644, -0.81915204,  0.        ]), array([0., 0., 1.])]"
# pol2_cf: "[array([-0.08715574,  0.9961947 ,  0.        ]), array([0., 0., 1.])]"
# cf: "[array([-0.81915204,  0.57357644,  0.        ]), array([-0.57357644, -0.81915204,  0.        ]), array([0., 0., 1.])]"
# th: 100
-0.500000000000000000000, 0.000033630840465917167
-0.497497497497499996388, 0.000033921601762559070
-0.494994994994999992777, 0.000034216531835555324
-0.492492492492499989165, 0.000034515713746897716
-0.489989989989999985553, 0.000034819232665970298
-0.487487487487499981942, 0.000035127175934371825
-0.484984984984999978330, 0.000035439633133081394
-0.482482482482499974719, 0.000035756696152064523
-0.479979979980000026618, 0.000036078459262421817
-0.477477477477500023006, 0.000036405019191186829
-0.474974974975000019395, 0.000036736475198885228
-0.472472472472500015783, 0.000037072929159972094
-0.469969969970000012172, 0.000037414485646270605
-0.467467467467500008560, 0.000037761252013540631
-0.464964964965000004948, 0.000038113338491312181
-0.462462462462500001337, 0.000038470858276125649
-0.459959959959999997725, 0.000038833927628327036
-0.457457457457499994113, 0.000039202665972574236
-0.454954954954999990502, 0.000039577196002218047
-0.452452452452499986890, 0.000039957643787729571
-0.449949949949900007695, 0.000040344138889354491
-0.447447447447400004084, 0.000040736814474183651
-0.444944944944900000472, 0.000041135807437839183
-0.442442442442399996860, 0.000041541258530985459
-0.439939939939899993249, 0.000041953312490884660
-0.437437437437399989637, 0.000042372118178228752
-0.434934934934899986025, 0.000042797828719490875
-0.432432432432399982414, 0.000043230601655052478
-0.429929929929899978802, 0.000043670599093375691
-0.427427427427399975191, 0.000044117987871504703
-0.424924924924900027090, 0.000044572939722195044
-0.422422422422400023478, 0.000045035631447985634
-0.419919919919900019867, 0.000045506245102545344
-0.417417417417400016255, 0.000045984968179643816
-0.414914914914900012644, 0.000046471993810115341
-0.412412412412400009032, 0.000046967520967204637
-0.409909909909900005420, 0.000047471754680705142
-0.407407407407400001809, 0.000047984906260322585
-0.404904904904899998197, 0.000048507193528721635
-0.402402402402399994585, 0.000049038841064737984
-0.399899899899899990974, 0.000049580080457266740
-0.397397397397399987362, 0.000050131150570365798
-0.394894894894899983750, 0.000050692297820144639
-0.392392392392399980139, 0.000051263776464041189
-0.389889889889899976527, 0.000051845848903124901
-0.387387387387399972916, 0.000052438785998100612
-0.384884884884900024815, 0.000053042867399728241
-0.382382382382400021203, 0.000053658381894414699
-0.379879879879900017592, 0.000054285627765780466
-0.377377377377400013980, 0.000054924913173050006
-0.374874874874900010369, 0.000055576556547167562
-0.372372372372400006757, 0.000056240887005593775
-0.369869869869900003145, 0.000056918244786797609
-0.367367367367399999534, 0.000057608981705519375
-0.364864864864899995922, 0.000058313461629948483
-0.362362362362399992310, 0.000059032060982030420
-0.359859859859899988699, 0.000059765169262193198
-0.357357357357399985087, 0.000060513189599865425
-0.354854854854899981476, 0.000061276539331246276
-0.352352352352399977864, 0.000062055650605879841
-0.349849849849799998669, 0.000062850971023687940
-0.347347347347299995057, 0.000063662964304222032
-0.344844844844799991446, 0.000064492110990011105
-0.342342342342299987834, 0.000065338909186005782
-0.339839839839799984222, 0.000066203875337251958
-0.337337337337299980611, 0.000067087545047070604
-0.334834834834799976999, 0.000067990473938173094
-0.332332332332299973388, 0.000068913238559308046
-0.329829829829800025287, 0.000069856437340212144
-0.327327327327300021675, 0.000070820691597829464
-0.324824824824800018064, 0.000071806646596970936
-0.322322322322300014452, 0.000072814972668805726
-0.319819819819800010841, 0.000073846366390818683
-0.317317317317300007229, 0.000074901551832125154
-0.314814814814800003617, 0.000075981281868314527
-0.312312312312300000006, 0.000077086339570295331
-0.309809809809799996394, 0.000078217539671942266
-0.307307307307299992782, 0.000079375730121696288
-0.304804804804799989171, 0.000080561793723654608
-0.302302302302299985559, 0.000081776649874097201
-0.299799799799799981948, 0.000083021256399849340
-0.297297297297299978336, 0.000084296611505361925
-0.294794794794799974724, 0.000085603755835922876
-0.292292292292300026624, 0.000086943774664985626
-0.289789789789800023012, 0.000088317800214219759
-0.287287287287300019401, 0.000089727014115574693
-0.284784784784800015789, 0.000091172650025375120
-0.282282282282300012177, 0.000092655996401276889
-0.279779779779800008566, 0.000094178399453785999
-0.277277277277300004954, 0.000095741266284992256
-0.274774774774800001342, 0.000097346068228220883
-0.272272272272299997731, 0.000098994344403433447
-0.269769769769799994119, 0.000100687705504458260
-0.267267267267299990507, 0.000102427837835493028
-0.264764764764799986896, 0.000104216507615806559
-0.262262262262299983284, 0.000106055565573205104
-0.259759759759799979673, 0.000107946951848617205
-0.257257257257299976061, 0.000109892701236114475
-0.254754754754799972449, 0.000111894948784852370
-0.252252252252300024349, 0.000113955935791781158
-0.249749749749699989643, 0.000116078016216598968
-0.247247247247200013787, 0.000118263663553294074
-0.244744744744700010175, 0.000120515478195802177
-0.242242242242200006563, 0.000122836195338807007
-0.239739739739700002952, 0.000125228693458589584
-0.237237237237199999340, 0.000127696003423109539
-0.234734734734699995728, 0.000130241318285251008
-0.232232232232199992117, 0.000132868003818415543
-0.229729729729699988505, 0.000135579609859478819
-0.227227227227200012649, 0.000138379882530605559
-0.224724724724700009038, 0.000141272777418616121
-0.222222222222200005426, 0.000144262473798617373
-0.219719719719700001814, 0.000147353389997542856
-0.217217217217199998203, 0.000150550200003220013
-0.214714714714699994591, 0.000153857851435714956
-0.212212212212199990979, 0.000157281585010167208
-0.209709709709699987368, 0.000160826955634276012
-0.207207207207200011512, 0.000164499855299248606
-0.204704704704700007900, 0.000168306537940589166
-0.202202202202200004288, 0.000172253646464862577
-0.199699699699700000677, 0.000176348242160817087
-0.197197197197199997065, 0.000180597836738329210
-0.194694694694699993454, 0.000185010427266966618
-0.192192192192199989842, 0.000189594534318001263
-0.189689689689699986230, 0.000194359243649992719
-0.187187187187200010374, 0.000199314251819232726
-0.184684684684700006763, 0.000204469916143125159
-0.182182182182200003151, 0.000209837309497817366
-0.179679679679699999539, 0.000215428280492114518
-0.177177177177199995928, 0.000221255519629037859
-0.174674674674699992316, 0.000227332632145727973
-0.172172172172199988704, 0.000233674218313325601
-0.169669669669700012848, 0.000240295962082905221
-0.167167167167200009237, 0.000247214729083707085
-0.164664664664700005625, 0.000254448675118475827
-0.162162162162200002014, 0.000262017366460797548
-0.159659659659699998402, 0.000269941913444678671
-0.157157157157199994790, 0.000278245119051673891
-0.154654654654699991179, 0.000286951644450994601
-0.152152152152199987567, 0.000296088193739550785
-0.149649649649600008372, 0.000305683720469551430
-0.147147147147100004760, 0.000315769658950277243
-0.144644644644600001149, 0.000326380183779190355
-0.142142142142099997537, 0.000337552501609224666
-0.139639639639599993926, 0.000349327179810354999
-0.137137137137099990314, 0.000361748517454632860
-0.134634634634599986702, 0.000374864964969355812
-0.132132132132100010846, 0.000388729599893331554
-0.129629629629600007235, 0.000403400667473688835
-0.127127127127100003623, 0.000418942196401653135
-0.124624624624600000011, 0.000435424701862823622
-0.122122122122099996400, 0.000452925990342484199
-0.119619619619600006666, 0.000471532083369481875
-0.117117117117100003054, 0.000491338280716510927
-0.114614614614599999443, 0.000512450387643473217
-0.112112112112099995831, 0.000534986135755994869
-0.109609609609600006097, 0.000559076833185427591
-0.107107107107100002485, 0.000584869287377726339
-0.104604604604599998874, 0.000612528053190889614
-0.102102102102099995262, 0.000642238070742614403
-0.099599599599600005528, 0.000674207772171666361
-0.097097097097100001917, 0.000708672755031516401
-0.094594594594590006298, 0.000745900143549859903
-0.092092092092090002686, 0.000786193788960870728
-0.089589589589589999075, 0.000829900498553772003
-0.087087087087089995463, 0.000877417532685896171
-0.084584584584579999844, 0.000929201673455568814
-0.082082082082079996233, 0.000985780253053695956
-0.079579579579580006499, 0.001047764640967926162
-0.077077077077080002887, 0.001115866836894975058
-0.074574574574569993390, 0.001190920014070996147
-0.072072072072070003657, 0.001273904125155279985
-0.069569569569570000045, 0.001365978047674242272
-0.067067067067069996433, 0.001468520248861521953
-0.064564564564560000814, 0.001583180650109392105
-0.062062062062059997203, 0.001711947357979711534
-0.059559559559560000530, 0.001857233335979719107
-0.057057057057059996918, 0.002021990124831879194
-0.054554554554550001300, 0.002209858699314891459
-0.052052052052049997688, 0.002425371985021464085
-0.049549549549550001015, 0.002674230269014136151
-0.047047047047049997404, 0.002963681076128723245
-0.044544544544540001785, 0.003303051324125457801
-0.042042042042039998173, 0.003704505643016124585
-0.039539539539540001500, 0.004184147601235722706
-0.037037037037039997889, 0.004763652902523979327
-0.034534534534530002270, 0.005472749271791955972
-0.032032032032029998658, 0.006353083313281873354
-0.029529529529529998516, 0.007464434718538169762
-0.027027027027029998374, 0.008895053973869870151
-0.024524524524519999286, 0.010779561518304959719
-0.022022022022019999143, 0.013331424302650819042
-0.019519519519519999001, 0.016905245193233702644
-0.017017017017019998859, 0.022124490293584112011
-0.014514514514509999771, 0.030165752668829346611
-0.012012012012009999629, 0.043459576323031691436
-0.009509509509509999486, 0.067658847681586045675
-0.007007007007007000007, 0.118170410655793048371
-0.004504504504504999729, 0.246413506484930461271
-0.002002002002001999816, 0.637514637588141530600
0.000500500500500499954, 1.006008522491118828412
0.003003003003002999941, 0.428328894077678046237
0.005505505505505999854, 0.178885836907633710702
0.008008008008007999265, 0.092938866721882867905
0.010510510510509999543, 0.056046855985729088223
0.013013013013009999685, 0.037263694314548609365
0.015515515515520000508, 0.026498363528954783225
0.018018018018019998916, 0.019783703418018536158
0.020520520520519999058, 0.015323823808239388916
0.023023023023019999200, 0.012214797633995588128
0.025525525525529998289, 0.009962905606127565872
0.028028028028029998431, 0.008280475362427812402
0.030530530530529998573, 0.006990891522198516145
0.033033033033029998715, 0.005980941706084531156
0.035535535535540001273, 0.005175382499479417968
0.038038038038039997946, 0.004522643565972333905
0.040540540540540001557, 0.003986431730183782711
0.043043043043039998230, 0.003540610751418688581
0.045545545545550000788, 0.003165974984552088079
0.048048048048049997460, 0.002848157346700159933
0.050550550550550001072, 0.002576238047343086274
0.053053053053049997745, 0.002341798295654644400
0.055555555555560000303, 0.002138263568208292973
0.058058058058059996975, 0.001960439489160405342
0.060560560560560000587, 0.001804178400465759110
0.063063063063060004199, 0.001666136216400691990
0.065565565565569999817, 0.001543592679623252955
0.068068068068070003429, 0.001434316813198604308
0.070570570570569993163, 0.001336465037481633471
0.073073073073069996775, 0.001248503196718261021
0.075575575575580006271, 0.001169146293472465977
0.078078078078079996005, 0.001097311481202137068
0.080580580580579999617, 0.001032081084416485101
0.083083083083080003228, 0.000972673274934276371
0.085585585585589998847, 0.000918418645383887989
0.088088088088090002459, 0.000868741362828622096
0.090590590590590006070, 0.000823143907254992517
0.093093093093089995804, 0.000781194636463118782
0.095595595595600005301, 0.000742517594727146483
0.098098098098099995035, 0.000706784114281245506
0.100600600600599998646, 0.000673705858121337797
0.103103103103100002258, 0.000643029028273824185
0.105605605605600005870, 0.000614529521675179777
0.108108108108099995603, 0.000588008860564385267
0.110610610610599999215, 0.000563290759061251824
0.113113113113100002827, 0.000540218214785046381
0.115615615615600006438, 0.000518651035742518718
0.118118118118099996172, 0.000498463729618193758
0.120620620620599999784, 0.000479543696040051089
0.123123123123100003395, 0.000461789673135320805
0.125625625625600007007, 0.000445110398318263652
0.128128128128100010619, 0.000429423450213466671
0.130630630630599986475, 0.000414654244261255622
0.133133133133099990086, 0.000400735159145926951
0.135635635635599993698, 0.000387604774943149470
0.138138138138099997310, 0.000375207206965400236
0.140640640640600000921, 0.000363491521824022001
0.143143143143100004533, 0.000352411224326743661
0.145645645645600008145, 0.000341923805572507517
0.148148148148100011756, 0.000331990344056922761
0.150650650650699990951, 0.000322575152814373915
0.153153153153199994563, 0.000313645466639253317
0.155655655655699998174, 0.000305171164283357015
0.158158158158200001786, 0.000297124521247092753
0.160660660660700005398, 0.000289479989391553153
0.163163163163200009009, 0.000282214000115296531
0.165665665665700012621, 0.000275304788279124137
0.168168168168199988477, 0.000268732234436779276
0.170670670670699992089, 0.000262477723249726440
0.173173173173199995700, 0.000256524016238528858
0.175675675675699999312, 0.000250855137259027030
0.178178178178200002924, 0.000245456269294389864
0.180680680680700006535, 0.000240313661329204508
0.183183183183200010147, 0.000235414544223180660
0.185685685685700013758, 0.000230747054633287699
0.188188188188199989614, 0.000226300166147167854
0.190690690690699993226, 0.000222063626889908167
0.193193193193199996838, 0.000218027902952863336
0.195695695695700000449, 0.000214184127068934986
0.198198198198200004061, 0.000210524052025061849
0.200700700700700007673, 0.000207040008360956482
0.203203203203200011284, 0.000203724865954410788
0.205705705705699987140, 0.000200571999138771773
0.208208208208199990752, 0.000197575255038226152
0.210710710710699994364, 0.000194728924842058916
0.213213213213199997975, 0.000192027717770659284
0.215715715715700001587, 0.000189466737514249980
0.218218218218200005198, 0.000187041460950586688
0.220720720720700008810, 0.000184747718970596978
0.223223223223200012422, 0.000182581679261449597
0.225725725725699988278, 0.000180539830915187662
0.228228228228199991889, 0.000178618970748069185
0.230730730730699995501, 0.000176816191231408336
0.233233233233199999113, 0.000175128869949195588
0.235735735735700002724, 0.000173554660511306998
0.238238238238200006336, 0.000172091484863871847
0.240740740740700009948, 0.000170737526950525087
0.243243243243200013559, 0.000169491227689985729
0.245745745745699989415, 0.000168351281246840800
0.248248248248199993027, 0.000167316632583710032
0.250750750750799999977, 0.000166386476294298627
0.253253253253300003589, 0.000165560256728343561
0.255755755755800007201, 0.000164837669431303177
0.258258258258300010812, 0.000164218663933995773
0.260760760760800014424, 0.000163703447940437307
0.263263263263300018036, 0.000163292492976079251
0.265765765765800021647, 0.000162986541573704449
0.268268268268300025259, 0.000162786616090674241
0.270770770770799973359, 0.000162694029269295088
0.273273273273299976971, 0.000162710396672126616
0.275775775775799980583, 0.000162837651146438350
0.278278278278299984194, 0.000163078059497183208
0.280780780780799987806, 0.000163434241576274454
0.283283283283299991417, 0.000163909192028225249
0.285785785785799995029, 0.000164506304969008570
0.288288288288299998641, 0.000165229401917129406
0.290790790790800002252, 0.000166082763344330088
0.293293293293300005864, 0.000167071164269194628
0.295795795795800009476, 0.000168199914381537752
0.298298298298300013087, 0.000169474903260470757
0.300800800800800016699, 0.000170902651336351320
0.303303303303300020310, 0.000172490367348801846
0.305805805805800023922, 0.000174246013172388390
0.308308308308300027534, 0.000176178377021834250
0.310810810810799975634, 0.000178297156213888373
0.313313313313299979246, 0.000180613050858229832
0.315815815815799982857, 0.000183137870081224942
0.318318318318299986469, 0.000185884652661480508
0.320820820820799990081, 0.000188867804284296369
0.323323323323299993692, 0.000192103254014770237
0.325825825825799997304, 0.000195608633060712333
0.328328328328300000916, 0.000199403479464495465
0.330830830830800004527, 0.000203509473049638597
0.333333333333300008139, 0.000207950705781339201
0.335835835835800011751, 0.000212753993715450679
0.338338338338300015362, 0.000217949237952316268
0.340840840840800018974, 0.000223569843537306452
0.343343343343300022585, 0.000229653207131679584
0.345845845845800026197, 0.000236241286609397094
0.348348348348299974298, 0.000243381268638983054
0.350850850850900009004, 0.000251126353942463562
0.353353353353400012615, 0.000259536684492572476
0.355855855855900016227, 0.000268680442687021083
0.358358358358400019839, 0.000278635159885957397
0.360860860860900023450, 0.000289489281097593423
0.363363363363400027062, 0.000301344044695601001
0.365865865865899975162, 0.000314315751728137869
0.368368368368399978774, 0.000328538519830888585
0.370870870870899982386, 0.000344167643635994315
0.373373373373399985997, 0.000361383719167422614
0.375875875875899989609, 0.000380397737245525354
0.378378378378399993220, 0.000401457414939870362
0.380880880880899996832, 0.000424855121120466328
0.383383383383400000444, 0.000450937871582414527
0.385885885885900004055, 0.000480120034844860183
0.388388388388400007667, 0.000512899621990373523
0.390890890890900011279, 0.000549879363522370922
0.393393393393400014890, 0.000591794249980011930
0.395895895895900018502, 0.000639547903416018285
0.398398398398400022113, 0.000694261167853682396
0.400900900900900025725, 0.000757337841256089058
0.403403403403399973826, 0.000830554818016413995
0.405905905905899977437, 0.000916187568001189433
0.408408408408399981049, 0.001017187697251846230
0.410910910910899984660, 0.001137438808399604583
0.413413413413399988272, 0.001282132693256063730
0.415915915915899991884, 0.001458335039327001781
0.418418418418399995495, 0.001675857917509365356
0.420920920920899999107, 0.001948644523881800381
0.423423423423400002719, 0.002297039998889222057
0.425925925925900006330, 0.002751658352434788093
0.428428428428400009942, 0.003360262918122828776
0.430930930930900013553, 0.004200659442030233413
0.433433433433400017165, 0.005406400212836883976
0.435935935935900020777, 0.007222040202545242614
0.438438438438400024388, 0.010133555289151833373
0.440940940940899972489, 0.015214774865594530434
0.443443443443399976100, 0.025198148820708476947
0.445945945945899979712, 0.048467275684993753326
0.448448448448399983324, 0.116031630266972649035
0.450950950951000018030, 0.272069566660285422355
0.453453453453500021642, 0.171898496186855653800
0.455955955956000025253, 0.066497232439581693830
0.458458458458499973354, 0.031935068831566493230
0.460960960960999976965, 0.018314900229455890329
0.463463463463499980577, 0.011787231511241559948
0.465965965965999984189, 0.008200321721444732079
0.468468468468499987800, 0.006030230750423790087
0.470970970970999991412, 0.004621513304186207309
0.473473473473499995023, 0.003656802787199947818
0.475975975975999998635, 0.002967898943692441963
0.478478478478500002247, 0.002459122325756844026
0.480980980981000005858, 0.002072868234974163237
0.483483483483500009470, 0.001772805420378062349
0.485985985986000013082, 0.001535114972219147819
0.488488488488500016693, 0.001343661158260243569
0.490990990991000020305, 0.001187202052259594270
0.493493493493500023916, 0.001057712643490561549
0.495995995996000027528, 0.000949341296687461521
0.498498498498499975629, 0.000857740467796458536
0.501001001000999979240, 0.000779625903319794119
0.503503503503500038363, 0.000712479403720952631
0.506006006005999986463, 0.000654344132942283221
0.508508508508500045586, 0.000603680969733195322
0.511011011010999993687, 0.000559265960949661620
0.513513513513500052809, 0.000520115972590263565
0.516016016016000000910, 0.000485434017341160871
0.518518518518499949010, 0.000454568527340013591
0.521021021021000008133, 0.000426982652000647603
0.523523523523499956234, 0.000402230857820971323
0.526026026026000015356, 0.000379940911522742646
0.528528528528499963457, 0.000359799876759146569
0.531031031031000022580, 0.000341543134483608636
0.533533533533499970680, 0.000324945703427511863
0.536036036036000029803, 0.000309815326196833068
0.538538538538499977903, 0.000295986922236049390
0.541041041041000037026, 0.000283318107407004799
0.543543543543499985127, 0.000271685552125029641
0.546046046046000044250, 0.000260982003408841503
0.548548548548499992350, 0.000251113836070838178
0.551051051051099971545, 0.000241999028283699857
0.553553553553600030668, 0.000233565479525187384
0.556056056056099978768, 0.000225749606302851183
0.558558558558600037891, 0.000218495164453202224
0.561061061061099985992, 0.000211752257187628861
0.563563563563600045114, 0.000205476496150089257
0.566066066066099993215, 0.000199628289100745114
0.568568568568600052338, 0.000194172232849684436
0.571071071071100000438, 0.000189076594039920787
0.573573573573599948539, 0.000184312863549345129
0.576076076076100007661, 0.000179855372822768539
0.578578578578599955762, 0.000175680962492238198
0.581081081081100014885, 0.000171768695300182785
0.583583583583599962985, 0.000168099606686127501
0.586086086086100022108, 0.000164656487496425447
0.588588588588599970208, 0.000161423694176806426
0.591091091091100029331, 0.000158386982548250766
0.593593593593599977432, 0.000155533361878328291
0.596096096096100036554, 0.000152850966467030485
0.598598598598599984655, 0.000150328942387658335
0.601101101101100043778, 0.000147957347375053357
0.603603603603599991878, 0.000145727062147891416
0.606106106106100051001, 0.000143629711698991234
0.608608608608599999101, 0.000141657595295816442
0.611111111111099947202, 0.000139803624109235324
0.613613613613600006325, 0.000138061265537587149
0.616116116116099954425, 0.000136424493419642771
0.618618618618600013548, 0.000134887743437810429
0.621121121121099961648, 0.000133445873104937708
0.623623623623600020771, 0.000132094125806803749
0.626126126126099968872, 0.000130828098439950976
0.628628628628600027994, 0.000129643712242595447
0.631131131131099976095, 0.000128537186466423160
0.633633633633600035218, 0.000127505014580322877
0.636136136136099983318, 0.000126543942734537554
0.638638638638600042441, 0.000125650950246186362
0.641141141141099990541, 0.000124823231895323996
0.643643643643600049664, 0.000124058181845281153
0.646146146146099997765, 0.000123353379022466607
0.648648648648599945865, 0.000122706573809556145
0.651151151151200036082, 0.000122115675922403557
0.653653653653699984183, 0.000121578743355407049
0.656156156156200043306, 0.000121093972292718601
0.658658658658699991406, 0.000120659687893820558
0.661161161161200050529, 0.000120274335871816762
0.663663663663699998629, 0.000119936474791458656
0.666166166166199946730, 0.000119644769021601399
0.668668668668700005853, 0.000119397982283583895
0.671171171171199953953, 0.000119194971743061056
0.673673673673700013076, 0.000119034682598179598
0.676176176176199961176, 0.000118916143121763652
0.678678678678700020299, 0.000118838460119430746
0.681181181181199968400, 0.000118800814769363103
0.683683683683700027522, 0.000118802458812855945
0.686186186186199975623, 0.000118842711067809097
0.688688688688700034746, 0.000118920954240062706
0.691191191191199982846, 0.000119036632009927347
0.693693693693700041969, 0.000119189246373473801
0.696196196196199990069, 0.000119378355220134700
0.698698698698700049192, 0.000119603570129972855
0.701201201201199997293, 0.000119864554375596145
0.703703703703699945393, 0.000120161021115177102
0.706206206206200004516, 0.000120492731764374353
0.708708708708699952616, 0.000120859494536174845
0.711211211211200011739, 0.000121261163138789346
0.713713713713699959840, 0.000121697635622753254
0.716216216216200018962, 0.000122168853369319003
0.718718718718699967063, 0.000122674800213088499
0.721221221221200026186, 0.000123215501692624840
0.723723723723699974286, 0.000123791024423522064
0.726226226226200033409, 0.000124401475589090466
0.728728728728699981509, 0.000125047002544459147
0.731231231231200040632, 0.000125727792530488513
0.733733733733699988733, 0.000126444072494456806
0.736236236236200047856, 0.000127196109015011800
0.738738738738699995956, 0.000127984208329390753
0.741241241241200055079, 0.000128808716461396671
0.743743743743700003179, 0.000129670019449087791
0.746246246246199951280, 0.000130568543671591051
0.748748748748700010403, 0.000131504756274894116
0.751251251251299989597, 0.000132479165696905486
0.753753753753800048720, 0.000133492322292502692
0.756256256256299996821, 0.000134544819059717298
0.758758758758799944921, 0.000135637292468636362
0.761261261261300004044, 0.000136770423395030983
0.763763763763799952144, 0.000137944938161166353
0.766266266266300011267, 0.000139161609686695232
0.768768768768799959368, 0.000140421258752999769
0.771271271271300018491, 0.000141724755384826386
0.773773773773799966591, 0.000143073020353553252
0.776276276276300025714, 0.000144467026806948572
0.778778778778799973814, 0.000145907802030823994
0.781281281281300032937, 0.000147396429348556975
0.783783783783799981038, 0.000148934050165063951
0.786286286286300040160, 0.000150521866162446133
0.788788788788799988261, 0.000152161141655214680
0.791291291291300047384, 0.000153853206113728941
0.793793793793799995484, 0.000155599456865263528
0.796296296296300054607, 0.000157401361982952937
0.798798798798800002707, 0.000159260463373764994
0.801301301301299950808, 0.000161178380077618190
0.803803803803800009931, 0.000163156811790804576
0.806306306306299958031, 0.000165197542628007046
0.808808808808800017154, 0.000167302445138420162
0.811311311311299965254, 0.000169473484592807893
0.813813813813800024377, 0.000171712723559768929
0.816316316316299972478, 0.000174022326791038452
0.818818818818800031600, 0.000176404566437358403
0.821321321321299979701, 0.000178861827618295233
0.823823823823800038824, 0.000181396614371406406
0.826326326326299986924, 0.000184011556008358045
0.828828828828800046047, 0.000186709413908009826
0.831331331331299994147, 0.000189493088779116081
0.833833833833800053270, 0.000192365628428183954
0.836336336336300001371, 0.000195330236071195376
0.838838838838799949471, 0.000198390279231374300
0.841341341341300008594, 0.000201549299269009887
0.843843843843799956694, 0.000204811021593529510
0.846346346346300015817, 0.000208179366612665803
0.848848848848799963918, 0.000211658461478639141
0.851351351351400054135, 0.000215252652696913910
0.853853853853900002235, 0.000218966519669300610
0.856356356356399950336, 0.000222804889250030223
0.858858858858900009459, 0.000226772851401050251
0.861361361361399957559, 0.000230875776041196163
0.863863863863900016682, 0.000235119331193240906
0.866366366366399964782, 0.000239509502543205915
0.868868868868900023905, 0.000244052614537828422
0.871371371371399972006, 0.000248755353158940107
0.873873873873900031128, 0.000253624790527792895
0.876376376376399979229, 0.000258668411508329349
0.878878878878900038352, 0.000263894142496223132
0.881381381381399986452, 0.000269310382600422625
0.883883883883900045575, 0.000274926037446277460
0.886386386386399993675, 0.000280750555854326726
0.888888888888900052798, 0.000286793969676932639
0.891391391391400000899, 0.000293066937106538014
0.893893893893899948999, 0.000299580789804863195
0.896396396396400008122, 0.000306347584242486312
0.898898898898899956222, 0.000313380157683494935
0.901401401401400015345, 0.000320692189301099615
0.903903903903899963446, 0.000328298266968091385
0.906406406406400022568, 0.000336213960331756745
0.908908908908899970669, 0.000344455900857624738
0.911411411411400029792, 0.000353041869611421619
0.913913913913899977892, 0.000361990893645554768
0.916416416416400037015, 0.000371323351967151830
0.918918918918899985115, 0.000381061092191277428
0.921421421421400044238, 0.000391227559128132858
0.923923923923899992339, 0.000401847936719649319
0.926426426426400051461, 0.000412949304932629785
0.928928928928899999562, 0.000424560813436636016
0.931431431431399947662, 0.000436713874150074623
0.933933933933900006785, 0.000449442375033558283
0.936436436436399954886, 0.000462782917852433342
0.938938938938900014008, 0.000476775083029055665
0.941441441441399962109, 0.000491461725170025811
0.943943943943900021232, 0.000506889303396288946
0.946446446446399969332, 0.000523108251239684323
0.948948948948900028455, 0.000540173391615685321
0.951451451451500007650, 0.000558144403260479372
0.953953953953999955750, 0.000577086346057338042
0.956456456456500014873, 0.000597070253904279221
0.958958958958999962974, 0.000618173805231788222
0.961461461461500022097, 0.000640482083013595182
0.963963963963999970197, 0.000664088438184816518
0.966466466466500029320, 0.000689095472863530370
0.968968968968999977420, 0.000715616162755113505
0.971471471471500036543, 0.000743775141717710605
0.973973973973999984644, 0.000773710175824062602
0.976476476476500043766, 0.000805573859549474206
0.978978978978999991867, 0.000839535573174493197
0.981481481481500050990, 0.000875783748401620502
0.983983983983999999090, 0.000914528498915887617
0.986486486486499947191, 0.000956004684639809679
0.988988988989000006313, 0.001000475493351834014
0.991491491491499954414, 0.001048236641940892503
0.993993993994000013537, 0.001099621322884048553
0.996496496496499961637, 0.001155006050906284701
0.998998998999000020760, 0.001214817601986925783
1.001501501501999902288, 0.001279541284277646053
1.004004004003999916961, 0.001349730841249768354
1.006506506507000020534, 0.001426020365750363655
1.009009009009000035206, 0.001509138705396801880
1.011511511511999916735, 0.001599926972789350588
1.014014014013999931407, 0.001699359949294757715
1.016516516517000034980, 0.001808572403864916814
1.019019019019000049653, 0.001928891659900846493
1.021521521521999931181, 0.002061878163944686447
1.024024024023999945854, 0.002209376383610027299
1.026526526527000049427, 0.002373579151990935256
1.029029029029000064099, 0.002557109674906462432
1.031531531531999945628, 0.002763126964297707953
1.034034034033999960300, 0.002995462664988593655
1.036536536537000063873, 0.003258800423061351207
1.039039039039000078546, 0.003558913600501609729
1.041541541541999960074, 0.003902984061042441902
1.044044044043999974747, 0.004300035207457797264
1.046546546547000078320, 0.004761528531615979651
1.049049049049000092992, 0.005302198159626583807
1.051551551551999974521, 0.005941238284606008627
1.054054054053999989193, 0.006704024667008790482
1.056556556557000092766, 0.007624662982442863973
1.059059059059000107439, 0.008749850195171767625
1.061561561561999988967, 0.010144881302344702784
1.064064064064000003640, 0.011903276384816523226
1.066566566567000107213, 0.014162746073258701551
1.069069069068999899841, 0.017132735114893979378
1.071571571572000003414, 0.021144185792706084170
1.074074074074000018086, 0.026744499888927603104
1.076576576576999899615, 0.034891067271765774382
1.079079079078999914287, 0.047378708872807852315
1.081581581582000017860, 0.067883432969845294847
1.084084084084000032533, 0.104858178334177210012
1.086586586586999914061, 0.180993305878290156041
1.089089089088999928734, 0.370679689549121837988
1.091591591592000032307, 0.947141955980633332146
1.094094094094000046979, 1.666974083664708672359
1.096596596596999928508, 0.751783878594402099615
1.099099099098999943180, 0.308039522491412975924
1.101601601602000046753, 0.157540888250983224239
1.104104104104000061426, 0.094051702221767896628
1.106606606606999942954, 0.062115511177266838350
1.109109109108999957627, 0.043966231075180953192
1.111611611612000061200, 0.032715808120590772479
1.114114114114000075872, 0.025278262513940209094
1.116616616616999957401, 0.020112519400756142390
1.119119119118999972073, 0.016382016337921675997
1.121621621622000075646, 0.013601712134505245660
1.124124124124000090319, 0.011475012899020980636
1.126626626626999971847, 0.009812433791443758366
1.129129129128999986520, 0.008488394489318453612
1.131631631632000090093, 0.007417032702816792229
1.134134134134000104766, 0.006538048363790439910
1.136636636636999986294, 0.005808096355855709055
1.139139139139000000966, 0.005195376961784210247
1.141641641642000104540, 0.004676136165874643022
1.144144144143999897167, 0.004232342937211197587
1.146646646647000000740, 0.003850112245184279715
1.149149149149000015413, 0.003518612394665714127
1.151651651651999896941, 0.003229293957227727906
1.154154154153999911614, 0.002975336561328340446
1.156656656657000015187, 0.002751245967430261154
1.159159159159000029859, 0.002552556540204023970
1.161661661661999911388, 0.002375608762486846638
1.164164164163999926060, 0.002217380924644565474
1.166666666667000029634, 0.002075360428351417322
1.169169169169000044306, 0.001947444401848301161
1.171671671671999925834, 0.001831862242406032603
1.174174174173999940507, 0.001727114730142139971
1.176676676677000044080, 0.001631925785273642985
1.179179179179000058753, 0.001545203958201979335
1.181681681681999940281, 0.001466011474751968777
1.184184184183999954953, 0.001393539192489254199
1.186686686687000058527, 0.001327086216378054037
1.189189189189000073199, 0.001266043213210224332
1.191691691691999954728, 0.001209878682243566931
1.194194194193999969400, 0.001158127604102972621
1.196696696697000072973, 0.001110382015320128448
1.199199199199000087646, 0.001066283152070424730
1.201701701701999969174, 0.001025514881093366826
1.204204204203999983847, 0.000987798193879642393
1.206706706707000087420, 0.000952886586004348139
1.209209209209000102092, 0.000920562180014926888
1.211711711711999983621, 0.000890632479870006937
1.214214214213999998293, 0.000862927669400485875
1.216716716717000101866, 0.000837298388123974358
1.219219219218999894494, 0.000813613936289657273
1.221721721721999998067, 0.000791760878493963198
1.224224224224000012740, 0.000771642032884592519
1.226726726726999894268, 0.000753175852388168212
1.229229229228999908941, 0.000736296227542908017
1.231731731732000012514, 0.000720952770190980293
1.234234234234000027186, 0.000707111677651940814
1.236736736736999908715, 0.000694757334521654574
1.239239239238999923387, 0.000683894894265553097
1.241741741742000026960, 0.000674554212320817347
1.244244244244000041633, 0.000666795705222822822
1.246746746746999923161, 0.000660719036126677971
1.249249249248999937834, 0.000656476064749619533
1.251751751752000041407, 0.000654290412201248691
1.254254254254000056079, 0.000654487587846473793
1.256756756756999937608, 0.000657542515910875002
1.259259259258999952280, 0.000664156735937746238
1.261761761762000055853, 0.000675388227951072588
1.264264264264000070526, 0.000692878848849568072
1.266766766766999952054, 0.000719272540492928592
1.269269269268999966727, 0.000759030146610541797
1.271771771772000070300, 0.000820132267967653601
1.274274274274000084972, 0.000917959149254045630
1.276776776776999966501, 0.001085144548008810331
1.279279279278999981173, 0.001400327641399370937
1.281781781782000084746, 0.002088210942154432662
1.284284284284000099419, 0.003937578195292001058
1.286786786786999980947, 0.009397785270121925341
1.289289289288999995620, 0.010126683451542174350
1.291791791792000099193, 0.004268987403476915202
1.294294294293999891821, 0.002211134609611675392
1.296796796796999995394, 0.001466752166700471122
1.299299299299000010066, 0.001135355445752142447
1.301801801801999891595, 0.000965010683222982833
1.304304304303999906267, 0.000869290497283355980
1.306806806807000009840, 0.000812896104214553021
1.309309309309000024513, 0.000779416367994761189
1.311811811811999906041, 0.000760450769648647086
1.314314314313999920714, 0.000751379472173117815
1.316816816817000024287, 0.000749525544903645443
1.319319319319000038959, 0.000753283401995178672
1.321821821821999920488, 0.000761675458013532118
1.324324324323999935160, 0.000774113602202473644
1.326826826827000038733, 0.000790265142746006052
1.329329329329000053406, 0.000809975111634803394
1.331831831831999934934, 0.000833220585231157123
1.334334334333999949607, 0.000860084149828083751
1.336836836837000053180, 0.000890739483269788320
1.339339339339000067852, 0.000925445150613588442
1.341841841841999949381, 0.000964544475758680403
1.344344344343999964053, 0.001008470411511410694
1.346846846847000067626, 0.001057755026864290807
1.349349349349000082299, 0.001113043748260847138
1.351851851851999963827, 0.001175114943375808784
1.354354354353999978500, 0.001244905900116172279
1.356856856857000082073, 0.001323546798505654707
1.359359359359000096745, 0.001412404973167203205
1.361861861861999978274, 0.001513142714851778339
1.364364364363999992946, 0.001627793196752411013
1.366866866867000096519, 0.001758861039315093733
1.369369369368999889147, 0.001909456863120121512
1.371871871871999992720, 0.002083479428608541514
1.374374374374000007393, 0.002285865447581736636
1.376876876877000110966, 0.002522937246868710640
1.379379379378999903594, 0.002802894510463701909
1.381881881882000007167, 0.003136522419478586510
1.384384384384000021839, 0.003538232020594061708
1.386886886886999903368, 0.004027623260318660865
1.389389389388999918040, 0.004631893083511069362
1.391891891892000021613, 0.005389652690548344185
1.394394394394000036286, 0.006357178558341635734
1.396896896896999917814, 0.007619039685850697609
1.399399399398999932487, 0.009306970344311238721
1.401901901902000036060, 0.011635154346394746203
1.404404404404000050732, 0.014970375226457968004
1.406906906906999932261, 0.019982308361543389685
1.409409409408999946933, 0.027996748183014650430
1.411911911912000050506, 0.041928836512958360394
1.414414414414000065179, 0.069147617617763917908
1.416916916916999946707, 0.132071581310844926582
1.419419419418999961380, 0.313293829479395657955
1.421921921922000064953, 0.751778911698370855277
1.424424424424000079625, 0.502593384632456174899
1.426926926926999961154, 0.193445592638874674929
1.429429429428999975826, 0.092042465108789064954
1.431931931932000079399, 0.052447363246635549106
1.434434434434000094072, 0.033597218665607504751
1.436936936936999975600, 0.023286738776954082203
1.439439439438999990273, 0.017069191949202540404
1.441941941942000093846, 0.013042695536876116463
1.444444444444000108518, 0.010290222955859016848
1.446946946946999990047, 0.008327338787683834925
1.449449449449000004719, 0.006879184693681501123
1.451951951952000108292, 0.005780624902826047261
1.454454454453999900920, 0.004927687866112686818
1.456956956957000004493, 0.004252308002925201530
1.459459459459000019166, 0.003708432092809989516
1.461961961961999900694, 0.003264008320841316722
1.464464464463999915367, 0.002896177607853749753
1.466966966967000018940, 0.002588285076689578364
1.469469469469000033612, 0.002327965536497571611
1.471971971971999915141, 0.002105883837972792084
1.474474474473999929813, 0.001914886251291423192
1.476976976977000033386, 0.001749416541249917013
1.479479479479000048059, 0.001605106477350138391
1.481981981981999929587, 0.001478483704147035439
1.484484484483999944260, 0.001366760067371986746
1.486986986987000047833, 0.001267676045308203285
1.489489489489000062505, 0.001179384919236058484
1.491991991991999944034, 0.001100365495954169943
1.494494494493999958706, 0.001029355616195480518
1.496996996997000062279, 0.000965300980020917273
1.499499499499000076952, 0.000907315386834473860
1.502002002001999958480, 0.000854649571201061570
1.504504504505000062053, 0.000806666575027571069
1.507007007007000076726, 0.000762822135426936940
1.509509509509999958254, 0.000722648954217106586
1.512012012011999972927, 0.000685743995449823751
1.514514514515000076500, 0.000651758162832999800
1.517017017017000091172, 0.000620387860872972973
1.519519519519999972701, 0.000591368056952546947
1.522022022021999987373, 0.000564466546879219223
1.524524524525000090946, 0.000539479191142042992
1.527027027027000105619, 0.000516225938554433104
1.529529529529999987147, 0.000494547492002951746
1.532032032032000001820, 0.000474302500492346474
1.534534534535000105393, 0.000455365184653186786
1.537037037036999898021, 0.000437623320899475552
1.539539539540000001594, 0.000420976523640657083
1.542042042042000016266, 0.000405334776230148117
1.544544544544999897795, 0.000390617170325478877
1.547047047046999912467, 0.000376750820542846583
1.549549549550000016040, 0.000363669927092908360
1.552052052052000030713, 0.000351314963780378778
1.554554554554999912241, 0.000339631972565658828
1.557057057056999926914, 0.000328571949000245841
1.559559559560000030487, 0.000318090305398974595
1.562062062062000045159, 0.000308146400710444020
1.564564564564999926688, 0.000298703127779561064
1.567067067066999941360, 0.000289726550131764657
1.569569569570000044934, 0.000281185581602102239
1.572072072072000059606, 0.000273051703128340340
1.574574574574999941134, 0.000265298711860745230
1.577077077076999955807, 0.000257902498441044364
1.579579579580000059380, 0.000250840848892466362
1.582082082082000074053, 0.000244093268060432516
1.584584584584999955581, 0.000237640821965147349
1.587087087086999970253, 0.000231465996785286155
1.589589589590000073827, 0.000225552572496863539
1.592092092092000088499, 0.000219885509451632667
1.594594594594999970028, 0.000214450846402018116
1.597097097096999984700, 0.000209235608670705145
1.599599599600000088273, 0.000204227725327215412
1.602102102102000102946, 0.000199415954375376810
1.604604604604999984474, 0.000194789815077862037
1.607107107106999999147, 0.000190339526649729640
1.609609609610000102720, 0.000186055952644718204
1.612112112111999895347, 0.000181930550437738535
1.614614614614999998921, 0.000177955325276456553
1.617117117117000013593, 0.000174122788435415856
1.619619619619999895122, 0.000170425919059081642
1.622122122121999909794, 0.000166858129326524703
1.624624624625000013367, 0.000163413232611106296
1.627127127127000028040, 0.000160085414344232884
1.629629629629999909568, 0.000156869205323667240
1.632132132131999924241, 0.000153759457234577162
1.634634634635000027814, 0.000150751320175955160
1.637137137137000042486, 0.000147840222006654102
1.639639639639999924015, 0.000145021849344430459
1.642142142141999938687, 0.000142292130068356339
1.644644644645000042260, 0.000139647217190040299
1.647147147147000056933, 0.000137083473972497293
1.649649649649999938461, 0.000134597460187450889
1.652152152151999953134, 0.000132185919412490256
1.654654654655000056707, 0.000129845767279012910
1.657157157157000071379, 0.000127574080590377560
1.659659659659999952908, 0.000125368087237299195
1.662162162161999967580, 0.000123225156844331170
1.664664664665000071153, 0.000121142792087398248
1.667167167167000085826, 0.000119118620627835806
1.669669669669999967354, 0.000117150387613330662
1.672172172171999982027, 0.000115235948700609381
1.674674674675000085600, 0.000113373263558726682
1.677177177177000100272, 0.000111560389815425432
1.679679679679999981801, 0.000109795477412307199
1.682182182181999996473, 0.000108076763337505171
1.684684684685000100046, 0.000106402566707226856
1.687187187186999892674, 0.000104771284169955420
1.689689689689999996247, 0.000103181385609294211
1.692192192192000010920, 0.000101631410123436246
1.694694694694999892448, 0.000100119962261047599
1.697197197196999907121, 0.000098645708495004650
1.699699699700000010694, 0.000097207373916923486
1.702202202202000025366, 0.000095803739136784470
1.704704704704999906895, 0.000094433637373203256
1.707207207206999921567, 0.000093095951721033622
1.709709709710000025140, 0.000091789612584026499
1.712212212212000039813, 0.000090513595261219377
1.714714714714999921341, 0.000089266917676596302
1.717217217216999936014, 0.000088048638242355784
1.719719719720000039587, 0.000086857853846849668
1.722222222222000054259, 0.000085693697958925648
1.724724724724999935788, 0.000084555338841017411
1.727227227226999950460, 0.000083441977863889759
1.729729729730000054033, 0.000082352847916462738
1.732232232232000068706, 0.000081287211904614023
1.734734734734999950234, 0.000080244361333296887
1.737237237236999964907, 0.000079223614966713468
1.739739739740000068480, 0.000078224317561654411
1.742242242242000083152, 0.000077245838669458760
1.744744744744999964681, 0.000076287571502363144
1.747247247246999979353, 0.000075348931860301567
1.749749749750000082926, 0.000074429357114486544
1.752252252252000097599, 0.000073528305244351068
1.754754754754999979127, 0.000072645253924661767
1.757257257256999993800, 0.000071779699659826920
1.759759759760000097373, 0.000070931156962620136
1.762262262261999890001, 0.000070099157574724327
1.764764764764999993574, 0.000069283249726669540
1.767267267267000008246, 0.000068482997434896503
1.769769769769999889775, 0.000067697979833823398
1.772272272271999904447, 0.000066927790540929585
1.774774774775000008020, 0.000066172037052995684
1.777277277277000022693, 0.000065430340171757667
1.779779779779999904221, 0.000064702333457340684
1.782282282281999918894, 0.000063987662707940766
1.784784784785000022467, 0.000063285985464317138
1.787287287287000037139, 0.000062596970537745421
1.789789789789999918668, 0.000061920297560165015
1.792292292291999933340, 0.000061255656555330037
1.794794794795000036913, 0.000060602747529845038
1.797297297297000051586, 0.000059961280083033315
1.799799799799999933114, 0.000059330973034648206
1.802302302301999947787, 0.000058711554069495899
1.804804804805000051360, 0.000058102759398092817
1.807307307307000066032, 0.000057504333432531623
1.809809809809999947561, 0.000056916028476777734
1.812312312311999962233, 0.000056337604430662462
1.814814814815000065806, 0.000055768828506881284
1.817317317317000080479, 0.000055209474960344444
1.819819819819999962007, 0.000054659324829264072
1.822322322321999976680, 0.000054118165687396446
1.824824824825000080253, 0.000053585791406890077
1.827327327327000094925, 0.000053062001931221060
1.829829829829999976454, 0.000052546603057725144
1.832332332331999991126, 0.000052039406229263086
1.834834834835000094699, 0.000051540228334580679
1.837337337337000109372, 0.000051048891516948823
1.839839839839999990900, 0.000050565222990690665
1.842342342342000005573, 0.000050089054865224561
1.844844844845000109146, 0.000049620223976270286
1.847347347346999901774, 0.000049158571723885302
1.849849849850000005347, 0.000048703943917014834
1.852352352352000020019, 0.000048256190624256052
1.854854854854999901548, 0.000047815166030552170
1.857357357356999916220, 0.000047380728299546942
1.859859859860000019793, 0.000046952739441343449
1.862362362362000034466, 0.000046531065185424772
1.864864864864999915994, 0.000046115574858505444
1.867367367366999930667, 0.000045706141267095026
1.869869869870000034240, 0.000045302640584565591
1.872372372372000048912, 0.000044904952242525272
1.874874874874999930441, 0.000044512958826310033
1.877377377376999945113, 0.000044126545974414690
1.879879879880000048686, 0.000043745602281693298
1.882382382382000063359, 0.000043370019206166876
1.884884884884999944887, 0.000042999690979284776
1.887387387386999959560, 0.000042634514519492711
1.889889889890000063133, 0.000042274389348968141
1.892392392392000077805, 0.000041919217513389864
1.894894894894999959334, 0.000041568903504615124
1.897397397396999974006, 0.000041223354186143469
1.899899899900000077579, 0.000040882478721252410
1.902402402402000092252, 0.000040546188503694710
1.904904904904999973780, 0.000040214397090853124
1.907407407406999988453, 0.000039887020139252211
1.909909909910000092026, 0.000039563975342332290
1.912412412412000106698, 0.000039245182370394266
1.914914914914999988227, 0.000038930562812628745
1.917417417417000002899, 0.000038620040121146104
1.919919919920000106472, 0.000038313539556928749
1.922422422421999899100, 0.000038010988137629416
1.924924924925000002673, 0.000037712314587143466
1.927427427427000017346, 0.000037417449286885803
1.929929929929999898874, 0.000037126324228706515
1.932432432431999913547, 0.000036838872969381748
1.934934934935000017120, 0.000036555030586619512
1.937437437437000031792, 0.000036274733636522516
1.939939939939999913321, 0.000035997920112452444
1.942442442441999927993, 0.000035724529405243140
1.944944944945000031566, 0.000035454502264711189
1.947447447447000046239, 0.000035187780762416193
1.949949949949999927767, 0.000034924308255623331
1.952452452451999942440, 0.000034664029352424319
1.954954954955000046013, 0.000034406889877973395
1.957457457457000060685, 0.000034152836841797939
1.959959959959999942214, 0.000033901818406144069
1.962462462461999956886, 0.000033653783855319735
1.964964964965000060459, 0.000033408683565999109
1.967467467467000075132, 0.000033166468978453837
1.969969969969999956660, 0.000032927092568677602
1.972472472471999971333, 0.000032690507821372451
1.974974974975000074906, 0.000032456669203765978
1.977477477477000089578, 0.000032225532140230336
1.979979979979999971107, 0.000031997052987674441
1.982482482481999985779, 0.000031771189011682653
1.984984984985000089353, 0.000031547898363373785
1.987487487487000104025, 0.000031327140056955298
1.989989989989999985553, 0.000031108873947948956
1.992492492492000000226, 0.000030893060712064598
1.994994994995000103799, 0.000030679661824699952
1.997497497496999896427, 0.000030468639541045231
2.000000000000000000000, 0.000030259956876771770
