# Delta1: 0.465
# Delta2: 1.17
# Delta3: 1.355
# Dq: 0.1355
# Ds: 0.04
# Dt: 0.061000000000000006
# k1_lab: [1, 0, 0]
# k2_lab: [-0.8660254037844387, 0.49999999999999994, 0.0]
# k1_cf: [-0.08715574274765808, -0.9961946980917455, 0.0]
# k2_cf: [0.5735764363510459, 0.8191520442889919, 0.0]
# pol1_lab: [(0, 1, 0), (0, 0, 1)]
# pol2_lab: "[array([-0.5      , -0.8660254,  0.       ]), array([0., 0., 1.])]"
# pol1_cf: "[array([ 0.9961947 , -0.08715574,  0.        ]), array([0., 0., 1.])]"
# pol2_cf: "[array([-0.81915204,  0.57357644,  0.        ]), array([0., 0., 1.])]"
# cf: "[array([-0.08715574,  0.9961947 ,  0.        ]), array([-0.9961947 , -0.08715574,  0.        ]), array([0., 0., 1.])]"
# th: 50
-0.500000000000000000000, 0.000033630840465917865
-0.497497497497499996388, 0.000033921601762559781
-0.494994994994999992777, 0.000034216531835556042
-0.492492492492499989165, 0.000034515713746898441
-0.489989989989999985553, 0.000034819232665971030
-0.487487487487499981942, 0.000035127175934372571
-0.484984984984999978330, 0.000035439633133082146
-0.482482482482499974719, 0.000035756696152065289
-0.479979979980000026618, 0.000036078459262422582
-0.477477477477500023006, 0.000036405019191187608
-0.474974974975000019395, 0.000036736475198886000
-0.472472472472500015783, 0.000037072929159972880
-0.469969969970000012172, 0.000037414485646271405
-0.467467467467500008560, 0.000037761252013541430
-0.464964964965000004948, 0.000038113338491312995
-0.462462462462500001337, 0.000038470858276126476
-0.459959959959999997725, 0.000038833927628327870
-0.457457457457499994113, 0.000039202665972575069
-0.454954954954999990502, 0.000039577196002218888
-0.452452452452499986890, 0.000039957643787730439
-0.449949949949900007695, 0.000040344138889355365
-0.447447447447400004084, 0.000040736814474184525
-0.444944944944900000472, 0.000041135807437840078
-0.442442442442399996860, 0.000041541258530986361
-0.439939939939899993249, 0.000041953312490885568
-0.437437437437399989637, 0.000042372118178229674
-0.434934934934899986025, 0.000042797828719491804
-0.432432432432399982414, 0.000043230601655053420
-0.429929929929899978802, 0.000043670599093376647
-0.427427427427399975191, 0.000044117987871505665
-0.424924924924900027090, 0.000044572939722196013
-0.422422422422400023478, 0.000045035631447986630
-0.419919919919900019867, 0.000045506245102546340
-0.417417417417400016255, 0.000045984968179644833
-0.414914914914900012644, 0.000046471993810116371
-0.412412412412400009032, 0.000046967520967205688
-0.409909909909900005420, 0.000047471754680706193
-0.407407407407400001809, 0.000047984906260323655
-0.404904904904899998197, 0.000048507193528722719
-0.402402402402399994585, 0.000049038841064739082
-0.399899899899899990974, 0.000049580080457267845
-0.397397397397399987362, 0.000050131150570366923
-0.394894894894899983750, 0.000050692297820145778
-0.392392392392399980139, 0.000051263776464042348
-0.389889889889899976527, 0.000051845848903126067
-0.387387387387399972916, 0.000052438785998101791
-0.384884884884900024815, 0.000053042867399729447
-0.382382382382400021203, 0.000053658381894415919
-0.379879879879900017592, 0.000054285627765781713
-0.377377377377400013980, 0.000054924913173051266
-0.374874874874900010369, 0.000055576556547168809
-0.372372372372400006757, 0.000056240887005595076
-0.369869869869900003145, 0.000056918244786798957
-0.367367367367399999534, 0.000057608981705520723
-0.364864864864899995922, 0.000058313461629949831
-0.362362362362399992310, 0.000059032060982031816
-0.359859859859899988699, 0.000059765169262194600
-0.357357357357399985087, 0.000060513189599866814
-0.354854854854899981476, 0.000061276539331247726
-0.352352352352399977864, 0.000062055650605881332
-0.349849849849799998669, 0.000062850971023689444
-0.347347347347299995057, 0.000063662964304223523
-0.344844844844799991446, 0.000064492110990012650
-0.342342342342299987834, 0.000065338909186007327
-0.339839839839799984222, 0.000066203875337253544
-0.337337337337299980611, 0.000067087545047072203
-0.334834834834799976999, 0.000067990473938174694
-0.332332332332299973388, 0.000068913238559309686
-0.329829829829800025287, 0.000069856437340213784
-0.327327327327300021675, 0.000070820691597831172
-0.324824824824800018064, 0.000071806646596972684
-0.322322322322300014452, 0.000072814972668807515
-0.319819819819800010841, 0.000073846366390820485
-0.317317317317300007229, 0.000074901551832127011
-0.314814814814800003617, 0.000075981281868316329
-0.312312312312300000006, 0.000077086339570297228
-0.309809809809799996394, 0.000078217539671944204
-0.307307307307299992782, 0.000079375730121698240
-0.304804804804799989171, 0.000080561793723656547
-0.302302302302299985559, 0.000081776649874099248
-0.299799799799799981948, 0.000083021256399851387
-0.297297297297299978336, 0.000084296611505364012
-0.294794794794799974724, 0.000085603755835925030
-0.292292292292300026624, 0.000086943774664987781
-0.289789789789800023012, 0.000088317800214222008
-0.287287287287300019401, 0.000089727014115576943
-0.284784784784800015789, 0.000091172650025377424
-0.282282282282300012177, 0.000092655996401279288
-0.279779779779800008566, 0.000094178399453788398
-0.277277277277300004954, 0.000095741266284994709
-0.274774774774800001342, 0.000097346068228223390
-0.272272272272299997731, 0.000098994344403435995
-0.269769769769799994119, 0.000100687705504460862
-0.267267267267299990507, 0.000102427837835495684
-0.264764764764799986896, 0.000104216507615809256
-0.262262262262299983284, 0.000106055565573207909
-0.259759759759799979673, 0.000107946951848620010
-0.257257257257299976061, 0.000109892701236117361
-0.254754754754799972449, 0.000111894948784855324
-0.252252252252300024349, 0.000113955935791784166
-0.249749749749699989643, 0.000116078016216602018
-0.247247247247200013787, 0.000118263663553297232
-0.244744744744700010175, 0.000120515478195805416
-0.242242242242200006563, 0.000122836195338810314
-0.239739739739700002952, 0.000125228693458592945
-0.237237237237199999340, 0.000127696003423112981
-0.234734734734699995728, 0.000130241318285254559
-0.232232232232199992117, 0.000132868003818419148
-0.229729729729699988505, 0.000135579609859482505
-0.227227227227200012649, 0.000138379882530609353
-0.224724724724700009038, 0.000141272777418620078
-0.222222222222200005426, 0.000144262473798621358
-0.219719719719700001814, 0.000147353389997546949
-0.217217217217199998203, 0.000150550200003224269
-0.214714714714699994591, 0.000153857851435719375
-0.212212212212199990979, 0.000157281585010171708
-0.209709709709699987368, 0.000160826955634280592
-0.207207207207200011512, 0.000164499855299253322
-0.204704704704700007900, 0.000168306537940593936
-0.202202202202200004288, 0.000172253646464867564
-0.199699699699700000677, 0.000176348242160822237
-0.197197197197199997065, 0.000180597836738334442
-0.194694694694699993454, 0.000185010427266972039
-0.192192192192199989842, 0.000189594534318006846
-0.189689689689699986230, 0.000194359243649998412
-0.187187187187200010374, 0.000199314251819238689
-0.184684684684700006763, 0.000204469916143131257
-0.182182182182200003151, 0.000209837309497823735
-0.179679679679699999539, 0.000215428280492120997
-0.177177177177199995928, 0.000221255519629044608
-0.174674674674699992316, 0.000227332632145734966
-0.172172172172199988704, 0.000233674218313332838
-0.169669669669700012848, 0.000240295962082912674
-0.167167167167200009237, 0.000247214729083714837
-0.164664664664700005625, 0.000254448675118483796
-0.162162162162200002014, 0.000262017366460805842
-0.159659659659699998402, 0.000269941913444687236
-0.157157157157199994790, 0.000278245119051682781
-0.154654654654699991179, 0.000286951644451003925
-0.152152152152199987567, 0.000296088193739560380
-0.149649649649600008372, 0.000305683720469561405
-0.147147147147100004760, 0.000315769658950287651
-0.144644644644600001149, 0.000326380183779201197
-0.142142142142099997537, 0.000337552501609235996
-0.139639639639599993926, 0.000349327179810366871
-0.137137137137099990314, 0.000361748517454645220
-0.134634634634599986702, 0.000374864964969368823
-0.132132132132100010846, 0.000388729599893344944
-0.129629629629600007235, 0.000403400667473702984
-0.127127127127100003623, 0.000418942196401668042
-0.124624624624600000011, 0.000435424701862839288
-0.122122122122099996400, 0.000452925990342500679
-0.119619619619600006666, 0.000471532083369499060
-0.117117117117100003054, 0.000491338280716529141
-0.114614614614599999443, 0.000512450387643492190
-0.112112112112099995831, 0.000534986135756014818
-0.109609609609600006097, 0.000559076833185449058
-0.107107107107100002485, 0.000584869287377749324
-0.104604604604599998874, 0.000612528053190913575
-0.102102102102099995262, 0.000642238070742639881
-0.099599599599600005528, 0.000674207772171693358
-0.097097097097100001917, 0.000708672755031545458
-0.094594594594590006298, 0.000745900143549890369
-0.092092092092090002686, 0.000786193788960903688
-0.089589589589589999075, 0.000829900498553807564
-0.087087087087089995463, 0.000877417532685933685
-0.084584584584579999844, 0.000929201673455609255
-0.082082082082079996233, 0.000985780253053740408
-0.079579579579580006499, 0.001047764640967973650
-0.077077077077080002887, 0.001115866836895026450
-0.074574574574569993390, 0.001190920014071052526
-0.072072072072070003657, 0.001273904125155342001
-0.069569569569570000045, 0.001365978047674309710
-0.067067067067069996433, 0.001468520248861595896
-0.064564564564560000814, 0.001583180650109474287
-0.062062062062059997203, 0.001711947357979803040
-0.059559559559560000530, 0.001857233335979820155
-0.057057057057059996918, 0.002021990124831992384
-0.054554554554550001300, 0.002209858699315018962
-0.052052052052049997688, 0.002425371985021609368
-0.049549549549550001015, 0.002674230269014301817
-0.047047047047049997404, 0.002963681076128912763
-0.044544544544540001785, 0.003303051324125677677
-0.042042042042039998173, 0.003704505643016382192
-0.039539539539540001500, 0.004184147601236025416
-0.037037037037039997889, 0.004763652902524341017
-0.034534534534530002270, 0.005472749271792392255
-0.032032032032029998658, 0.006353083313282413720
-0.029529529529529998516, 0.007464434718538840233
-0.027027027027029998374, 0.008895053973870725370
-0.024524524524519999286, 0.010779561518306082085
-0.022022022022019999143, 0.013331424302652335190
-0.019519519519519999001, 0.016905245193235822476
-0.017017017017019998859, 0.022124490293587220635
-0.014514514514509999771, 0.030165752668834176081
-0.012012012012009999629, 0.043459576323039809942
-0.009509509509509999486, 0.067658847681601325119
-0.007007007007007000007, 0.118170410655826688129
-0.004504504504504999729, 0.246413506485022859582
-0.002002002002001999816, 0.637514637588414756486
0.000500500500500499954, 1.006008522490976719865
0.003003003003002999941, 0.428328894077510347049
0.005505505505505999854, 0.178885836907580836330
0.008008008008007999265, 0.092938866721862578579
0.010510510510509999543, 0.056046855985719672144
0.013013013013009999685, 0.037263694314543571728
0.015515515515520000508, 0.026498363528951827256
0.018018018018019998916, 0.019783703418016676534
0.020520520520519999058, 0.015323823808238155528
0.023023023023019999200, 0.012214797633994739848
0.025525525525529998289, 0.009962905606126955249
0.028028028028029998431, 0.008280475362427363109
0.030530530530529998573, 0.006990891522198180476
0.033033033033029998715, 0.005980941706084275285
0.035535535535540001273, 0.005175382499479217607
0.038038038038039997946, 0.004522643565972176913
0.040540540540540001557, 0.003986431730183658678
0.043043043043039998230, 0.003540610751418587533
0.045545545545550000788, 0.003165974984552006981
0.048048048048049997460, 0.002848157346700093146
0.050550550550550001072, 0.002576238047343031631
0.053053053053049997745, 0.002341798295654598863
0.055555555555560000303, 0.002138263568208255676
0.058058058058059996975, 0.001960439489160374117
0.060560560560560000587, 0.001804178400465733956
0.063063063063060004199, 0.001666136216400670306
0.065565565565569999817, 0.001543592679623234957
0.068068068068070003429, 0.001434316813198589780
0.070570570570569993163, 0.001336465037481620894
0.073073073073069996775, 0.001248503196718250613
0.075575575575580006271, 0.001169146293472457521
0.078078078078079996005, 0.001097311481202129912
0.080580580580579999617, 0.001032081084416479680
0.083083083083080003228, 0.000972673274934271383
0.085585585585589998847, 0.000918418645383884411
0.088088088088090002459, 0.000868741362828619602
0.090590590590590006070, 0.000823143907254989915
0.093093093093089995804, 0.000781194636463117265
0.095595595595600005301, 0.000742517594727145507
0.098098098098099995035, 0.000706784114281244964
0.100600600600599998646, 0.000673705858121337363
0.103103103103100002258, 0.000643029028273824728
0.105605605605600005870, 0.000614529521675180211
0.108108108108099995603, 0.000588008860564385701
0.110610610610599999215, 0.000563290759061252800
0.113113113113100002827, 0.000540218214785047682
0.115615615615600006438, 0.000518651035742520236
0.118118118118099996172, 0.000498463729618195276
0.120620620620599999784, 0.000479543696040052715
0.123123123123100003395, 0.000461789673135322486
0.125625625625600007007, 0.000445110398318265604
0.128128128128100010619, 0.000429423450213468568
0.130630630630599986475, 0.000414654244261257628
0.133133133133099990086, 0.000400735159145928956
0.135635635635599993698, 0.000387604774943151585
0.138138138138099997310, 0.000375207206965402350
0.140640640640600000921, 0.000363491521824024170
0.143143143143100004533, 0.000352411224326745938
0.145645645645600008145, 0.000341923805572509740
0.148148148148100011756, 0.000331990344056925038
0.150650650650699990951, 0.000322575152814376246
0.153153153153199994563, 0.000313645466639255648
0.155655655655699998174, 0.000305171164283359400
0.158158158158200001786, 0.000297124521247095247
0.160660660660700005398, 0.000289479989391555430
0.163163163163200009009, 0.000282214000115298916
0.165665665665700012621, 0.000275304788279126522
0.168168168168199988477, 0.000268732234436781662
0.170670670670699992089, 0.000262477723249728825
0.173173173173199995700, 0.000256524016238531298
0.175675675675699999312, 0.000250855137259029415
0.178178178178200002924, 0.000245456269294392195
0.180680680680700006535, 0.000240313661329206920
0.183183183183200010147, 0.000235414544223183045
0.185685685685700013758, 0.000230747054633290084
0.188188188188199989614, 0.000226300166147170266
0.190690690690699993226, 0.000222063626889910606
0.193193193193199996838, 0.000218027902952865749
0.195695695695700000449, 0.000214184127068937398
0.198198198198200004061, 0.000210524052025064343
0.200700700700700007673, 0.000207040008360958894
0.203203203203200011284, 0.000203724865954413227
0.205705705705699987140, 0.000200571999138774213
0.208208208208199990752, 0.000197575255038228591
0.210710710710699994364, 0.000194728924842061275
0.213213213213199997975, 0.000192027717770661696
0.215715715715700001587, 0.000189466737514252392
0.218218218218200005198, 0.000187041460950589154
0.220720720720700008810, 0.000184747718970599363
0.223223223223200012422, 0.000182581679261452010
0.225725725725699988278, 0.000180539830915190156
0.228228228228199991889, 0.000178618970748071679
0.230730730730699995501, 0.000176816191231410775
0.233233233233199999113, 0.000175128869949198136
0.235735735735700002724, 0.000173554660511309546
0.238238238238200006336, 0.000172091484863874395
0.240740740740700009948, 0.000170737526950527635
0.243243243243200013559, 0.000169491227689988331
0.245745745745699989415, 0.000168351281246843456
0.248248248248199993027, 0.000167316632583712607
0.250750750750799999977, 0.000166386476294301284
0.253253253253300003589, 0.000165560256728346190
0.255755755755800007201, 0.000164837669431305915
0.258258258258300010812, 0.000164218663933998456
0.260760760760800014424, 0.000163703447940440072
0.263263263263300018036, 0.000163292492976081988
0.265765765765800021647, 0.000162986541573707349
0.268268268268300025259, 0.000162786616090677142
0.270770770770799973359, 0.000162694029269297988
0.273273273273299976971, 0.000162710396672129570
0.275775775775799980583, 0.000162837651146441331
0.278278278278299984194, 0.000163078059497186271
0.280780780780799987806, 0.000163434241576277572
0.283283283283299991417, 0.000163909192028228394
0.285785785785799995029, 0.000164506304969011823
0.288288288288299998641, 0.000165229401917132659
0.290790790790800002252, 0.000166082763344333476
0.293293293293300005864, 0.000167071164269198125
0.295795795795800009476, 0.000168199914381541302
0.298298298298300013087, 0.000169474903260474362
0.300800800800800016699, 0.000170902651336355034
0.303303303303300020310, 0.000172490367348805641
0.305805805805800023922, 0.000174246013172392347
0.308308308308300027534, 0.000176178377021838235
0.310810810810799975634, 0.000178297156213892547
0.313313313313299979246, 0.000180613050858234115
0.315815815815799982857, 0.000183137870081229387
0.318318318318299986469, 0.000185884652661485143
0.320820820820799990081, 0.000188867804284301112
0.323323323323299993692, 0.000192103254014775143
0.325825825825799997304, 0.000195608633060717483
0.328328328328300000916, 0.000199403479464500832
0.330830830830800004527, 0.000203509473049644154
0.333333333333300008139, 0.000207950705781344947
0.335835835835800011751, 0.000212753993715456669
0.338338338338300015362, 0.000217949237952322529
0.340840840840800018974, 0.000223569843537313066
0.343343343343300022585, 0.000229653207131686496
0.345845845845800026197, 0.000236241286609404385
0.348348348348299974298, 0.000243381268638990752
0.350850850850900009004, 0.000251126353942471639
0.353353353353400012615, 0.000259536684492580987
0.355855855855900016227, 0.000268680442687030190
0.358358358358400019839, 0.000278635159885966992
0.360860860860900023450, 0.000289489281097603669
0.363363363363400027062, 0.000301344044695611843
0.365865865865899975162, 0.000314315751728149470
0.368368368368399978774, 0.000328538519830901053
0.370870870870899982386, 0.000344167643636007813
0.373373373373399985997, 0.000361383719167437142
0.375875875875899989609, 0.000380397737245541075
0.378378378378399993220, 0.000401457414939887546
0.380880880880899996832, 0.000424855121120484977
0.383383383383400000444, 0.000450937871582434910
0.385885885885900004055, 0.000480120034844882626
0.388388388388400007667, 0.000512899621990398243
0.390890890890900011279, 0.000549879363522397919
0.393393393393400014890, 0.000591794249980042504
0.395895895895900018502, 0.000639547903416052112
0.398398398398400022113, 0.000694261167853720777
0.400900900900900025725, 0.000757337841256132643
0.403403403403399973826, 0.000830554818016463977
0.405905905905899977437, 0.000916187568001246896
0.408408408408399981049, 0.001017187697251913233
0.410910910910899984660, 0.001137438808399682429
0.413413413413399988272, 0.001282132693256156754
0.415915915915899991884, 0.001458335039327113237
0.418418418418399995495, 0.001675857917509501315
0.420920920920899999107, 0.001948644523881969300
0.423423423423400002719, 0.002297039998889435428
0.425925925925900006330, 0.002751658352435063914
0.428428428428400009942, 0.003360262918123196538
0.430930930930900013553, 0.004200659442030738218
0.433433433433400017165, 0.005406400212837608223
0.435935935935900020777, 0.007222040202546337224
0.438438438438400024388, 0.010133555289153613199
0.440940940940899972489, 0.015214774865597718856
0.443443443443399976100, 0.025198148820715027263
0.445945945945899979712, 0.048467275685010136055
0.448448448448399983324, 0.116031630267023191938
0.450950950951000018030, 0.272069566660334660746
0.453453453453500021642, 0.171898496186788429796
0.455955955956000025253, 0.066497232439559295081
0.458458458458499973354, 0.031935068831558638403
0.460960960960999976965, 0.018314900229452479863
0.463463463463499980577, 0.011787231511239828693
0.465965965965999984189, 0.008200321721443751960
0.468468468468499987800, 0.006030230750423190740
0.470970970970999991412, 0.004621513304185816996
0.473473473473499995023, 0.003656802787199682839
0.475975975975999998635, 0.002967898943692255480
0.478478478478500002247, 0.002459122325756708718
0.480980980981000005858, 0.002072868234974062623
0.483483483483500009470, 0.001772805420377985804
0.485985985986000013082, 0.001535114972219088839
0.488488488488500016693, 0.001343661158260198033
0.490990990991000020305, 0.001187202052259558058
0.493493493493500023916, 0.001057712643490532926
0.495995995996000027528, 0.000949341296687438536
0.498498498498499975629, 0.000857740467796439996
0.501001001000999979240, 0.000779625903319778614
0.503503503503500038363, 0.000712479403720940162
0.506006006005999986463, 0.000654344132942273138
0.508508508508500045586, 0.000603680969733187299
0.511011011010999993687, 0.000559265960949655114
0.513513513513500052809, 0.000520115972590257819
0.516016016016000000910, 0.000485434017341156371
0.518518518518499949010, 0.000454568527340009905
0.521021021021000008133, 0.000426982652000644568
0.523523523523499956234, 0.000402230857820968883
0.526026026026000015356, 0.000379940911522740749
0.528528528528499963457, 0.000359799876759144997
0.531031031031000022580, 0.000341543134483607552
0.533533533533499970680, 0.000324945703427511104
0.536036036036000029803, 0.000309815326196832526
0.538538538538499977903, 0.000295986922236049011
0.541041041041000037026, 0.000283318107407004637
0.543543543543499985127, 0.000271685552125029641
0.546046046046000044250, 0.000260982003408841774
0.548548548548499992350, 0.000251113836070838449
0.551051051051099971545, 0.000241999028283700318
0.553553553553600030668, 0.000233565479525187872
0.556056056056099978768, 0.000225749606302851725
0.558558558558600037891, 0.000218495164453202928
0.561061061061099985992, 0.000211752257187629593
0.563563563563600045114, 0.000205476496150090043
0.566066066066099993215, 0.000199628289100745981
0.568568568568600052338, 0.000194172232849685277
0.571071071071100000438, 0.000189076594039921708
0.573573573573599948539, 0.000184312863549346024
0.576076076076100007661, 0.000179855372822769434
0.578578578578599955762, 0.000175680962492239201
0.581081081081100014885, 0.000171768695300183734
0.583583583583599962985, 0.000168099606686128477
0.586086086086100022108, 0.000164656487496426423
0.588588588588599970208, 0.000161423694176807402
0.591091091091100029331, 0.000158386982548251769
0.593593593593599977432, 0.000155533361878329267
0.596096096096100036554, 0.000152850966467031461
0.598598598598599984655, 0.000150328942387659311
0.601101101101100043778, 0.000147957347375054387
0.603603603603599991878, 0.000145727062147892419
0.606106106106100051001, 0.000143629711698992210
0.608608608608599999101, 0.000141657595295817417
0.611111111111099947202, 0.000139803624109236381
0.613613613613600006325, 0.000138061265537588152
0.616116116116099954425, 0.000136424493419643746
0.618618618618600013548, 0.000134887743437811405
0.621121121121099961648, 0.000133445873104938711
0.623623623623600020771, 0.000132094125806804752
0.626126126126099968872, 0.000130828098439951979
0.628628628628600027994, 0.000129643712242596422
0.631131131131099976095, 0.000128537186466424162
0.633633633633600035218, 0.000127505014580323826
0.636136136136099983318, 0.000126543942734538503
0.638638638638600042441, 0.000125650950246187284
0.641141141141099990541, 0.000124823231895324999
0.643643643643600049664, 0.000124058181845282102
0.646146146146099997765, 0.000123353379022467501
0.648648648648599945865, 0.000122706573809557094
0.651151151151200036082, 0.000122115675922404506
0.653653653653699984183, 0.000121578743355408051
0.656156156156200043306, 0.000121093972292719496
0.658658658658699991406, 0.000120659687893821452
0.661161161161200050529, 0.000120274335871817657
0.663663663663699998629, 0.000119936474791459605
0.666166166166199946730, 0.000119644769021602347
0.668668668668700005853, 0.000119397982283584803
0.671171171171199953953, 0.000119194971743061896
0.673673673673700013076, 0.000119034682598180493
0.676176176176199961176, 0.000118916143121764600
0.678678678678700020299, 0.000118838460119431599
0.681181181181199968400, 0.000118800814769363998
0.683683683683700027522, 0.000118802458812856758
0.686186186186199975623, 0.000118842711067809951
0.688688688688700034746, 0.000118920954240063601
0.691191191191199982846, 0.000119036632009928241
0.693693693693700041969, 0.000119189246373474600
0.696196196196199990069, 0.000119378355220135554
0.698698698698700049192, 0.000119603570129973695
0.701201201201199997293, 0.000119864554375597013
0.703703703703699945393, 0.000120161021115177956
0.706206206206200004516, 0.000120492731764375261
0.708708708708699952616, 0.000120859494536175658
0.711211211211200011739, 0.000121261163138790213
0.713713713713699959840, 0.000121697635622754094
0.716216216216200018962, 0.000122168853369319843
0.718718718718699967063, 0.000122674800213089312
0.721221221221200026186, 0.000123215501692625681
0.723723723723699974286, 0.000123791024423522823
0.726226226226200033409, 0.000124401475589091333
0.728728728728699981509, 0.000125047002544459933
0.731231231231200040632, 0.000125727792530489299
0.733733733733699988733, 0.000126444072494457619
0.736236236236200047856, 0.000127196109015012641
0.738738738738699995956, 0.000127984208329391593
0.741241241241200055079, 0.000128808716461397538
0.743743743743700003179, 0.000129670019449088631
0.746246246246199951280, 0.000130568543671591810
0.748748748748700010403, 0.000131504756274894929
0.751251251251299989597, 0.000132479165696906327
0.753753753753800048720, 0.000133492322292503532
0.756256256256299996821, 0.000134544819059718166
0.758758758758799944921, 0.000135637292468637175
0.761261261261300004044, 0.000136770423395031796
0.763763763763799952144, 0.000137944938161167194
0.766266266266300011267, 0.000139161609686696018
0.768768768768799959368, 0.000140421258753000556
0.771271271271300018491, 0.000141724755384827226
0.773773773773799966591, 0.000143073020353554065
0.776276276276300025714, 0.000144467026806949358
0.778778778778799973814, 0.000145907802030824781
0.781281281281300032937, 0.000147396429348557815
0.783783783783799981038, 0.000148934050165064764
0.786286286286300040160, 0.000150521866162446947
0.788788788788799988261, 0.000152161141655215494
0.791291291291300047384, 0.000153853206113729809
0.793793793793799995484, 0.000155599456865264342
0.796296296296300054607, 0.000157401361982953804
0.798798798798800002707, 0.000159260463373765888
0.801301301301299950808, 0.000161178380077619030
0.803803803803800009931, 0.000163156811790805416
0.806306306306299958031, 0.000165197542628007886
0.808808808808800017154, 0.000167302445138420975
0.811311311311299965254, 0.000169473484592808814
0.813813813813800024377, 0.000171712723559769851
0.816316316316299972478, 0.000174022326791039347
0.818818818818800031600, 0.000176404566437359244
0.821321321321299979701, 0.000178861827618296128
0.823823823823800038824, 0.000181396614371407246
0.826326326326299986924, 0.000184011556008358912
0.828828828828800046047, 0.000186709413908010694
0.831331331331299994147, 0.000189493088779116975
0.833833833833800053270, 0.000192365628428184875
0.836336336336300001371, 0.000195330236071196271
0.838838838838799949471, 0.000198390279231375248
0.841341341341300008594, 0.000201549299269010809
0.843843843843799956694, 0.000204811021593530486
0.846346346346300015817, 0.000208179366612666725
0.848848848848799963918, 0.000211658461478640063
0.851351351351400054135, 0.000215252652696914859
0.853853853853900002235, 0.000218966519669301559
0.856356356356399950336, 0.000222804889250031145
0.858858858858900009459, 0.000226772851401051254
0.861361361361399957559, 0.000230875776041197139
0.863863863863900016682, 0.000235119331193241882
0.866366366366399964782, 0.000239509502543206918
0.868868868868900023905, 0.000244052614537829479
0.871371371371399972006, 0.000248755353158941137
0.873873873873900031128, 0.000253624790527793979
0.876376376376399979229, 0.000258668411508330433
0.878878878878900038352, 0.000263894142496224216
0.881381381381399986452, 0.000269310382600423709
0.883883883883900045575, 0.000274926037446278544
0.886386386386399993675, 0.000280750555854327865
0.888888888888900052798, 0.000286793969676933777
0.891391391391400000899, 0.000293066937106539153
0.893893893893899948999, 0.000299580789804864333
0.896396396396400008122, 0.000306347584242487451
0.898898898898899956222, 0.000313380157683496182
0.901401401401400015345, 0.000320692189301100862
0.903903903903899963446, 0.000328298266968092686
0.906406406406400022568, 0.000336213960331758046
0.908908908908899970669, 0.000344455900857625985
0.911411411411400029792, 0.000353041869611422866
0.913913913913899977892, 0.000361990893645556069
0.916416416416400037015, 0.000371323351967153077
0.918918918918899985115, 0.000381061092191278784
0.921421421421400044238, 0.000391227559128134376
0.923923923923899992339, 0.000401847936719650729
0.926426426426400051461, 0.000412949304932631195
0.928928928928899999562, 0.000424560813436637534
0.931431431431399947662, 0.000436713874150076195
0.933933933933900006785, 0.000449442375033559855
0.936436436436399954886, 0.000462782917852435076
0.938938938938900014008, 0.000476775083029057345
0.941441441441399962109, 0.000491461725170027545
0.943943943943900021232, 0.000506889303396290680
0.946446446446399969332, 0.000523108251239686058
0.948948948948900028455, 0.000540173391615687165
0.951451451451500007650, 0.000558144403260481215
0.953953953953999955750, 0.000577086346057340102
0.956456456456500014873, 0.000597070253904281390
0.958958958958999962974, 0.000618173805231789957
0.961461461461500022097, 0.000640482083013596917
0.963963963963999970197, 0.000664088438184818903
0.966466466466500029320, 0.000689095472863532322
0.968968968968999977420, 0.000715616162755115565
0.971471471471500036543, 0.000743775141717713207
0.973973973973999984644, 0.000773710175824065313
0.976476476476500043766, 0.000805573859549477025
0.978978978978999991867, 0.000839535573174496233
0.981481481481500050990, 0.000875783748401623647
0.983983983983999999090, 0.000914528498915890328
0.986486486486499947191, 0.000956004684639812715
0.988988988989000006313, 0.001000475493351837266
0.991491491491499954414, 0.001048236641940896406
0.993993993994000013537, 0.001099621322884052673
0.996496496496499961637, 0.001155006050906288821
0.998998998999000020760, 0.001214817601986930336
1.001501501501999902288, 0.001279541284277650390
1.004004004003999916961, 0.001349730841249772691
1.006506506507000020534, 0.001426020365750368642
1.009009009009000035206, 0.001509138705396806867
1.011511511511999916735, 0.001599926972789356009
1.014014014013999931407, 0.001699359949294764220
1.016516516517000034980, 0.001808572403864922669
1.019019019019000049653, 0.001928891659900853648
1.021521521521999931181, 0.002061878163944693820
1.024024024023999945854, 0.002209376383610035105
1.026526526527000049427, 0.002373579151990943496
1.029029029029000064099, 0.002557109674906472840
1.031531531531999945628, 0.002763126964297718362
1.034034034033999960300, 0.002995462664988606666
1.036536536537000063873, 0.003258800423061365085
1.039039039039000078546, 0.003558913600501624475
1.041541541541999960074, 0.003902984061042458815
1.044044044043999974747, 0.004300035207457817213
1.046546546547000078320, 0.004761528531616001335
1.049049049049000092992, 0.005302198159626608093
1.051551551551999974521, 0.005941238284606034648
1.054054054053999989193, 0.006704024667008826911
1.056556556557000092766, 0.007624662982442902137
1.059059059059000107439, 0.008749850195171821401
1.061561561561999988967, 0.010144881302344766968
1.064064064064000003640, 0.011903276384816603023
1.066566566567000107213, 0.014162746073258802165
1.069069069068999899841, 0.017132735114894100809
1.071571571572000003414, 0.021144185792706261112
1.074074074074000018086, 0.026744499888927845965
1.076576576576999899615, 0.034891067271766128266
1.079079079078999914287, 0.047378708872808393548
1.081581581582000017860, 0.067883432969846210780
1.084084084084000032533, 0.104858178334178930857
1.086586586586999914061, 0.180993305878293903044
1.089089089088999928734, 0.370679689549131885506
1.091591591592000032307, 0.947141955980663308168
1.094094094094000046979, 1.666974083664698902396
1.096596596596999928508, 0.751783878594380117200
1.099099099098999943180, 0.308039522491405981519
1.101601601602000046753, 0.157540888250980559704
1.104104104104000061426, 0.094051702221766647627
1.106606606606999942954, 0.062115511177266206910
1.109109109108999957627, 0.043966231075180564614
1.111611611612000061200, 0.032715808120590536556
1.114114114114000075872, 0.025278262513940056438
1.116616616616999957401, 0.020112519400756031368
1.119119119118999972073, 0.016382016337921599669
1.121621621622000075646, 0.013601712134505188415
1.124124124124000090319, 0.011475012899020940738
1.126626626626999971847, 0.009812433791443723671
1.129129129128999986520, 0.008488394489318431060
1.131631631632000090093, 0.007417032702816774882
1.134134134134000104766, 0.006538048363790426032
1.136636636636999986294, 0.005808096355855692575
1.139139139139000000966, 0.005195376961784199839
1.141641641642000104540, 0.004676136165874634348
1.144144144143999897167, 0.004232342937211191515
1.146646646647000000740, 0.003850112245184274945
1.149149149149000015413, 0.003518612394665710658
1.151651651651999896941, 0.003229293957227724870
1.154154154153999911614, 0.002975336561328338278
1.156656656657000015187, 0.002751245967430260286
1.159159159159000029859, 0.002552556540204022669
1.161661661661999911388, 0.002375608762486846205
1.164164164163999926060, 0.002217380924644565474
1.166666666667000029634, 0.002075360428351417756
1.169169169169000044306, 0.001947444401848301594
1.171671671671999925834, 0.001831862242406033254
1.174174174173999940507, 0.001727114730142141055
1.176676676677000044080, 0.001631925785273644503
1.179179179179000058753, 0.001545203958201980419
1.181681681681999940281, 0.001466011474751970512
1.184184184183999954953, 0.001393539192489255934
1.186686686687000058527, 0.001327086216378055772
1.189189189189000073199, 0.001266043213210226066
1.191691691691999954728, 0.001209878682243568666
1.194194194193999969400, 0.001158127604102974573
1.196696696697000072973, 0.001110382015320130616
1.199199199199000087646, 0.001066283152070427549
1.201701701701999969174, 0.001025514881093369211
1.204204204203999983847, 0.000987798193879645212
1.206706706707000087420, 0.000952886586004350741
1.209209209209000102092, 0.000920562180014930249
1.211711711711999983621, 0.000890632479870010407
1.214214214213999998293, 0.000862927669400489344
1.216716716717000101866, 0.000837298388123977719
1.219219219218999894494, 0.000813613936289661176
1.221721721721999998067, 0.000791760878493966667
1.224224224224000012740, 0.000771642032884596748
1.226726726726999894268, 0.000753175852388172115
1.229229229228999908941, 0.000736296227542912788
1.231731731732000012514, 0.000720952770190984738
1.234234234234000027186, 0.000707111677651945368
1.236736736736999908715, 0.000694757334521660104
1.239239239238999923387, 0.000683894894265558626
1.241741741742000026960, 0.000674554212320823310
1.244244244244000041633, 0.000666795705222829002
1.246746746746999923161, 0.000660719036126684802
1.249249249248999937834, 0.000656476064749627122
1.251751751752000041407, 0.000654290412201257148
1.254254254254000056079, 0.000654487587846483117
1.256756756756999937608, 0.000657542515910885736
1.259259259258999952280, 0.000664156735937758923
1.261761761762000055853, 0.000675388227951087550
1.264264264264000070526, 0.000692878848849586503
1.266766766766999952054, 0.000719272540492952119
1.269269269268999966727, 0.000759030146610573022
1.271771771772000070300, 0.000820132267967697403
1.274274274274000084972, 0.000917959149254111658
1.276776776776999966501, 0.001085144548008920920
1.279279279278999981173, 0.001400327641399579971
1.281781781782000084746, 0.002088210942154909711
1.284284284284000099419, 0.003937578195293375827
1.286786786786999980947, 0.009397785270125259480
1.289289289288999995620, 0.010126683451539353689
1.291791791792000099193, 0.004268987403475539566
1.294294294293999891821, 0.002211134609611232604
1.296796796796999995394, 0.001466752166700297216
1.299299299299000010066, 0.001135355445752063734
1.301801801801999891595, 0.000965010683222944018
1.304304304303999906267, 0.000869290497283337115
1.306806806807000009840, 0.000812896104214545214
1.309309309309000024513, 0.000779416367994760105
1.311811811811999906041, 0.000760450769648650556
1.314314314313999920714, 0.000751379472173124428
1.316816816817000024287, 0.000749525544903654225
1.319319319319000038959, 0.000753283401995189623
1.321821821821999920488, 0.000761675458013544695
1.324324324323999935160, 0.000774113602202487739
1.326826826827000038733, 0.000790265142746021773
1.329329329329000053406, 0.000809975111634820633
1.331831831831999934934, 0.000833220585231175446
1.334334334333999949607, 0.000860084149828104242
1.336836836837000053180, 0.000890739483269810330
1.339339339339000067852, 0.000925445150613612294
1.341841841841999949381, 0.000964544475758706749
1.344344344343999964053, 0.001008470411511439100
1.346846846847000067626, 0.001057755026864321598
1.349349349349000082299, 0.001113043748260880749
1.351851851851999963827, 0.001175114943375845213
1.354354354353999978500, 0.001244905900116212829
1.356856856857000082073, 0.001323546798505699160
1.359359359359000096745, 0.001412404973167252862
1.361861861861999978274, 0.001513142714851833416
1.364364364363999992946, 0.001627793196752472379
1.366866866867000096519, 0.001758861039315162038
1.369369369368999889147, 0.001909456863120199575
1.371871871871999992720, 0.002083479428608629985
1.374374374374000007393, 0.002285865447581837684
1.376876876877000110966, 0.002522937246868827300
1.379379379378999903594, 0.002802894510463838952
1.381881881882000007167, 0.003136522419478746538
1.384384384384000021839, 0.003538232020594252094
1.386886886886999903368, 0.004027623260318888981
1.389389389388999918040, 0.004631893083511348652
1.391891891892000021613, 0.005389652690548689395
1.394394394394000036286, 0.006357178558342073751
1.396896896896999917814, 0.007619039685851262261
1.399399399398999932487, 0.009306970344311991591
1.401901901902000036060, 0.011635154346395781833
1.404404404404000050732, 0.014970375226459442519
1.406906906906999932261, 0.019982308361545617070
1.409409409408999946933, 0.027996748183018265593
1.411911911912000050506, 0.041928836512964799688
1.414414414414000065179, 0.069147617617777046295
1.416916916916999946707, 0.132071581310877483872
1.419419419418999961380, 0.313293829479495467005
1.421921921922000064953, 0.751778911698488094828
1.424424424424000079625, 0.502593384632313400218
1.426926926926999961154, 0.193445592638826102672
1.429429429428999975826, 0.092042465108772231197
1.431931931932000079399, 0.052447363246628284084
1.434434434434000094072, 0.033597218665603834076
1.436936936936999975600, 0.023286738776952010943
1.439439439438999990273, 0.017069191949201277525
1.441941941942000093846, 0.013042695536875294204
1.444444444444000108518, 0.010290222955858460002
1.446946946946999990047, 0.008327338787683442878
1.449449449449000004719, 0.006879184693681218363
1.451951951952000108292, 0.005780624902825836492
1.454454454453999900920, 0.004927687866112527224
1.456956956957000004493, 0.004252308002925078365
1.459459459459000019166, 0.003708432092809894540
1.461961961961999900694, 0.003264008320841241262
1.464464464463999915367, 0.002896177607853689905
1.466966966967000018940, 0.002588285076689529358
1.469469469469000033612, 0.002327965536497532146
1.471971971971999915141, 0.002105883837972759558
1.474474474473999929813, 0.001914886251291396738
1.476976976977000033386, 0.001749416541249895329
1.479479479479000048059, 0.001605106477350120610
1.481981981981999929587, 0.001478483704147020694
1.484484484483999944260, 0.001366760067371974386
1.486986986987000047833, 0.001267676045308193094
1.489489489489000062505, 0.001179384919236049593
1.491991991991999944034, 0.001100365495954163221
1.494494494493999958706, 0.001029355616195474664
1.496996996997000062279, 0.000965300980020912828
1.499499499499000076952, 0.000907315386834469740
1.502002002001999958480, 0.000854649571201058426
1.504504504505000062053, 0.000806666575027568901
1.507007007007000076726, 0.000762822135426935314
1.509509509509999958254, 0.000722648954217105393
1.512012012011999972927, 0.000685743995449822666
1.514514514515000076500, 0.000651758162832998932
1.517017017017000091172, 0.000620387860872972322
1.519519519519999972701, 0.000591368056952546839
1.522022022021999987373, 0.000564466546879219223
1.524524524525000090946, 0.000539479191142043101
1.527027027027000105619, 0.000516225938554433429
1.529529529529999987147, 0.000494547492002952289
1.532032032032000001820, 0.000474302500492346962
1.534534534535000105393, 0.000455365184653187490
1.537037037036999898021, 0.000437623320899476311
1.539539539540000001594, 0.000420976523640657950
1.542042042042000016266, 0.000405334776230149038
1.544544544544999897795, 0.000390617170325479799
1.547047047046999912467, 0.000376750820542847667
1.549549549550000016040, 0.000363669927092909553
1.552052052052000030713, 0.000351314963780379971
1.554554554554999912241, 0.000339631972565660020
1.557057057056999926914, 0.000328571949000246979
1.559559559560000030487, 0.000318090305398975788
1.562062062062000045159, 0.000308146400710445213
1.564564564564999926688, 0.000298703127779562311
1.567067067066999941360, 0.000289726550131765796
1.569569569570000044934, 0.000281185581602103377
1.572072072072000059606, 0.000273051703128341587
1.574574574574999941134, 0.000265298711860746531
1.577077077076999955807, 0.000257902498441045611
1.579579579580000059380, 0.000250840848892467608
1.582082082082000074053, 0.000244093268060433736
1.584584584584999955581, 0.000237640821965148542
1.587087087086999970253, 0.000231465996785287429
1.589589589590000073827, 0.000225552572496864759
1.592092092092000088499, 0.000219885509451633833
1.594594594594999970028, 0.000214450846402019363
1.597097097096999984700, 0.000209235608670706364
1.599599599600000088273, 0.000204227725327216605
1.602102102102000102946, 0.000199415954375377921
1.604604604604999984474, 0.000194789815077863176
1.607107107106999999147, 0.000190339526649730805
1.609609609610000102720, 0.000186055952644719315
1.612112112111999895347, 0.000181930550437739674
1.614614614614999998921, 0.000177955325276457719
1.617117117117000013593, 0.000174122788435416914
1.619619619619999895122, 0.000170425919059082807
1.622122122121999909794, 0.000166858129326525814
1.624624624625000013367, 0.000163413232611107353
1.627127127127000028040, 0.000160085414344233968
1.629629629629999909568, 0.000156869205323668243
1.632132132131999924241, 0.000153759457234578219
1.634634634635000027814, 0.000150751320175956135
1.637137137137000042486, 0.000147840222006655105
1.639639639639999924015, 0.000145021849344431408
1.642142142141999938687, 0.000142292130068357315
1.644644644645000042260, 0.000139647217190041247
1.647147147147000056933, 0.000137083473972498296
1.649649649649999938461, 0.000134597460187451865
1.652152152151999953134, 0.000132185919412491204
1.654654654655000056707, 0.000129845767279013750
1.657157157157000071379, 0.000127574080590378509
1.659659659659999952908, 0.000125368087237300117
1.662162162161999967580, 0.000123225156844331983
1.664664664665000071153, 0.000121142792087399089
1.667167167167000085826, 0.000119118620627836660
1.669669669669999967354, 0.000117150387613331516
1.672172172171999982027, 0.000115235948700610248
1.674674674675000085600, 0.000113373263558727482
1.677177177177000100272, 0.000111560389815426231
1.679679679679999981801, 0.000109795477412307998
1.682182182181999996473, 0.000108076763337505970
1.684684684685000100046, 0.000106402566707227656
1.687187187186999892674, 0.000104771284169956152
1.689689689689999996247, 0.000103181385609294956
1.692192192192000010920, 0.000101631410123437005
1.694694694694999892448, 0.000100119962261048358
1.697197197196999907121, 0.000098645708495005423
1.699699699700000010694, 0.000097207373916924244
1.702202202202000025366, 0.000095803739136785161
1.704704704704999906895, 0.000094433637373203961
1.707207207206999921567, 0.000093095951721034327
1.709709709710000025140, 0.000091789612584027244
1.712212212212000039813, 0.000090513595261220082
1.714714714714999921341, 0.000089266917676596980
1.717217217216999936014, 0.000088048638242356448
1.719719719720000039587, 0.000086857853846850360
1.722222222222000054259, 0.000085693697958926312
1.724724724724999935788, 0.000084555338841018062
1.727227227226999950460, 0.000083441977863890409
1.729729729730000054033, 0.000082352847916463361
1.732232232232000068706, 0.000081287211904614633
1.734734734734999950234, 0.000080244361333297511
1.737237237236999964907, 0.000079223614966714078
1.739739739740000068480, 0.000078224317561655020
1.742242242242000083152, 0.000077245838669459356
1.744744744744999964681, 0.000076287571502363740
1.747247247246999979353, 0.000075348931860302163
1.749749749750000082926, 0.000074429357114487140
1.752252252252000097599, 0.000073528305244351637
1.754754754754999979127, 0.000072645253924662336
1.757257257256999993800, 0.000071779699659827475
1.759759759760000097373, 0.000070931156962620692
1.762262262261999890001, 0.000070099157574724882
1.764764764764999993574, 0.000069283249726670082
1.767267267267000008246, 0.000068482997434897046
1.769769769769999889775, 0.000067697979833823940
1.772272272271999904447, 0.000066927790540930100
1.774774774775000008020, 0.000066172037052996213
1.777277277277000022693, 0.000065430340171758196
1.779779779779999904221, 0.000064702333457341185
1.782282282281999918894, 0.000063987662707941267
1.784784784785000022467, 0.000063285985464317653
1.787287287287000037139, 0.000062596970537745922
1.789789789789999918668, 0.000061920297560165503
1.792292292291999933340, 0.000061255656555330525
1.794794794795000036913, 0.000060602747529845519
1.797297297297000051586, 0.000059961280083033796
1.799799799799999933114, 0.000059330973034648680
1.802302302301999947787, 0.000058711554069496380
1.804804804805000051360, 0.000058102759398093278
1.807307307307000066032, 0.000057504333432532084
1.809809809809999947561, 0.000056916028476778195
1.812312312311999962233, 0.000056337604430662909
1.814814814815000065806, 0.000055768828506881738
1.817317317317000080479, 0.000055209474960344877
1.819819819819999962007, 0.000054659324829264513
1.822322322321999976680, 0.000054118165687396880
1.824824824825000080253, 0.000053585791406890504
1.827327327327000094925, 0.000053062001931221487
1.829829829829999976454, 0.000052546603057725564
1.832332332331999991126, 0.000052039406229263506
1.834834834835000094699, 0.000051540228334581099
1.837337337337000109372, 0.000051048891516949229
1.839839839839999990900, 0.000050565222990691072
1.842342342342000005573, 0.000050089054865224967
1.844844844845000109146, 0.000049620223976270686
1.847347347346999901774, 0.000049158571723885701
1.849849849850000005347, 0.000048703943917015227
1.852352352352000020019, 0.000048256190624256445
1.854854854854999901548, 0.000047815166030552563
1.857357357356999916220, 0.000047380728299547322
1.859859859860000019793, 0.000046952739441343829
1.862362362362000034466, 0.000046531065185425151
1.864864864864999915994, 0.000046115574858505824
1.867367367366999930667, 0.000045706141267095406
1.869869869870000034240, 0.000045302640584565950
1.872372372372000048912, 0.000044904952242525638
1.874874874874999930441, 0.000044512958826310392
1.877377377376999945113, 0.000044126545974415056
1.879879879880000048686, 0.000043745602281693643
1.882382382382000063359, 0.000043370019206167228
1.884884884884999944887, 0.000042999690979285121
1.887387387386999959560, 0.000042634514519493063
1.889889889890000063133, 0.000042274389348968494
1.892392392392000077805, 0.000041919217513390210
1.894894894894999959334, 0.000041568903504615463
1.897397397396999974006, 0.000041223354186143801
1.899899899900000077579, 0.000040882478721252736
1.902402402402000092252, 0.000040546188503695036
1.904904904904999973780, 0.000040214397090853449
1.907407407406999988453, 0.000039887020139252543
1.909909909910000092026, 0.000039563975342332602
1.912412412412000106698, 0.000039245182370394591
1.914914914914999988227, 0.000038930562812629063
1.917417417417000002899, 0.000038620040121146422
1.919919919920000106472, 0.000038313539556929054
1.922422422421999899100, 0.000038010988137629728
1.924924924925000002673, 0.000037712314587143771
1.927427427427000017346, 0.000037417449286886115
1.929929929929999898874, 0.000037126324228706813
1.932432432431999913547, 0.000036838872969382046
1.934934934935000017120, 0.000036555030586619817
1.937437437437000031792, 0.000036274733636522807
1.939939939939999913321, 0.000035997920112452756
1.942442442441999927993, 0.000035724529405243424
1.944944944945000031566, 0.000035454502264711480
1.947447447447000046239, 0.000035187780762416471
1.949949949949999927767, 0.000034924308255623616
1.952452452451999942440, 0.000034664029352424603
1.954954954955000046013, 0.000034406889877973679
1.957457457457000060685, 0.000034152836841798224
1.959959959959999942214, 0.000033901818406144354
1.962462462461999956886, 0.000033653783855320019
1.964964964965000060459, 0.000033408683565999393
1.967467467467000075132, 0.000033166468978454108
1.969969969969999956660, 0.000032927092568677866
1.972472472471999971333, 0.000032690507821372701
1.974974974975000074906, 0.000032456669203766243
1.977477477477000089578, 0.000032225532140230600
1.979979979979999971107, 0.000031997052987674699
1.982482482481999985779, 0.000031771189011682917
1.984984984985000089353, 0.000031547898363374049
1.987487487487000104025, 0.000031327140056955562
1.989989989989999985553, 0.000031108873947949214
1.992492492492000000226, 0.000030893060712064849
1.994994994995000103799, 0.000030679661824700202
1.997497497496999896427, 0.000030468639541045475
2.000000000000000000000, 0.000030259956876772021
