# Delta1: 0.465
# Delta2: 1.17
# Delta3: 1.355
# Dq: 0.1355
# Ds: 0.04
# Dt: 0.061000000000000006
# k1_lab: [1, 0, 0]
# k2_lab: [-0.8660254037844387, 0.49999999999999994, 0.0]
# k1_cf: [-0.5416752204197018, -0.5416752204197018, 0.6427876096865394]
# k2_cf: [0.696364240320019, 0.696364240320019, -0.17364817766693053]
# pol1_lab: [(0, 1, 0), (0, 0, 1)]
# pol2_lab: "[array([-0.5      , -0.8660254,  0.       ]), array([0., 0., 1.])]"
# pol1_cf: "[array([0.45451948, 0.45451948, 0.76604444]), array([-0.70710678,  0.70710678,  0.        ])]"
# pol2_cf: "[array([-0.1227878 , -0.1227878 , -0.98480775]), array([-0.70710678,  0.70710678,  0.        ])]"
# cf: "[array([-0.54167522,  0.45451948, -0.70710678]), array([-0.54167522,  0.45451948,  0.70710678]), array([0.64278761, 0.76604444, 0.        ])]"
# th: 50
-0.5000000000000000000, 0.0013062585985544740
-0.4974974974974999964, 0.0013154994077958766
-0.4949949949949999928, 0.0013248573788745301
-0.4924924924924999892, 0.0013343346983684368
-0.4899899899899999856, 0.0013439336065139576
-0.4874874874874999819, 0.0013536563988287120
-0.4849849849849999783, 0.0013635054277926382
-0.4824824824824999747, 0.0013734831045896243
-0.4799799799800000266, 0.0013835919009122276
-0.4774774774775000230, 0.0013938343508321171
-0.4749749749750000194, 0.0014042130527390151
-0.4724724724725000158, 0.0014147306713510176
-0.4699699699700000122, 0.0014253899397993388
-0.4674674674675000086, 0.0014361936617906586
-0.4649649649650000049, 0.0014471447138503998
-0.4624624624625000013, 0.0014582460476504455
-0.4599599599599999977, 0.0014695006924249517
-0.4574574574574999941, 0.0014809117574781129
-0.4549549549549999905, 0.0014924824347879160
-0.4524524524524999869, 0.0015042160017101256
-0.4499499499499000077, 0.0015161158237869516
-0.4474474474474000041, 0.0015281853576650790
-0.4449449449449000005, 0.0015404281541279712
-0.4424424424423999969, 0.0015528478612476186
-0.4399399399398999932, 0.0015654482276611485
-0.4374374374373999896, 0.0015782331059780220
-0.4349349349348999860, 0.0015912064563238129
-0.4324324324323999824, 0.0016043723500268831
-0.4299299299298999788, 0.0016177349734546171
-0.4274274274273999752, 0.0016312986320062076
-0.4249249249249000271, 0.0016450677542693591
-0.4224224224224000235, 0.0016590468963486860
-0.4199199199199000199, 0.0016732407463739825
-0.4174174174174000163, 0.0016876541291969862
-0.4149149149149000126, 0.0017022920112857282
-0.4124124124124000090, 0.0017171595058260690
-0.4099099099099000054, 0.0017322618780405291
-0.4074074074074000018, 0.0017476045507350936
-0.4049049049048999982, 0.0017631931100852689
-0.4024024024023999946, 0.0017790333116732946
-0.3998998998998999910, 0.0017951310867890865
-0.3973973973973999874, 0.0018114925490082029
-0.3948948948948999838, 0.0018281240010608836
-0.3923923923923999801, 0.0018450319420070191
-0.3898898898898999765, 0.0018622230747327752
-0.3873873873873999729, 0.0018797043137854981
-0.3848848848849000248, 0.0018974827935645119
-0.3823823823824000212, 0.0019155658768864599
-0.3798798798799000176, 0.0019339611639449450
-0.3773773773774000140, 0.0019526765016854031
-0.3748748748749000104, 0.0019717199936174169
-0.3723723723724000068, 0.0019911000100880081
-0.3698698698699000031, 0.0020108251990408861
-0.3673673673673999995, 0.0020309044972881855
-0.3648648648648999959, 0.0020513471423228265
-0.3623623623623999923, 0.0020721626847014325
-0.3598598598598999887, 0.0020933610010295789
-0.3573573573573999851, 0.0021149523075831718
-0.3548548548548999815, 0.0021369471746019160
-0.3523523523523999779, 0.0021593565412930983
-0.3498498498497999987, 0.0021821917315864416
-0.3473473473472999951, 0.0022054644706833593
-0.3448448448447999914, 0.0022291869024468505
-0.3423423423422999878, 0.0022533716076812704
-0.3398398398397999842, 0.0022780316233545206
-0.3373373373372999806, 0.0023031804628186919
-0.3348348348347999770, 0.0023288321370890084
-0.3323323323322999734, 0.0023550011772449442
-0.3298298298298000253, 0.0023817026580218014
-0.3273273273273000217, 0.0024089522226657281
-0.3248248248248000181, 0.0024367661091302365
-0.3223223223223000145, 0.0024651611776977432
-0.3198198198198000108, 0.0024941549401155802
-0.3173173173173000072, 0.0025237655903422628
-0.3148148148148000036, 0.0025540120370066981
-0.3123123123123000000, 0.0025849139376904451
-0.3098098098097999964, 0.0026164917351511512
-0.3073073073072999928, 0.0026487666956139964
-0.3048048048047999892, 0.0026817609492673891
-0.3023023023022999856, 0.0027154975331092901
-0.2997997997997999819, 0.0027500004363016717
-0.2972972972972999783, 0.0027852946482024793
-0.2947947947947999747, 0.0028214062092575517
-0.2922922922923000266, 0.0028583622649490112
-0.2897897897898000230, 0.0028961911230119567
-0.2872872872873000194, 0.0029349223141480231
-0.2847847847848000158, 0.0029745866564824469
-0.2822822822823000122, 0.0030152163240310509
-0.2797797797798000086, 0.0030568449194651641
-0.2772772772773000050, 0.0030995075514858132
-0.2747747747748000013, 0.0031432409171443646
-0.2722722722722999977, 0.0031880833894746079
-0.2697697697697999941, 0.0032340751108319459
-0.2672672672672999905, 0.0032812580923688968
-0.2647647647647999869, 0.0033296763201126518
-0.2622622622622999833, 0.0033793758681506950
-0.2597597597597999797, 0.0034304050194745319
-0.2572572572572999761, 0.0034828143950798806
-0.2547547547547999724, 0.0035366570919749458
-0.2522522522523000243, 0.0035919888308066422
-0.2497497497496999896, 0.0036488681138791335
-0.2472472472472000138, 0.0037073563944097655
-0.2447447447447000102, 0.0037675182579456627
-0.2422422422422000066, 0.0038294216169505093
-0.2397397397397000030, 0.0038931379196662824
-0.2372372372371999993, 0.0039587423744600614
-0.2347347347346999957, 0.0040263141909828350
-0.2322322322321999921, 0.0040959368395963574
-0.2297297297296999885, 0.0041676983306676834
-0.2272272272272000126, 0.0042416915154903298
-0.2247247247247000090, 0.0043180144107681385
-0.2222222222222000054, 0.0043967705487951668
-0.2197197197197000018, 0.0044780693556847476
-0.2172172172171999982, 0.0045620265602460781
-0.2147147147146999946, 0.0046487646363806978
-0.2122122122121999910, 0.0047384132821777017
-0.2097097097096999874, 0.0048311099392297496
-0.2072072072072000115, 0.0049270003560768503
-0.2047047047047000079, 0.0050262392001171399
-0.2022022022022000043, 0.0051289907228098701
-0.1996996996997000007, 0.0052354294835430960
-0.1971971971971999971, 0.0053457411381556737
-0.1946946946946999935, 0.0054601232988000219
-0.1921921921921999898, 0.0055787864726202716
-0.1896896896896999862, 0.0057019550876131597
-0.1871871871872000104, 0.0058298686150518109
-0.1846846846847000068, 0.0059627827990033841
-0.1821821821822000032, 0.0061009710047814749
-0.1796796796796999995, 0.0062447256996676099
-0.1771771771771999959, 0.0063943600809418938
-0.1746746746746999923, 0.0065502098682144270
-0.1721721721721999887, 0.0067126352792863300
-0.1696696696697000128, 0.0068820232113382803
-0.1671671671672000092, 0.0070587896522008716
-0.1646646646647000056, 0.0072433823498696719
-0.1621621621622000020, 0.0074362837723660688
-0.1596596596596999984, 0.0076380143946045429
-0.1571571571571999948, 0.0078491363542177867
-0.1546546546546999912, 0.0080702575244441001
-0.1521521521521999876, 0.0083020360593530230
-0.1496496496496000084, 0.0085451854750658307
-0.1471471471471000048, 0.0088004803404425694
-0.1446446446446000011, 0.0090687626622340672
-0.1421421421420999975, 0.0093509490632683479
-0.1396396396395999939, 0.0096480388682623278
-0.1371371371370999903, 0.0099611232308183043
-0.1346346346345999867, 0.0102913954576858476
-0.1321321321321000108, 0.0106401627131911796
-0.1296296296296000072, 0.0110088593187776286
-0.1271271271271000036, 0.0113990619010007621
-0.1246246246246000000, 0.0118125066874993270
-0.1221221221220999964, 0.0122511093061825390
-0.1196196196196000067, 0.0127169875103523410
-0.1171171171171000031, 0.0132124873345040219
-0.1146146146145999994, 0.0137402132856425489
-0.1121121121120999958, 0.0143030632975937495
-0.1096096096096000061, 0.0149042693266934652
-0.1071071071071000025, 0.0155474446537327698
-0.1046046046045999989, 0.0162366391885822338
-0.1021021021020999953, 0.0169764043627718929
-0.0995995995996000055, 0.0177718695574639735
-0.0970970970971000019, 0.0186288324707133378
-0.0945945945945900063, 0.0195538664063845541
-0.0920920920920900027, 0.0205544482044421016
-0.0895895895895899991, 0.0216391114778800298
-0.0870870870870899955, 0.0228176310418392869
-0.0845845845845799998, 0.0241012460058723857
-0.0820820820820799962, 0.0255029310746887096
-0.0795795795795800065, 0.0270377283371463217
-0.0770770770770800029, 0.0287231554562520711
-0.0745745745745699934, 0.0305797110401817805
-0.0720720720720700037, 0.0326315045530437345
-0.0695695695695700000, 0.0349070471000158464
-0.0670670670670699964, 0.0374402517911642599
-0.0645645645645600008, 0.0402717096177053063
-0.0620620620620599972, 0.0434503310482782859
-0.0595595595595600005, 0.0470354781715641990
-0.0570570570570599969, 0.0510997622366282864
-0.0545545545545500013, 0.0557327547594415329
-0.0520520520520499977, 0.0610459694724127186
-0.0495495495495500010, 0.0671796374765687987
-0.0470470470470499974, 0.0743120522669202949
-0.0445445445445400018, 0.0826726608440582211
-0.0420420420420399982, 0.0925607185039209052
-0.0395395395395400015, 0.1043723791957003461
-0.0370370370370399979, 0.1186408724518859814
-0.0345345345345300023, 0.1360975090148065503
-0.0320320320320299987, 0.1577668062231048218
-0.0295295295295299985, 0.1851193586122895085
-0.0270270270270299984, 0.2203261473207336896
-0.0245245245245199993, 0.2666988624943461561
-0.0220220220220199991, 0.3294888322967213234
-0.0195195195195199990, 0.4174193530898359095
-0.0170170170170199989, 0.5458278037921026060
-0.0145145145145099998, 0.7436585830058536351
-0.0120120120120099996, 1.0707035009226104627
-0.0095095095095099995, 1.6660245526483596912
-0.0070070070070070000, 2.9086327865364092204
-0.0045045045045049997, 6.0634504989351167836
-0.0020020020020019998, 15.6846219546180716264
0.0005005005005005000, 24.7496511331915343135
0.0030030030030029999, 10.5386473832441343035
0.0055055055055059999, 4.4023212162941174341
0.0080080080080079993, 2.2880273201301881691
0.0105105105105099995, 1.3804941763292133405
0.0130130130130099997, 0.9184421247619688478
0.0155155155155200005, 0.6536303775058585064
0.0180180180180199989, 0.4884661122696917768
0.0205205205205199991, 0.3787701258397526138
0.0230230230230199992, 0.3023056621962271762
0.0255255255255299983, 0.2469271479251384238
0.0280280280280299984, 0.2055577999470678818
0.0305305305305299986, 0.1738528563983653130
0.0330330330330299987, 0.1490272804622233271
0.0355355355355400013, 0.1292300786642292809
0.0380380380380399979, 0.1131926195908029981
0.0405405405405400016, 0.1000220928783400048
0.0430430430430399982, 0.0890755507651209144
0.0455455455455500008, 0.0798805395981461303
0.0480480480480499975, 0.0720836354595356804
0.0505505505505500011, 0.0654162186958854169
0.0530530530530499977, 0.0596711949645852904
0.0555555555555600003, 0.0546868395161229856
0.0580580580580599970, 0.0503353797772468220
0.0605605605605600006, 0.0465147929321180348
0.0630630630630600042, 0.0431428245136399394
0.0655655655655699998, 0.0401525666841656692
0.0680680680680700034, 0.0374891483453878571
0.0705705705705699932, 0.0351072288100076346
0.0730730730730699968, 0.0329690796572882777
0.0755755755755800063, 0.0310431022048837518
0.0780780780780799960, 0.0293026711341550193
0.0805805805805799996, 0.0277252247964975308
0.0830830830830800032, 0.0262915438618832632
0.0855855855855899988, 0.0249851750414249521
0.0880880880880900025, 0.0237919674827126136
0.0905905905905900061, 0.0226996973543477330
0.0930930930930899958, 0.0216977619614586066
0.0955955955956000053, 0.0207769290594029751
0.0980980980980999950, 0.0199291302724061287
0.1006006006005999986, 0.0191472899699949468
0.1031031031031000023, 0.0184251828153690830
0.1056056056056000059, 0.0177573146264830353
0.1081081081080999956, 0.0171388222916748004
0.1106106106105999992, 0.0165653893370561398
0.1131131131131000028, 0.0160331744115517587
0.1156156156156000064, 0.0155387504813010186
0.1181181181180999962, 0.0150790529409782995
0.1206206206205999998, 0.0146513351802270882
0.1231231231231000034, 0.0142531304076559864
0.1256256256256000070, 0.0138822187470817957
0.1281281281281000106, 0.0135365987919713847
0.1306306306305999865, 0.0132144629428639707
0.1331331331330999901, 0.0129141759655807715
0.1356356356355999937, 0.0126342563004296325
0.1381381381380999973, 0.0123733597284538845
0.1406406406406000009, 0.0121302650632650784
0.1431431431431000045, 0.0119038615886793049
0.1456456456456000081, 0.0116931380052694763
0.1481481481481000118, 0.0114971726846686707
0.1506506506506999910, 0.0113151250603094507
0.1531531531531999946, 0.0111462280083072917
0.1556556556556999982, 0.0109897810932393421
0.1581581581582000018, 0.0108451445713183894
0.1606606606607000054, 0.0107117340584776243
0.1631631631632000090, 0.0105890157836205055
0.1656656656657000126, 0.0104765023581287961
0.1681681681681999885, 0.0103737490019689248
0.1706706706706999921, 0.0102803501746475158
0.1731731731731999957, 0.0101959365660533700
0.1756756756756999993, 0.0101201724080602750
0.1781781781782000029, 0.0100527530727995279
0.1806806806807000065, 0.0099934029278656855
0.1831831831832000101, 0.0099418734224957124
0.1856856856857000138, 0.0098979413820473299
0.1881881881881999896, 0.0098614074909693962
0.1906906906906999932, 0.0098320949469670443
0.1931931931931999968, 0.0098098482712696972
0.1956956956957000004, 0.0097945322618549196
0.1981981981982000041, 0.0097860310782039196
0.2007007007007000077, 0.0097842474476975035
0.2032032032032000113, 0.0097891019851329315
0.2057057057056999871, 0.0098005326180764900
0.2082082082081999908, 0.0098184941118851232
0.2107107107106999944, 0.0098429576892516378
0.2132132132131999980, 0.0098739107400681505
0.2157157157157000016, 0.0099113566182767784
0.2182182182182000052, 0.0099553145231975840
0.2207207207207000088, 0.0100058194636041230
0.2232232232232000124, 0.0100629223035678360
0.2257257257256999883, 0.0101266898898237055
0.2282282282281999919, 0.0101972052611326164
0.2307307307306999955, 0.0102745679408389051
0.2332332332331999991, 0.0103588943145557014
0.2357357357357000027, 0.0104503180956652258
0.2382382382382000063, 0.0105489908821061219
0.2407407407407000099, 0.0106550828087470725
0.2432432432432000136, 0.0107687833005252198
0.2457457457456999894, 0.0108903019324729320
0.2482482482481999930, 0.0110198694037808870
0.2507507507508000000, 0.0111577386341626429
0.2532532532533000036, 0.0113041859920161407
0.2557557557558000072, 0.0114595126652352816
0.2582582582583000108, 0.0116240461870366595
0.2607607607608000144, 0.0117981421308531523
0.2632632632633000180, 0.0119821859902378286
0.2657657657658000216, 0.0121765952618518823
0.2682682682683000253, 0.0123818217520142888
0.2707707707707999734, 0.0125983541300156536
0.2732732732732999770, 0.0128267207544937849
0.2757757757757999806, 0.0130674928026928653
0.2782782782782999842, 0.0133212877364558904
0.2807807807807999878, 0.0135887731434072706
0.2832832832832999914, 0.0138706709970736058
0.2857857857857999950, 0.0141677623857747702
0.2882882882882999986, 0.0144808927671321169
0.2907907907908000023, 0.0148109778131506366
0.2932932932933000059, 0.0151590099202220645
0.2957957957958000095, 0.0155260654693044949
0.2982982982983000131, 0.0159133129342286829
0.3008008008008000167, 0.0163220219508937794
0.3033033033033000203, 0.0167535734774467392
0.3058058058058000239, 0.0172094711958605193
0.3083083083083000275, 0.0176913543292276029
0.3108108108107999756, 0.0182010120772648394
0.3133133133132999792, 0.0187403999058448900
0.3158158158157999829, 0.0193116579658864189
0.3183183183182999865, 0.0199171319639280739
0.3208208208207999901, 0.0205593968627849413
0.3233233233232999937, 0.0212412838577940508
0.3258258258257999973, 0.0219659111547412383
0.3283283283283000009, 0.0227367191726691592
0.3308308308308000045, 0.0235575109121839849
0.3333333333333000081, 0.0244324983724012387
0.3358358358358000118, 0.0253663560733080537
0.3383383383383000154, 0.0263642829527269210
0.3408408408408000190, 0.0274320741679765709
0.3433433433433000226, 0.0285762046541939568
0.3458458458458000262, 0.0298039266901714145
0.3483483483482999743, 0.0311233842192074686
0.3508508508509000090, 0.0325437472939046485
0.3533533533534000126, 0.0340753707954331922
0.3558558558559000162, 0.0357299825660884057
0.3583583583584000198, 0.0375209073507997842
0.3608608608609000235, 0.0394633345510195521
0.3633633633634000271, 0.0415746398640176734
0.3658658658658999752, 0.0438747735622105894
0.3683683683683999788, 0.0463867316657891465
0.3708708708708999824, 0.0491371308599626161
0.3733733733733999860, 0.0521569140977111156
0.3758758758758999896, 0.0554822219598897354
0.3783783783783999932, 0.0591554757952935661
0.3808808808808999968, 0.0632267335475825420
0.3833833833834000004, 0.0677553996050473673
0.3858858858859000041, 0.0728123983415125547
0.3883883883884000077, 0.0784829607484757580
0.3908908908909000113, 0.0848702299426490614
0.3933933933934000149, 0.0920999723758114952
0.3958958958959000185, 0.1003267996694227615
0.3983983983984000221, 0.1097424806528261992
0.4009009009009000257, 0.1205871856646096030
0.4034034034033999738, 0.1331649065700689083
0.4059059059058999774, 0.1478649215262183014
0.4084084084083999810, 0.1651921689494418866
0.4109109109108999847, 0.1858110156047607653
0.4134134134133999883, 0.2106096089834145479
0.4159159159158999919, 0.2407966483526318147
0.4184184184183999955, 0.2780506344763203908
0.4209209209208999991, 0.3247567466603979436
0.4234234234234000027, 0.3843952941691684000
0.4259259259259000063, 0.4622032010716590200
0.4284284284284000099, 0.5663509920949130194
0.4309309309309000136, 0.7101483131299254348
0.4334334334334000172, 0.9164409370047189585
0.4359359359359000208, 1.2270630020087498480
0.4384384384384000244, 1.7251466435662901056
0.4409409409408999725, 2.5943835279698665985
0.4434434434433999761, 4.3021926371670016209
0.4459459459458999797, 8.2826910263856117211
0.4484484484483999833, 19.8404285506660968963
0.4509509509510000180, 46.5326530000592697434
0.4534534534535000216, 29.3971921801184699063
0.4559559559560000253, 11.3670425864694344398
0.4584584584584999734, 5.4547859403836147507
0.4609609609609999770, 3.1249124180658505168
0.4634634634634999806, 2.0082966012948628709
0.4659659659659999842, 1.3947324605473543357
0.4684684684684999878, 1.0235314222858176159
0.4709709709709999914, 0.7825715674430309132
0.4734734734734999950, 0.6175634707169979087
0.4759759759759999986, 0.4997344322648894499
0.4784784784785000022, 0.4127173225068967444
0.4809809809810000059, 0.3466581627470317062
0.4834834834835000095, 0.2953420570704183845
0.4859859859860000131, 0.2546944980232880851
0.4884884884885000167, 0.2219552791311353857
0.4909909909910000203, 0.1952013388072274536
0.4934934934935000239, 0.1730599077424734844
0.4959959959960000275, 0.1545299986282552551
0.4984984984984999756, 0.1388679169097619126
0.5010010010009999792, 0.1255118564508921897
0.5035035035035000384, 0.1140310535865319552
0.5060060060059999865, 0.1040907723184027606
0.5085085085085000456, 0.0954277314584960346
0.5110110110109999937, 0.0878325627668131992
0.5135135135135000528, 0.0811370926563015071
0.5160160160160000009, 0.0752049898048286203
0.5185185185184999490, 0.0699247982669834733
0.5210210210210000081, 0.0652046854947208876
0.5235235235234999562, 0.0609684394511570485
0.5260260260260000154, 0.0571523866087425350
0.5285285285284999635, 0.0537029965169302792
0.5310310310310000226, 0.0505750036037207334
0.5335335335334999707, 0.0477299224386140905
0.5360360360360000298, 0.0451348650259262713
0.5385385385384999779, 0.0427615919171256548
0.5410410410410000370, 0.0405857457803633012
0.5435435435434999851, 0.0385862284151391455
0.5460460460460000442, 0.0367446913372033238
0.5485485485484999924, 0.0350451168790566064
0.5510510510510999715, 0.0334734718848725410
0.5535535535536000307, 0.0320174199730600267
0.5560560560560999788, 0.0306660813161387831
0.5585585585586000379, 0.0294098311786073346
0.5610610610610999860, 0.0282401302287211622
0.5635635635636000451, 0.0271493810244608710
0.5660660660660999932, 0.0261308061600676045
0.5685685685686000523, 0.0251783444165402381
0.5710710710711000004, 0.0242865619394685255
0.5735735735735999485, 0.0234505760099254917
0.5760760760761000077, 0.0226659894088913835
0.5785785785785999558, 0.0219288337258513114
0.5810810810811000149, 0.0212355202455522737
0.5835835835835999630, 0.0205827972771856250
0.5860860860861000221, 0.0199677129782069029
0.5885885885885999702, 0.0193875828790221541
0.5910910910911000293, 0.0188399614414749769
0.5935935935935999774, 0.0183226170886957446
0.5960960960961000366, 0.0178335102305830148
0.5985985985985999847, 0.0173707738812945954
0.6011011011011000438, 0.0169326965252926676
0.6036036036035999919, 0.0165177069388519095
0.6061061061061000510, 0.0161243607162315089
0.6086086086085999991, 0.0157513282853304452
0.6111111111110999472, 0.0153973842277322394
0.6136136136136000063, 0.0150613977435296344
0.6161161161160999544, 0.0147423241229652710
0.6186186186186000135, 0.0144391971053571440
0.6211211211210999616, 0.0141511220215145804
0.6236236236236000208, 0.0138772696293192350
0.6261261261260999689, 0.0136168705637007004
0.6286286286286000280, 0.0133692103321719109
0.6311311311310999761, 0.0131336247956531597
0.6336336336336000352, 0.0129094960817094789
0.6361361361360999833, 0.0126962488837278863
0.6386386386386000424, 0.0124933471051136748
0.6411411411410999905, 0.0123002908124102313
0.6436436436436000497, 0.0121166134654490040
0.6461461461460999978, 0.0119418793963020839
0.6486486486485999459, 0.0117756815120137991
0.6511511511512000361, 0.0116176391988937304
0.6536536536536999842, 0.0114673964086140449
0.6561561561562000433, 0.0113246199085166605
0.6586586586586999914, 0.0111889976804386455
0.6611611611612000505, 0.0110602374540422349
0.6636636636636999986, 0.0109380653621168750
0.6661661661661999467, 0.0108222247066310298
0.6686686686687000059, 0.0107124748254716663
0.6711711711711999540, 0.0106085900508385705
0.6736736736737000131, 0.0105103587511750050
0.6761761761761999612, 0.0104175824493294902
0.6786786786787000203, 0.0103300750103682386
0.6811811811811999684, 0.0102476618931041270
0.6836836836837000275, 0.0101701794599856673
0.6861861861861999756, 0.0100974743405060473
0.6886886886887000347, 0.0100294028437551558
0.6911911911911999828, 0.0099658304161526316
0.6936936936937000420, 0.0099066311407728126
0.6961961961961999901, 0.0098516872750080003
0.6986986986987000492, 0.0098008888236183027
0.7012012012011999973, 0.0097541331444890057
0.7037037037036999454, 0.0097113245846621454
0.7062062062062000045, 0.0096723741444318494
0.7087087087086999526, 0.0096371991674941756
0.7112112112112000117, 0.0096057230553252930
0.7137137137136999598, 0.0095778750041277533
0.7162162162162000190, 0.0095535897628357541
0.7187187187186999671, 0.0095328074108081938
0.7212212212212000262, 0.0095154731539638104
0.7237237237236999743, 0.0095015371382281139
0.7262262262262000334, 0.0094909542792670672
0.7287287287286999815, 0.0094836841075795243
0.7312312312312000406, 0.0094796906281097021
0.7337337337336999887, 0.0094789421936233229
0.7362362362362000479, 0.0094814113911674477
0.7387387387386999960, 0.0094870749410048312
0.7412412412412000551, 0.0094959136074797904
0.7437437437437000032, 0.0095079121213341271
0.7462462462461999513, 0.0095230591130498806
0.7487487487487000104, 0.0095413470568500944
0.7512512512512999896, 0.0095627722250407506
0.7537537537538000487, 0.0095873346524261958
0.7562562562562999968, 0.0096150381105775343
0.7587587587587999449, 0.0096458900917788491
0.7612612612613000040, 0.0096799018025200238
0.7637637637637999521, 0.0097170881664477085
0.7662662662663000113, 0.0097574678367277727
0.7687687687687999594, 0.0098010632178141283
0.7712712712713000185, 0.0098479004966596922
0.7737737737737999666, 0.0098980096834463925
0.7762762762763000257, 0.0099514246619524308
0.7787787787787999738, 0.0100081832497168829
0.7812812812813000329, 0.0100683272682043860
0.7837837837837999810, 0.0101319026232164645
0.7862862862863000402, 0.0101989593958411555
0.7887887887887999883, 0.0102695519442796493
0.7912912912913000474, 0.0103437390169374057
0.7937937937937999955, 0.0104215838772184662
0.7962962962963000546, 0.0105031544405158744
0.7987987987988000027, 0.0105885234239479487
0.8013013013012999508, 0.0106777685094508815
0.8038038038038000099, 0.0107709725209027031
0.8063063063062999580, 0.0108682236160225661
0.8088088088088000172, 0.0109696154938633186
0.8113113113112999653, 0.0110752476187947705
0.8138138138138000244, 0.0111852254619606659
0.8163163163162999725, 0.0112996607612849773
0.8188188188188000316, 0.0114186718012030709
0.8213213213212999797, 0.0115423837134018496
0.8238238238238000388, 0.0116709287999709130
0.8263263263262999869, 0.0118044468804949440
0.8288288288288000460, 0.0119430856647572657
0.8313313313312999941, 0.0120870011528772421
0.8338338338338000533, 0.0122363580648705457
0.8363363363363000014, 0.0123913303018041467
0.8388388388387999495, 0.0125521014409174601
0.8413413413413000086, 0.0127188652673008371
0.8438438438437999567, 0.0128918263449629804
0.8463463463463000158, 0.0130712006303845309
0.8488488488487999639, 0.0132572161319465098
0.8513513513514000541, 0.0134501136189439843
0.8538538538539000022, 0.0136501473842509935
0.8563563563563999503, 0.0138575860650940463
0.8588588588589000095, 0.0140727135268267946
0.8613613613613999576, 0.0142958298150783012
0.8638638638639000167, 0.0145272521821804765
0.8663663663663999648, 0.0147673161943725553
0.8688688688689000239, 0.0150163769269367701
0.8713713713713999720, 0.0152748102551525742
0.8738738738739000311, 0.0155430142497707535
0.8763763763763999792, 0.0158214106866184194
0.8788788788789000384, 0.0161104466809617944
0.8813813813813999865, 0.0164105964583879105
0.8838838838839000456, 0.0167223632752394394
0.8863863863863999937, 0.0170462815030610823
0.8888888888889000528, 0.0173829188931165952
0.8913913913914000009, 0.0177328790388353516
0.8938938938938999490, 0.0180968040560713639
0.8963963963964000081, 0.0184753775033427575
0.8988988988988999562, 0.0188693275667967987
0.9014014014014000153, 0.0192794305375614053
0.9039039039038999634, 0.0197065146124460848
0.9064064064064000226, 0.0201514640526989988
0.9089089089088999707, 0.0206152237397837258
0.9114114114114000298, 0.0210988041719794781
0.9139139139138999779, 0.0216032869511291609
0.9164164164164000370, 0.0221298308151631103
0.9189189189188999851, 0.0226796782792352825
0.9214214214214000442, 0.0232541629565748767
0.9239239239238999923, 0.0238547176396434746
0.9264264264264000515, 0.0244828832331055943
0.9289289289288999996, 0.0251403186427059736
0.9314314314313999477, 0.0258288117386818589
0.9339339339339000068, 0.0265502915291702321
0.9364364364363999549, 0.0273068416985896706
0.9389389389389000140, 0.0281007156886771484
0.9414414414413999621, 0.0289343535263154178
0.9439439439439000212, 0.0298104006331860599
0.9464464464463999693, 0.0307317288884779369
0.9489489489489000285, 0.0317014602583649066
0.9514514514515000076, 0.0327229933559810005
0.9539539539539999558, 0.0338000333546540563
0.9564564564565000149, 0.0349366257470238861
0.9589589589589999630, 0.0361371945256150628
0.9614614614615000221, 0.0374065854591764391
0.9639639639639999702, 0.0387501152570338334
0.9664664664665000293, 0.0401736275550064192
0.9689689689689999774, 0.0416835568262949596
0.9714714714715000365, 0.0432870015256673971
0.9739739739739999846, 0.0449918080233341830
0.9764764764765000438, 0.0468066671863590356
0.9789789789789999919, 0.0487412258331943113
0.9814814814815000510, 0.0508062157373410928
0.9839839839839999991, 0.0530136034101576920
0.9864864864864999472, 0.0553767645772567998
0.9889889889890000063, 0.0579106881123453848
0.9914914914914999544, 0.0606322152515821472
0.9939939939940000135, 0.0635603212389663635
0.9964964964964999616, 0.0667164482256154268
0.9989989989990000208, 0.0701249003641377794
1.0015015015019999023, 0.0738133147381227067
1.0040040040039999170, 0.0778132252258190438
1.0065065065070000205, 0.0821607408587184396
1.0090090090090000352, 0.0868973660290541516
1.0115115115119999167, 0.0920709974756188793
1.0140140140139999314, 0.0977371429567481242
1.0165165165170000350, 0.1039604197690637138
1.0190190190190000497, 0.1108164090089000242
1.0215215215219999312, 0.1183939654306236100
1.0240240240239999459, 0.1267981154163692337
1.0265265265270000494, 0.1361537205418210383
1.0290290290290000641, 0.1466101468024353927
1.0315315315319999456, 0.1583472676428969994
1.0340340340339999603, 0.1715832544144582084
1.0365365365370000639, 0.1865847890018492161
1.0390390390390000785, 0.2036805984804471170
1.0415415415419999601, 0.2232796056800724627
1.0440440440439999747, 0.2458955848203816519
1.0465465465470000783, 0.2721811269808826483
1.0490490490490000930, 0.3029751561634302370
1.0515515515519999745, 0.3393705375168311611
1.0540540540539999892, 0.3828120934618952642
1.0565565565570000928, 0.4352416975583923708
1.0590590590590001074, 0.4993181273618949034
1.0615615615619999890, 0.5787590670198812237
1.0640640640640000036, 0.6788892371791011016
1.0665665665670001072, 0.8075494115904131576
1.0690690690689998998, 0.9766646493502391113
1.0715715715720000034, 1.2050776460605352458
1.0740740740740000181, 1.5239555284172632277
1.0765765765769998996, 1.9878086797312100042
1.0790790790789999143, 2.6988278140858148468
1.0815815815820000179, 3.8663117254059842232
1.0840840840840000325, 5.9715405436103843329
1.0865865865869999141, 10.3064222868101715846
1.0890890890889999287, 21.1065072441169121475
1.0915915915920000323, 53.9282284203606536721
1.0940940940940000470, 94.9129171287257946688
1.0965965965969999285, 42.8052834098474903612
1.0990990990989999432, 17.5400929127622333681
1.1016016016020000468, 8.9712653116659950570
1.1041041041040000614, 5.3564454460641250932
1.1066066066069999430, 3.5381414400247264140
1.1091091091089999576, 2.5048161229878935785
1.1116116116120000612, 1.8642884351450104141
1.1141141141140000759, 1.4408538073004515390
1.1166166166169999574, 1.1467690344764216448
1.1191191191189999721, 0.9344033332940527847
1.1216216216220000756, 0.7761402892144944055
1.1241241241240000903, 0.6550930098738350082
1.1266266266269999718, 0.5604730169985667754
1.1291291291289999865, 0.4851303356083200846
1.1316316316320000901, 0.4241764029526284285
1.1341341341340001048, 0.3741780882259888585
1.1366366366369999863, 0.3326676264627167479
1.1391391391390000010, 0.2978346191358537953
1.1416416416420001045, 0.2683267752049109944
1.1441441441439998972, 0.2431176654036852902
1.1466466466470000007, 0.2214169360374493856
1.1491491491490000154, 0.2026080984175590571
1.1516516516519998969, 0.1862046290642778990
1.1541541541539999116, 0.1718184742959872058
1.1566566566570000152, 0.1591371118235327120
1.1591591591590000299, 0.1479066136460415459
1.1616616616619999114, 0.1379189819832170316
1.1641641641639999261, 0.1290025702582171530
1.1666666666670000296, 0.1210147601632882292
1.1691691691690000443, 0.1138363082939789633
1.1716716716719999258, 0.1073669420353320775
1.1741741741739999405, 0.1015218998979661169
1.1766766766770000441, 0.0962291928321414025
1.1791791791790000588, 0.0914274210054939473
1.1816816816819999403, 0.0870640223040778233
1.1841841841839999550, 0.0830938592522013630
1.1866866866870000585, 0.0794780734528098554
1.1891891891890000732, 0.0761831533136385353
1.1916916916919999547, 0.0731801733445997943
1.1941941941939999694, 0.0704441728211844254
1.1966966966970000730, 0.0679536489185357390
1.1991991991990000876, 0.0656901451212711790
1.2017017017019999692, 0.0636379202414613238
1.2042042042039999838, 0.0617836870620251458
1.2067067067070000874, 0.0601164127244799770
1.2092092092090001021, 0.0586271757125263193
1.2117117117119999836, 0.0573090768365278683
1.2142142142139999983, 0.0561572041841747333
1.2167167167170001019, 0.0551686547708734598
1.2192192192189998945, 0.0543426188411361491
1.2217217217219999981, 0.0536805367534716679
1.2242242242240000127, 0.0531863435597888651
1.2267267267269998943, 0.0528668233912306107
1.2292292292289999089, 0.0527321055149703802
1.2317317317320000125, 0.0527963478464759106
1.2342342342340000272, 0.0530786739919277689
1.2367367367369999087, 0.0536044600535180854
1.2392392392389999234, 0.0544071131237065519
1.2417417417420000270, 0.0555305540040924861
1.2442442442440000416, 0.0570327280954957619
1.2467467467469999232, 0.0589906481898749835
1.2492492492489999378, 0.0615077702193209883
1.2517517517520000414, 0.0647250082121411663
1.2542542542540000561, 0.0688375792977385659
1.2567567567569999376, 0.0741214715386434297
1.2592592592589999523, 0.0809763406627529991
1.2617617617620000559, 0.0899975601321748309
1.2642642642640000705, 0.1021023642878313431
1.2667667667669999521, 0.1187617295795481975
1.2692692692689999667, 0.1424521017511917453
1.2717717717720000703, 0.1775993967949928698
1.2742742742740000850, 0.2327298387888572240
1.2767767767769999665, 0.3259325020688476071
1.2792792792789999812, 0.5007981040486879643
1.2817817817820000847, 0.8818867983564954161
1.2842842842840000994, 1.9064594398394554275
1.2867867867869999809, 4.9323254045015705316
1.2892892892889999956, 5.3349406595900230599
1.2917917917920000992, 2.0858000550656980998
1.2942942942939998918, 0.9426864693051812960
1.2967967967969999954, 0.5272413966354926318
1.2992992992990000101, 0.3402523684218142774
1.3018018018019998916, 0.2420326533601065977
1.3043043043039999063, 0.1846415870315909480
1.3068068068070000098, 0.1484779827345714953
1.3093093093090000245, 0.1244066402101740021
1.3118118118119999060, 0.1077280212978145579
1.3143143143139999207, 0.0958326962436727436
1.3168168168170000243, 0.0871817869909028709
1.3193193193190000390, 0.0808229019641298757
1.3218218218219999205, 0.0761432926304237978
1.3243243243239999352, 0.0727363558802597981
1.3268268268270000387, 0.0703258118532886778
1.3293293293290000534, 0.0687208359456303874
1.3318318318319999349, 0.0677885848049145368
1.3343343343339999496, 0.0674369002652557697
1.3368368368370000532, 0.0676031920222123772
1.3393393393390000679, 0.0682472051280061942
1.3418418418419999494, 0.0693463192652682969
1.3443443443439999641, 0.0708925657224549199
1.3468468468470000676, 0.0728908686546715506
1.3493493493490000823, 0.0753582163984530540
1.3518518518519999638, 0.0783235995227925530
1.3543543543539999785, 0.0818286456414570734
1.3568568568570000821, 0.0859289557997489628
1.3593593593590000967, 0.0906962167061375613
1.3618618618619999783, 0.0962212381920990040
1.3643643643639999929, 0.1026181573904999811
1.3668668668670000965, 0.1100301744008479743
1.3693693693689998891, 0.1186373588155339026
1.3718718718719999927, 0.1286673232999246963
1.3743743743740000074, 0.1404099489549789359
1.3768768768770001110, 0.1542379493744445162
1.3793793793789999036, 0.1706360155227144570
1.3818818818820000072, 0.1902428354392362575
1.3843843843840000218, 0.2139128695018408521
1.3868868868869999034, 0.2428091964485416532
1.3893893893889999180, 0.2785465881856004078
1.3918918918920000216, 0.3234183355494876233
1.3943943943940000363, 0.3807677151977437169
1.3968968968969999178, 0.4556195352921643127
1.3993993993989999325, 0.5558017068348073408
1.4019019019020000361, 0.6940421383942595446
1.4044044044040000507, 0.8921376803989226056
1.4069069069069999323, 1.1898858291832221656
1.4094094094089999469, 1.6660766683700272139
1.4119119119120000505, 2.4939537163079794624
1.4144144144140000652, 4.1114516496643211951
1.4169169169169999467, 7.8508791551850904966
1.4194194194189999614, 18.6206638395175652079
1.4219219219220000650, 44.6793338839041140886
1.4244244244240000796, 29.8704099599489900640
1.4269269269269999612, 11.4979908151171077435
1.4294294294289999758, 5.4716392203171766440
1.4319319319320000794, 3.1184819512068591152
1.4344344344340000941, 1.9981804417133535168
1.4369369369369999756, 1.3853857799280901997
1.4394394394389999903, 1.0158328263904317090
1.4419419419420000938, 0.7764943650483686621
1.4444444444440001085, 0.6128722347166333240
1.4469469469469999900, 0.4961767604230003514
1.4494494494490000047, 0.4100732413188022951
1.4519519519520001083, 0.3447476927795652402
1.4544544544539999009, 0.2940210700634579011
1.4569569569570000045, 0.2538481939454349523
1.4594594594590000192, 0.2214920662960984388
1.4619619619619999007, 0.1950477861362752696
1.4644644644639999154, 0.1731567744438948231
1.4669669669670000189, 0.1548291679392858056
1.4694694694690000336, 0.1393300407750659442
1.4719719719719999151, 0.1261045446184427266
1.4744744744739999298, 0.1147274754560046045
1.4769769769770000334, 0.1048685711344893440
1.4794794794790000481, 0.0962681754350920571
1.4819819819819999296, 0.0887198767847307557
1.4844844844839999443, 0.0820579284033145923
1.4869869869870000478, 0.0761480027562724954
1.4894894894890000625, 0.0708803076835782392
1.4919919919919999440, 0.0661643993708937866
1.4944944944939999587, 0.0619252306243121484
1.4969969969970000623, 0.0581001094345221722
1.4994994994990000770, 0.0546363359156141412
1.5020020020019999585, 0.0514893500974927878
1.5045045045050000621, 0.0486212681801669738
1.5070070070070000767, 0.0459997168762602410
1.5095095095099999583, 0.0435968984453676545
1.5120120120119999729, 0.0413888356904414251
1.5145145145150000765, 0.0393547583972915227
1.5170170170170000912, 0.0374766017293516329
1.5195195195199999727, 0.0357385938285652363
1.5220220220219999874, 0.0341269149437063157
1.5245245245250000909, 0.0326294142528035166
1.5270270270270001056, 0.0312353734844908748
1.5295295295299999871, 0.0299353087039958971
1.5320320320320000018, 0.0287208033809038428
1.5345345345350001054, 0.0275843672213198776
1.5370370370369998980, 0.0265193163180549481
1.5395395395400000016, 0.0255196710173974176
1.5420420420420000163, 0.0245800685712810711
1.5445445445449998978, 0.0236956881781279008
1.5470470470469999125, 0.0228621864440130551
1.5495495495500000160, 0.0220756416407467196
1.5520520520520000307, 0.0213325054165487554
1.5545545545549999122, 0.0206295608417690311
1.5570570570569999269, 0.0199638858571548547
1.5595595595600000305, 0.0193328213438014943
1.5620620620620000452, 0.0187339431586341192
1.5645645645649999267, 0.0181650375822457917
1.5670670670669999414, 0.0176240797112445988
1.5695695695700000449, 0.0171092143982069095
1.5720720720720000596, 0.0166187394015341813
1.5745745745749999411, 0.0161510904570496827
1.5770770770769999558, 0.0157048280247712758
1.5795795795800000594, 0.0152786254993295938
1.5820820820820000741, 0.0148712587020829318
1.5845845845849999556, 0.0144815964980455000
1.5870870870869999703, 0.0141085924020229094
1.5895895895900000738, 0.0137512770564725863
1.5920920920920000885, 0.0134087514790781469
1.5945945945949999700, 0.0130801809912625289
1.5970970970969999847, 0.0127647897502264837
1.5995995996000000883, 0.0124618558168605731
1.6021021021020001029, 0.0121707067002958993
1.6046046046049999845, 0.0118907153271274324
1.6071071071069999991, 0.0116212963896316617
1.6096096096100001027, 0.0113619030327591179
1.6121121121119998953, 0.0111120238444205998
1.6146146146149999989, 0.0108711801177149951
1.6171171171170000136, 0.0106389233573475697
1.6196196196199998951, 0.0104148330056344877
1.6221221221219999098, 0.0101985143662450730
1.6246246246250000134, 0.0099895967062499681
1.6271271271270000280, 0.0097877315191665926
1.6296296296299999096, 0.0095925909335618943
1.6321321321319999242, 0.0094038662534193188
1.6346346346350000278, 0.0092212666179310853
1.6371371371370000425, 0.0090445177696622768
1.6396396396399999240, 0.0088733609211719827
1.6421421421419999387, 0.0087075517111861490
1.6446446446450000423, 0.0085468592423135828
1.6471471471470000569, 0.0083910651930938183
1.6496496496499999385, 0.0082399629978757109
1.6521521521519999531, 0.0080933570886590062
1.6546546546550000567, 0.0079510621935962623
1.6571571571570000714, 0.0078129026873582693
1.6596596596599999529, 0.0076787119890184561
1.6621621621619999676, 0.0075483320035173050
1.6646646646650000712, 0.0074216126031317635
1.6671671671670000858, 0.0072984111457014911
1.6696696696699999674, 0.0071785920266577829
1.6721721721719999820, 0.0070620262621657473
1.6746746746750000856, 0.0069485911009289072
1.6771771771770001003, 0.0068381696624207223
1.6796796796799999818, 0.0067306505995019632
1.6821821821819999965, 0.0066259277835587676
1.6846846846850001000, 0.0065239000104553467
1.6871871871869998927, 0.0064244707257395100
1.6896896896899999962, 0.0063275477676699816
1.6921921921920000109, 0.0062330431267531815
1.6946946946949998924, 0.0061408727205850156
1.6971971971969999071, 0.0060509561828913008
1.6996996997000000107, 0.0059632166657497959
1.7022022022020000254, 0.0058775806540580771
1.7047047047049999069, 0.0057939777913857673
1.7072072072069999216, 0.0057123407164172526
1.7097097097100000251, 0.0056326049092528963
1.7122122122120000398, 0.0055547085468932713
1.7147147147149999213, 0.0054785923672826323
1.7172172172169999360, 0.0054041995413352173
1.7197197197200000396, 0.0053314755524113185
1.7222222222220000543, 0.0052603680827498960
1.7247247247249999358, 0.0051908269064009404
1.7272272272269999505, 0.0051228037882343879
1.7297297297300000540, 0.0050562523886331680
1.7322322322320000687, 0.0049911281735062919
1.7347347347349999502, 0.0049273883292839920
1.7372372372369999649, 0.0048649916825809309
1.7397397397400000685, 0.0048038986242356198
1.7422422422420000832, 0.0047440710374546226
1.7447447447449999647, 0.0046854722298089301
1.7472472472469999794, 0.0046280668688472998
1.7497497497500000829, 0.0045718209211074402
1.7522522522520000976, 0.0045167015943207173
1.7547547547549999791, 0.0044626772826199014
1.7572572572569999938, 0.0044097175145721042
1.7597597597600000974, 0.0043577929038708992
1.7622622622619998900, 0.0043068751025325362
1.7647647647649999936, 0.0042569367564512465
1.7672672672670000082, 0.0042079514631781006
1.7697697697699998898, 0.0041598937317965552
1.7722722722719999044, 0.0041127389447759384
1.7747747747750000080, 0.0040664633216916934
1.7772772772770000227, 0.0040210438847081316
1.7797797797799999042, 0.0039764584257260607
1.7822822822819999189, 0.0039326854751036170
1.7847847847850000225, 0.0038897042718643578
1.7872872872870000371, 0.0038474947353119128
1.7897897897899999187, 0.0038060374379753764
1.7922922922919999333, 0.0037653135798142380
1.7947947947950000369, 0.0037253049636159019
1.7972972972970000516, 0.0036859939715228312
1.7997997997999999331, 0.0036473635426300965
1.8023023023019999478, 0.0036093971515975829
1.8048048048050000514, 0.0035720787882243476
1.8073073073070000660, 0.0035353929379356944
1.8098098098099999476, 0.0034993245631363746
1.8123123123119999622, 0.0034638590853859749
1.8148148148150000658, 0.0034289823683550645
1.8173173173170000805, 0.0033946807015230269
1.8198198198199999620, 0.0033609407845806758
1.8223223223219999767, 0.0033277497125028263
1.8248248248250000803, 0.0032950949612579232
1.8273273273270000949, 0.0032629643741236402
1.8298298298299999765, 0.0032313461485790609
1.8323323323319999911, 0.0032002288237456726
1.8348348348350000947, 0.0031696012683508734
1.8373373373370001094, 0.0031394526691891312
1.8398398398399999909, 0.0031097725200572631
1.8423423423420000056, 0.0030805506111415450
1.8448448448450001091, 0.0030517770188355185
1.8473473473469999018, 0.0030234420959685281
1.8498498498500000053, 0.0029955364624259925
1.8523523523520000200, 0.0029680509961434584
1.8548548548549999015, 0.0029409768244573714
1.8573573573569999162, 0.0029143053157963967
1.8598598598600000198, 0.0028880280716979253
1.8623623623620000345, 0.0028621369191352141
1.8648648648649999160, 0.0028366239031412904
1.8673673673669999307, 0.0028114812797164932
1.8698698698700000342, 0.0027867015090071614
1.8723723723720000489, 0.0027622772487435709
1.8748748748749999304, 0.0027382013479258617
1.8773773773769999451, 0.0027144668407471984
1.8798798798800000487, 0.0026910669407439539
1.8823823823820000634, 0.0026679950351631973
1.8848848848849999449, 0.0026452446795382405
1.8873873873869999596, 0.0026228095924634258
1.8898898898900000631, 0.0026006836505597687
1.8923923923920000778, 0.0025788608836234631
1.8948948948949999593, 0.0025573354699496421
1.8973973973969999740, 0.0025361017318241167
1.8998998999000000776, 0.0025151541311761953
1.9024024024020000923, 0.0024944872653859646
1.9049049049049999738, 0.0024740958632397500
1.9074074074069999885, 0.0024539747810277380
1.9099099099100000920, 0.0024341189987780415
1.9124124124120001067, 0.0024145236166217242
1.9149149149149999882, 0.0023951838512835562
1.9174174174170000029, 0.0023760950326935271
1.9199199199200001065, 0.0023572526007143344
1.9224224224219998991, 0.0023386521019802898
1.9249249249250000027, 0.0023202891868433022
1.9274274274270000173, 0.0023021596064217655
1.9299299299299998989, 0.0022842592097483691
1.9324324324319999135, 0.0022665839410130314
1.9349349349350000171, 0.0022491298368973109
1.9374374374370000318, 0.0022318930239968067
1.9399399399399999133, 0.0022148697163282150
1.9424424424419999280, 0.0021980562129178594
1.9449449449450000316, 0.0021814488954686132
1.9474474474470000462, 0.0021650442261023119
1.9499499499499999278, 0.0021488387451748360
1.9524524524519999424, 0.0021328290691611765
1.9549549549550000460, 0.0021170118886079206
1.9574574574570000607, 0.0021013839661506682
1.9599599599599999422, 0.0020859421345940377
1.9624624624619999569, 0.0020706832950519644
1.9649649649650000605, 0.0020556044151461405
1.9674674674670000751, 0.0020407025272604880
1.9699699699699999567, 0.0020259747268496736
1.9724724724719999713, 0.0020114181707997412
1.9749749749750000749, 0.0019970300758390060
1.9774774774770000896, 0.0019828077169974545
1.9799799799799999711, 0.0019687484261129368
1.9824824824819999858, 0.0019548495903825187
1.9849849849850000894, 0.0019411086509574279
1.9874874874870001040, 0.0019275231015800846
1.9899899899899999856, 0.0019140904872617646
1.9924924924920000002, 0.0019008084029995031
1.9949949949950001038, 0.0018876744925309021
1.9974974974969998964, 0.0018746864471255497
2.0000000000000000000, 0.0018618420044118149
