# Delta1: 0.465
# Delta2: 1.17
# Delta3: 1.355
# Dq: 0.1355
# Ds: 0.04
# Dt: 0.061000000000000006
# k1_lab: [1, 0, 0]
# k2_lab: [-0.8660254037844387, 0.49999999999999994, 0.0]
# k1_cf: [-0.6644630243886747, -0.6644630243886747, 0.3420201433256688]
# k2_cf: [0.696364240320019, 0.696364240320019, 0.17364817766693014]
# pol1_lab: [(0, 1, 0), (0, 0, 1)]
# pol2_lab: [array([-0.5      , -0.8660254,  0.       ]), array([0., 0., 1.])]
# pol1_cf: [array([0.24184476, 0.24184476, 0.93969262]), array([-0.70710678,  0.70710678,  0.        ])]
# pol2_cf: [array([ 0.1227878 ,  0.1227878 , -0.98480775]), array([-0.70710678,  0.70710678,  0.        ])]
# cf: [array([-0.66446302,  0.24184476, -0.70710678]), array([-0.66446302,  0.24184476,  0.70710678]), array([0.34202014, 0.93969262, 0.        ])]
# th: 70
-0.50000000000000000000, 0.00039542787863453542
-0.49749749749749999639, 0.00039826223749286443
-0.49499499499499999278, 0.00040113280964859107
-0.49249249249249998917, 0.00040404027349395642
-0.48998998998999998555, 0.00040698532409792402
-0.48748748748749998194, 0.00040996867371097761
-0.48498498498499997833, 0.00041299105228801780
-0.48248248248249997472, 0.00041605320803010562
-0.47997997998000002662, 0.00041915590794583814
-0.47747747747750002301, 0.00042229993843317628
-0.47497497497500001939, 0.00042548610588258491
-0.47247247247250001578, 0.00042871523730238882
-0.46996996997000001217, 0.00043198818096728468
-0.46746746746750000856, 0.00043530580709100301
-0.46496496496500000495, 0.00043866900852415630
-0.46246246246250000134, 0.00044207870147835928
-0.45995995995999999773, 0.00044553582627776848
-0.45745745745749999411, 0.00044904134813923387
-0.45495495495499999050, 0.00045259625798232256
-0.45245245245249998689, 0.00045620157327053406
-0.44994994994990000770, 0.00045985833888509203
-0.44744744744740000408, 0.00046356762803277034
-0.44494494494490000047, 0.00046733054318928155
-0.44244244244239999686, 0.00047114821707983507
-0.43993993993989999325, 0.00047502181369855629
-0.43743743743739998964, 0.00047895252936854270
-0.43493493493489998603, 0.00048294159384442629
-0.43243243243239998241, 0.00048699027145940820
-0.42992992992989997880, 0.00049109986231883683
-0.42742742742739997519, 0.00049527170354250706
-0.42492492492490002709, 0.00049950717055797416
-0.42242242242240002348, 0.00050380767844730257
-0.41991991991990001987, 0.00050817468334979224
-0.41741741741740001626, 0.00051260968392337022
-0.41491491491490001264, 0.00051711422286747702
-0.41241241241240000903, 0.00052168988851042993
-0.40990990990990000542, 0.00052633831646441858
-0.40740740740740000181, 0.00053106119135144997
-0.40490490490489999820, 0.00053586024860375735
-0.40240240240239999459, 0.00054073727634237467
-0.39989989989989999097, 0.00054569411733779312
-0.39739739739739998736, 0.00055073267105683885
-0.39489489489489998375, 0.00055585489580013887
-0.39239239239239998014, 0.00056106281093480756
-0.38988988988989997653, 0.00056635849922724156
-0.38738738738739997292, 0.00057174410928120204
-0.38488488488490002482, 0.00057722185808666590
-0.38238238238240002120, 0.00058279403368524847
-0.37987987987990001759, 0.00058846299795835126
-0.37737737737740001398, 0.00059423118954454810
-0.37487487487490001037, 0.00060010112689312168
-0.37237237237240000676, 0.00060607541146107807
-0.36986986986990000315, 0.00061215673106141690
-0.36736736736739999953, 0.00061834786337090785
-0.36486486486489999592, 0.00062465167960614278
-0.36236236236239999231, 0.00063107114837716849
-0.35985985985989998870, 0.00063760933972859966
-0.35735735735739998509, 0.00064426942937872902
-0.35485485485489998148, 0.00065105470316782679
-0.35235235235239997786, 0.00065796856172753199
-0.34984984984979999867, 0.00066501452538401549
-0.34734734734729999506, 0.00067219623930841164
-0.34484484484479999145, 0.00067951747892889972
-0.34234234234229998783, 0.00068698215561977330
-0.33983983983979998422, 0.00069459432268384144
-0.33733733733729998061, 0.00070235818164561450
-0.33483483483479997700, 0.00071027808887389496
-0.33233233233229997339, 0.00071835856255366109
-0.32982982982980002529, 0.00072660429002849574
-0.32732732732730002168, 0.00073502013553627954
-0.32482482482480001806, 0.00074361114836244888
-0.32232232232230001445, 0.00075238257143680836
-0.31981981981980001084, 0.00076133985040175269
-0.31731731731730000723, 0.00077048864318171031
-0.31481481481480000362, 0.00077983483008575998
-0.31231231231230000001, 0.00078938452447772380
-0.30980980980979999639, 0.00079914408405046917
-0.30730730730729999278, 0.00080912012274393652
-0.30480480480479998917, 0.00081931952334927396
-0.30230230230229998556, 0.00082974945084466180
-0.29979979979979998195, 0.00084041736651184636
-0.29729729729729997834, 0.00085133104288610719
-0.29479479479479997472, 0.00086249857959644935
-0.29229229229230002662, 0.00087392842015720118
-0.28978978978980002301, 0.00088562936977694059
-0.28728728728730001940, 0.00089761061425591660
-0.28478478478480001579, 0.00090988174004872258
-0.28228228228230001218, 0.00092245275557516757
-0.27977977977980000857, 0.00093533411386898489
-0.27727727727730000495, 0.00094853673666130567
-0.27477477477480000134, 0.00096207204000384292
-0.27227227227229999773, 0.00097595196154541216
-0.26976976976979999412, 0.00099018898958494516
-0.26726726726729999051, 0.00100479619403460530
-0.26476476476479998690, 0.00101978725943798311
-0.26226226226229998328, 0.00103517652020087918
-0.25975975975979997967, 0.00105097899820590502
-0.25725725725729997606, 0.00106721044299714686
-0.25475475475479997245, 0.00108388737473774296
-0.25225225225230002435, 0.00110102713016133882
-0.24974974974969998964, 0.00111864791175847206
-0.24724724724720001379, 0.00113676884046094132
-0.24474474474470001018, 0.00115541001211157211
-0.24224224224220000656, 0.00117459255803360665
-0.23973973973970000295, 0.00119433871004364115
-0.23723723723719999934, 0.00121467187028478311
-0.23473473473469999573, 0.00123561668629309238
-0.23223223223219999212, 0.00125719913175054783
-0.22972972972969998851, 0.00127944659342248699
-0.22722722722720001265, 0.00130238796482704542
-0.22472472472470000904, 0.00132605374723927653
-0.22222222222220000543, 0.00135047615869401992
-0.21971971971970000181, 0.00137568925172002767
-0.21721721721719999820, 0.00140172904061416307
-0.21471471471469999459, 0.00142863363914982324
-0.21221221221219999098, 0.00145644340970909236
-0.20970970970969998737, 0.00148520112493500571
-0.20720720720720001151, 0.00151495214312011880
-0.20470470470470000790, 0.00154574459868210708
-0.20220220220220000429, 0.00157762960922842995
-0.19969969969970000068, 0.00161066150088244055
-0.19719719719719999707, 0.00164489805373542420
-0.19469469469469999345, 0.00168040076950596749
-0.19219219219219998984, 0.00171723516373341323
-0.18968968968969998623, 0.00175547108511003858
-0.18718718718720001037, 0.00179518306487187686
-0.18468468468470000676, 0.00183645069952632998
-0.18218218218220000315, 0.00187935907060249189
-0.17967967967969999954, 0.00192399920557497243
-0.17717717717719999593, 0.00197046858464299673
-0.17467467467469999232, 0.00201887169865406059
-0.17217217217219998870, 0.00206932066415779726
-0.16966966966970001285, 0.00212193590237548220
-0.16716716716720000924, 0.00217684688979084525
-0.16466466466470000563, 0.00223419298912894788
-0.16216216216220000201, 0.00229412437071573614
-0.15965965965969999840, 0.00235680303563028885
-0.15715715715719999479, 0.00242240395370865898
-0.15465465465469999118, 0.00249111633137358507
-0.15215215215219998757, 0.00256314502649678845
-0.14964964964960000837, 0.00263871213010928845
-0.14714714714710000476, 0.00271805873783055292
-0.14464464464460000115, 0.00280144693747534385
-0.14214214214209999754, 0.00288916204352168780
-0.13963963963959999393, 0.00298151511411057094
-0.13713713713709999031, 0.00307884579215272382
-0.13463463463459998670, 0.00318152551912835460
-0.13213213213210001085, 0.00328996117851486705
-0.12962962962960000723, 0.00340459923575171190
-0.12712712712710000362, 0.00352593045360493620
-0.12462462462460000001, 0.00365449527616849151
-0.12212212212209999640, 0.00379088999208403079
-0.11961961961960000667, 0.00393577380856605010
-0.11711711711710000305, 0.00408987699335243687
-0.11461461461459999944, 0.00425401027285841025
-0.11211211211209999583, 0.00442907571298872815
-0.10960960960960000610, 0.00461607935603741085
-0.10710710710710000249, 0.00481614594515769254
-0.10460460460459999887, 0.00503053613996194172
-0.10210210210209999526, 0.00526066671672754602
-0.09959959959960000553, 0.00550813435942073323
-0.09709709709710000192, 0.00577474378983965954
-0.09459459459459000630, 0.00606254116524952529
-0.09209209209209000269, 0.00637385390140933136
-0.08958958958958999907, 0.00671133837322718425
-0.08708708708708999546, 0.00707803732513906294
-0.08458458458457999984, 0.00747744931682403115
-0.08208208208207999623, 0.00791361317559441044
-0.07957957957958000650, 0.00839121127799308600
-0.07707707707708000289, 0.00891569661403439177
-0.07457457457456999339, 0.00949345010263712673
-0.07207207207207000366, 0.01013197667466586398
-0.06956956956957000004, 0.01084015143408027446
-0.06706706706706999643, 0.01162853105821252953
-0.06456456456456000081, 0.01250975096149887361
-0.06206206206205999720, 0.01349903630311256528
-0.05955955955956000053, 0.01461486569531929812
-0.05705705705705999692, 0.01587984204152433423
-0.05455455455455000130, 0.01732184775563649221
-0.05205205205204999769, 0.01897559557839904876
-0.04954954954955000102, 0.02088473759447618747
-0.04704704704704999740, 0.02310477421777289847
-0.04454454454454000178, 0.02570712928487356788
-0.04204204204203999817, 0.02878495704942597017
-0.03953953953954000150, 0.03246157505961745626
-0.03703703703703999789, 0.03690297071604226042
-0.03453453453453000227, 0.04233679153298617465
-0.03203203203202999866, 0.04908195643901269029
-0.02952952952952999852, 0.05759624241469551986
-0.02702702702702999837, 0.06855544771651059244
-0.02452452452451999929, 0.08299045853771423731
-0.02202202202201999914, 0.10253594526032570877
-0.01951951951951999900, 0.12990735699143426962
-0.01701701701701999886, 0.16987902106164337601
-0.01451451451450999977, 0.23146095377006847826
-0.01201201201200999963, 0.33326557106120074936
-0.00950950950950999949, 0.51858107061614311384
-0.00700700700700700001, 0.90538868220690249533
-0.00450450450450499973, 1.88744233140911488178
-0.00200200200200199982, 4.88238813361136259061
0.00050050050050049995, 7.70421405751898635828
0.00300300300300299994, 3.28051243151647620167
0.00550550550550599985, 1.37035331959428785531
0.00800800800800799926, 0.71220075806573301946
0.01051051051050999954, 0.42969718542835466657
0.01301301301300999969, 0.28586610319226268828
0.01551551551552000051, 0.20343336918625623544
0.01801801801801999892, 0.15201960178350878983
0.02052052052051999906, 0.11787238716129203042
0.02302302302301999920, 0.09406971110394601876
0.02552552552552999829, 0.07683081383470555248
0.02802802802802999843, 0.06395278435253047566
0.03053053053052999857, 0.05408315447185209346
0.03303303303302999872, 0.04635497820911296113
0.03553553553554000127, 0.04019206517217952662
0.03803803803803999795, 0.03519950673244066214
0.04054054054054000156, 0.03109938248325295335
0.04304304304303999823, 0.02769155100642685732
0.04554554554555000079, 0.02482894348821873196
0.04804804804804999746, 0.02240154352630876686
0.05055055055055000107, 0.02032573318397579848
0.05305305305304999774, 0.01853704655321065931
0.05555555555556000030, 0.01698514068892140530
0.05805805805805999698, 0.01563024151481634885
0.06056056056056000059, 0.01444059051651196655
0.06306306306306000420, 0.01339058280633407400
0.06556556556556999982, 0.01245939069921332513
0.06806806806807000343, 0.01162993338659642530
0.07057057057056999316, 0.01088809674872306260
0.07307307307306999677, 0.01022213626091936570
0.07557557557558000627, 0.00962221550158660899
0.07807807807807999601, 0.00908004618753696993
0.08058058058057999962, 0.00858860499792324372
0.08308308308308000323, 0.00814190902665023683
0.08558558558558999885, 0.00773483639443948122
0.08808808808809000246, 0.00736298193445721928
0.09059059059059000607, 0.00702254033008544234
0.09309309309308999580, 0.00671021089677415958
0.09559559559560000530, 0.00642311954636109843
0.09809809809809999503, 0.00615875448067247557
0.10060060060059999865, 0.00591491292266156828
0.10310310310310000226, 0.00568965677273416091
0.10560560560560000587, 0.00548127552200239256
0.10810810810809999560, 0.00528825509695449517
0.11061061061059999922, 0.00510925157629660894
0.11311311311310000283, 0.00494306892887163424
0.11561561561560000644, 0.00478864008524303598
0.11811811811809999617, 0.00464501078497775183
0.12062062062059999978, 0.00451132574458593984
0.12312312312310000340, 0.00438681677333374251
0.12562562562560000701, 0.00427079253021180310
0.12812812812810001062, 0.00416262966865518433
0.13063063063059998647, 0.00406176515882619715
0.13313313313309999009, 0.00396768961245485847
0.13563563563559999370, 0.00387994146399464048
0.13813813813809999731, 0.00379810188545961439
0.14064064064060000092, 0.00372179033176133107
0.14314314314310000453, 0.00365066062945094104
0.14564564564560000814, 0.00358439753512388966
0.14814814814810001176, 0.00352271370086422236
0.15065065065069999095, 0.00346534699339724143
0.15315315315319999456, 0.00341205812140848736
0.15565565565569999817, 0.00336262853203702586
0.15815815815820000179, 0.00331685854307591258
0.16066066066070000540, 0.00327456568208636146
0.16316316316320000901, 0.00323558320759740475
0.16566566566570001262, 0.00319975879093635073
0.16816816816819998848, 0.00316695334011343190
0.17067067067069999209, 0.00313703994964622439
0.17317317317319999570, 0.00310990296232135834
0.17567567567569999931, 0.00308543713070763472
0.17817817817820000292, 0.00306354686780128428
0.18068068068070000654, 0.00304414557753899260
0.18318318318320001015, 0.00302715505708937285
0.18568568568570001376, 0.00301250496385553710
0.18818818818819998961, 0.00300013234101317253
0.19069069069069999323, 0.00298998119618892281
0.19319319319319999684, 0.00298200212856946853
0.19569569569570000045, 0.00297615200033604773
0.19819819819820000406, 0.00297239364885434464
0.20070070070070000767, 0.00297069563652558807
0.20320320320320001128, 0.00297103203563034261
0.20570570570569998714, 0.00297338224587914788
0.20820820820819999075, 0.00297773084273071208
0.21071071071069999436, 0.00298406745485433732
0.21321321321319999798, 0.00299238666940393732
0.21571571571570000159, 0.00300268796404082458
0.21821821821820000520, 0.00301497566489556529
0.22072072072070000881, 0.00302925892989930595
0.22322322322320001242, 0.00304555175714559673
0.22572572572569998828, 0.00306387301816796014
0.22822822822819999189, 0.00308424651623964751
0.23073073073069999550, 0.00310670107002286805
0.23323323323319999911, 0.00313127062311852229
0.23573573573570000272, 0.00315799438029708800
0.23823823823820000634, 0.00318691697142966125
0.24074074074070000995, 0.00321808864438904822
0.24324324324320001356, 0.00325156548845701582
0.24574574574569998942, 0.00328740969005969974
0.24824824824819999303, 0.00332568982296259016
0.25075075075079999998, 0.00336648117539380554
0.25325325325330000359, 0.00340986611693532265
0.25575575575580000720, 0.00345593450843117338
0.25825825825830001081, 0.00350478415861691771
0.26076076076080001442, 0.00355652133168265615
0.26326326326330001804, 0.00361126131055116394
0.26576576576580002165, 0.00366912902129376550
0.26826826826830002526, 0.00373025972482962914
0.27077077077079997336, 0.00379479978287381326
0.27327327327329997697, 0.00386290750602993720
0.27577577577579998058, 0.00393475409298313285
0.27827827827829998419, 0.00401052467095977267
0.28078078078079998781, 0.00409041944900548869
0.28328328328329999142, 0.00417465499722345125
0.28578578578579999503, 0.00426346566694358296
0.28828828828829999864, 0.00435710516890179967
0.29079079079080000225, 0.00445584832894575181
0.29329329329330000586, 0.00455999304360580650
0.29579579579580000948, 0.00466986246114832210
0.29829829829830001309, 0.00478580741754348893
0.30080080080080001670, 0.00490820916123154739
0.30330330330330002031, 0.00503748240577976680
0.30580580580580002392, 0.00517407875562936759
0.30830830830830002753, 0.00531849055731452129
0.31081081081079997563, 0.00547125523700389346
0.31331331331329997925, 0.00563296019522827995
0.31581581581579998286, 0.00580424834153328226
0.31831831831829998647, 0.00598582436591807779
0.32082082082079999008, 0.00617846186077226911
0.32332332332329999369, 0.00638301142718966652
0.32582582582579999730, 0.00660040992375494212
0.32832832832830000092, 0.00683169104508126075
0.33083083083080000453, 0.00707799745266249336
0.33333333333330000814, 0.00734059472343365823
0.33583583583580001175, 0.00762088743361333254
0.33833833833830001536, 0.00792043775923300525
0.34084084084080001897, 0.00824098705316532107
0.34334334334330002259, 0.00858448095518862288
0.34584584584580002620, 0.00895309871149671012
0.34834834834829997430, 0.00934928752931065907
0.35085085085090000900, 0.00977580297899845185
0.35335335335340001262, 0.01023575669098439334
0.35585585585590001623, 0.01073267289172959507
0.35835835835840001984, 0.01127055570075777974
0.36086086086090002345, 0.01185396959385576904
0.36336336336340002706, 0.01248813605951813038
0.36586586586589997516, 0.01317905028156016005
0.36836836836839997877, 0.01393362273220729100
0.37087087087089998239, 0.01475985194174124146
0.37337337337339998600, 0.01566703654077629057
0.37587587587589998961, 0.01666603711469118176
0.37837837837839999322, 0.01776960170058378141
0.38088088088089999683, 0.01899277323003031523
0.38338338338340000044, 0.02035340336012445017
0.38588588588590000406, 0.02187280564948558548
0.38838838838840000767, 0.02357659297582711394
0.39089089089090001128, 0.02549576103579031389
0.39339339339340001489, 0.02766810412210366638
0.39589589589590001850, 0.03014008486230859707
0.39839839839840002211, 0.03296933208971084689
0.40090090090090002573, 0.03622801989594909983
0.40340340340339997383, 0.04000750153828395994
0.40590590590589997744, 0.04442475986884288075
0.40840840840839998105, 0.04963153509026754784
0.41091091091089998466, 0.05582747761179505941
0.41341341341339998827, 0.06327948674045294486
0.41591591591589999188, 0.07235079158717394598
0.41841841841839999550, 0.08354580246738883831
0.42092092092089999911, 0.09758129540447894879
0.42342342342340000272, 0.11550314662028834944
0.42592592592590000633, 0.13888511697323152605
0.42842842842840000994, 0.17018255087193345787
0.43093093093090001355, 0.21339516266712299508
0.43343343343340001717, 0.27538839167133266628
0.43593593593590002078, 0.36873391760652152183
0.43843843843840002439, 0.51841398289081086492
0.44094094094089997249, 0.77963022189967379205
0.44344344344339997610, 1.29284786248895811056
0.44594594594589997971, 2.48903694819167320418
0.44844844844839998332, 5.96228080273438543202
0.45095095095100001803, 13.98362654504565583125
0.45345345345350002164, 8.83420680120083368081
0.45595595595600002525, 3.41592191750148721496
0.45845845845849997335, 1.63921485096180008512
0.46096096096099997697, 0.93905854868841276417
0.46346346346349998058, 0.60350130320290984454
0.46596596596599998419, 0.41911735345964618027
0.46846846846849998780, 0.30756653489958885039
0.47097097097099999141, 0.23515481375685426402
0.47347347347349999502, 0.18556754122663124407
0.47597597597599999864, 0.15015816243863788770
0.47847847847850000225, 0.12400815095762870999
0.48098098098100000586, 0.10415626334138042286
0.48348348348350000947, 0.08873484586544680419
0.48598598598600001308, 0.07651945820653119346
0.48848848848850001669, 0.06668062386128018049
0.49099099099100002030, 0.05864043879549239724
0.49349349349350002392, 0.05198636866061736445
0.49599599599600002753, 0.04641760423123024448
0.49849849849849997563, 0.04171065595986080121
0.50100100100099997924, 0.03769669403473696612
0.50350350350350003836, 0.03424626853892611539
0.50600600600599998646, 0.03125878706537176671
0.50850850850850004559, 0.02865513026728307155
0.51101101101099999369, 0.02637238030991793936
0.51351351351350005281, 0.02435999886440824713
0.51601601601600000091, 0.02257701659858831617
0.51851851851849994901, 0.02098993954024346714
0.52102102102100000813, 0.01957117079183295569
0.52352352352349995623, 0.01829780761326772753
0.52602602602600001536, 0.01715071524191694174
0.52852852852849996346, 0.01611380703530167213
0.53103103103100002258, 0.01517348004901272057
0.53353353353349997068, 0.01431816885468287920
0.53603603603600002980, 0.01353799012184607985
0.53853853853849997790, 0.01282445746532476574
0.54104104104100003703, 0.01217025112327642378
0.54354354354349998513, 0.01156903074228997005
0.54604604604600004425, 0.01101528229175171431
0.54854854854849999235, 0.01050419217927587093
0.55105105105109997154, 0.01003154318166206427
0.55355355355360003067, 0.00959362797615745388
0.55605605605609997877, 0.00918717695126229639
0.55855855855860003789, 0.00880929766479386644
0.56106106106109998599, 0.00845742385040498118
0.56356356356360004511, 0.00812927228977139427
0.56606606606609999321, 0.00782280619404802577
0.56856856856860005234, 0.00753620399573858100
0.57107107107110000044, 0.00726783265646519395
0.57357357357359994854, 0.00701622475910767228
0.57607607607610000766, 0.00678005878342916209
0.57857857857859995576, 0.00655814206953564752
0.58108108108110001488, 0.00634939605866484055
0.58358358358359996299, 0.00615284347000216898
0.58608608608610002211, 0.00596759712870166201
0.58858858858859997021, 0.00579285020657359546
0.59109109109110002933, 0.00562786767497720428
0.59359359359359997743, 0.00547197880089859718
0.59609609609610003655, 0.00532457054325094839
0.59859859859859998465, 0.00518508172810328363
0.60110110110110004378, 0.00505299789962502209
0.60360360360359999188, 0.00492784675866866223
0.60610610610610005100, 0.00480919411362223416
0.60860860860859999910, 0.00469664027886688810
0.61111111111109994720, 0.00458981686521653127
0.61361361361360000632, 0.00448838391437469085
0.61611611611609995443, 0.00439202733594858813
0.61861861861860001355, 0.00430045661109959912
0.62112112112109996165, 0.00421340273163852384
0.62362362362360002077, 0.00413061634742155348
0.62612612612609996887, 0.00405186609837518419
0.62862862862860002799, 0.00397693711046428512
0.63113113113109997609, 0.00390562963749078486
0.63363363363360003522, 0.00383775783283314686
0.63613613613609998332, 0.00377314863716053574
0.63863863863860004244, 0.00371164076982423256
0.64114114114109999054, 0.00365308381307890510
0.64364364364360004966, 0.00359733737954912557
0.64614614614609999776, 0.00354427035445812732
0.64864864864859994587, 0.00349376020509867789
0.65115115115120003608, 0.00344569235086902457
0.65365365365369998418, 0.00339995958793643102
0.65615615615620004331, 0.00335646156324057292
0.65865865865869999141, 0.00331510429312097251
0.66116116116120005053, 0.00327579972235679789
0.66366366366369999863, 0.00323846531985250803
0.66616616616619994673, 0.00320302370759649197
0.66866866866870000585, 0.00316940231986850580
0.67117117117119995395, 0.00313753308998099886
0.67367367367370001308, 0.00310735216211415095
0.67617617617619996118, 0.00307879962604885003
0.67867867867870002030, 0.00305181927281955069
0.68118118118119996840, 0.00302635836950323946
0.68368368368370002752, 0.00300236745153420253
0.68618618618619997562, 0.00297980013108955621
0.68868868868870003475, 0.00295861292022954036
0.69119119119119998285, 0.00293876506760126430
0.69369369369370004197, 0.00292021840762667333
0.69619619619619999007, 0.00290293722119619110
0.69869869869870004919, 0.00288688810698026601
0.70120120120119999729, 0.00287203986255286838
0.70370370370369994539, 0.00285836337459484261
0.70620620620620000452, 0.00284583151751188670
0.70870870870869995262, 0.00283441905986240054
0.71121121121120001174, 0.00282410257804535008
0.71371371371369995984, 0.00281486037674812031
0.71621621621620001896, 0.00280667241569970737
0.71871871871869996706, 0.00279952024231589847
0.72122122122120002619, 0.00279338692986082215
0.72372372372369997429, 0.00278825702078377242
0.72622622622620003341, 0.00278411647492180642
0.72872872872869998151, 0.00278095262228765256
0.73123123123120004063, 0.00277875412018921452
0.73373373373369998873, 0.00277751091445161118
0.73623623623620004786, 0.00277721420453549972
0.73873873873869999596, 0.00277785641236663692
0.74124124124120005508, 0.00277943115471132249
0.74374374374370000318, 0.00278193321895081180
0.74624624624619995128, 0.00278535854212504791
0.74874874874870001040, 0.00278970419313233353
0.75125125125129998960, 0.00279496835798694488
0.75375375375380004872, 0.00280115032805133488
0.75625625625629999682, 0.00280825049117351244
0.75875875875879994492, 0.00281627032567363699
0.76126126126130000404, 0.00282521239713681531
0.76376376376379995214, 0.00283508035798170095
0.76626626626630001127, 0.00284587894978682171
0.76876876876879995937, 0.00285761400836871552
0.77127127127130001849, 0.00287029247161797729
0.77377377377379996659, 0.00288392239011131838
0.77627627627630002571, 0.00289851294052984130
0.77877877877879997381, 0.00291407444192588044
0.78128128128130003294, 0.00293061837489319577
0.78378378378379998104, 0.00294815740370802781
0.78628628628630004016, 0.00296670540152159552
0.78878878878879998826, 0.00298627747869818511
0.79129129129130004738, 0.00300689001440712731
0.79379379379379999548, 0.00302856069159172878
0.79629629629630005461, 0.00305130853545379065
0.79879879879880000271, 0.00307515395560878412
0.80130130130129995081, 0.00310011879208415414
0.80380380380380000993, 0.00312622636535180628
0.80630630630629995803, 0.00315350153060557810
0.80880880880880001715, 0.00318197073651577209
0.81131131131129996525, 0.00321166208871555238
0.81381381381380002438, 0.00324260541829858541
0.81631631631629997248, 0.00327483235563376385
0.81881881881880003160, 0.00330837640983150079
0.82132132132129997970, 0.00334327305422715609
0.82382382382380003882, 0.00337955981828082100
0.82632632632629998692, 0.00341727638632944100
0.82882882882880004605, 0.00345646470366711657
0.83133133133129999415, 0.00349716909047312905
0.83383383383380005327, 0.00353943636415478789
0.83633633633630000137, 0.00358331597072439334
0.83883883883879994947, 0.00362886012588668240
0.84134134134130000859, 0.00367612396657588693
0.84384384384379995669, 0.00372516571375017692
0.84634634634630001582, 0.00377604684732720745
0.84884884884879996392, 0.00382883229422767077
0.85135135135140005413, 0.00388359063058563592
0.85385385385390000224, 0.00394039429928607840
0.85635635635639995034, 0.00399931984410165694
0.85885885885890000946, 0.00406044816182520290
0.86136136136139995756, 0.00412386477393127723
0.86386386386390001668, 0.00418966011945251689
0.86636636636639996478, 0.00425792987092550763
0.86886886886890002391, 0.00432877527544837590
0.87137137137139997201, 0.00440230352310161648
0.87387387387390003113, 0.00447862814521611356
0.87637637637639997923, 0.00455786944523196239
0.87887887887890003835, 0.00464015496518186982
0.88138138138139998645, 0.00472561999115665102
0.88388388388390004557, 0.00481440810147388838
0.88638638638639999368, 0.00490667176167739437
0.88888888888890005280, 0.00500257297095218437
0.89139139139140000090, 0.00510228396505347809
0.89389389389389994900, 0.00520598798142611705
0.89639639639640000812, 0.00531388009284324784
0.89889889889889995622, 0.00542616811662886746
0.90140140140140001535, 0.00554307360736124022
0.90390390390389996345, 0.00566483294189710704
0.90640640640640002257, 0.00579169850662527262
0.90890890890889997067, 0.00592393999807364936
0.91141141141140002979, 0.00606184584937568931
0.91391391391389997789, 0.00620572479667821919
0.91641641641640003701, 0.00635590760137252214
0.91891891891889998512, 0.00651274894608845894
0.92142142142140004424, 0.00667662952475165435
0.92392392392389999234, 0.00684795834971225342
0.92642642642640005146, 0.00702717530207081029
0.92892892892889999956, 0.00721475395492014032
0.93143143143139994766, 0.00741120470337161986
0.93393393393390000679, 0.00761707824003997336
0.93643643643639995489, 0.00783296942023352025
0.93893893893890001401, 0.00805952156757788925
0.94144144144139996211, 0.00829743127835432664
0.94394394394390002123, 0.00854745379165556055
0.94644644644639996933, 0.00881040900279585724
0.94894894894890002846, 0.00908718820954121376
0.95145145145150000765, 0.00937876169500481693
0.95395395395399995575, 0.00968618726790701490
0.95645645645650001487, 0.01001061990084556493
0.95895895895899996297, 0.01035332263090263036
0.96146146146150002210, 0.01071567891510624877
0.96396396396399997020, 0.01109920666693438134
0.96646646646650002932, 0.01150557424039225576
0.96896896896899997742, 0.01193661867668864389
0.97147147147150003654, 0.01239436658704107415
0.97397397397399998464, 0.01288105811596338551
0.97647647647650004377, 0.01339917451545522345
0.97897897897899999187, 0.01395146996550409614
0.98148148148150005099, 0.01454100840490451726
0.98398398398399999909, 0.01517120629457353008
0.98648648648649994719, 0.01584588243094454951
0.98898898898900000631, 0.01656931616953126463
0.99149149149149995441, 0.01734631572116316495
0.99399399399400001354, 0.01818229856238159914
0.99649649649649996164, 0.01908338647894305962
0.99899899899900002076, 0.02005651836617050598
1.00150150150199990229, 0.02110958468041136682
1.00400400400399991696, 0.02225158842342859350
1.00650650650700002053, 0.02349283881536062824
1.00900900900900003521, 0.02484518546588630056
1.01151151151199991673, 0.02632230301602348638
1.01401401401399993141, 0.02794003907214544918
1.01651651651700003498, 0.02971684203663359225
1.01901901901900004965, 0.03167429050392153722
1.02152152152199993118, 0.03383775273054839827
1.02402402402399994585, 0.03623721401243784612
1.02652652652700004943, 0.03890832264169301336
1.02902902902900006410, 0.04189372298187313270
1.03153153153199994563, 0.04524476934731186395
1.03403403403399996030, 0.04902375019741191803
1.03653653653700006387, 0.05330680386620351152
1.03903903903900007855, 0.05818778273956944080
1.04154154154199996007, 0.06378343528497085191
1.04404404404399997475, 0.07024044529484364807
1.04654654654700007832, 0.07774512911029697604
1.04904904904900009299, 0.08653700157174501473
1.05155155155199997452, 0.09692807833043419474
1.05405405405399998919, 0.10933085968912734098
1.05655655655700009277, 0.12429975525203026954
1.05905905905900010744, 0.14259385244725958364
1.06156156156199998897, 0.16527455909550584079
1.06406406406400000364, 0.19386209582496780057
1.06656656656700010721, 0.23059502251191377198
1.06906906906899989984, 0.27887797238110934028
1.07157157157200000341, 0.34409058061968611497
1.07407407407400001809, 0.43513113731887131941
1.07657657657699989961, 0.56756248883084692292
1.07907907907899991429, 0.77056033134834711618
1.08158158158200001786, 1.10387997710832697074
1.08408408408400003253, 1.70492806809847552429
1.08658658658699991406, 2.94254747050126663765
1.08908908908899992873, 6.02599804392100324435
1.09159159159200003231, 15.39667906401171748598
1.09409409409400004698, 27.09790708357615685031
1.09659659659699992851, 12.22105173332749927795
1.09909909909899994318, 5.00777887293869206076
1.10160160160200004675, 2.56135804501130515121
1.10410410410400006143, 1.52931842281486951585
1.10660660660699994295, 1.01018843120558954318
1.10910910910899995763, 0.71517175890706297103
1.11161161161200006120, 0.53229976369042208972
1.11411411411400007587, 0.41140836544030601196
1.11661661661699995740, 0.32744666643636438641
1.11911911911899997207, 0.26681596239418686745
1.12162162162200007565, 0.22163169974382251892
1.12412412412400009032, 0.18707262942518199100
1.12662662662699997185, 0.16005861431367104930
1.12912912912899998652, 0.13854831872681591665
1.13163163163200009009, 0.12114604558554095681
1.13413413413400010477, 0.10687162708437904224
1.13663663663699998629, 0.09502050962384267496
1.13913913913900000097, 0.08507581922648516093
1.14164164164200010454, 0.07665147261312642291
1.14414414414399989717, 0.06945442071995464040
1.14664664664700000074, 0.06325901450674442650
1.14914914914900001541, 0.05788924367447906283
1.15165165165199989694, 0.05320620314951259033
1.15415415415399991161, 0.04909910104763341027
1.15665665665700001519, 0.04547870968098454564
1.15915915915900002986, 0.04227252994780324180
1.16166166166199991139, 0.03942117568060487381
1.16416416416399992606, 0.03687563877932724388
1.16666666666700002963, 0.03459519845635780633
1.16916916916900004431, 0.03254580714132566943
1.17167167167199992583, 0.03069883304317203715
1.17417417417399994051, 0.02903007234646978046
1.17667667667700004408, 0.02751896723865923308
1.17917917917900005875, 0.02614798251157265246
1.18168168168199994028, 0.02490210540677794543
1.18418418418399995495, 0.02376844206327479933
1.18668668668700005853, 0.02273589032248844732
1.18918918918900007320, 0.02179487340217364441
1.19169169169199995473, 0.02093712252439942564
1.19419419419399996940, 0.02015549929644561145
1.19669669669700007297, 0.01944385072880654500
1.19919919919900008765, 0.01879689139989340618
1.20170170170199996917, 0.01821010856689385393
1.20420420420399998385, 0.01767968707076901513
1.20670670670700008742, 0.01720245176429994680
1.20920920920900010209, 0.01677582596616042018
1.21171171171199998362, 0.01639780516494621782
1.21421421421399999829, 0.01606694591716593262
1.21671671671700010187, 0.01578237065880483056
1.21921921921899989449, 0.01554379004858442472
1.22172172172199999807, 0.01535154556983560695
1.22422422422400001274, 0.01520667655746884943
1.22672672672699989427, 0.01511101776031386484
1.22922922922899990894, 0.01506733625481797116
1.23173173173200001251, 0.01507952038618918557
1.23423423423400002719, 0.01515283903812689528
1.23673673673699990871, 0.01529429789168686507
1.23923923923899992339, 0.01551313199827082656
1.24174174174200002696, 0.01582149356100692045
1.24424424424400004163, 0.01623542469519424422
1.24674674674699992316, 0.01677625476303799129
1.24924924924899993783, 0.01747264427644852625
1.25175175175200004141, 0.01836363736735282387
1.25425425425400005608, 0.01950332997312873712
1.25675675675699993761, 0.02096820483124450102
1.25925925925899995228, 0.02286901945436634054
1.26176176176200005585, 0.02537077341827346025
1.26426426426400007053, 0.02872766653168611767
1.26676676676699995205, 0.03334736030988721955
1.26926926926899996673, 0.03991616555524570009
1.27177177177200007030, 0.04966065417722465708
1.27427427427400008497, 0.06494372268341921939
1.27677677677699996650, 0.09077843089319195813
1.27927927927899998117, 0.13924513215228379037
1.28178178178200008475, 0.24486330609872558606
1.28428428428400009942, 0.52881142412450865553
1.28678678678699998095, 1.36738028743920603247
1.28928928928899999562, 1.47896646229661943295
1.29179179179200009919, 0.57853956442167375762
1.29429429429399989182, 0.26175847923639439241
1.29679679679699999539, 0.14663770241724066734
1.29929929929900001007, 0.09483015953594262082
1.30180180180199989159, 0.06762443020926073300
1.30430430430399990627, 0.05173476127580686756
1.30680680680700000984, 0.04172915062523897822
1.30930930930900002451, 0.03507605392851370629
1.31181181181199990604, 0.03047319760493867602
1.31431431431399992071, 0.02719755537607679990
1.31681681681700002429, 0.02482279967489073313
1.31931931931900003896, 0.02308515456649633951
1.32182182182199992049, 0.02181499052996858229
1.32432432432399993516, 0.02089983134467330098
1.32682682682700003873, 0.02026334521010334649
1.32932932932900005341, 0.01985291494327305617
1.33183183183199993493, 0.01963202946741070612
1.33433433433399994961, 0.01957549700532653855
1.33683683683700005318, 0.01966637193219021584
1.33933933933900006785, 0.01989395989827301078
1.34184184184199994938, 0.02025252667067006102
1.34434434434399996405, 0.02074048562885845090
1.34684684684700006763, 0.02135992787682036362
1.34934934934900008230, 0.02211641435408585529
1.35185185185199996383, 0.02301898590635110403
1.35435435435399997850, 0.02408037355341802188
1.35685685685700008207, 0.02531741248519074269
1.35935935935900009675, 0.02675168335982899132
1.36186186186199997827, 0.02841042642134778556
1.36436436436399999295, 0.03032780109877199898
1.36686686686700009652, 0.03254660027111168363
1.36936936936899988915, 0.03512058025627859403
1.37187187187199999272, 0.03811764398860219977
1.37437437437400000739, 0.04162423052316620992
1.37687687687700011097, 0.04575144334423165982
1.37937937937899990359, 0.05064373447595298117
1.38188188188200000717, 0.05649142367142753057
1.38438438438400002184, 0.06354910252232237600
1.38688688688699990337, 0.07216329434542612109
1.38938938938899991804, 0.08281507707255063300
1.39189189189200002161, 0.09618765544454487004
1.39439439439400003629, 0.11327702174420797854
1.39689689689699991781, 0.13558009401730833354
1.39939939939899993249, 0.16542883306473971095
1.40190190190200003606, 0.20661490861922529594
1.40440440440400005073, 0.26563162990662408935
1.40690690690699993226, 0.35433470429650082423
1.40940940940899994693, 0.49619574568992941277
1.41191191191200005051, 0.74282408448499293030
1.41441441441400006518, 1.22468065718880025905
1.41691691691699994671, 2.33866079289346107117
1.41941941941899996138, 5.54698714970363315757
1.42192192192200006495, 13.30987875367010531136
1.42442442442400007963, 8.89829681437266017952
1.42692692692699996115, 3.42514802841607757244
1.42942942942899997583, 1.62989785240884677009
1.43193193193200007940, 0.92889371126780639898
1.43443443443400009407, 0.59515772537585887036
1.43693693693699997560, 0.41260815419749236055
1.43943943943899999027, 0.30252030657467848807
1.44194194194200009385, 0.23122333197593478160
1.44444444444400010852, 0.18248220959007122044
1.44694694694699999005, 0.14772048714866214958
1.44944944944900000472, 0.12207205412735541716
1.45195195195200010829, 0.10261332384650732885
1.45445445445399990092, 0.08750355950768937130
1.45695695695700000449, 0.07553770352895017304
1.45945945945900001917, 0.06590040582669007274
1.46196196196199990069, 0.05802419822451834047
1.46446446446399991537, 0.05150436191788117929
1.46696696696700001894, 0.04604601852144592916
1.46946946946900003361, 0.04143023547485003705
1.47197197197199991514, 0.03749172525279383106
1.47447447447399992981, 0.03410382130502978559
1.47697697697700003339, 0.03116814018831391003
1.47947947947900004806, 0.02860733189224895501
1.48198198198199992959, 0.02635990791168286995
1.48448448448399994426, 0.02437649371024837308
1.48698698698700004783, 0.02261707447425134396
1.48948948948900006251, 0.02104894441044745379
1.49199199199199994403, 0.01964516153331751294
1.49449449449399995871, 0.01838337044936828174
1.49699699699700006228, 0.01724489631663927644
1.49949949949900007695, 0.01621404089194136700
1.50200200200199995848, 0.01527753076127368222
1.50450450450500006205, 0.01442408129289991618
1.50700700700700007673, 0.01364404939076068086
1.50950950950999995825, 0.01292915497083715719
1.51201201201199997293, 0.01227225604805358763
1.51451451451500007650, 0.01166716595893731688
1.51701701701700009117, 0.01110850393561100755
1.51951951951999997270, 0.01059157225415302550
1.52202202202199998737, 0.01011225469085227230
1.52452452452500009095, 0.00966693216541544831
1.52702702702700010562, 0.00925241232546063219
1.52952952952999998715, 0.00886587050014952388
1.53203203203200000182, 0.00850479997256091760
1.53453453453500010539, 0.00816696992718477649
1.53703703703699989802, 0.00785038974796849545
1.53953953954000000159, 0.00755327859405261186
1.54204204204200001627, 0.00727403938000032672
1.54454454454499989779, 0.00701123644654250144
1.54704704704699991247, 0.00676357633547075912
1.54954954955000001604, 0.00652989118507074726
1.55205205205200003071, 0.00630912434562552402
1.55455455455499991224, 0.00610031788207571028
1.55705705705699992691, 0.00590260168604864362
1.55955955956000003049, 0.00571518396464051372
1.56206206206200004516, 0.00553734291048697033
1.56456456456499992669, 0.00536841938833415491
1.56706706706699994136, 0.00520781049874122041
1.56956956957000004493, 0.00505496390067940952
1.57207207207200005961, 0.00490937279242839412
1.57457457457499994113, 0.00477057146492806255
1.57707707707699995581, 0.00463813135413635152
1.57957957958000005938, 0.00451165752937998741
1.58208208208200007405, 0.00439078556349734462
1.58458458458499995558, 0.00427517873803942225
1.58708708708699997025, 0.00416452554313339728
1.58958958959000007383, 0.00405853743701211321
1.59209209209200008850, 0.00395694683482173890
1.59459459459499997003, 0.00385950530026264206
1.59709709709699998470, 0.00376598191700314514
1.59959959960000008827, 0.00367616181971370908
1.60210210210200010295, 0.00358984486707646187
1.60460460460499998447, 0.00350684444129028671
1.60710710710699999915, 0.00342698636046470835
1.60960960961000010272, 0.00335010789192204551
1.61211211211199989535, 0.00327605685583866324
1.61461461461499999892, 0.00320469080988627615
1.61711711711700001359, 0.00313587630660682988
1.61961961961999989512, 0.00306948821619200136
1.62212212212199990979, 0.00300540910815919136
1.62462462462500001337, 0.00294352868613580697
1.62712712712700002804, 0.00288374327059607314
1.62962962962999990957, 0.00282595532495128789
1.63213213213199992424, 0.00277007302088498868
1.63463463463500002781, 0.00271600983925764528
1.63713713713700004249, 0.00266368420328848927
1.63963963963999992401, 0.00261301914106117951
1.64214214214199993869, 0.00256394197470076251
1.64464464464500004226, 0.00251638403383649999
1.64714714714700005693, 0.00247028039120260117
1.64964964964999993846, 0.00242556961844049134
1.65215215215199995313, 0.00238219356035483491
1.65465465465500005671, 0.00234009712604393806
1.65715715715700007138, 0.00229922809547579085
1.65965965965999995291, 0.00225953694021571380
1.66216216216199996758, 0.00222097665713241830
1.66466466466500007115, 0.00218350261401769382
1.66716716716700008583, 0.00214707240615224408
1.66966966966999996735, 0.00211164572293784381
1.67217217217199998203, 0.00207718422379478450
1.67467467467500008560, 0.00204365142259466722
1.67717717717700010027, 0.00201101257996274445
1.67967967967999998180, 0.00197923460284190559
1.68218218218199999647, 0.00194828595076281582
1.68468468468500010005, 0.00191813654831210142
1.68718718718699989267, 0.00188875770333344207
1.68968968968999999625, 0.00186012203043536741
1.69219219219200001092, 0.00183220337941493840
1.69469469469499989245, 0.00180497676823859364
1.69719719719699990712, 0.00177841832025068354
1.69969969970000001069, 0.00175250520530680250
1.70220220220200002537, 0.00172721558455324396
1.70470470470499990689, 0.00170252855859602992
1.70720720720699992157, 0.00167842411882309197
1.70970970971000002514, 0.00165488310166162812
1.71221221221200003981, 0.00163188714556947514
1.71471471471499992134, 0.00160941865057474256
1.71721721721699993601, 0.00158746074019206493
1.71971971972000003959, 0.00156599722555672951
1.72222222222200005426, 0.00154501257162980134
1.72472472472499993579, 0.00152449186533824138
1.72722722722699995046, 0.00150442078552397813
1.72972972973000005403, 0.00148478557458509540
1.73223223223200006871, 0.00146557301170071935
1.73473473473499995023, 0.00144677038753895904
1.73723723723699996491, 0.00142836548035441251
1.73973973974000006848, 0.00141034653338834048
1.74224224224200008315, 0.00139270223349067818
1.74474474474499996468, 0.00137542169088867910
1.74724724724699997935, 0.00135849442003216272
1.74974974975000008293, 0.00134191032145010349
1.75225225225200009760, 0.00132565966455776545
1.75475475475499997913, 0.00130973307135762163
1.75725725725699999380, 0.00129412150098115290
1.75975975976000009737, 0.00127881623502206941
1.76226226226199989000, 0.00126380886361479486
1.76476476476499999357, 0.00124909127221504426
1.76726726726700000825, 0.00123465562904214073
1.76976976976999988977, 0.00122049437314530234
1.77227227227199990445, 0.00120660020305855104
1.77477477477500000802, 0.00119296606601113509
1.77727727727700002269, 0.00117958514766244990
1.77977977977999990422, 0.00116645086233236901
1.78228228228199991889, 0.00115355684369971255
1.78478478478500002247, 0.00114089693594326838
1.78728728728700003714, 0.00112846518530132934
1.78978978978999991867, 0.00111625583202719673
1.79229229229199993334, 0.00110426330271944225
1.79479479479500003691, 0.00109248220300700366
1.79729729729700005159, 0.00108090731057037420
1.79979979979999993311, 0.00106953356848125698
1.80230230230199994779, 0.00105835607884409086
1.80480480480500005136, 0.00104737009672382312
1.80730730730700006603, 0.00103657102434521250
1.80980980980999994756, 0.00102595440554979376
1.81231231231199996223, 0.00101551592049743070
1.81481481481500006581, 0.00100525138060012821
1.81731731731700008048, 0.00099515672367646822
1.81981981981999996201, 0.00098522800931569437
1.82232232232199997668, 0.00097546141444107386
1.82482482482500008025, 0.00096585322906275371
1.82732732732700009493, 0.00095639985221085172
1.82982982982999997645, 0.00094709778804004385
1.83233233233199999113, 0.00093794364209737722
1.83483483483500009470, 0.00092893411774549062
1.83733733733700010937, 0.00092006601273383816
1.83983983983999999090, 0.00091133621591091567
1.84234234234200000557, 0.00090274170407085845
1.84484484484500010915, 0.00089427953892812174
1.84734734734699990177, 0.00088594686421430047
1.84984984985000000535, 0.00087774090289144055
1.85235235235200002002, 0.00086965895447649495
1.85485485485499990155, 0.00086169839247185400
1.85735735735699991622, 0.00085385666189712940
1.85985985986000001979, 0.00084613127691763625
1.86236236236200003447, 0.00083851981856522420
1.86486486486499991599, 0.00083101993254735109
1.86736736736699993067, 0.00082362932714048092
1.86986986987000003424, 0.00081634577116409103
1.87237237237200004891, 0.00080916709203175739
1.87487487487499993044, 0.00080209117387596137
1.87737737737699994511, 0.00079511595574341745
1.87987987988000004869, 0.00078823942985789173
1.88238238238200006336, 0.00078145963994761440
1.88488488488499994489, 0.00077477467963453517
1.88738738738699995956, 0.00076818269088280437
1.88988988989000006313, 0.00076168186250398094
1.89239239239200007781, 0.00075527042871659179
1.89489489489499995933, 0.00074894666775777801
1.89739739739699997401, 0.00074270890054486819
1.89989989990000007758, 0.00073655548938482093
1.90240240240200009225, 0.00073048483672957364
1.90490490490499997378, 0.00072449538397542494
1.90740740740699998845, 0.00071858561030466693
1.90990990991000009203, 0.00071275403156775797
1.91241241241200010670, 0.00070699919920441299
1.91491491491499998823, 0.00070131969920205438
1.91741741741700000290, 0.00069571415109014197
1.91991991992000010647, 0.00069018120696896193
1.92242242242199989910, 0.00068471955057152140
1.92492492492500000267, 0.00067932789635725467
1.92742742742700001735, 0.00067400498863630126
1.92992992992999989887, 0.00066874960072317417
1.93243243243199991355, 0.00066356053411868580
1.93493493493500001712, 0.00065843661771904875
1.93743743743700003179, 0.00065337670705111525
1.93993993993999991332, 0.00064837968353276330
1.94244244244199992799, 0.00064344445375748207
1.94494494494500003157, 0.00063856994880224431
1.94744744744700004624, 0.00063375512355780001
1.94994994994999992777, 0.00062899895608055205
1.95245245245199994244, 0.00062430044696521955
1.95495495495500004601, 0.00061965861873752154
1.95745745745700006069, 0.00061507251526614674
1.95995995995999994221, 0.00061054120119330662
1.96246246246199995689, 0.00060606376138319738
1.96496496496500006046, 0.00060163930038772311
1.96746746746700007513, 0.00059726694192886059
1.96996996996999995666, 0.00059294582839706882
1.97247247247199997133, 0.00058867512036517322
1.97497497497500007491, 0.00058445399611717526
1.97747747747700008958, 0.00058028165119146098
1.97997997997999997111, 0.00057615729793790232
1.98248248248199998578, 0.00057208016508836722
1.98498498498500008935, 0.00056804949734016953
1.98748748748700010403, 0.00056406455495201303
1.98998998998999998555, 0.00056012461335199718
1.99249249249200000023, 0.00055622896275727058
1.99499499499500010380, 0.00055237690780493597
1.99749749749699989643, 0.00054856776719382238
2.00000000000000000000, 0.00054480087333675709
