# Delta1: 0.465
# Delta2: 1.17
# Delta3: 1.355
# Dq: 0.1355
# Ds: 0.04
# Dt: 0.061000000000000006
# k1_lab: [1, 0, 0]
# k2_lab: [-0.8660254037844387, 0.49999999999999994, 0.0]
# k1_cf: [-0.696364240320019, -0.696364240320019, 0.17364817766693041]
# k2_cf: [0.6644630243886748, 0.6644630243886748, 0.3420201433256686]
# pol1_lab: [(0, 1, 0), (0, 0, 1)]
# pol2_lab: [array([-0.5      , -0.8660254,  0.       ]), array([0., 0., 1.])]
# pol1_cf: [array([0.1227878 , 0.1227878 , 0.98480775]), array([-0.70710678,  0.70710678,  0.        ])]
# pol2_cf: [array([ 0.24184476,  0.24184476, -0.93969262]), array([-0.70710678,  0.70710678,  0.        ])]
# cf: [array([-0.69636424,  0.1227878 , -0.70710678]), array([-0.69636424,  0.1227878 ,  0.70710678]), array([0.17364818, 0.98480775, 0.        ])]
# th: 80
-0.50000000000000000000, 0.00013989296926197222
-0.49749749749749999639, 0.00014097885392047707
-0.49499499499499999278, 0.00014207930456027035
-0.49249249249249998917, 0.00014319460109764697
-0.48998998998999998555, 0.00014432503041810878
-0.48748748748749998194, 0.00014547088658865777
-0.48498498498499997833, 0.00014663247107772495
-0.48248248248249997472, 0.00014781009298305074
-0.47997997998000002662, 0.00014900406926784927
-0.47747747747750002301, 0.00015021472500560250
-0.47497497497500001939, 0.00015144239363384839
-0.47247247247250001578, 0.00015268741721734404
-0.46996996997000001217, 0.00015395014672100175
-0.46746746746750000856, 0.00015523094229301859
-0.46496496496500000495, 0.00015653017355863580
-0.46246246246250000134, 0.00015784821992498939
-0.45995995995999999773, 0.00015918547089753451
-0.45745745745749999411, 0.00016054232640854921
-0.45495495495499999050, 0.00016191919715824996
-0.45245245245249998689, 0.00016331650496907615
-0.44994994994990000770, 0.00016473468315373065
-0.44744744744740000408, 0.00016617417689758978
-0.44494494494490000047, 0.00016763544365613209
-0.44244244244239999686, 0.00016911895356806306
-0.43993993993989999325, 0.00017062518988485221
-0.43743743743739998964, 0.00017215464941743239
-0.43493493493489998603, 0.00017370784300085304
-0.43243243243239998241, 0.00017528529597771690
-0.42992992992989997880, 0.00017688754870127764
-0.42742742742739997519, 0.00017851515705911820
-0.42492492492490002709, 0.00018016869301838045
-0.42242242242240002348, 0.00018184874519356839
-0.41991991991990001987, 0.00018355591943800226
-0.41741741741740001626, 0.00018529083946005755
-0.41491491491490001264, 0.00018705414746538767
-0.41241241241240000903, 0.00018884650482639054
-0.40990990990990000542, 0.00019066859278025382
-0.40740740740740000181, 0.00019252111315698142
-0.40490490490489999820, 0.00019440478913888750
-0.40240240240239999459, 0.00019632036605312576
-0.39989989989989999097, 0.00019826861219890646
-0.39739739739739998736, 0.00020025031971115589
-0.39489489489489998375, 0.00020226630546246356
-0.39239239239239998014, 0.00020431741200527612
-0.38988988988989997653, 0.00020640450855640726
-0.38738738738739997292, 0.00020852849202605269
-0.38488488488490002482, 0.00021069028809362963
-0.38238238238240002120, 0.00021289085233289575
-0.37987987987990001759, 0.00021513117138894963
-0.37737737737740001398, 0.00021741226420987004
-0.37487487487490001037, 0.00021973518333591541
-0.37237237237240000676, 0.00022210101624938638
-0.36986986986990000315, 0.00022451088678843904
-0.36736736736739999953, 0.00022696595662834217
-0.36486486486489999592, 0.00022946742683388558
-0.36236236236239999231, 0.00023201653948687944
-0.35985985985989998870, 0.00023461457939292989
-0.35735735735739998509, 0.00023726287587194346
-0.35485485485489998148, 0.00023996280463709234
-0.35235235235239997786, 0.00024271578976728083
-0.34984984984979999867, 0.00024552330577847295
-0.34734734734729999506, 0.00024838687979959631
-0.34484484484479999145, 0.00025130809385910441
-0.34234234234229998783, 0.00025428858728868809
-0.33983983983979998422, 0.00025733005925105302
-0.33733733733729998061, 0.00026043427139914560
-0.33483483483479997700, 0.00026360305067470787
-0.33233233233229997339, 0.00026683829225457767
-0.32982982982980002529, 0.00027014196265372486
-0.32732732732730002168, 0.00027351610299463887
-0.32482482482480001806, 0.00027696283245334883
-0.32232232232230001445, 0.00028048435189307816
-0.31981981981980001084, 0.00028408294769731527
-0.31731731731730000723, 0.00028776099581491867
-0.31481481481480000362, 0.00029152096603078160
-0.31231231231230000001, 0.00029536542647656296
-0.30980980980979999639, 0.00029929704839703997
-0.30730730730729999278, 0.00030331861118879587
-0.30480480480479998917, 0.00030743300772918727
-0.30230230230229998556, 0.00031164325001487183
-0.29979979979979998195, 0.00031595247513064949
-0.29729729729729997834, 0.00032036395157092405
-0.29479479479479997472, 0.00032488108593782387
-0.29229229229230002662, 0.00032950743004186956
-0.28978978978980002301, 0.00033424668843309163
-0.28728728728730001940, 0.00033910272639271343
-0.28478478478480001579, 0.00034407957841788614
-0.28228228228230001218, 0.00034918145723457751
-0.27977977977980000857, 0.00035441276337655519
-0.27727727727730000495, 0.00035977809537148127
-0.27477477477480000134, 0.00036528226057853935
-0.27227227227229999773, 0.00037093028672567630
-0.26976976976979999412, 0.00037672743419859156
-0.26726726726729999051, 0.00038267920913801119
-0.26476476476479998690, 0.00038879137740661191
-0.26226226226229998328, 0.00039506997949225787
-0.25975975975979997967, 0.00040152134642001714
-0.25725725725729997606, 0.00040815211675178750
-0.25475475475479997245, 0.00041496925475938281
-0.25225225225230002435, 0.00042198006986460593
-0.24974974974969998964, 0.00042919223744832240
-0.24724724724720001379, 0.00043661382113988306
-0.24474474474470001018, 0.00044425329670852974
-0.24224224224220000656, 0.00045211957768978990
-0.23973973973970000295, 0.00046022204289241698
-0.23723723723719999934, 0.00046857056594530751
-0.23473473473469999573, 0.00047717554705922435
-0.23223223223219999212, 0.00048604794719515643
-0.22972972972969998851, 0.00049519932485008063
-0.22722722722720001265, 0.00050464187569186083
-0.22472472472470000904, 0.00051438847529837505
-0.22222222222220000543, 0.00052445272528194378
-0.21971971971970000181, 0.00053484900310909100
-0.21721721721719999820, 0.00054559251595798566
-0.21471471471469999459, 0.00055669935899200845
-0.21221221221219999098, 0.00056818657846827224
-0.20970970970969998737, 0.00058007224014514384
-0.20720720720720001151, 0.00059237550350353229
-0.20470470470470000790, 0.00060511670235366063
-0.20220220220220000429, 0.00061831743246306651
-0.19969969969970000068, 0.00063200064691369326
-0.19719719719719999707, 0.00064619075997723353
-0.19469469469469999345, 0.00066091376038971024
-0.19219219219219998984, 0.00067619733501012307
-0.18968968968969998623, 0.00069207100396561467
-0.18718718718720001037, 0.00070856626851904878
-0.18468468468470000676, 0.00072571677304653700
-0.18218218218220000315, 0.00074355848268502244
-0.17967967967969999954, 0.00076212987840682130
-0.17717717717719999593, 0.00078147217150275326
-0.17467467467469999232, 0.00080162953971263612
-0.17217217217219998870, 0.00082264938753667262
-0.16966966966970001285, 0.00084458263359978524
-0.16716716716720000924, 0.00086748402833044581
-0.16466466466470000563, 0.00089141250566469312
-0.16216216216220000201, 0.00091643157300488464
-0.15965965965969999840, 0.00094260974426352761
-0.15715715715719999479, 0.00097002102151959779
-0.15465465465469999118, 0.00099874543162550150
-0.15215215215219998757, 0.00102886962504771841
-0.14964964964960000837, 0.00106048754532839197
-0.14714714714710000476, 0.00109370117884837284
-0.14464464464460000115, 0.00112862139609091290
-0.14214214214209999754, 0.00116536889739337268
-0.13963963963959999393, 0.00120407527828519196
-0.13713713713709999031, 0.00124488423200970824
-0.13463463463459998670, 0.00128795290979471502
-0.13213213213210001085, 0.00133345346297062501
-0.12962962962960000723, 0.00138157479525683434
-0.12712712712710000362, 0.00143252455859640537
-0.12462462462460000001, 0.00148653143200348651
-0.12212212212209999640, 0.00154384773022934107
-0.11961961961960000667, 0.00160475239794373491
-0.11711711711710000305, 0.00166955445593581445
-0.11461461461459999944, 0.00173859697902687934
-0.11211211211209999583, 0.00181226170154653388
-0.10960960960960000610, 0.00189097436610656902
-0.10710710710710000249, 0.00197521095597921834
-0.10460460460459999887, 0.00206550498189443004
-0.10210210210209999526, 0.00216245603212971175
-0.09959959959960000553, 0.00226673984248379739
-0.09709709709710000192, 0.00237912020286757363
-0.09459459459459000630, 0.00250046309346453437
-0.09209209209209000269, 0.00263175354056483825
-0.08958958958958999907, 0.00277411580676119362
-0.08708708708708999546, 0.00292883769097728461
-0.08458458458457999984, 0.00309739992269083457
-0.08208208208207999623, 0.00328151190802962716
-0.07957957957958000650, 0.00348315544570351439
-0.07707707707708000289, 0.00370463850941332240
-0.07457457457456999339, 0.00394866183467895444
-0.07207207207207000366, 0.00421840191482994627
-0.06956956956957000004, 0.00451761519355336517
-0.06706706706706999643, 0.00485076987120365739
-0.06456456456456000081, 0.00522321401220549215
-0.06206206206205999720, 0.00564139183915978934
-0.05955955955956000053, 0.00611312466057889123
-0.05705705705705999692, 0.00664797947039944600
-0.05455455455455000130, 0.00725775791756693312
-0.05205205205204999769, 0.00795715271993781455
-0.04954954954955000102, 0.00876464034780175157
-0.04704704704704999740, 0.00970371230993971948
-0.04454454454454000178, 0.01080460001824025407
-0.04204204204203999817, 0.01210673271399297611
-0.03953953953954000150, 0.01366230685166585496
-0.03703703703703999789, 0.01554157974930178709
-0.03453453453453000227, 0.01784090759593566847
-0.03203203203202999866, 0.02069527902611397255
-0.02952952952952999852, 0.02429845711502751082
-0.02702702702702999837, 0.02893648679467128448
-0.02452452452451999929, 0.03504571105668407432
-0.02202202202201999914, 0.04331803661010525525
-0.01951951951951999900, 0.05490283134961517625
-0.01701701701701999886, 0.07182092451158528235
-0.01451451451450999977, 0.09788598531662995317
-0.01201201201200999963, 0.14097609049538861736
-0.00950950950950999949, 0.21941383443802633946
-0.00700700700700700001, 0.38313712979361236322
-0.00450450450450499973, 0.79881019285753551706
-0.00200200200200199982, 2.06648006584664223340
0.00050050050050049995, 3.26087348962042078426
0.00300300300300299994, 1.38845259202877446825
0.00550550550550599985, 0.57993875830886121303
0.00800800800800799926, 0.30136170709022774838
0.01051051051050999954, 0.18178558522260934716
0.01301301301300999969, 0.12090535320208255221
0.01551551551552000051, 0.08601318571957390635
0.01801801801801999892, 0.06425040208214985449
0.02052052052051999906, 0.04979601800203357215
0.02302302302301999920, 0.03972015231893490095
0.02552552552552999829, 0.03242252258025217493
0.02802802802802999843, 0.02697070234994936380
0.03053053053052999857, 0.02279223209891426474
0.03303303303302999872, 0.01952015926239535071
0.03553553553554000127, 0.01691059937952932302
0.03803803803803999795, 0.01479639910761493954
0.04054054054054000156, 0.01305992269544207184
0.04304304304303999823, 0.01161645589125896195
0.04554554554555000079, 0.01040374847159403378
0.04804804804804999746, 0.00937523337397390757
0.05055055055055000107, 0.00849551720098372203
0.05305305305304999774, 0.00773731302055839006
0.05555555555556000030, 0.00707931171287704258
0.05805805805805999698, 0.00650467762847194327
0.06056056056056000059, 0.00599996784950522413
0.06306306306306000420, 0.00555434408790534025
0.06556556556556999982, 0.00515899008574961966
0.06806806806807000343, 0.00480667550852014597
0.07057057057056999316, 0.00449142571439206315
0.07307307307306999677, 0.00420826902169212872
0.07557557557558000627, 0.00395304137245194864
0.07807807807807999601, 0.00372223396940525629
0.08058058058057999962, 0.00351287341525584502
0.08308308308308000323, 0.00332242666758373988
0.08558558558558999885, 0.00314872510843675199
0.08808808808809000246, 0.00298990345946605930
0.09059059059059000607, 0.00284435031668501051
0.09309309309308999580, 0.00271066784647042928
0.09559559559560000530, 0.00258763875433653352
0.09809809809809999503, 0.00247419906484852310
0.10060060060059999865, 0.00236941557333863193
0.10310310310310000226, 0.00227246707532673771
0.10560560560560000587, 0.00218262866751829697
0.10810810810809999560, 0.00209925855932633926
0.11061061061059999922, 0.00202178694656747438
0.11311311311310000283, 0.00194970658708477104
0.11561561561560000644, 0.00188256478733217513
0.11811811811809999617, 0.00181995656374549621
0.12062062062059999978, 0.00176151878628919250
0.12312312312310000340, 0.00170692514638530728
0.12562562562560000701, 0.00165588181939456077
0.12812812812810001062, 0.00160812371438494132
0.13063063063059998647, 0.00156341122221467527
0.13313313313309999009, 0.00152152738784798024
0.13563563563559999370, 0.00148227544499600415
0.13813813813809999731, 0.00144547666116751376
0.14064064064060000092, 0.00141096844944689926
0.14314314314310000453, 0.00137860271012557449
0.14564564564560000814, 0.00134824437096363802
0.14814814814810001176, 0.00131977009956451077
0.15065065065069999095, 0.00129306716527736705
0.15315315315319999456, 0.00126803243133821785
0.15565565565569999817, 0.00124457146073201144
0.15815815815820000179, 0.00122259772159552852
0.16066066066070000540, 0.00120203187995800501
0.16316316316320000901, 0.00118280116929351349
0.16566566566570001262, 0.00116483882778571851
0.16816816816819998848, 0.00114808359542238007
0.17067067067069999209, 0.00113247926407755110
0.17317317317319999570, 0.00111797427463160900
0.17567567567569999931, 0.00110452135594627920
0.17817817817820000292, 0.00109207720117285561
0.18068068068070000654, 0.00108060217744304762
0.18318318318320001015, 0.00107006006548678295
0.18568568568570001376, 0.00106041782615117082
0.18818818818819998961, 0.00105164539116932732
0.19069069069069999323, 0.00104371547585484096
0.19319319319319999684, 0.00103660341168427790
0.19569569569570000045, 0.00103028699698205252
0.19819819819820000406, 0.00102474636414418680
0.20070070070070000767, 0.00101996386203423830
0.20320320320320001128, 0.00101592395235958676
0.20570570570569998714, 0.00101261311899256460
0.20820820820819999075, 0.00101001978934121828
0.21071071071069999436, 0.00100813426700128430
0.21321321321319999798, 0.00100694867503624773
0.21571571571570000159, 0.00100645690933801827
0.21821821821820000520, 0.00100665460161842419
0.22072072072070000881, 0.00100753909167284250
0.22322322322320001242, 0.00100910940864324446
0.22572572572569998828, 0.00101136626108988418
0.22822822822819999189, 0.00101431203576004538
0.23073073073069999550, 0.00101795080501968426
0.23323323323319999911, 0.00102228834299060130
0.23573573573570000272, 0.00102733215051292086
0.23823823823820000634, 0.00103309148913124644
0.24074074074070000995, 0.00103957742438392153
0.24324324324320001356, 0.00104680287875954375
0.24574574574569998942, 0.00105478269477430491
0.24824824824819999303, 0.00106353370871934728
0.25075075075079999998, 0.00107307483573025999
0.25325325325330000359, 0.00108342716694291314
0.25575575575580000720, 0.00109461407962247034
0.25825825825830001081, 0.00110666136128784740
0.26076076076080001442, 0.00111959734900403201
0.26326326326330001804, 0.00113345308518220068
0.26576576576580002165, 0.00114826249141537036
0.26826826826830002526, 0.00116406256208849749
0.27077077077079997336, 0.00118089357974064646
0.27327327327329997697, 0.00119879935442727655
0.27577577577579998058, 0.00121782748963813808
0.27827827827829998419, 0.00123802967767704716
0.28078078078079998781, 0.00125946202781054405
0.28328328328329999142, 0.00128218543095226403
0.28578578578579999503, 0.00130626596517809807
0.28828828828829999864, 0.00133177534697596738
0.29079079079080000225, 0.00135879143383739638
0.29329329329330000586, 0.00138739878461221155
0.29579579579580000948, 0.00141768928499312803
0.29829829829830001309, 0.00144976284659693953
0.30080080080080001670, 0.00148372818939231359
0.30330330330330002031, 0.00151970371872533496
0.30580580580580002392, 0.00155781850995393356
0.30830830830830002753, 0.00159821341577212248
0.31081081081079997563, 0.00164104231374508449
0.31331331331329997925, 0.00168647351446115767
0.31581581581579998286, 0.00173469135412820095
0.31831831831829998647, 0.00178589799951047205
0.32082082082079999008, 0.00184031549795674043
0.32332332332329999369, 0.00189818811108028200
0.32582582582579999730, 0.00195978497762786669
0.32832832832830000092, 0.00202540315948168508
0.33083083083080000453, 0.00209537113490310296
0.33333333333330000814, 0.00217005281546534933
0.33583583583580001175, 0.00224985217815397561
0.33833833833830001536, 0.00233521862250184089
0.34084084084080001897, 0.00242665318521218800
0.34334334334330002259, 0.00252471577258702937
0.34584584584580002620, 0.00263003360560941628
0.34834834834829997430, 0.00274331111552183256
0.35085085085090000900, 0.00286534158153946110
0.35335335335340001262, 0.00299702086999751281
0.35585585585590001623, 0.00313936371978780016
0.35835835835840001984, 0.00329352312774110591
0.36086086086090002345, 0.00346081352679330351
0.36336336336340002706, 0.00364273862893423669
0.36586586586589997516, 0.00384102503707911200
0.36836836836839997877, 0.00405766303287203017
0.37087087087089998239, 0.00429495634547524818
0.37337337337339998600, 0.00455558323355977589
0.37587587587589998961, 0.00484267191659247184
0.37837837837839999322, 0.00515989433950010505
0.38088088088089999683, 0.00551158354329292846
0.38338338338340000044, 0.00590288168273371116
0.38588588588590000406, 0.00633992818480791104
0.38838838838840000767, 0.00683010098125064625
0.39089089089090001128, 0.00738232862943764313
0.39339339339340001489, 0.00800749815164984724
0.39589589589590001850, 0.00871899364600721774
0.39839839839840002211, 0.00953341584200773084
0.40090090090090002573, 0.01047155549602084984
0.40340340340339997383, 0.01155972826987674076
0.40590590590589997744, 0.01283163289072543518
0.40840840840839998105, 0.01433098056210079484
0.41091091091089998466, 0.01611528387632075662
0.41341341341339998827, 0.01826142766603901235
0.41591591591589999188, 0.02087404627301026744
0.41841841841839999550, 0.02409844378654629748
0.42092092092089999911, 0.02814109999770196546
0.42342342342340000272, 0.03330329783234625002
0.42592592592590000633, 0.04003838672189159731
0.42842842842840000994, 0.04905367182684412797
0.43093093093090001355, 0.06150134137163607018
0.43343343343340001717, 0.07935910631299042395
0.43593593593590002078, 0.10624846102090310107
0.43843843843840002439, 0.14936598181287255582
0.44094094094089997249, 0.22461347499551678752
0.44344344344339997610, 0.37245443202542311001
0.44594594594589997971, 0.71703739122300624853
0.44844844844839998332, 1.71756622936575897853
0.45095095095100001803, 4.02825620897783043262
0.45345345345350002164, 2.54487440650745178061
0.45595595595600002525, 0.98404124667353076727
0.45845845845849997335, 0.47222894879543642066
0.46096096096099997697, 0.27053613218730021561
0.46346346346349998058, 0.17387252314131501629
0.46596596596599998419, 0.12075705862528135492
0.46846846846849998780, 0.08862246940224144387
0.47097097097099999141, 0.06776259335857716393
0.47347347347349999502, 0.05347770741089673263
0.47597597597599999864, 0.04327701847341466901
0.47847847847850000225, 0.03574365794810500929
0.48098098098100000586, 0.03002458720128398095
0.48348348348350000947, 0.02558179544942394690
0.48598598598600001308, 0.02206256090046856966
0.48848848848850001669, 0.01922793807396713447
0.49099099099100002030, 0.01691145138789614671
0.49349349349350002392, 0.01499426292312243392
0.49599599599600002753, 0.01338971915889998997
0.49849849849849997563, 0.01203343987618172087
0.50100100100099997924, 0.01087679056065394417
0.50350350350350003836, 0.00988248077442653236
0.50600600600599998646, 0.00902153299698527783
0.50850850850850004559, 0.00827115540388862619
0.51101101101099999369, 0.00761322330405872147
0.51351351351350005281, 0.00703317814328048227
0.51601601601600000091, 0.00651921788729250239
0.51851851851849994901, 0.00606169391265096690
0.52102102102100000813, 0.00565265635369611302
0.52352352352349995623, 0.00528550758092289838
0.52602602602600001536, 0.00495473539840304150
0.52852852852849996346, 0.00465570567610502570
0.53103103103100002258, 0.00438449975807882371
0.53353353353349997068, 0.00413778593177922122
0.53603603603600002980, 0.00391271704353192071
0.53853853853849997790, 0.00370684835522785971
0.54104104104100003703, 0.00351807119595882924
0.54354354354349998513, 0.00334455903140139579
0.54604604604600004425, 0.00318472336474086249
0.54854854854849999235, 0.00303717747334318090
0.55105105105109997154, 0.00290070642977556048
0.55355355355360003067, 0.00277424219290634509
0.55605605605609997877, 0.00265684281248016862
0.55855855855860003789, 0.00254767498889207000
0.56106106106109998599, 0.00244599938356301113
0.56356356356360004511, 0.00235115819516053259
0.56606606606609999321, 0.00226256461092951998
0.56856856856860005234, 0.00217969381658824918
0.57107107107110000044, 0.00210207530710930556
0.57357357357359994854, 0.00202928628765500305
0.57607607607610000766, 0.00196094599157227651
0.57857857857859995576, 0.00189671077266544944
0.58108108108110001488, 0.00183626985349378841
0.58358358358359996299, 0.00177934163137560960
0.58608608608610002211, 0.00172567046005081396
0.58858858858859997021, 0.00167502383828665915
0.59109109109110002933, 0.00162718994768016809
0.59359359359359997743, 0.00158197549096795792
0.59609609609610003655, 0.00153920378966041957
0.59859859859859998465, 0.00149871310605939135
0.60110110110110004378, 0.00146035515992698310
0.60360360360359999188, 0.00142399381443316384
0.60610610610610005100, 0.00138950390967083892
0.60860860860859999910, 0.00135677022511057491
0.61111111111109994720, 0.00132568655497165844
0.61361361361360000632, 0.00129615488269231539
0.61611611611609995443, 0.00126808464255571008
0.61861861861860001355, 0.00124139205812401733
0.62112112112109996165, 0.00121599954849519343
0.62362362362360002077, 0.00119183519456301807
0.62612612612609996887, 0.00116883225846125204
0.62862862862860002799, 0.00114692875023290355
0.63113113113109997609, 0.00112606703650687057
0.63363363363360003522, 0.00110619348660450983
0.63613613613609998332, 0.00108725815205284364
0.63863863863860004244, 0.00106921447596180249
0.64114114114109999054, 0.00105201902914060005
0.64364364364360004966, 0.00103563127019210303
0.64614614614609999776, 0.00102001332714139704
0.64864864864859994587, 0.00100512979843210754
0.65115115115120003608, 0.00099094757136689547
0.65365365365369998418, 0.00097743565628160070
0.65615615615620004331, 0.00096456503492963776
0.65865865865869999141, 0.00095230852171803554
0.66116116116120005053, 0.00094064063658168859
0.66366366366369999863, 0.00092953748841064941
0.66616616616619994673, 0.00091897666805866064
0.66866866866870000585, 0.00090893715006157326
0.67117117117119995395, 0.00089939920228336882
0.67367367367370001308, 0.00089034430278663837
0.67617617617619996118, 0.00088175506329476983
0.67867867867870002030, 0.00087361515867580004
0.68118118118119996840, 0.00086590926193383052
0.68368368368370002752, 0.00085862298424388222
0.68618618618619997562, 0.00085174281961076690
0.68868868868870003475, 0.00084525609377258698
0.69119119119119998285, 0.00083915091700539413
0.69369369369370004197, 0.00083341614051778959
0.69619619619619999007, 0.00082804131615324839
0.69869869869870004919, 0.00082301665914407708
0.70120120120119999729, 0.00081833301368445350
0.70370370370369994539, 0.00081398182111127335
0.70620620620620000452, 0.00080995509050074536
0.70870870870869995262, 0.00080624537150608580
0.71121121121120001174, 0.00080284572927745207
0.71371371371369995984, 0.00079974972131957416
0.71621621621620001896, 0.00079695137615559556
0.71871871871869996706, 0.00079444517367749108
0.72122122122120002619, 0.00079222602707427212
0.72372372372369997429, 0.00079028926623909588
0.72622622622620003341, 0.00078863062256545656
0.72872872872869998151, 0.00078724621505096913
0.73123123123120004063, 0.00078613253763490593
0.73373373373369998873, 0.00078528644770271242
0.73623623623620004786, 0.00078470515569724103
0.73873873873869999596, 0.00078438621578250643
0.74124124124120005508, 0.00078432751751136820
0.74374374374370000318, 0.00078452727845381202
0.74624624624619995128, 0.00078498403774739448
0.74874874874870001040, 0.00078569665053604420
0.75125125125129998960, 0.00078666428326776175
0.75375375375380004872, 0.00078788640982589415
0.75625625625629999682, 0.00078936280847260022
0.75875875875879994492, 0.00079109355958688983
0.76126126126130000404, 0.00079307904418326049
0.76376376376379995214, 0.00079531994320047113
0.76626626626630001127, 0.00079781723755343388
0.76876876876879995937, 0.00080057220894457122
0.77127127127130001849, 0.00080358644143432108
0.77377377377379996659, 0.00080686182377378050
0.77627627627630002571, 0.00081040055250579759
0.77877877877879997381, 0.00081420513584416591
0.78128128128130003294, 0.00081827839834395892
0.78378378378379998104, 0.00082262348637951520
0.78628628628630004016, 0.00082724387445012914
0.78878878878879998826, 0.00083214337233718542
0.79129129129130004738, 0.00083732613314028623
0.79379379379379999548, 0.00084279666222391236
0.79629629629630005461, 0.00084855982711033685
0.79879879879880000271, 0.00085462086835892475
0.80130130130129995081, 0.00086098541147662142
0.80380380380380000993, 0.00086765947990938719
0.80630630630629995803, 0.00087464950916963410
0.80880880880880001715, 0.00088196236216037626
0.81131131131129996525, 0.00088960534576287419
0.81381381381380002438, 0.00089758622876109288
0.81631631631629997248, 0.00090591326118333597
0.81881881881880003160, 0.00091459519514902924
0.82132132132129997970, 0.00092364130731688559
0.82382382382380003882, 0.00093306142303962232
0.82632632632629998692, 0.00094286594234015792
0.82882882882880004605, 0.00095306586783477638
0.83133133133129999415, 0.00096367283474035914
0.83383383383380005327, 0.00097469914311537295
0.83633633633630000137, 0.00098615779249814055
0.83883883883879994947, 0.00099806251912104658
0.84134134134130000859, 0.00101042783589595439
0.84384384384379995669, 0.00102326907538429369
0.84634634634630001582, 0.00103660243598538860
0.84884884884879996392, 0.00105044503159862313
0.85135135135140005413, 0.00106481494503937344
0.85385385385390000224, 0.00107973128551552616
0.85635635635639995034, 0.00109521425050098211
0.85885885885890000946, 0.00111128519237544874
0.86136136136139995756, 0.00112796669023608161
0.86386386386390001668, 0.00114528262732685243
0.86636636636639996478, 0.00116325827457624989
0.86886886886890002391, 0.00118192038078354373
0.87137137137139997201, 0.00120129727004922955
0.87387387387390003113, 0.00122141894710678356
0.87637637637639997923, 0.00124231721128158484
0.87887887887890003835, 0.00126402577987962681
0.88138138138139998645, 0.00128658042189433788
0.88388388388390004557, 0.00131001910301600496
0.88638638638639999368, 0.00133438214303590805
0.88888888888890005280, 0.00135971238685820054
0.89139139139140000090, 0.00138605539046855351
0.89389389389389994900, 0.00141345962336146395
0.89639639639640000812, 0.00144197668910081849
0.89889889889889995622, 0.00147166156588293901
0.90140140140140001535, 0.00150257286919165006
0.90390390390389996345, 0.00153477313888437049
0.90640640640640002257, 0.00156832915333104126
0.90890890890889997067, 0.00160331227354929408
0.91141141141140002979, 0.00163979882064493919
0.91391391391389997789, 0.00167787049028388351
0.91641641641640003701, 0.00171761480839782298
0.91891891891889998512, 0.00175912563287060645
0.92142142142140004424, 0.00180250370657668909
0.92392392392389999234, 0.00184785726785977500
0.92642642642640005146, 0.00189530272536451495
0.92892892892889999956, 0.00194496540508493857
0.93143143143139994766, 0.00199698037859128829
0.93393393393390000679, 0.00205149338266850641
0.93643643643639995489, 0.00210866184207421240
0.93893893893890001401, 0.00216865600883894187
0.94144144144139996211, 0.00223166023352994528
0.94394394394390002123, 0.00229787438623417365
0.94644644644639996933, 0.00236751544775034781
0.94894894894890002846, 0.00244081929468945762
0.95145145145150000765, 0.00251804270596137037
0.95395395395399995575, 0.00259946562258481098
0.95645645645650001487, 0.00268539369803588767
0.95895895895899996297, 0.00277616118261631625
0.96146146146150002210, 0.00287213419278189823
0.96396396396399997020, 0.00297371442528109910
0.96646646646650002932, 0.00308134338662828869
0.96896896896899997742, 0.00319550722126801367
0.97147147147150003654, 0.00331674223726705509
0.97397397397399998464, 0.00344564124711102711
0.97647647647650004377, 0.00358286086395546294
0.97897897897899999187, 0.00372912992146221499
0.98148148148150005099, 0.00388525921937807675
0.98398398398399999909, 0.00405215283886586550
0.98648648648649994719, 0.00423082132330204926
0.98898898898900000631, 0.00442239708442346453
0.99149149149149995441, 0.00462815247372377371
0.99399399399400001354, 0.00484952105928098190
0.99649649649649996164, 0.00508812277453336761
0.99899899899900002076, 0.00534579376555060354
1.00150150150199990229, 0.00562462196722716447
1.00400400400399991696, 0.00592698970013683362
1.00650650650700002053, 0.00625562491683929155
1.00900900900900003521, 0.00661366316408051619
1.01151151151199991673, 0.00700472289960707255
1.01401401401399993141, 0.00743299755620513078
1.01651651651700003498, 0.00790336874651876437
1.01901901901900004965, 0.00842154634223317086
1.02152152152199993118, 0.00899424297104641120
1.02402402402399994585, 0.00962939294215616956
1.02652652652700004943, 0.01033642900822619864
1.02902902902900006410, 0.01112663509934630479
1.03153153153199994563, 0.01201359981832644981
1.03403403403399996030, 0.01301380496611336327
1.03653653653700006387, 0.01414739704849057172
1.03903903903900007855, 0.01543920974347010033
1.04154154154199996007, 0.01692013507445023004
1.04404404404399997475, 0.01862898600491543627
1.04654654654700007832, 0.02061506233873175095
1.04904904904900009299, 0.02294174029141465496
1.05155155155199997452, 0.02569157991111932493
1.05405405405399998919, 0.02897372964529654205
1.05655655655700009277, 0.03293488736566783232
1.05905905905900010744, 0.03777590901392940959
1.06156156156199998897, 0.04377764497243833569
1.06406406406400000364, 0.05134234819255883986
1.06656656656700010721, 0.06106234528082746249
1.06906906906899989984, 0.07383850761436047683
1.07157157157200000341, 0.09109429506652295949
1.07407407407400001809, 0.11518420889221808734
1.07657657657699989961, 0.15022620194794306103
1.07907907907899991429, 0.20394020759920386543
1.08158158158200001786, 0.29213757151597580242
1.08408408408400003253, 0.45117629774624634642
1.08658658658699991406, 0.77865276252180104510
1.08908908908899992873, 1.59453893947715830137
1.09159159159200003231, 4.07403573966900722780
1.09409409409400004698, 7.17019879514051527991
1.09659659659699992851, 3.23376113938950782156
1.09909909909899994318, 1.32511889837289942307
1.10160160160200004675, 0.67779288335028919921
1.10410410410400006143, 0.40471427800046488876
1.10660660660699994295, 0.26735234984341482711
1.10910910910899995763, 0.18929116177859320325
1.11161161161200006120, 0.14090364359410981199
1.11411411411400007587, 0.10891630507371852232
1.11661661661699995740, 0.08670064181307197970
1.11911911911899997207, 0.07065841702658312573
1.12162162162200007565, 0.05870336682895910957
1.12412412412400009032, 0.04955978235172971147
1.12662662662699997185, 0.04241265560582543892
1.12912912912899998652, 0.03672184707388383151
1.13163163163200009009, 0.03211805423648243785
1.13413413413400010477, 0.02834192430199995727
1.13663663663699998629, 0.02520703247405036568
1.13913913913900000097, 0.02257661433337479484
1.14164164164200010454, 0.02034851294850715045
1.14414414414399989717, 0.01844518845956396452
1.14664664664700000074, 0.01680693523907690612
1.14914914914900001541, 0.01538718223716799977
1.15165165165199989694, 0.01414917660238738072
1.15415415415399991161, 0.01306360438434581682
1.15665665665700001519, 0.01210685767017681200
1.15915915915900002986, 0.01125975508583407052
1.16166166166199991139, 0.01050658510156624384
1.16416416416399992606, 0.00983438239595870421
1.16666666666700002963, 0.00923237465472970947
1.16916916916900004431, 0.00869155549648238657
1.17167167167199992583, 0.00820435177291102720
1.17417417417399994051, 0.00776436221743920935
1.17667667667700004408, 0.00736615056031337569
1.17917917917900005875, 0.00700508060655636797
1.18168168168199994028, 0.00667718392898558610
1.18418418418399995495, 0.00637905312777337953
1.18668668668700005853, 0.00610775530071410323
1.18918918918900007320, 0.00586076162721787652
1.19169169169199995473, 0.00563588991491451984
1.19419419419399996940, 0.00543125767616360611
1.19669669669700007297, 0.00524524385403346820
1.19919919919900008765, 0.00507645774800540711
1.20170170170199996917, 0.00492371403174922395
1.20420420420399998385, 0.00478601303378274265
1.20670670670700008742, 0.00466252568626767273
1.20920920920900010209, 0.00455258275378654220
1.21171171171199998362, 0.00445566814707025732
1.21421421421399999829, 0.00437141632034520732
1.21671671671700010187, 0.00429961396048280688
1.21921921921899989449, 0.00424020641974324954
1.22172172172199999807, 0.00419330964539004272
1.22422422422400001274, 0.00415922875166751561
1.22672672672699989427, 0.00413848490993272422
1.22922922922899990894, 0.00413185297151372199
1.23173173173200001251, 0.00414041329237122523
1.23423423423400002719, 0.00416562276575061126
1.23673673673699990871, 0.00420941235369631447
1.23923923923899992339, 0.00427432186991214946
1.24174174174200002696, 0.00436368811566158026
1.24424424424400004163, 0.00448191091062620679
1.24674674674699992316, 0.00463483518064225497
1.24924924924899993783, 0.00483030978881187397
1.25175175175200004141, 0.00507902206877174946
1.25425425425400005608, 0.00539577403331112631
1.25675675675699993761, 0.00580148759012059055
1.25925925925899995228, 0.00632645437582658211
1.26176176176200005585, 0.00701579417920675935
1.26426426426400007053, 0.00793901132378635466
1.26676676676699995205, 0.00920756150113626742
1.26926926926899996673, 0.01100907356811206897
1.27177177177200007030, 0.01367886472345107574
1.27427427427400008497, 0.01786288248501496922
1.27677677677699996650, 0.02493153268351082016
1.27927927927899998117, 0.03818716063067979782
1.28178178178200008475, 0.06706614524705262204
1.28428428428400009942, 0.14469424952030285336
1.28678678678699998095, 0.37393557040880681663
1.28928928928899999562, 0.40444687311802368646
1.29179179179200009919, 0.15831135948648900058
1.29429429429399989182, 0.07172353937658118572
1.29679679679699999539, 0.04026265473088064262
1.29929929929900001007, 0.02610974059267243824
1.30180180180199989159, 0.01868256066475170590
1.30430430430399990627, 0.01434932564636216996
1.30680680680700000984, 0.01162517794335127946
1.30930930930900002451, 0.00981814406324180849
1.31181181181199990604, 0.00857229429970581859
1.31431431431399992071, 0.00769005112631168143
1.31681681681700002429, 0.00705495185654157839
1.31931931931900003896, 0.00659497900146701049
1.32182182182199992049, 0.00626386225178015860
1.32432432432399993516, 0.00603096763552714819
1.32682682682700003873, 0.00587555649410743779
1.32932932932900005341, 0.00578339004796647738
1.33183183183199993493, 0.00574465239746388672
1.33433433433399994961, 0.00575264545377254452
1.33683683683700005318, 0.00580295303809078011
1.33933933933900006785, 0.00589290063173538835
1.34184184184199994938, 0.00602120861267700213
1.34434434434399996405, 0.00618777774334882628
1.34684684684700006763, 0.00639357009871631844
1.34934934934900008230, 0.00664056389069455667
1.35185185185199996383, 0.00693177080368781971
1.35435435435399997850, 0.00727131185807835048
1.35685685685700008207, 0.00766455394261205281
1.35935935935900009675, 0.00811831506102251438
1.36186186186199997827, 0.00864115293990786251
1.36436436436399999295, 0.00924375993182363805
1.36686686686700009652, 0.00993949839337827934
1.36936936936899988915, 0.01074512676379255766
1.37187187187199999272, 0.01168179025742517238
1.37437437437400000739, 0.01277638598533806236
1.37687687687700011097, 0.01406346801180731118
1.37937937937899990359, 0.01558794622705845026
1.38188188188200000717, 0.01740897652281275104
1.38438438438400002184, 0.01960567914423196403
1.38688688688699990337, 0.02228573249300280779
1.38938938938899991804, 0.02559861550723460666
1.39189189189200002161, 0.02975660114997778077
1.39439439439400003629, 0.03506913646500874754
1.39689689689699991781, 0.04200129307075482071
1.39939939939899993249, 0.05127756988364146756
1.40190190190200003606, 0.06407596280075286699
1.40440440440400005073, 0.08241380429265168783
1.40690690690699993226, 0.10997440043374440144
1.40940940940899994693, 0.15404985314402180885
1.41191191191200005051, 0.23067400902975615518
1.41441441441400006518, 0.38037810588480647223
1.41691691691699994671, 0.72646845724727593385
1.41941941941899996138, 1.72322422878085168563
1.42192192192200006495, 4.13497924691513230044
1.42442442442400007963, 2.76440351762894209742
1.42692692692699996115, 1.06402315632340083162
1.42942942942899997583, 0.50628176855225903719
1.43193193193200007940, 0.28849755255884762528
1.43443443443400009407, 0.18481509947292576457
1.43693693693699997560, 0.12810275412838836862
1.43943943943899999027, 0.09390255709333193701
1.44194194194200009385, 0.07175374731167082076
1.44444444444400010852, 0.05661247734114020075
1.44694694694699999005, 0.04581424178093844446
1.44944944944900000472, 0.03784725345670048036
1.45195195195200010829, 0.03180322281571738852
1.45445445445399990092, 0.02711027688604835534
1.45695695695700000449, 0.02339403358160800986
1.45945945945900001917, 0.02040118392052241159
1.46196196196199990069, 0.01795543006395908595
1.46446446446399991537, 0.01593103659085056203
1.46696696696700001894, 0.01423639290258587459
1.46946946946900003361, 0.01280348295362718214
1.47197197197199991514, 0.01158095691158282300
1.47447447447399992981, 0.01052946353043324526
1.47697697697700003339, 0.00961843841603352012
1.47947947947900004806, 0.00882385172246118524
1.48198198198199992959, 0.00812660135635738523
1.48448448448399994426, 0.00751134870670347368
1.48698698698700004783, 0.00696566296690234038
1.48948948948900006251, 0.00647938403159071565
1.49199199199199994403, 0.00604414243723598501
1.49449449449399995871, 0.00565299363077184126
1.49699699699700006228, 0.00530013648596704308
1.49949949949900007695, 0.00498069460364671326
1.50200200200199995848, 0.00469054489157866468
1.50450450450500006205, 0.00442618209658990694
1.50700700700700007673, 0.00418461092477624870
1.50950950950999995825, 0.00396325951223264021
1.51201201201199997293, 0.00375990955123410488
1.51451451451500007650, 0.00357263950692486305
1.51701701701700009117, 0.00339977819540449901
1.51951951951999997270, 0.00323986661777142569
1.52202202202199998737, 0.00309162641395806584
1.52452452452500009095, 0.00295393365608192507
1.52702702702700010562, 0.00282579697296437681
1.52952952952999998715, 0.00270633920671523075
1.53203203203200000182, 0.00259478196437649966
1.53453453453500010539, 0.00249043255399464866
1.53703703703699989802, 0.00239267289361235619
1.53953953954000000159, 0.00230095005986975538
1.54204204204200001627, 0.00221476820493670800
1.54454454454499989779, 0.00213368161996262953
1.54704704704699991247, 0.00205728876287584409
1.54954954955000001604, 0.00198522710028928035
1.55205205205200003071, 0.00191716863909810291
1.55455455455499991224, 0.00185281604434300211
1.55705705705699992691, 0.00179189925703895480
1.55955955956000003049, 0.00173417253970290842
1.56206206206200004516, 0.00167941188885583487
1.56456456456499992669, 0.00162741276330493657
1.56706706706699994136, 0.00157798808490877034
1.56956956957000004493, 0.00153096647509383529
1.57207207207200005961, 0.00148619069587002184
1.57457457457499994113, 0.00144351626867703737
1.57707707707699995581, 0.00140281024824389505
1.57957957958000005938, 0.00136395013188575411
1.58208208208200007405, 0.00132682288740013522
1.58458458458499995558, 0.00129132408504422508
1.58708708708699997025, 0.00125735712104412976
1.58958958959000007383, 0.00122483252176420468
1.59209209209200008850, 0.00119366731909638217
1.59459459459499997003, 0.00116378448885435279
1.59709709709699998470, 0.00113511244500888475
1.59959959960000008827, 0.00110758458350397669
1.60210210210200010295, 0.00108113887017245855
1.60460460460499998447, 0.00105571746794233794
1.60710710710699999915, 0.00103126639910706063
1.60960960961000010272, 0.00100773523893805169
1.61211211211199989535, 0.00098507683735635492
1.61461461461499999892, 0.00096324706576234585
1.61711711711700001359, 0.00094220458645565539
1.61961961961999989512, 0.00092191064236873607
1.62212212212199990979, 0.00090232886509244948
1.62462462462500001337, 0.00088342509939571450
1.62712712712700002804, 0.00086516724263773967
1.62962962962999990957, 0.00084752509764425619
1.63213213213199992424, 0.00083047023777158826
1.63463463463500002781, 0.00081397588301693885
1.63713713713700004249, 0.00079801678615223492
1.63963963963999992401, 0.00078256912796422634
1.64214214214199993869, 0.00076761042077695023
1.64464464464500004226, 0.00075311941951564315
1.64714714714700005693, 0.00073907603964496772
1.64964964964999993846, 0.00072546128138011587
1.65215215215199995313, 0.00071225715962796167
1.65465465465500005671, 0.00069944663916773593
1.65715715715700007138, 0.00068701357462747602
1.65965965965999995291, 0.00067494265485436408
1.66216216216199996758, 0.00066321935131459541
1.66466466466500007115, 0.00065182987019207956
1.66716716716700008583, 0.00064076110788552874
1.66966966966999996735, 0.00063000060963068320
1.67217217217199998203, 0.00061953653099891786
1.67467467467500008560, 0.00060935760204555061
1.67717717717700010027, 0.00059945309390108787
1.67967967967999998180, 0.00058981278761663890
1.68218218218199999647, 0.00058042694509099439
1.68468468468500010005, 0.00057128628192159507
1.68718718718699989267, 0.00056238194203495084
1.68968968968999999625, 0.00055370547396417296
1.69219219219200001092, 0.00054524880865226247
1.69469469469499989245, 0.00053700423866977513
1.69719719719699990712, 0.00052896439874456041
1.69969969970000001069, 0.00052112224750952866
1.70220220220200002537, 0.00051347105038192806
1.70470470470499990689, 0.00050600436349447172
1.70720720720699992157, 0.00049871601860491997
1.70970970971000002514, 0.00049160010891644067
1.71221221221200003981, 0.00048465097574629625
1.71471471471499992134, 0.00047786319598519360
1.71721721721699993601, 0.00047123157029400735
1.71971971972000003959, 0.00046475111198860189
1.72222222222200005426, 0.00045841703656715590
1.72472472472499993579, 0.00045222475183776835
1.72722722722699995046, 0.00044616984860722817
1.72972972973000005403, 0.00044024809189467488
1.73223223223200006871, 0.00043445541263650226
1.73473473473499995023, 0.00042878789985126590
1.73723723723699996491, 0.00042324179323557660
1.73973973974000006848, 0.00041781347616400949
1.74224224224200008315, 0.00041249946906794495
1.74474474474499996468, 0.00040729642316999950
1.74724724724699997935, 0.00040220111455231179
1.74974974975000008293, 0.00039721043853843869
1.75225225225200009760, 0.00039232140436998276
1.75475475475499997913, 0.00038753113016035210
1.75725725725699999380, 0.00038283683810922233
1.75975975976000009737, 0.00037823584996236420
1.76226226226199989000, 0.00037372558270251112
1.76476476476499999357, 0.00036930354445787112
1.76726726726700000825, 0.00036496733061576415
1.76976976976999988977, 0.00036071462012966717
1.77227227227199990445, 0.00035654317200870032
1.77477477477500000802, 0.00035245082197928371
1.77727727727700002269, 0.00034843547930934061
1.77977977977999990422, 0.00034449512378602771
1.78228228228199991889, 0.00034062780283853017
1.78478478478500002247, 0.00033683162879798525
1.78728728728700003714, 0.00033310477628708103
1.78978978978999991867, 0.00032944547973233452
1.79229229229199993334, 0.00032585203099247092
1.79479479479500003691, 0.00032232277709672811
1.79729729729700005159, 0.00031885611808727050
1.79979979979999993311, 0.00031545050496024853
1.80230230230199994779, 0.00031210443770035649
1.80480480480500005136, 0.00030881646340404393
1.80730730730700006603, 0.00030558517448681837
1.80980980980999994756, 0.00030240920697033888
1.81231231231199996223, 0.00029928723884524650
1.81481481481500006581, 0.00029621798850590917
1.81731731731700008048, 0.00029320021325347567
1.81981981981999996201, 0.00029023270786383381
1.82232232232199997668, 0.00028731430321726043
1.82482482482500008025, 0.00028444386498672721
1.82732732732700009493, 0.00028162029238199698
1.82982982982999997645, 0.00027884251694679739
1.83233233233199999113, 0.00027610950140651144
1.83483483483500009470, 0.00027342023856396158
1.83733733733700010937, 0.00027077375024099138
1.83983983983999999090, 0.00026816908626367737
1.84234234234200000557, 0.00026560532348911383
1.84484484484500010915, 0.00026308156487182517
1.84734734734699990177, 0.00026059693856796069
1.84984984985000000535, 0.00025815059707552472
1.85235235235200002002, 0.00025574171640898517
1.85485485485499990155, 0.00025336949530668741
1.85735735735699991622, 0.00025103315446958459
1.85985985986000001979, 0.00024873193582986822
1.86236236236200003447, 0.00024646510184815607
1.86486486486499991599, 0.00024423193483796287
1.86736736736699993067, 0.00024203173631624162
1.86986986987000003424, 0.00023986382637884455
1.87237237237200004891, 0.00023772754309981075
1.87487487487499993044, 0.00023562224195343922
1.87737737737699994511, 0.00023354729525815979
1.87987987988000004869, 0.00023150209164125971
1.88238238238200006336, 0.00022948603552357190
1.88488488488499994489, 0.00022749854662327260
1.88738738738699995956, 0.00022553905947797688
1.88988988989000006313, 0.00022360702298436009
1.89239239239200007781, 0.00022170189995456989
1.89489489489499995933, 0.00021982316668872585
1.89739739739699997401, 0.00021797031256284144
1.89989989990000007758, 0.00021614283963152908
1.90240240240200009225, 0.00021434026224488123
1.90490490490499997378, 0.00021256210667894979
1.90740740740699998845, 0.00021080791077926901
1.90990990991000009203, 0.00020907722361689489
1.91241241241200010670, 0.00020736960515646004
1.91491491491499998823, 0.00020568462593575885
1.91741741741700000290, 0.00020402186675640816
1.91991991992000010647, 0.00020238091838514240
1.92242242242199989910, 0.00020076138126532491
1.92492492492500000267, 0.00019916286523827514
1.92742742742700001735, 0.00019758498927402934
1.92992992992999989887, 0.00019602738121116746
1.93243243243199991355, 0.00019448967750535737
1.93493493493500001712, 0.00019297152298628205
1.93743743743700003179, 0.00019147257062262764
1.93993993993999991332, 0.00018999248129482744
1.94244244244199992799, 0.00018853092357526790
1.94494494494500003157, 0.00018708757351567495
1.94744744744700004624, 0.00018566211444141355
1.94994994994999992777, 0.00018425423675243961
1.95245245245199994244, 0.00018286363773066134
1.95495495495500004601, 0.00018149002135346958
1.95745745745700006069, 0.00018013309811321364
1.95995995995999994221, 0.00017879258484240285
1.96246246246199995689, 0.00017746820454442680
1.96496496496500006046, 0.00017615968622959415
1.96746746746700007513, 0.00017486676475629776
1.96996996996999995666, 0.00017358918067712304
1.97247247247199997133, 0.00017232668008972194
1.97497497497500007491, 0.00017107901449228490
1.97747747747700008958, 0.00016984594064344561
1.97997997997999997111, 0.00016862722042646489
1.98248248248199998578, 0.00016742262071754277
1.98498498498500008935, 0.00016623191325811380
1.98748748748700010403, 0.00016505487453098906
1.98998998998999998555, 0.00016389128564021026
1.99249249249200000023, 0.00016274093219448938
1.99499499499500010380, 0.00016160360419411040
1.99749749749699989643, 0.00016047909592117453
2.00000000000000000000, 0.00015936720583307711
