# Delta1: 0.465
# Delta2: 1.17
# Delta3: 1.355
# Dq: 0.1355
# Ds: 0.04
# Dt: 0.061000000000000006
# k1_lab: [1, 0, 0]
# k2_lab: [-0.8660254037844387, 0.49999999999999994, 0.0]
# k1_cf: [-0.6123724356957946, -0.6123724356957946, -0.4999999999999998]
# k2_cf: [0.35355339059327395, 0.35355339059327395, 0.8660254037844385]
# pol1_lab: [(0, 1, 0), (0, 0, 1)]
# pol2_lab: [array([-0.5      , -0.8660254,  0.       ]), array([0., 0., 1.])]
# pol1_cf: [array([-0.35355339, -0.35355339,  0.8660254 ]), array([-0.70710678,  0.70710678,  0.        ])]
# pol2_cf: [array([ 0.61237244,  0.61237244, -0.5       ]), array([-0.70710678,  0.70710678,  0.        ])]
# cf: [array([-0.61237244, -0.35355339, -0.70710678]), array([-0.61237244, -0.35355339,  0.70710678]), array([-0.5      ,  0.8660254,  0.       ])]
# th: 120
-0.5000000000000000000, 0.0014936799712234436
-0.4974974974974999964, 0.0015070604306552595
-0.4949949949949999928, 0.0015206346041385190
-0.4924924924924999892, 0.0015344063564837539
-0.4899899899899999856, 0.0015483796504980525
-0.4874874874874999819, 0.0015625585499972070
-0.4849849849849999783, 0.0015769472229266836
-0.4824824824824999747, 0.0015915499445959438
-0.4799799799800000266, 0.0016063711010308405
-0.4774774774775000230, 0.0016214151924490599
-0.4749749749750000194, 0.0016366868368637964
-0.4724724724725000158, 0.0016521907738210975
-0.4699699699700000122, 0.0016679318682765885
-0.4674674674675000086, 0.0016839151146175587
-0.4649649649650000049, 0.0017001456408366660
-0.4624624624625000013, 0.0017166287128638419
-0.4599599599599999977, 0.0017333697390632986
-0.4574574574574999941, 0.0017503742749028625
-0.4549549549549999905, 0.0017676480278032434
-0.4524524524524999869, 0.0017851968621752101
-0.4499499499499000077, 0.0018030268046530431
-0.4474474474474000041, 0.0018211440495330699
-0.4449449449449000005, 0.0018395549644265271
-0.4424424424423999969, 0.0018582660961364574
-0.4399399399398999932, 0.0018772841767688640
-0.4374374374373999896, 0.0018966161300888651
-0.4349349349348999860, 0.0019162690781331356
-0.4324324324323999824, 0.0019362503480905460
-0.4299299299298999788, 0.0019565674794634925
-0.4274274274273999752, 0.0019772282315231029
-0.4249249249249000271, 0.0019982405910721908
-0.4224224224224000235, 0.0020196127805305769
-0.4199199199199000199, 0.0020413532663581717
-0.4174174174174000163, 0.0020634707678320683
-0.4149149149149000126, 0.0020859742661947490
-0.4124124124124000090, 0.0021088730141914716
-0.4099099099099000054, 0.0021321765460158870
-0.4074074074074000018, 0.0021558946876839881
-0.4049049049048999982, 0.0021800375678576187
-0.4024024024023999946, 0.0022046156291399719
-0.3998998998998999910, 0.0022296396398667545
-0.3973973973973999874, 0.0022551207064180454
-0.3948948948948999838, 0.0022810702860773255
-0.3923923923923999801, 0.0023075002004656463
-0.3898898898898999765, 0.0023344226495805669
-0.3873873873873999729, 0.0023618502264711725
-0.3848848848849000248, 0.0023897959325823604
-0.3823823823824000212, 0.0024182731938035165
-0.3798798798799000176, 0.0024472958772588150
-0.3773773773774000140, 0.0024768783088785738
-0.3748748748749000104, 0.0025070352917935116
-0.3723723723724000068, 0.0025377821255962506
-0.3698698698699000031, 0.0025691346265171496
-0.3673673673673999995, 0.0026011091485644341
-0.3648648648648999959, 0.0026337226056816800
-0.3623623623623999923, 0.0026669924949790248
-0.3598598598598999887, 0.0027009369210980148
-0.3573573573573999851, 0.0027355746217737837
-0.3548548548548999815, 0.0027709249946623084
-0.3523523523523999779, 0.0028070081255048549
-0.3498498498497999987, 0.0028438448177063470
-0.3473473473472999951, 0.0028814566234094223
-0.3448448448447999914, 0.0029198658761512585
-0.3423423423422999878, 0.0029590957251960388
-0.3398398398397999842, 0.0029991701716420797
-0.3373373373372999806, 0.0030401141064092625
-0.3348348348347999770, 0.0030819533502195896
-0.3323323323322999734, 0.0031247146956912969
-0.3298298298298000253, 0.0031684259516752654
-0.3273273273273000217, 0.0032131159899712949
-0.3248248248248000181, 0.0032588147945714846
-0.3223223223223000145, 0.0033055535135881288
-0.3198198198198000108, 0.0033533645140348296
-0.3173173173173000072, 0.0034022814396414440
-0.3148148148148000036, 0.0034523392718964502
-0.3123123123123000000, 0.0035035743945244172
-0.3098098098097999964, 0.0035560246616212774
-0.3073073073072999928, 0.0036097294696866193
-0.3048048048047999892, 0.0036647298338099081
-0.3023023023022999856, 0.0037210684682866674
-0.2997997997997999819, 0.0037787898719616889
-0.2972972972972999783, 0.0038379404186186525
-0.2947947947947999747, 0.0038985684527602675
-0.2922922922923000266, 0.0039607243911495803
-0.2897897897898000230, 0.0040244608305119080
-0.2872872872873000194, 0.0040898326618285406
-0.2847847847848000158, 0.0041568971916873549
-0.2822822822823000122, 0.0042257142711928323
-0.2797797797798000086, 0.0042963464329787114
-0.2772772772773000050, 0.0043688590369105338
-0.2747747747748000013, 0.0044433204251140123
-0.2722722722722999977, 0.0045198020870177175
-0.2697697697697999941, 0.0045983788351563817
-0.2672672672672999905, 0.0046791289925444176
-0.2647647647647999869, 0.0047621345924981585
-0.2622622622622999833, 0.0048474815918613254
-0.2597597597597999797, 0.0049352600986712781
-0.2572572572572999761, 0.0050255646153947479
-0.2547547547547999724, 0.0051184942989622320
-0.2522522522523000243, 0.0052141532389401724
-0.2497497497496999896, 0.0053126507553016289
-0.2472472472472000138, 0.0054141017173896470
-0.2447447447447000102, 0.0055186268858150233
-0.2422422422422000066, 0.0056263532791928257
-0.2397397397397000030, 0.0057374145678018252
-0.2372372372371999993, 0.0058519514964496862
-0.2347347347346999957, 0.0059701123390471416
-0.2322322322321999921, 0.0060920533876380190
-0.2297297297296999885, 0.0062179394789028154
-0.2272272272272000126, 0.0063479445614541673
-0.2247247247247000090, 0.0064822523075766646
-0.2222222222222000054, 0.0066210567734356594
-0.2197197197197000018, 0.0067645631121944121
-0.2172172172171999982, 0.0069129883449415615
-0.2147147147146999946, 0.0070665621948478559
-0.2122122122121999910, 0.0072255279905493464
-0.2097097097096999874, 0.0073901436454017217
-0.2072072072072000115, 0.0075606827199767336
-0.2047047047047000079, 0.0077374355759871269
-0.2022022022022000043, 0.0079207106307434584
-0.1996996996997000007, 0.0081108357222786538
-0.1971971971971999971, 0.0083081595964404828
-0.1946946946946999935, 0.0085130535285669467
-0.1921921921921999898, 0.0087259130938464671
-0.1896896896896999862, 0.0089471601021492188
-0.1871871871872000104, 0.0091772447150266015
-0.1846846846847000068, 0.0094166477647473108
-0.1821821821822000032, 0.0096658832977097806
-0.1796796796796999995, 0.0099255013673883938
-0.1771771771771999959, 0.0101960911051891378
-0.1746746746746999923, 0.0104782841012724826
-0.1721721721721999887, 0.0107727581316219324
-0.1696696696697000128, 0.0110802412724840607
-0.1671671671672000092, 0.0114015164488836373
-0.1646646646647000056, 0.0117374264703482799
-0.1621621621622000020, 0.0120888796144074696
-0.1596596596596999984, 0.0124568558270332797
-0.1571571571571999948, 0.0128424136191723041
-0.1546546546546999912, 0.0132466977501271409
-0.1521521521521999876, 0.0136709478020765676
-0.1496496496496000084, 0.0141165077658351925
-0.1471471471471000048, 0.0145848367764718663
-0.1446446446446000011, 0.0150775211591532253
-0.1421421421420999975, 0.0155962879711841664
-0.1396396396395999939, 0.0161430202564438255
-0.1371371371370999903, 0.0167197742642049667
-0.1346346346345999867, 0.0173287989268149645
-0.1321321321321000108, 0.0179725579413211253
-0.1296296296296000072, 0.0186537548605760911
-0.1271271271271000036, 0.0193753616718091437
-0.1246246246246000000, 0.0201406514277728647
-0.1221221221220999964, 0.0209532356007006947
-0.1196196196196000067, 0.0218171069566237864
-0.1171171171171000031, 0.0227366889023516358
-0.1146146146145999994, 0.0237168924462702810
-0.1121121121120999958, 0.0247631821455018448
-0.1096096096096000061, 0.0258816526966814189
-0.1071071071071000025, 0.0270791181794702088
-0.1046046046045999989, 0.0283632163987829616
-0.1021021021020999953, 0.0297425313166914812
-0.0995995995996000055, 0.0312267372482599170
-0.0970970970971000019, 0.0328267693567721938
-0.0945945945945900063, 0.0345550260752276323
-0.0920920920920900027, 0.0364256104721445428
-0.0895895895895899991, 0.0384546193636941744
-0.0870870870870899955, 0.0406604912765100510
-0.0845845845845799998, 0.0430644273567366218
-0.0820820820820799962, 0.0456909032346309030
-0.0795795795795800065, 0.0485682950131241450
-0.0770770770770800029, 0.0517296494031753082
-0.0745745745745699934, 0.0552136372118579577
-0.0720720720720700037, 0.0590657418012716512
-0.0695695695695700000, 0.0633397510713401279
-0.0670670670670699964, 0.0680996448576053071
-0.0645645645645600008, 0.0734220021421846808
-0.0620620620620599972, 0.0793990982737927120
-0.0595595595595600005, 0.0861429277084516110
-0.0570570570570599969, 0.0937904821654796245
-0.0545545545545500013, 0.1025107524217190591
-0.0520520520520499977, 0.1125141278233009329
-0.0495495495495500010, 0.1240651790583280345
-0.0470470470470499974, 0.1375002895458651841
-0.0445445445445400018, 0.1532523546191808805
-0.0420420420420399982, 0.1718859777799013888
-0.0395395395395400015, 0.1941485824588862485
-0.0370370370370399979, 0.2210462143994799677
-0.0345345345345300023, 0.2539586418397185019
-0.0320320320320299987, 0.2948188299326653938
-0.0295295295295299985, 0.3464013638865720002
-0.0270270270270299984, 0.4128022581476339936
-0.0245245245245199993, 0.5002697189634131014
-0.0220220220220199991, 0.6187114951495064075
-0.0195195195195199990, 0.7845859473174316978
-0.0170170170170199989, 1.0268303198974160217
-0.0145145145145099998, 1.4000544154698033594
-0.0120120120120099996, 2.0170682883593267221
-0.0095095095095099995, 3.1402421825396276134
-0.0070070070070070000, 5.4846616470096467566
-0.0045045045045049997, 11.4368736329963027742
-0.0020020020020019998, 29.5892471507980587830
0.0005005005005005000, 46.6923386588828890353
0.0030030030030029999, 19.8802060256547790118
0.0055055055055059999, 8.3026824630752038559
0.0080080080080079993, 4.3135841616841039681
0.0105105105105099995, 2.6012981392406757664
0.0130130130130099997, 1.7295071806626300948
0.0155155155155200005, 1.2298518362645205482
0.0180180180180199989, 0.9182023238955322464
0.0205205205205199991, 0.7112050989013118940
0.0230230230230199992, 0.5669057447463191624
0.0255255255255299983, 0.4623890228796361246
0.0280280280280299984, 0.3843030535096375044
0.0305305305305299986, 0.3244504999281632718
0.0330330330330299987, 0.2775767805763666440
0.0355355355355400013, 0.2401895864253704160
0.0380380380380399979, 0.2098953588667396564
0.0405405405405400016, 0.1850096058236059826
0.0430430430430399982, 0.1643192541330081302
0.0455455455455500008, 0.1469329038608140070
0.0480480480480499975, 0.1321837297167976488
0.0505505505505500011, 0.1195649073533708168
0.0530530530530499977, 0.1086856926134219664
0.0555555555555600003, 0.0992409402884168318
0.0580580580580599970, 0.0909895626955583292
0.0605605605605600006, 0.0837390540366888259
0.0630630630630600042, 0.0773342051678897746
0.0655655655655699998, 0.0716487610563370791
0.0680680680680700034, 0.0665791759401339334
0.0705705705705699932, 0.0620398845785568448
0.0730730730730699968, 0.0579596832361088526
0.0755755755755800063, 0.0542789325488316071
0.0780780780780799960, 0.0509473757478093661
0.0805805805805799996, 0.0479224222979404493
0.0830830830830800032, 0.0451677868832636165
0.0855855855855899988, 0.0426524021040468604
0.0880880880880900025, 0.0403495437536567775
0.0905905905905900061, 0.0382361224816121156
0.0930930930930899958, 0.0362921066400070727
0.0955955955956000053, 0.0345000492713193399
0.0980980980980999950, 0.0328446983077035071
0.1006006006005999986, 0.0313126736669772227
0.1031031031031000023, 0.0298921984422064330
0.1056056056056000059, 0.0285728740734359360
0.1081081081080999956, 0.0273454914674920099
0.1106106106105999992, 0.0262018716456327641
0.1131131131131000028, 0.0251347307604042058
0.1156156156156000064, 0.0241375653151356742
0.1181181181180999962, 0.0232045542040713211
0.1206206206205999998, 0.0223304748149456070
0.1231231231231000034, 0.0215106309343669200
0.1256256256256000070, 0.0207407905967907993
0.1281281281281000106, 0.0200171323409804591
0.1306306306305999865, 0.0193361985997686989
0.1331331331330999901, 0.0186948551621647779
0.1356356356355999937, 0.0180902558211647295
0.1381381381380999973, 0.0175198114636953214
0.1406406406406000009, 0.0169811629770015605
0.1431431431431000045, 0.0164721574432697762
0.1456456456456000081, 0.0159908271751794499
0.1481481481481000118, 0.0155353712124477739
0.1506506506506999910, 0.0151041389557194199
0.1531531531531999946, 0.0146956156613337399
0.1556556556556999982, 0.0143084095601683451
0.1581581581582000018, 0.0139412403972075122
0.1606606606607000054, 0.0135929292167722600
0.1631631631632000090, 0.0132623892423389678
0.1656656656657000126, 0.0129486177202742438
0.1681681681681999885, 0.0126506886142068974
0.1706706706706999921, 0.0123677460516259281
0.1731731731731999957, 0.0120989984370338290
0.1756756756756999993, 0.0118437131569291906
0.1781781781782000029, 0.0116012118113157786
0.1806806806807000065, 0.0113708659145693100
0.1831831831832000101, 0.0111520930155289029
0.1856856856857000138, 0.0109443531927808091
0.1881881881881999896, 0.0107471458864038284
0.1906906906906999932, 0.0105600070320632060
0.1931931931931999968, 0.0103825064673711779
0.1956956956957000004, 0.0102142455839596656
0.1981981981982000041, 0.0100548552018045276
0.2007007007007000077, 0.0099039936450615110
0.2032032032032000113, 0.0097613450010719596
0.2057057057056999871, 0.0096266175463170407
0.2082082082081999908, 0.0094995423249786097
0.2107107107106999944, 0.0093798718674374046
0.2132132132131999980, 0.0092673790375318397
0.2157157157157000016, 0.0091618559987384617
0.2182182182182000052, 0.0090631132906397911
0.2207207207207000088, 0.0089709790081348648
0.2232232232232000124, 0.0088852980768395120
0.2257257257256999883, 0.0088059316190319311
0.2282282282281999919, 0.0087327564053369354
0.2307307307306999955, 0.0086656643881224092
0.2332332332331999991, 0.0086045623133137253
0.2357357357357000027, 0.0085493714080269508
0.2382382382382000063, 0.0085000271420887629
0.2407407407407000099, 0.0084564790621589406
0.2432432432432000136, 0.0084186906978091919
0.2457457457456999894, 0.0083866395395480863
0.2482482482481999930, 0.0083603170894250012
0.2507507507508000000, 0.0083397289855049149
0.2532532532533000036, 0.0083248952021901350
0.2557557557558000072, 0.0083158503290842369
0.2582582582583000108, 0.0083126439318586542
0.2607607607608000144, 0.0083153409994050180
0.2632632632633000180, 0.0083240224824495165
0.2657657657658000216, 0.0083387859297842370
0.2682682682683000253, 0.0083597462293506768
0.2707707707707999734, 0.0083870364626119250
0.2732732732732999770, 0.0084208088819938565
0.2757757757757999806, 0.0084612360226871790
0.2782782782782999842, 0.0085085119618113682
0.2807807807807999878, 0.0085628537398813823
0.2832832832832999914, 0.0086245029617302398
0.2857857857857999950, 0.0086937275965711588
0.2882882882882999986, 0.0087708239997882111
0.2907907907908000023, 0.0088561191823911204
0.2932932932933000059, 0.0089499733579352647
0.2957957957958000095, 0.0090527828011873826
0.2982982982983000131, 0.0091649830580222240
0.3008008008008000167, 0.0092870525520997727
0.3033033033033000203, 0.0094195166409601627
0.3058058058058000239, 0.0095629521824771718
0.3083083083083000275, 0.0097179926823702713
0.3108108108107999756, 0.0098853341049756401
0.3133133133132999792, 0.0100657414430688590
0.3158158158157999829, 0.0102600561586464190
0.3183183183182999865, 0.0104692046257324929
0.3208208208207999901, 0.0106942077291331678
0.3233233233232999937, 0.0109361918004101596
0.3258258258257999973, 0.0111964011051842467
0.3283283283283000009, 0.0114762121354459890
0.3308308308308000045, 0.0117771500083901359
0.3333333333333000081, 0.0121009073313547780
0.3358358358358000118, 0.0124493659631832107
0.3383383383383000154, 0.0128246221888556593
0.3408408408408000190, 0.0132290159305225308
0.3433433433433000226, 0.0136651647491853843
0.3458458458458000262, 0.0141360035537581724
0.3483483483482999743, 0.0146448311365457960
0.3508508508509000090, 0.0151953649073117234
0.3533533533534000126, 0.0157918055164743346
0.3558558558559000162, 0.0164389134605440294
0.3583583583584000198, 0.0171421002748612591
0.3608608608609000235, 0.0179075375735912035
0.3633633633634000271, 0.0187422880399427810
0.3658658658658999752, 0.0196544635618767401
0.3683683683683999788, 0.0206534171336675461
0.3708708708708999824, 0.0217499770166061229
0.3733733733733999860, 0.0229567341325936612
0.3758758758758999896, 0.0242883969763500844
0.3783783783783999932, 0.0257622327925263288
0.3808808808808999968, 0.0273986198268127285
0.3833833833834000004, 0.0292217437814917616
0.3858858858859000041, 0.0312604831464546040
0.3883883883884000077, 0.0335495442606112207
0.3908908908909000113, 0.0361309299254812602
0.3933933933934000149, 0.0390558584037998119
0.3958958958959000185, 0.0423872977396911391
0.3983983983984000221, 0.0462033514795413131
0.4009009009009000257, 0.0506018387886724291
0.4034034034033999738, 0.0557065754580125250
0.4059059059058999774, 0.0616761171111077644
0.4084084084083999810, 0.0687161313865652101
0.4109109109108999847, 0.0770972259326542508
0.4134134134133999883, 0.0871811609761566492
0.4159159159158999919, 0.0994602669510556564
0.4184184184183999955, 0.1146182382026412622
0.4209209209208999991, 0.1336266198266327920
0.4234234234234000027, 0.1579030351182116876
0.4259259259259000063, 0.1895806274060132246
0.4284284284284000099, 0.2319874803029429722
0.4309309309309000136, 0.2905449897630374423
0.4334334334334000172, 0.3745588912453119423
0.4359359359359000208, 0.5010694288668712248
0.4384384384384000244, 0.7039387113306088128
0.4409409409408999725, 1.0579896425028525453
0.4434434434433999761, 1.7536154389834817113
0.4459459459458999797, 3.3749733026940980096
0.4484484484483999833, 8.0827592616421330973
0.4509509509510000180, 18.9552581632485974694
0.4534534534535000216, 11.9754777811092338879
0.4559559559560000253, 4.6312653082326002973
0.4584584584584999734, 2.2230200204581462842
0.4609609609609999770, 1.2739827991067775859
0.4634634634634999806, 0.8191405930142185987
0.4659659659659999842, 0.5692060175660972332
0.4684684684684999878, 0.4179931006298410745
0.4709709709709999914, 0.3198313495069861068
0.4734734734734999950, 0.2526071127929049864
0.4759759759759999986, 0.2046004367528730938
0.4784784784785000022, 0.1691445139994797731
0.4809809809810000059, 0.1422255312798288707
0.4834834834835000095, 0.1213119787141042488
0.4859859859860000131, 0.1047441884088721187
0.4884884884885000167, 0.0913978452177336698
0.4909909909910000203, 0.0804896273123522216
0.4934934934935000239, 0.0714603628454439366
0.4959959959960000275, 0.0639023175681490557
0.4984984984984999756, 0.0575125600581002580
0.5010010010009999792, 0.0520622473583618878
0.5035035035035000384, 0.0473759139553254355
0.5060060060059999865, 0.0433172092376634468
0.5085085085085000456, 0.0397788882615129832
0.5110110110109999937, 0.0366756664423217027
0.5135135135135000528, 0.0339390390246793253
0.5160160160160000009, 0.0315134715831441869
0.5185185185184999490, 0.0293535622059519219
0.5210210210210000081, 0.0274219022105719121
0.5235235235234999562, 0.0256874456509536692
0.5260260260260000154, 0.0241242539275691760
0.5285285285284999635, 0.0227105200570450680
0.5310310310310000226, 0.0214278036261052740
0.5335335335334999707, 0.0202604260137281868
0.5360360360360000298, 0.0191949886390174566
0.5385385385384999779, 0.0182199864503388605
0.5410410410410000370, 0.0173254957345687285
0.5435435435434999851, 0.0165029203557169810
0.5460460460460000442, 0.0157447842540147792
0.5485485485484999924, 0.0150445608146475094
0.5510510510510999715, 0.0143965318063193036
0.5535535535536000307, 0.0137956701761352100
0.5560560560560999788, 0.0132375421996825948
0.5585585585586000379, 0.0127182254183864970
0.5610610610610999860, 0.0122342395193194772
0.5635635635636000451, 0.0117824878765370213
0.5660660660660999932, 0.0113602079154083557
0.5685685685686000523, 0.0109649288105005856
0.5710710710711000004, 0.0105944353045491144
0.5735735735735999485, 0.0102467366569619998
0.5760760760761000077, 0.0099200399073915927
0.5785785785785999558, 0.0096127267825411311
0.5810810810811000149, 0.0093233336897879677
0.5835835835835999630, 0.0090505343350049637
0.5860860860861000221, 0.0087931245785173272
0.5885885885885999702, 0.0085500092058678704
0.5910910910911000293, 0.0083201903416743016
0.5935935935935999774, 0.0081027572774798363
0.5960960960961000366, 0.0078968775198172848
0.5985985985985999847, 0.0077017888940783454
0.6011011011011000438, 0.0075167925642873291
0.6036036036035999919, 0.0073412468493937490
0.6061061061061000510, 0.0071745617339246670
0.6086086086085999991, 0.0070161939853462937
0.6111111111110999472, 0.0068656428027394460
0.6136136136136000063, 0.0067224459317740352
0.6161161161160999544, 0.0065861761897845353
0.6186186186186000135, 0.0064564383522564932
0.6211211211210999616, 0.0063328663584444047
0.6236236236236000208, 0.0062151207993273345
0.6261261261260999689, 0.0061028866558153162
0.6286286286286000280, 0.0059958712591667582
0.6311311311310999761, 0.0058938024490650803
0.6336336336336000352, 0.0057964269078154586
0.6361361361360999833, 0.0057035086517300704
0.6386386386386000424, 0.0056148276630320010
0.6411411411410999905, 0.0055301786475733580
0.6436436436436000497, 0.0054493699053747664
0.6461461461460999978, 0.0053722223024865439
0.6486486486485999459, 0.0052985683339769095
0.6511511511512000361, 0.0052282512689953396
0.6536536536536999842, 0.0051611243698615281
0.6561561561562000433, 0.0050970501780110422
0.6586586586586999914, 0.0050358998604039503
0.6611611611612000505, 0.0049775526106859234
0.6636636636636999986, 0.0049218950999946592
0.6661661661661999467, 0.0048688209728379814
0.6686686686687000059, 0.0048182303839424652
0.6711711711711999540, 0.0047700295723906118
0.6736736736737000131, 0.0047241304697368241
0.6761761761761999612, 0.0046804503391236606
0.6786786786787000203, 0.0046389114427148603
0.6811811811811999684, 0.0045994407350247579
0.6836836836837000275, 0.0045619695799588621
0.6861861861861999756, 0.0045264334895905528
0.6886886886887000347, 0.0044927718828872759
0.6911911911911999828, 0.0044609278627684365
0.6936936936937000420, 0.0044308480100289475
0.6961961961961999901, 0.0044024821927987068
0.6986986986987000492, 0.0043757833903311557
0.7012012012011999973, 0.0043507075300247174
0.7037037037036999454, 0.0043272133366809226
0.7062062062062000045, 0.0043052621930933354
0.7087087087086999526, 0.0042848180111432028
0.7112112112112000117, 0.0042658471126518918
0.7137137137136999598, 0.0042483181193074624
0.7162162162162000190, 0.0042322018510439130
0.7187187187186999671, 0.0042174712323073769
0.7212212212212000262, 0.0042041012056942923
0.7237237237236999743, 0.0041920686524930806
0.7262262262262000334, 0.0041813523197032606
0.7287287287286999815, 0.0041719327531449506
0.7312312312312000406, 0.0041637922363075060
0.7337337337336999887, 0.0041569147346189918
0.7362362362362000479, 0.0041512858448486435
0.7387387387386999960, 0.0041468927493826923
0.7412412412412000551, 0.0041437241751400272
0.7437437437437000032, 0.0041417703569186001
0.7462462462461999513, 0.0041410230049862100
0.7487487487487000104, 0.0041414752767506696
0.7512512512512999896, 0.0041431217523644889
0.7537537537538000487, 0.0041459584141381907
0.7562562562562999968, 0.0041499826296545099
0.7587587587587999449, 0.0041551931384929425
0.7612612612613000040, 0.0041615900424907233
0.7637637637637999521, 0.0041691747994823253
0.7662662662663000113, 0.0041779502204751136
0.7687687687687999594, 0.0041879204702340266
0.7712712712713000185, 0.0041990910712631120
0.7737737737737999666, 0.0042114689111865866
0.7762762762763000257, 0.0042250622535468544
0.7787787787787999738, 0.0042398807520518051
0.7812812812813000329, 0.0042559354683186666
0.7837837837837999810, 0.0042732388931769772
0.7862862862863000402, 0.0042918049716088452
0.7887887887887999883, 0.0043116491314207431
0.7912912912913000474, 0.0043327883157577218
0.7937937937937999955, 0.0043552410195883086
0.7962962962963000546, 0.0043790273303064243
0.7987987987988000027, 0.0044041689726158108
0.8013013013012999508, 0.0044306893578825455
0.8038038038038000099, 0.0044586136381626210
0.8063063063062999580, 0.0044879687651343102
0.8088088088088000172, 0.0045187835541892814
0.8113113113112999653, 0.0045510887539625209
0.8138138138138000244, 0.0045849171216089928
0.8163163163162999725, 0.0046203035041651646
0.8188188188188000316, 0.0046572849263659816
0.8213213213212999797, 0.0046959006853230859
0.8238238238238000388, 0.0047361924525082828
0.8263263263262999869, 0.0047782043835276448
0.8288288288288000460, 0.0048219832362168483
0.8313313313312999941, 0.0048675784976374772
0.8338338338338000533, 0.0049150425206078343
0.8363363363363000014, 0.0049644306704604430
0.8388388388387999495, 0.0050158014827828296
0.8413413413413000086, 0.0050692168329687648
0.8438438438437999567, 0.0051247421184843749
0.8463463463463000158, 0.0051824464548390218
0.8488488488487999639, 0.0052424028863442603
0.8513513513514000541, 0.0053046886128476200
0.8538538538539000022, 0.0053693852337420040
0.8563563563563999503, 0.0054365790106770950
0.8588588588589000095, 0.0055063611505388049
0.8613613613613999576, 0.0055788281104166117
0.8638638638639000167, 0.0056540819264497676
0.8663663663663999648, 0.0057322305686330760
0.8688688688689000239, 0.0058133883238735192
0.8713713713713999720, 0.0058976762098238919
0.8738738738739000311, 0.0059852224222806533
0.8763763763763999792, 0.0060761628192246460
0.8788788788789000384, 0.0061706414449089510
0.8813813813813999865, 0.0062688110977616503
0.8838838838839000456, 0.0063708339462791577
0.8863863863863999937, 0.0064768821975421890
0.8888888888889000528, 0.0065871388234992707
0.8913913913914000009, 0.0067017983507393977
0.8938938938938999490, 0.0068210677201238122
0.8963963963964000081, 0.0069451672233791402
0.8988988988988999562, 0.0070743315245795704
0.9014014014014000153, 0.0072088107753799282
0.9039039039038999634, 0.0073488718339194230
0.9064064064064000226, 0.0074947995985149337
0.9089089089088999707, 0.0076468984686265109
0.9114114114114000298, 0.0078054939471281937
0.9139139139138999779, 0.0079709343996856030
0.9164164164164000370, 0.0081435929890610499
0.9189189189188999851, 0.0083238698044758828
0.9214214214214000442, 0.0085121942088077669
0.9239239239238999923, 0.0087090274294393533
0.9264264264264000515, 0.0089148654220717518
0.9289289289288999996, 0.0091302420408476519
0.9314314314313999477, 0.0093557325527842822
0.9339339339339000068, 0.0095919575399076827
0.9364364364363999549, 0.0098395872387319235
0.9389389389389000140, 0.0100993463739977099
0.9414414414413999621, 0.0103720195520583501
0.9439439439439000212, 0.0106584572891978147
0.9464464464463999693, 0.0109595827617584470
0.9489489489489000285, 0.0112763993785628854
0.9514514514515000076, 0.0116099992921338303
0.9539539539539999558, 0.0119615729841223949
0.9564564564565000149, 0.0123324200827324496
0.9589589589589999630, 0.0127239615964939053
0.9614614614615000221, 0.0131377537803629187
0.9639639639639999702, 0.0135755038878990347
0.9664664664665000293, 0.0140390881085259850
0.9689689689689999774, 0.0145305720432843850
0.9714714714715000365, 0.0150522341381151403
0.9739739739739999846, 0.0156065925731618746
0.9764764764765000438, 0.0161964362031293205
0.9789789789789999919, 0.0168248602615132803
0.9814814814815000510, 0.0174953076857730407
0.9839839839839999991, 0.0182116170979563993
0.9864864864864999472, 0.0189780786944879487
0.9889889889890000063, 0.0197994995708756366
0.9914914914914999544, 0.0206812803463301276
0.9939939939940000135, 0.0216295053784336215
0.9964964964964999616, 0.0226510493935996524
0.9989989989990000208, 0.0237537040375132846
1.0015015015019999023, 0.0249463287140947385
1.0040040040039999170, 0.0262390311893648809
1.0065065065070000205, 0.0276433848655270216
1.0090090090090000352, 0.0291726914860048550
1.0115115115119999167, 0.0308423004583550098
1.0140140140139999314, 0.0326699991780975627
1.0165165165170000350, 0.0346764929800152735
1.0190190190190000497, 0.0368859990245395813
1.0215215215219999312, 0.0393269860996573462
1.0240240240239999459, 0.0420331027789097866
1.0265265265270000494, 0.0450443507786557895
1.0290290290290000641, 0.0484085804002255884
1.0315315315319999456, 0.0521834131514998661
1.0340340340339999603, 0.0564387368305810724
1.0365365365370000639, 0.0612599763606553882
1.0390390390390000785, 0.0667524285749145629
1.0415415415419999601, 0.0730470753419679847
1.0440440440439999747, 0.0803084800754867989
1.0465465465470000783, 0.0887456659107635493
1.0490490490490000930, 0.0986273337374769243
1.0515515515519999745, 0.1103035151597969304
1.0540540540539999892, 0.1242369642093756332
1.0565565565570000928, 0.1410496266677148669
1.0590590590590001074, 0.1615930524816080460
1.0615615615619999890, 0.1870579291245718090
1.0640640640640000036, 0.2191496314322204375
1.0665665665670001072, 0.2603793527569726596
1.0690690690689998998, 0.3145663633604957599
1.0715715715720000034, 0.3877454489089992018
1.0740740740740000181, 0.4898985466388059984
1.0765765765769998996, 0.6384837487180677895
1.0790790790789999143, 0.8662297459524199716
1.0815815815820000179, 1.2401687747155540897
1.0840840840840000325, 1.9144406347865583484
1.0865865865869999141, 3.3028052166260932765
1.0890890890889999287, 6.7617837933000988215
1.0915915915920000323, 17.2736408473100411243
1.0940940940940000470, 30.3998556603884111382
1.0965965965969999285, 13.7113597710345658243
1.0990990990989999432, 5.6197038307335542839
1.1016016016020000468, 2.8753994656351240522
1.1041041041040000614, 1.7177183081366611539
1.1066066066069999430, 1.1354093304529271347
1.1091091091089999576, 0.8045072173118394954
1.1116116116120000612, 0.5994080683060257764
1.1141141141140000759, 0.4638389932985974573
1.1166166166169999574, 0.3696985258658861406
1.1191191191189999721, 0.3017320252590549590
1.1216216216220000756, 0.2510948661408554661
1.1241241241240000903, 0.2123787778717529107
1.1266266266269999718, 0.1821286384210047959
1.1291291291289999865, 0.1580546384958655404
1.1316316316320000901, 0.1385912408177903399
1.1341341341340001048, 0.1226390493397026965
1.1366366366369999863, 0.1094078565067884840
1.1391391391390000010, 0.0983180011930713249
1.1416416416420001045, 0.0889365531014711247
1.1441441441439998972, 0.0809349596555148099
1.1466466466470000007, 0.0740602915696392389
1.1491491491490000154, 0.0681153202573688971
1.1516516516519998969, 0.0629444598404297617
1.1541541541539999116, 0.0584236821502463338
1.1566566566570000152, 0.0544531725553875426
1.1591591591590000299, 0.0509519081408477820
1.1616616616619999114, 0.0478536047766557615
1.1641641641639999261, 0.0451036526577327998
1.1666666666670000296, 0.0426567748906897526
1.1691691691690000443, 0.0404752213672050221
1.1716716716719999258, 0.0385273634078806687
1.1741741741739999405, 0.0367865916760070563
1.1766766766770000441, 0.0352304459324183222
1.1791791791790000588, 0.0338399237944059794
1.1816816816819999403, 0.0325989290773395085
1.1841841841839999550, 0.0314938300909800295
1.1866866866870000585, 0.0305131054955307852
1.1891891891890000732, 0.0296470607308239112
1.1916916916919999547, 0.0288876021321816043
1.1941941941939999694, 0.0282280590065982426
1.1966966966970000730, 0.0276630464302468834
1.1991991991990000876, 0.0271883635417690186
1.2017017017019999692, 0.0268009237984949238
1.2042042042039999838, 0.0264987151587548903
1.2067067067070000874, 0.0262807895608245592
1.2092092092090001021, 0.0261472824909634652
1.2117117117119999836, 0.0260994649787230221
1.2142142142139999983, 0.0261398321548990641
1.2167167167170001019, 0.0262722347179396194
1.2192192192189998945, 0.0265020624957538857
1.2217217217219999981, 0.0268364930665562600
1.2242242242240000127, 0.0272848235549777232
1.2267267267269998943, 0.0278589108991051104
1.2292292292289999089, 0.0285737560714268389
1.2317317317320000125, 0.0294482824373288737
1.2342342342340000272, 0.0305063800003616895
1.2367367367369999087, 0.0317783194550343220
1.2392392392389999234, 0.0333026888132811547
1.2417417417420000270, 0.0351290809386685110
1.2442442442440000416, 0.0373218796328562766
1.2467467467469999232, 0.0399656845168350344
1.2492492492489999378, 0.0431732335242558662
1.2517517517520000414, 0.0470972231779900746
1.2542542542540000561, 0.0519483747736680795
1.2567567567569999376, 0.0580238113154198931
1.2592592592589999523, 0.0657530392966651361
1.2617617617620000559, 0.0757751719681070690
1.2642642642640000705, 0.0890741215778758366
1.2667667667669999521, 0.1072271074909322275
1.2692692692689999667, 0.1328887671334550713
1.2717717717720000703, 0.1708028246571831610
1.2742742742740000850, 0.2301070987826757952
1.2767767767769999665, 0.3301875895490807289
1.2792792792789999812, 0.5177597291603363017
1.2817817817820000847, 0.9263119835967383864
1.2842842842840000994, 2.0244471018451362099
1.2867867867869999809, 5.2672991243180575793
1.2892892892889999956, 5.6988466600963834097
1.2917917917920000992, 2.2168632168288069373
1.2942942942939998918, 0.9918363460143747590
1.2967967967969999954, 0.5466091988912497035
1.2992992992990000101, 0.3461860592118081170
1.3018018018019998916, 0.2408667924467901011
1.3043043043039999063, 0.1792733039987834398
1.3068068068070000098, 0.1403980873747355251
1.3093093093090000245, 0.1144495789251512574
1.3118118118119999060, 0.0963895677072524881
1.3143143143139999207, 0.0834194876655904860
1.3168168168170000243, 0.0738877459296858052
1.3193193193190000390, 0.0667709190272755826
1.3218218218219999205, 0.0614091667204262892
1.3243243243239999352, 0.0573631067980975434
1.3268268268270000387, 0.0543324881929810877
1.3293293293290000534, 0.0521080234373089285
1.3318318318319999349, 0.0505418452929831674
1.3343343343339999496, 0.0495288504930463946
1.3368368368370000532, 0.0489946399475049352
1.3393393393390000679, 0.0488875909623722876
1.3418418418419999494, 0.0491736036112351144
1.3443443443439999641, 0.0498326387082293903
1.3468468468470000676, 0.0508565054235543962
1.3493493493490000823, 0.0522475659350173649
1.3518518518519999638, 0.0540181592229747320
1.3543543543539999785, 0.0561906384892163213
1.3568568568570000821, 0.0587979862102547060
1.3593593593590000967, 0.0618850303870134150
1.3618618618619999783, 0.0655103449379391967
1.3643643643639999929, 0.0697489855632146272
1.3668668668670000965, 0.0746963003532669090
1.3693693693689998891, 0.0804731762538578310
1.3718718718719999927, 0.0872332596850424469
1.3743743743740000074, 0.0951729561786456846
1.3768768768770001110, 0.1045454259398337915
1.3793793793789999036, 0.1156804450109991250
1.3818818818820000072, 0.1290130616106147654
1.3843843843840000218, 0.1451257434074180452
1.3868868868869999034, 0.1648117389208917927
1.3893893893889999180, 0.1891727302785277121
1.3918918918920000216, 0.2197736602483246482
1.3943943943940000363, 0.2588962990594138036
1.3968968968969999178, 0.3099703528591032931
1.3993993993989999325, 0.3783390841609291511
1.4019019019020000361, 0.4726907271328282811
1.4044044044040000507, 0.6079043654407225716
1.4069069069069999323, 0.8111470558421030042
1.4094094094089999469, 1.1362037392410422321
1.4119119119120000505, 1.7013369673688603090
1.4144144144140000652, 2.8054977868958399512
1.4169169169169999467, 5.3581717266970851909
1.4194194194189999614, 12.7100421085665953314
1.4219219219220000650, 30.4987011433795913717
1.4244244244240000796, 20.3895531229160908993
1.4269269269269999612, 7.8478257994841573719
1.4294294294289999758, 3.7340049644066430901
1.4319319319320000794, 2.1276501629044561881
1.4344344344340000941, 1.3628913580955819285
1.4369369369369999756, 0.9445771169280998691
1.4394394394389999903, 0.6923097177145007830
1.4419419419420000938, 0.5289323297575964089
1.4444444444440001085, 0.4172423356360749347
1.4469469469469999900, 0.3375867348134642953
1.4494494494490000047, 0.2788147806567888853
1.4519519519520001083, 0.2342270249060497134
1.4544544544539999009, 0.1996053741913907942
1.4569569569570000045, 0.1721883979811491550
1.4594594594590000192, 0.1501076839937461327
1.4619619619619999007, 0.1320628445147311036
1.4644644644639999154, 0.1171264348934781402
1.4669669669670000189, 0.1046227124140307191
1.4694694694690000336, 0.0940499665968267673
1.4719719719719999151, 0.0850294167276355040
1.4744744744739999298, 0.0772707840343866692
1.4769769769770000334, 0.0705486022915993299
1.4794794794790000481, 0.0646856050376492936
1.4819819819819999296, 0.0595408739629501721
1.4844844844839999443, 0.0550012513035195091
1.4869869869870000478, 0.0509750283710761268
1.4894894894890000625, 0.0473872462644397627
1.4919919919919999440, 0.0441761549195294895
1.4944944944939999587, 0.0412905154330135485
1.4969969969970000623, 0.0386875237915737594
1.4994994994990000770, 0.0363311976920924831
1.5020020020019999585, 0.0341911120958138665
1.5045045045050000621, 0.0322413999666086512
1.5070070070070000767, 0.0304599565003076389
1.5095095095099999583, 0.0288278008373025196
1.5120120120119999729, 0.0273285606278947657
1.5145145145150000765, 0.0259480531555483160
1.5170170170170000912, 0.0246739428881911013
1.5195195195199999727, 0.0234954599278419315
1.5220220220219999874, 0.0224031672901586904
1.5245245245250000909, 0.0213887675705162934
1.5270270270270001056, 0.0204449415589421507
1.5295295295299999871, 0.0195652129096263241
1.5320320320320000018, 0.0187438341663331391
1.5345345345350001054, 0.0179756903771881721
1.5370370370369998980, 0.0172562172634376718
1.5395395395400000016, 0.0165813314835758646
1.5420420420420000163, 0.0159473709917846880
1.5445445445449998978, 0.0153510438544891513
1.5470470470469999125, 0.0147893841812617426
1.5495495495500000160, 0.0142597140617921302
1.5520520520520000307, 0.0137596105911574271
1.5545545545549999122, 0.0132868772204418513
1.5570570570569999269, 0.0128395187960818925
1.5595595595600000305, 0.0124157197548303982
1.5620620620620000452, 0.0120138250263714351
1.5645645645649999267, 0.0116323232659178884
1.5670670670669999414, 0.0112698320973764962
1.5695695695700000449, 0.0109250850960976968
1.5720720720720000596, 0.0105969202806438581
1.5745745745749999411, 0.0102842699168293542
1.5770770770769999558, 0.0099861514656868489
1.5795795795800000594, 0.0097016595309314044
1.5820820820820000741, 0.0094299586816904649
1.5845845845849999556, 0.0091702770433802136
1.5870870870869999703, 0.0089219005641356791
1.5895895895900000738, 0.0086841678765756380
1.5920920920920000885, 0.0084564656852463768
1.5945945945949999700, 0.0082382246191251458
1.5970970970969999847, 0.0080289154963214988
1.5995995996000000883, 0.0078280459547796742
1.6021021021020001029, 0.0076351574085319462
1.6046046046049999845, 0.0074498222940161136
1.6071071071069999991, 0.0072716415752632785
1.6096096096100001027, 0.0071002424804896486
1.6121121121119998953, 0.0069352764458612444
1.6146146146149999989, 0.0067764172450199859
1.6171171171170000136, 0.0066233592854183405
1.6196196196199998951, 0.0064758160546586896
1.6221221221219999098, 0.0063335187019152705
1.6246246246250000134, 0.0061962147411667784
1.6271271271270000280, 0.0060636668644177012
1.6296296296299999096, 0.0059356518543624264
1.6321321321319999242, 0.0058119595870709242
1.6346346346350000278, 0.0056923921162677360
1.6371371371370000425, 0.0055767628316540762
1.6396396396399999240, 0.0054648956845002811
1.6421421421419999387, 0.0053566244744254164
1.6446446446450000423, 0.0052517921918931992
1.6471471471470000569, 0.0051502504114979784
1.6496496496499999385, 0.0050518587315995633
1.6521521521519999531, 0.0049564842562981621
1.6546546546550000567, 0.0048640011161268778
1.6571571571570000714, 0.0047742900241845004
1.6596596596599999529, 0.0046872378647403691
1.6621621621619999676, 0.0046027373116201446
1.6646646646650000712, 0.0045206864739298089
1.6671671671670000858, 0.0044409885668986043
1.6696696696699999674, 0.0043635516058223873
1.6721721721719999820, 0.0042882881212697567
1.6746746746750000856, 0.0042151148938762775
1.6771771771770001003, 0.0041439527071992412
1.6796796796799999818, 0.0040747261172382268
1.6821821821819999965, 0.0040073632373468990
1.6846846846850001000, 0.0039417955373702114
1.6871871871869998927, 0.0038779576559396798
1.6896896896899999962, 0.0038157872249487759
1.6921921921920000109, 0.0037552247053116040
1.6946946946949998924, 0.0036962132331816869
1.6971971971969999071, 0.0036386984758747676
1.6996996997000000107, 0.0035826284968004923
1.7022022022020000254, 0.0035279536287634791
1.7047047047049999069, 0.0034746263550449290
1.7072072072069999216, 0.0034226011977222036
1.7097097097100000251, 0.0033718346127260632
1.7122122122120000398, 0.0033222848911738725
1.7147147147149999213, 0.0032739120665524020
1.7172172172169999360, 0.0032266778273562597
1.7197197197200000396, 0.0031805454348175725
1.7222222222220000543, 0.0031354796453897833
1.7247247247249999358, 0.0030914466376733203
1.7272272272269999505, 0.0030484139434938740
1.7297297297300000540, 0.0030063503828650188
1.7322322322320000687, 0.0029652260025863127
1.7347347347349999502, 0.0029250120182458357
1.7372372372369999649, 0.0028856807594125128
1.7397397397400000685, 0.0028472056178187547
1.7422422422420000832, 0.0028095609983478215
1.7447447447449999647, 0.0027727222726532685
1.7472472472469999794, 0.0027366657352496720
1.7497497497500000829, 0.0027013685619248300
1.7522522522520000976, 0.0026668087703338051
1.7547547547549999791, 0.0026329651826445472
1.7572572572569999938, 0.0025998173901135638
1.7597597597600000974, 0.0025673457194781263
1.7622622622619998900, 0.0025355312010590047
1.7647647647649999936, 0.0025043555384746136
1.7672672672670000082, 0.0024738010798739125
1.7697697697699998898, 0.0024438507906013344
1.7722722722719999044, 0.0024144882272125823
1.7747747747750000080, 0.0023856975127652712
1.7772772772770000227, 0.0023574633133131876
1.7797797797799999042, 0.0023297708155373912
1.7822822822819999189, 0.0023026057054515293
1.7847847847850000225, 0.0022759541481226051
1.7872872872870000371, 0.0022498027683520300
1.7897897897899999187, 0.0022241386322651574
1.7922922922919999333, 0.0021989492297606128
1.7947947947950000369, 0.0021742224577736748
1.7972972972970000516, 0.0021499466043106647
1.7997997997999999331, 0.0021261103332138732
1.8023023023019999478, 0.0021027026696189225
1.8048048048050000514, 0.0020797129860686903
1.8073073073070000660, 0.0020571309892499948
1.8098098098099999476, 0.0020349467073212113
1.8123123123119999622, 0.0020131504778008033
1.8148148148150000658, 0.0019917329359884356
1.8173173173170000805, 0.0019706850038919968
1.8198198198199999620, 0.0019499978796352906
1.8223223223219999767, 0.0019296630273226195
1.8248248248250000803, 0.0019096721673377763
1.8273273273270000949, 0.0018900172670561956
1.8298298298299999765, 0.0018706905319502056
1.8323323323319999911, 0.0018516843970683961
1.8348348348350000947, 0.0018329915188711335
1.8373373373370001094, 0.0018146047674052644
1.8398398398399999909, 0.0017965172188018994
1.8423423423420000056, 0.0017787221480820787
1.8448448448450001091, 0.0017612130222558788
1.8473473473469999018, 0.0017439834937013204
1.8498498498500000053, 0.0017270273938101060
1.8523523523520000200, 0.0017103387268879290
1.8548548548549999015, 0.0016939116642977060
1.8573573573569999162, 0.0016777405388346829
1.8598598598600000198, 0.0016618198393229386
1.8623623623620000345, 0.0016461442054233346
1.8648648648649999160, 0.0016307084226434595
1.8673673673669999307, 0.0016155074175406002
1.8698698698700000342, 0.0016005362531092025
1.8723723723720000489, 0.0015857901243447310
1.8748748748749999304, 0.0015712643539762055
1.8773773773769999451, 0.0015569543883601068
1.8798798798800000487, 0.0015428557935286641
1.8823823823820000634, 0.0015289642513859020
1.8848848848849999449, 0.0015152755560451376
1.8873873873869999596, 0.0015017856103019074
1.8898898898900000631, 0.0014884904222366114
1.8923923923920000778, 0.0014753861019414175
1.8948948948949999593, 0.0014624688583662381
1.8973973973969999740, 0.0014497349962788167
1.8998998999000000776, 0.0014371809133342239
1.9024024024020000923, 0.0014248030972492443
1.9049049049049999738, 0.0014125981230773724
1.9074074074069999885, 0.0014005626505803231
1.9099099099100000920, 0.0013886934216921442
1.9124124124120001067, 0.0013769872580722048
1.9149149149149999882, 0.0013654410587434953
1.9174174174170000029, 0.0013540517978128412
1.9199199199200001065, 0.0013428165222697818
1.9224224224219998991, 0.0013317323498610078
1.9249249249250000027, 0.0013207964670373911
1.9274274274270000173, 0.0013100061269707788
1.9299299299299998989, 0.0012993586476378271
1.9324324324319999135, 0.0012888514099682969
1.9349349349350000171, 0.0012784818560553201
1.9374374374370000318, 0.0012682474874252702
1.9399399399399999133, 0.0012581458633649657
1.9424424424419999280, 0.0012481745993040290
1.9449449449450000316, 0.0012383313652503244
1.9474474474470000462, 0.0012286138842764823
1.9499499499499999278, 0.0012190199310555989
1.9524524524519999424, 0.0012095473304442829
1.9549549549550000460, 0.0012001939561113021
1.9574574574570000607, 0.0011909577292101418
1.9599599599599999422, 0.0011818366170938772
1.9624624624619999569, 0.0011728286320708062
1.9649649649650000605, 0.0011639318301993689
1.9674674674670000751, 0.0011551443101209292
1.9699699699699999567, 0.0011464642119290650
1.9724724724719999713, 0.0011378897160740499
1.9749749749750000749, 0.0011294190423012792
1.9774774774770000896, 0.0011210504486224365
1.9799799799799999711, 0.0011127822303182385
1.9824824824819999858, 0.0011046127189716581
1.9849849849850000894, 0.0010965402815305469
1.9874874874870001040, 0.0010885633193986489
1.9899899899899999856, 0.0010806802675540036
1.9924924924920000002, 0.0010728895936938094
1.9949949949950001038, 0.0010651897974048277
1.9974974974969998964, 0.0010575794093584531
2.0000000000000000000, 0.0010500569905296233
