# Delta1: 0.465
# Delta2: 1.17
# Delta3: 1.355
# Dq: 0.1355
# Ds: 0.04
# Dt: 0.061000000000000006
# k1_lab: [1, 0, 0]
# k2_lab: [-0.8660254037844387, 0.49999999999999994, 0.0]
# k1_cf: [-0.5416752204197018, -0.5416752204197018, -0.6427876096865394]
# k2_cf: [0.24184476264797528, 0.24184476264797528, 0.9396926207859084]
# pol1_lab: [(0, 1, 0), (0, 0, 1)]
# pol2_lab: [array([-0.5      , -0.8660254,  0.       ]), array([0., 0., 1.])]
# pol1_cf: [array([-0.45451948, -0.45451948,  0.76604444]), array([-0.70710678,  0.70710678,  0.        ])]
# pol2_cf: [array([ 0.66446302,  0.66446302, -0.34202014]), array([-0.70710678,  0.70710678,  0.        ])]
# cf: [array([-0.54167522, -0.45451948, -0.70710678]), array([-0.54167522, -0.45451948,  0.70710678]), array([-0.64278761,  0.76604444,  0.        ])]
# th: 130
-0.5000000000000000000, 0.0026453679983877896
-0.4974974974974999964, 0.0026694952106569086
-0.4949949949949999928, 0.0026939744811398680
-0.4924924924924999892, 0.0027188128576312830
-0.4899899899899999856, 0.0027440175669005426
-0.4874874874874999819, 0.0027695960201968677
-0.4849849849849999783, 0.0027955558189533404
-0.4824824824824999747, 0.0028219047606981521
-0.4799799799800000266, 0.0028486508451817396
-0.4774774774775000230, 0.0028758022807288649
-0.4749749749750000194, 0.0029033674908251544
-0.4724724724725000158, 0.0029313551209480216
-0.4699699699700000122, 0.0029597740456524342
-0.4674674674675000086, 0.0029886333759224165
-0.4649649649650000049, 0.0030179424667997981
-0.4624624624625000013, 0.0030477109253021859
-0.4599599599599999977, 0.0030779486186427994
-0.4574574574574999941, 0.0031086656827654094
-0.4549549549549999905, 0.0031398725312082277
-0.4524524524524999869, 0.0031715798643113875
-0.4499499499499000077, 0.0032037986787833012
-0.4474474474474000041, 0.0032365402776419736
-0.4449449449449000005, 0.0032698162805482101
-0.4424424424423999969, 0.0033036386345484487
-0.4399399399398999932, 0.0033380196252459238
-0.4374374374373999896, 0.0033729718884197889
-0.4349349349348999860, 0.0034085084221128731
-0.4324324324323999824, 0.0034446425992097941
-0.4299299299298999788, 0.0034813881805283390
-0.4274274274273999752, 0.0035187593284481695
-0.4249249249249000271, 0.0035567706211022659
-0.4224224224224000235, 0.0035954370671577984
-0.4199199199199000199, 0.0036347741212146168
-0.4174174174174000163, 0.0036747976998510409
-0.4149149149149000126, 0.0037155241983482567
-0.4124124124124000090, 0.0037569705081263241
-0.4099099099099000054, 0.0037991540349266817
-0.4074074074074000018, 0.0038420927177778459
-0.4049049049048999982, 0.0038858050487831823
-0.4024024024023999946, 0.0039303100937717311
-0.3998998998998999910, 0.0039756275138553947
-0.3973973973973999874, 0.0040217775879382682
-0.3948948948948999838, 0.0040687812362265137
-0.3923923923923999801, 0.0041166600447899255
-0.3898898898898999765, 0.0041654362912294024
-0.3873873873873999729, 0.0042151329715075332
-0.3848848848849000248, 0.0042657738280030520
-0.3823823823824000212, 0.0043173833788533265
-0.3798798798799000176, 0.0043699869486530287
-0.3773773773774000140, 0.0044236107005810633
-0.3748748748749000104, 0.0044782816700322872
-0.3723723723724000068, 0.0045340277998351247
-0.3698698698699000031, 0.0045908779771411789
-0.3673673673673999995, 0.0046488620720782168
-0.3648648648648999959, 0.0047080109782635529
-0.3623623623623999923, 0.0047683566552809403
-0.3598598598598999887, 0.0048299321732305067
-0.3573573573573999851, 0.0048927717594682407
-0.3548548548548999815, 0.0049569108476589276
-0.3523523523523999779, 0.0050223861292743579
-0.3498498498497999987, 0.0050892356076772307
-0.3473473473472999951, 0.0051574986549401854
-0.3448448448447999914, 0.0052272160715592982
-0.3423423423422999878, 0.0052984301492318203
-0.3398398398397999842, 0.0053711847368792896
-0.3373373373372999806, 0.0054455253101092088
-0.3348348348347999770, 0.0055214990443215933
-0.3323323323322999734, 0.0055991548916806680
-0.3298298298298000253, 0.0056785436621871275
-0.3273273273273000217, 0.0057597181091025721
-0.3248248248248000181, 0.0058427330189953601
-0.3223223223223000145, 0.0059276453066957873
-0.3198198198198000108, 0.0060145141154690955
-0.3173173173173000072, 0.0061034009227366216
-0.3148148148148000036, 0.0061943696516991451
-0.3123123123123000000, 0.0062874867892422220
-0.3098098098097999964, 0.0063828215105308124
-0.3073073073072999928, 0.0064804458107306489
-0.3048048048047999892, 0.0065804346443262308
-0.3023023023022999856, 0.0066828660725402386
-0.2997997997997999819, 0.0067878214193976358
-0.2972972972972999783, 0.0068953854370185945
-0.2947947947947999747, 0.0070056464807695291
-0.2922922922923000266, 0.0071186966949501199
-0.2897897897898000230, 0.0072346322097468383
-0.2872872872873000194, 0.0073535533502414787
-0.2847847847848000158, 0.0074755648583253922
-0.2822822822823000122, 0.0076007761284383295
-0.2797797797798000086, 0.0077293014581254959
-0.2772772772773000050, 0.0078612603144866434
-0.2747747747748000013, 0.0079967776176804155
-0.2722722722722999977, 0.0081359840427429417
-0.2697697697697999941, 0.0082790163410856096
-0.2672672672672999905, 0.0084260176831526309
-0.2647647647647999869, 0.0085771380238450733
-0.2622622622622999833, 0.0087325344924569781
-0.2597597597597999797, 0.0088923718090210806
-0.2572572572572999761, 0.0090568227291284095
-0.2547547547547999724, 0.0092260685194696934
-0.2522522522523000243, 0.0094002994665476486
-0.2497497497496999896, 0.0095797154212315730
-0.2472472472472000138, 0.0097645263820697933
-0.2447447447447000102, 0.0099549531205452846
-0.2422422422422000066, 0.0101512278517572226
-0.2397397397397000030, 0.0103535949543401770
-0.2372372372371999993, 0.0105623117437957763
-0.2347347347346999957, 0.0107776493038150567
-0.2322322322321999921, 0.0109998933806149668
-0.2297297297296999885, 0.0112293453458080731
-0.2272272272272000126, 0.0114663232338741601
-0.2247247247247000090, 0.0117111628609135217
-0.2222222222222000054, 0.0119642190320425716
-0.2197197197197000018, 0.0122258668455505204
-0.2172172172171999982, 0.0124965031027822610
-0.2147147147146999946, 0.0127765478336579578
-0.2122122122121999910, 0.0130664459487971861
-0.2097097097096999874, 0.0133666690304000274
-0.2072072072072000115, 0.0136777172753653545
-0.2047047047047000079, 0.0140001216056182456
-0.2022022022022000043, 0.0143344459622951597
-0.1996996996997000007, 0.0146812898023240927
-0.1971971971971999971, 0.0150412908180660478
-0.1946946946946999935, 0.0154151279030888353
-0.1921921921921999898, 0.0158035243898637483
-0.1896896896896999862, 0.0162072515882558527
-0.1871871871872000104, 0.0166271326571734990
-0.1846846846847000068, 0.0170640468457135680
-0.1821821821822000032, 0.0175189341446586010
-0.1796796796796999995, 0.0179928003943355501
-0.1771771771771999959, 0.0184867229007310389
-0.1746746746746999923, 0.0190018566184923902
-0.1721721721721999887, 0.0195394409671626468
-0.1696696696697000128, 0.0201008073558631845
-0.1671671671672000092, 0.0206873875018379616
-0.1646646646647000056, 0.0213007226400352447
-0.1621621621622000020, 0.0219424737344913329
-0.1596596596596999984, 0.0226144328180138236
-0.1571571571571999948, 0.0233185356049178255
-0.1546546546546999912, 0.0240568755427996855
-0.1521521521521999876, 0.0248317194940785232
-0.1496496496496000084, 0.0256455252669534062
-0.1471471471471000048, 0.0265009612492914937
-0.1446446446446000011, 0.0274009284387354279
-0.1421421421420999975, 0.0283485852091462029
-0.1396396396395999939, 0.0293473752087793985
-0.1371371371370999903, 0.0304010588510454996
-0.1346346346345999867, 0.0315137489364143986
-0.1321321321321000108, 0.0326899510365726009
-0.1296296296296000072, 0.0339346093825026729
-0.1271271271271000036, 0.0352531591306542991
-0.1246246246246000000, 0.0366515860407146538
-0.1221221221220999964, 0.0381364947907466556
-0.1196196196196000067, 0.0397151873883006268
-0.1171171171171000031, 0.0413957534191335755
-0.1146146146145999994, 0.0431871742205489142
-0.1121121121120999958, 0.0450994434895498342
-0.1096096096096000061, 0.0471437073566996073
-0.1071071071071000025, 0.0493324276000903089
-0.1046046046045999989, 0.0516795724727767067
-0.1021021021020999953, 0.0542008406137328910
-0.0995995995996000055, 0.0569139247620384994
-0.0970970970971000019, 0.0598388235690275258
-0.0945945945945900063, 0.0629982117991806229
-0.0920920920920900027, 0.0664178817547892569
-0.0895895895895899991, 0.0701272720220782603
-0.0870870870870899955, 0.0741601038471048774
-0.0845845845845799998, 0.0785551509202789405
-0.0820820820820799962, 0.0833571755060598524
-0.0795795795795800065, 0.0886180732896547502
-0.0770770770770800029, 0.0943982818483447422
-0.0745745745745699934, 0.1007685244497051602
-0.0720720720720700037, 0.1078119835791025993
-0.0695695695695700000, 0.1156270295705775358
-0.0670670670670699964, 0.1243306723972987665
-0.0645645645645600008, 0.1340629641287067186
-0.0620620620620599972, 0.1449926633192119840
-0.0595595595595600005, 0.1573245920467815362
-0.0570570570570599969, 0.1713092889331860047
-0.0545545545545500013, 0.1872558144612309627
-0.0520520520520499977, 0.2055489413871846860
-0.0495495495495500010, 0.2266725326715348099
-0.0470470470470499974, 0.2512417868612983329
-0.0445445445445400018, 0.2800484094947613967
-0.0420420420420399982, 0.3141249822034405392
-0.0395395395395400015, 0.3548384390842354019
-0.0370370370370399979, 0.4040286988199543461
-0.0345345345345300023, 0.4642191670627417444
-0.0320320320320299987, 0.5389449704345903314
-0.0295295295295299985, 0.6332804427339731035
-0.0270270270270299984, 0.7547166298601888368
-0.0245245245245199993, 0.9146806401440608081
-0.0220220220220199991, 1.1312923813350286295
-0.0195195195195199990, 1.4346519281134639812
-0.0170170170170199989, 1.8776815152870287573
-0.0145145145145099998, 2.5602549513517276480
-0.0120120120120099996, 3.6886862909589890336
-0.0095095095095099995, 5.7428145809315207515
-0.0070070070070070000, 10.0304328213398008529
-0.0045045045045049997, 20.9162067540177467606
-0.0020020020020019998, 54.1143961173630430039
0.0005005005005005000, 85.3935931272471577813
0.0030030030030029999, 36.3578923496146586558
0.0055055055055059999, 15.1841937196679275246
0.0080080080080079993, 7.8886799113997421173
0.0105105105105099995, 4.7571422033588142142
0.0130130130130099997, 3.1627541932602829533
0.0155155155155200005, 2.2489509411619938994
0.0180180180180199989, 1.6789844298352827323
0.0205205205205199991, 1.3004125032668050199
0.0230230230230199992, 1.0365063099885594156
0.0255255255255299983, 0.8453570333024995609
0.0280280280280299984, 0.7025459227596969614
0.0305305305305299986, 0.5930811773926243369
0.0330330330330299987, 0.5073528901509418709
0.0355355355355400013, 0.4389741077448683360
0.0380380380380399979, 0.3835673400743174200
0.0405405405405400016, 0.3380518820554179737
0.0430430430430399982, 0.3002091888513082618
0.0455455455455500008, 0.2684090116332869536
0.0480480480480499975, 0.2414318176384742942
0.0505505505505500011, 0.2183506937608787057
0.0530530530530499977, 0.1984510215423722912
0.0555555555555600003, 0.1811747311772250735
0.0580580580580599970, 0.1660809052146076659
0.0605605605605600006, 0.1528174757405659778
0.0630630630630600042, 0.1411005852440652408
0.0655655655655699998, 0.1306993292527403594
0.0680680680680700034, 0.1214243353784604934
0.0705705705705699932, 0.1131191150834107290
0.0730730730730699968, 0.1056534449964139644
0.0755755755755800063, 0.0989182513386415996
0.0780780780780799960, 0.0928216197528013015
0.0805805805805799996, 0.0872856563126639257
0.0830830830830800032, 0.0822439984124059692
0.0855855855855899988, 0.0776398262369678016
0.0880880880880900025, 0.0734242630114446682
0.0905905905905900061, 0.0695550795477776207
0.0930930930930899958, 0.0659956387076377354
0.0955955955956000053, 0.0627140303254289655
0.0980980980980999950, 0.0596823583134992591
0.1006006006005999986, 0.0568761501120417234
0.1031031031031000023, 0.0542738650685827412
0.1056056056056000059, 0.0518564832545907600
0.1081081081080999956, 0.0496071600259829840
0.1106106106105999992, 0.0475109345858126253
0.1131131131131000028, 0.0455544831146805357
0.1156156156156000064, 0.0437259088487823855
0.1181181181180999962, 0.0420145629203614174
0.1206206206205999998, 0.0404108909161991423
0.1231231231231000034, 0.0389063010215668775
0.1256256256256000070, 0.0374930503493682427
0.1281281281281000106, 0.0361641466451363622
0.1306306306305999865, 0.0349132630375576167
0.1331331331330999901, 0.0337346638941598137
0.1356356356355999937, 0.0326231401605992927
0.1381381381380999973, 0.0315739528236385833
0.1406406406406000009, 0.0305827833534901006
0.1431431431431000045, 0.0296456901594814165
0.1456456456456000081, 0.0287590702409525611
0.1481481481481000118, 0.0279196253385060149
0.1506506506506999910, 0.0271243319936713065
0.1531531531531999946, 0.0263704150113297855
0.1556556556556999982, 0.0256553238917867910
0.1581581581582000018, 0.0249767118605507474
0.1606606606607000054, 0.0243324171756109445
0.1631631631632000090, 0.0237204464358772779
0.1656656656657000126, 0.0231389596517516602
0.1681681681681999885, 0.0225862568706067593
0.1706706706706999921, 0.0220607661771352881
0.1731731731731999957, 0.0215610329118284469
0.1756756756756999993, 0.0210857099708539816
0.1781781781782000029, 0.0206335490678321229
0.1806806806807000065, 0.0202033928528778210
0.1831831831832000101, 0.0197941677971388910
0.1856856856857000138, 0.0194048777622090607
0.1881881881881999896, 0.0190345981834841964
0.1906906906906999932, 0.0186824708049650040
0.1931931931931999968, 0.0183476989103736506
0.1956956956957000004, 0.0180295430018919504
0.1981981981982000041, 0.0177273168834757439
0.2007007007007000077, 0.0174403841106635510
0.2032032032032000113, 0.0171681547731690302
0.2057057057056999871, 0.0169100825804099804
0.2082082082081999908, 0.0166656622235473589
0.2107107107106999944, 0.0164344269906471704
0.2132132132131999980, 0.0162159466142884207
0.2157157157157000016, 0.0160098253333633943
0.2182182182182000052, 0.0158157001529947439
0.2207207207207000088, 0.0156332392884588993
0.2232232232232000124, 0.0154621407807877306
0.2257257257256999883, 0.0153021312733476154
0.2282282282281999919, 0.0151529649401891987
0.2307307307306999955, 0.0150144225583447449
0.2332332332331999991, 0.0148863107175421158
0.2357357357357000027, 0.0147684611620218700
0.2382382382382000063, 0.0146607302603050070
0.2407407407407000099, 0.0145629985998769196
0.2432432432432000136, 0.0144751707048456097
0.2457457457456999894, 0.0143971748757112314
0.2482482482481999930, 0.0143289631514665755
0.2507507507508000000, 0.0142705113953470256
0.2532532532533000036, 0.0142218195066807704
0.2557557557558000072, 0.0141829117624706399
0.2582582582583000108, 0.0141538372935861856
0.2607607607608000144, 0.0141346707017766752
0.2632632632633000180, 0.0141255128251541809
0.2657657657658000216, 0.0141264916613635313
0.2682682682683000253, 0.0141377634593796656
0.2707707707707999734, 0.0141595139927821051
0.2732732732732999770, 0.0141919600294860698
0.2757757757757999806, 0.0142353510152989707
0.2782782782782999842, 0.0142899709913670049
0.2807807807807999878, 0.0143561407686315610
0.2832832832832999914, 0.0144342203858935352
0.2857857857857999950, 0.0145246118820590610
0.2882882882882999986, 0.0146277624176991590
0.2907907907908000023, 0.0147441677863043210
0.2932932932933000059, 0.0148743763616729363
0.2957957957958000095, 0.0150189935348900901
0.2982982982983000131, 0.0151786867025033335
0.3008008008008000167, 0.0153541908769958962
0.3033033033033000203, 0.0155463150017509499
0.3058058058058000239, 0.0157559490656940387
0.3083083083083000275, 0.0159840721280703445
0.3108108108107999756, 0.0162317613818050259
0.3133133133132999792, 0.0165002024051566984
0.3158158158157999829, 0.0167907007765804757
0.3183183183182999865, 0.0171046952576830689
0.3208208208207999901, 0.0174437727848998012
0.3233233233232999937, 0.0178096855532970250
0.3258258258257999973, 0.0182043705272601150
0.3283283283283000009, 0.0186299717747056594
0.3308308308308000045, 0.0190888660962705049
0.3333333333333000081, 0.0195836925117335546
0.3358358358358000118, 0.0201173862765473450
0.3383383383383000154, 0.0206932182366716851
0.3408408408408000190, 0.0213148404961108068
0.3433433433433000226, 0.0219863395765919831
0.3458458458458000262, 0.0227122985029198018
0.3483483483482999743, 0.0234978695639023079
0.3508508508509000090, 0.0243488598945946176
0.3533533533534000126, 0.0252718325234657509
0.3558558558559000162, 0.0262742261576313779
0.3583583583584000198, 0.0273644977798716965
0.3608608608609000235, 0.0285522931552693038
0.3633633633634000271, 0.0298486516635896315
0.3658658658658999752, 0.0312662535816417772
0.3683683683683999788, 0.0328197201684042941
0.3708708708708999824, 0.0345259798345429123
0.3733733733733999860, 0.0364047175568503953
0.3758758758758999896, 0.0384789298773434985
0.3783783783783999932, 0.0407756148021023168
0.3808808808808999968, 0.0433266353958382394
0.3833833833834000004, 0.0461698088809605889
0.3858858858859000041, 0.0493502910968448283
0.3883883883884000077, 0.0529223514831067138
0.3908908908909000113, 0.0569516696658349114
0.3933933933934000149, 0.0615183363478018080
0.3958958958959000185, 0.0667208164273808968
0.3983983983984000221, 0.0726812435223499059
0.4009009009009000257, 0.0795525822679845340
0.4034034034033999738, 0.0875284504357089072
0.4059059059058999774, 0.0968567913953692489
0.4084084084083999810, 0.1078592215024782031
0.4109109109108999847, 0.1209589091839928660
0.4134134134133999883, 0.1367215656667393198
0.4159159159158999919, 0.1559170855349051310
0.4184184184183999955, 0.1796146147999970188
0.4209209209208999991, 0.2093334352369109752
0.4234234234234000027, 0.2472903975467693471
0.4259259259259000063, 0.2968212695231512988
0.4284284284284000099, 0.3631304445925470636
0.4309309309309000136, 0.4546957994595532959
0.4334334334334000172, 0.5860694693390502419
0.4359359359359000208, 0.7838986714403703981
0.4384384384384000244, 1.1011363445044950460
0.4409409409408999725, 1.6547891630806721430
0.4434434434433999761, 2.7425905245720212378
0.4459459459458999797, 5.2780346818268304432
0.4484484484483999833, 12.6399782178043711411
0.4509509509510000180, 29.6421861904935290966
0.4534534534535000216, 18.7273291973471955885
0.4559559559560000253, 7.2425801535404952247
0.4584584584584999734, 3.4766055719522719336
0.4609609609609999770, 1.9925136948045183427
0.4634634634634999806, 1.2812349193718741702
0.4659659659659999842, 0.8903869703112103906
0.4684684684684999878, 0.6539181822567818880
0.4709709709709999914, 0.5004098799149772070
0.4734734734734999950, 0.3952811417514606740
0.4759759759759999986, 0.3202045188897986172
0.4784784784785000022, 0.2647545794992887669
0.4809809809810000059, 0.2226545950520050499
0.4834834834835000095, 0.1899458357107906281
0.4859859859860000131, 0.1640329420759311929
0.4884884884885000167, 0.1431577295204960187
0.4909909909910000203, 0.1260952525005815117
0.4934934934935000239, 0.1119710870998703867
0.4959959959960000275, 0.1001476247463806701
0.4984984984984999756, 0.0901511456156689484
0.5010010010009999792, 0.0816237880788195924
0.5035035035035000384, 0.0742911611873381950
0.5060060060059999865, 0.0679400411737618726
0.5085085085085000456, 0.0624027191940918768
0.5110110110109999937, 0.0575458276259172216
0.5135135135135000528, 0.0532622388501175006
0.5160160160160000009, 0.0494651080255560510
0.5185185185184999490, 0.0460834353635517849
0.5210210210210000081, 0.0430587207535814906
0.5235235235234999562, 0.0403424140280534138
0.5260260260260000154, 0.0378939518059262029
0.5285285285284999635, 0.0356792316628467276
0.5310310310310000226, 0.0336694157655374332
0.5335335335334999707, 0.0318399851306715512
0.5360360360360000298, 0.0301699862690995232
0.5385385385384999779, 0.0286414267666192483
0.5410410410410000370, 0.0272387870851744651
0.5435435435434999851, 0.0259486237348384961
0.5460460460460000442, 0.0247592447870663389
0.5485485485484999924, 0.0236604430440239683
0.5510510510510999715, 0.0226432754486800558
0.5535535535536000307, 0.0216998798009718982
0.5560560560560999788, 0.0208233217412787455
0.5585585585586000379, 0.0200074664217460910
0.5610610610610999860, 0.0192468704167839851
0.5635635635636000451, 0.0185366903058641411
0.5660660660660999932, 0.0178726050535555001
0.5685685685686000523, 0.0172507498576354515
0.5710710710711000004, 0.0166676595692424497
0.5735735735735999485, 0.0161202201344980214
0.5760760760761000077, 0.0156056267839494219
0.5785785785785999558, 0.0151213479192332956
0.5810810810811000149, 0.0146650938268428292
0.5835835835835999630, 0.0142347894955633606
0.5860860860861000221, 0.0138285509338580484
0.5885885885885999702, 0.0134446644815898811
0.5910910910911000293, 0.0130815686911741197
0.5935935935935999774, 0.0127378384199001455
0.5960960960961000366, 0.0124121708303924459
0.5985985985985999847, 0.0121033730421113220
0.6011011011011000438, 0.0118103512151181804
0.6036036036035999919, 0.0115321008794115557
0.6061061061061000510, 0.0112676983500784728
0.6086086086085999991, 0.0110162930911939481
0.6111111111110999472, 0.0107771009105657751
0.6136136136136000063, 0.0105493978836545058
0.6161161161160999544, 0.0103325149187862737
0.6186186186186000135, 0.0101258328875168981
0.6211211211210999616, 0.0099287782540299699
0.6236236236236000208, 0.0097408191460307061
0.6261261261260999689, 0.0095614618169572278
0.6286286286286000280, 0.0093902474556601702
0.6311311311310999761, 0.0092267493051555807
0.6336336336336000352, 0.0090705700567673339
0.6361361361360999833, 0.0089213394900529378
0.6386386386386000424, 0.0087787123324430637
0.6411411411410999905, 0.0086423663155990142
0.6436436436436000497, 0.0085120004081684769
0.6461461461460999978, 0.0083873332069549569
0.6486486486485999459, 0.0082681014705570568
0.6511511511512000361, 0.0081540587813205834
0.6536536536536999842, 0.0080449743230139280
0.6561561561562000433, 0.0079406317630142109
0.6586586586586999914, 0.0078408282290037302
0.6611611611612000505, 0.0077453733712446304
0.6636636636636999986, 0.0076540885024430957
0.6661661661661999467, 0.0075668058080485146
0.6686686686687000059, 0.0074833676205719058
0.6711711711711999540, 0.0074036257521631474
0.6736736736737000131, 0.0073274408802686255
0.6761761761761999612, 0.0072546819817086647
0.6786786786787000203, 0.0071852258109752782
0.6811811811811999684, 0.0071189564189622252
0.6836836836837000275, 0.0070557647087066966
0.6861861861861999756, 0.0069955480250506836
0.6886886886887000347, 0.0069382097754243739
0.6911911911911999828, 0.0068836590792178305
0.6936936936937000420, 0.0068318104434442195
0.6961961961961999901, 0.0067825834626108732
0.6986986986987000492, 0.0067359025409063069
0.7012012012011999973, 0.0066916966349841647
0.7037037037036999454, 0.0066498990157810786
0.7062062062062000045, 0.0066104470479464491
0.7087087087086999526, 0.0065732819855897056
0.7112112112112000117, 0.0065383487831662370
0.7137137137136999598, 0.0065055959204280561
0.7162162162162000190, 0.0064749752404605282
0.7187187187186999671, 0.0064464417999132691
0.7212212212212000262, 0.0064199537306122816
0.7237237237236999743, 0.0063954721118125724
0.7262262262262000334, 0.0063729608524163992
0.7287287287286999815, 0.0063523865825427109
0.7312312312312000406, 0.0063337185538887720
0.7337337337336999887, 0.0063169285483759066
0.7362362362362000479, 0.0063019907946182700
0.7387387387386999960, 0.0062888818917969354
0.7412412412412000551, 0.0062775807405617383
0.7437437437437000032, 0.0062680684806206474
0.7462462462461999513, 0.0062603284347111637
0.7487487487487000104, 0.0062543460586807409
0.7512512512512999896, 0.0062501088974336620
0.7537537537538000487, 0.0062476065465305311
0.7562562562562999968, 0.0062468306192536242
0.7587587587587999449, 0.0062477747189771740
0.7612612612613000040, 0.0062504344167062000
0.7637637637637999521, 0.0062548072336712111
0.7662662662663000113, 0.0062608926288888365
0.7687687687687999594, 0.0062686919916206327
0.7712712712713000185, 0.0062782086386839030
0.7737737737737999666, 0.0062894478165897248
0.7762762762763000257, 0.0063024167085043350
0.7787787787787999738, 0.0063171244460510784
0.7812812812813000329, 0.0063335821259911636
0.7837837837837999810, 0.0063518028318426852
0.7862862862863000402, 0.0063718016605190091
0.7887887887887999883, 0.0063935957540896902
0.7912912912913000474, 0.0064172043367898123
0.7937937937937999955, 0.0064426487574272048
0.7962962962963000546, 0.0064699525373614194
0.7987987987988000027, 0.0064991414242540277
0.8013013013012999508, 0.0065302434518166672
0.8038038038038000099, 0.0065632890058117590
0.8063063063062999580, 0.0065983108965909087
0.8088088088088000172, 0.0066353444384881543
0.8113113113112999653, 0.0066744275364194212
0.8138138138138000244, 0.0067156007800763806
0.8163163163162999725, 0.0067589075461422631
0.8188188188188000316, 0.0068043941089997919
0.8213213213212999797, 0.0068521097604473287
0.8238238238238000388, 0.0069021069389890305
0.8263263263262999869, 0.0069544413693188728
0.8288288288288000460, 0.0070091722126769812
0.8313313313312999941, 0.0070663622288206704
0.8338338338338000533, 0.0071260779504222823
0.8363363363363000014, 0.0071883898707821182
0.8388388388387999495, 0.0072533726458279919
0.8413413413413000086, 0.0073211053114645517
0.8438438438437999567, 0.0073916715174353470
0.8463463463463000158, 0.0074651597789712181
0.8488488488487999639, 0.0075416637476194981
0.8513513513514000541, 0.0076212825027820990
0.8538538538539000022, 0.0077041208656380570
0.8563563563563999503, 0.0077902897372883698
0.8588588588589000095, 0.0078799064631413594
0.8613613613613999576, 0.0079730952257555127
0.8638638638639000167, 0.0080699874685776808
0.8663663663663999648, 0.0081707223532596004
0.8688688688689000239, 0.0082754472535075362
0.8713713713713999720, 0.0083843182887231339
0.8738738738739000311, 0.0084975009010304931
0.8763763763763999792, 0.0086151704796606967
0.8788788788789000384, 0.0087375130370854672
0.8813813813813999865, 0.0088647259417605605
0.8838838838839000456, 0.0089970187128660742
0.8863863863863999937, 0.0091346138830198861
0.8888888888889000528, 0.0092777479356022409
0.8913913913914000009, 0.0094266723240736938
0.8938938938938999490, 0.0095816545815053233
0.8963963963964000081, 0.0097429795294851421
0.8988988988988999562, 0.0099109505966296207
0.9014014014014000153, 0.0100858912581348395
0.9039039039038999634, 0.0102681466091666881
0.9064064064064000226, 0.0104580850864369503
0.9089089089088999707, 0.0106561003540716261
0.9114114114114000298, 0.0108626133718785958
0.9139139139138999779, 0.0110780746664031673
0.9164164164164000370, 0.0113029668277656193
0.9189189189188999851, 0.0115378072582540073
0.9214214214214000442, 0.0117831512020619925
0.9239239239238999923, 0.0120395950894821580
0.9264264264264000515, 0.0123077802333772957
0.9289289289288999996, 0.0125883969209534263
0.9314314314313999477, 0.0128821889498647434
0.9339339339339000068, 0.0131899586646366251
0.9364364364363999549, 0.0135125725574593587
0.9389389389389000140, 0.0138509675067859488
0.9414414414413999621, 0.0142061577380999584
0.9439439439439000212, 0.0145792426039879301
0.9464464464463999693, 0.0149714152956077727
0.9489489489489000285, 0.0153839726152002147
0.9514514514515000076, 0.0158183259599573578
0.9539539539539999558, 0.0162760136919563869
0.9564564564565000149, 0.0167587150977357088
0.9589589589589999630, 0.0172682661753650463
0.9614614614615000221, 0.0178066775276622992
0.9639639639639999702, 0.0183761546889423845
0.9664664664665000293, 0.0189791212710710665
0.9689689689689999774, 0.0196182453847840235
0.9714714714715000365, 0.0202964698769045049
0.9739739739739999846, 0.0210170470265955145
0.9764764764765000438, 0.0217835784683446491
0.9789789789789999919, 0.0226000612613322903
0.9814814814815000510, 0.0234709412109448505
0.9839839839839999991, 0.0244011747771179614
0.9864864864864999472, 0.0253963011869956790
0.9889889889890000063, 0.0264625267203693129
0.9914914914914999544, 0.0276068235740283066
0.9939939939940000135, 0.0288370462596510418
0.9964964964964999616, 0.0301620691808719942
0.9989989989990000208, 0.0315919499104577797
1.0015015015019999023, 0.0331381238036658199
1.0040040040039999170, 0.0348136370131271466
1.0065065065070000205, 0.0366334268141278105
1.0090090090090000352, 0.0386146605429284473
1.0115115115119999167, 0.0407771475808799758
1.0140140140139999314, 0.0431438429405519575
1.0165165165170000350, 0.0457414664848207822
1.0190190190190000497, 0.0486012691392528756
1.0215215215219999312, 0.0517599873571444116
1.0240240240239999459, 0.0552610405916472147
1.0265265265270000494, 0.0591560451108151114
1.0290290290290000641, 0.0635067433490230371
1.0315315315319999456, 0.0683874843817153383
1.0340340340339999603, 0.0738884429588432534
1.0365365365370000639, 0.0801198393688923038
1.0390390390390000785, 0.0872175319510695296
1.0415415415419999601, 0.0953505168782610296
1.0440440440439999747, 0.1047311158032230849
1.0465465465470000783, 0.1156290102803513159
1.0490490490490000930, 0.1283908752202073955
1.0515515515519999745, 0.1434683143162034380
1.0540540540539999892, 0.1614583598476730941
1.0565565565570000928, 0.1831634247424378248
1.0590590590590001074, 0.2096821446318191673
1.0615615615619999890, 0.2425506914836111916
1.0640640640640000036, 0.2839692578630756414
1.0665665665670001072, 0.3371776575102126139
1.0690690690689998998, 0.4071033100343359745
1.0715715715720000034, 0.5015319654746285272
1.0740740740740000181, 0.6333417608826069634
1.0765765765769998996, 0.8250561357891141867
1.0790790790789999143, 1.1188997713417641044
1.0815815815820000179, 1.6013537942863029784
1.0840840840840000325, 2.4712804573418218901
1.0865865865869999141, 4.2624887933222508352
1.0890890890889999287, 8.7250838760980862219
1.0915915915920000323, 22.2868943039029900888
1.0940940940940000470, 39.2215982513045133828
1.0965965965969999285, 17.6910930761430904568
1.0990990990989999432, 7.2517326703591304948
1.1016016016020000468, 3.7112159683758996209
1.1041041041040000614, 2.2176694106653984662
1.1066066066069999430, 1.4664356211273483765
1.1091091091089999576, 1.0395533882177425689
1.1116116116120000612, 0.7749758949639776739
1.1141141141140000759, 0.6001031754852433897
1.1166166166169999574, 0.4786804041820310607
1.1191191191189999721, 0.3910269885833594361
1.1216216216220000756, 0.3257321704650511518
1.1241241241240000903, 0.2758185816635499998
1.1266266266269999718, 0.2368286980276267661
1.1291291291289999865, 0.2058084197320677600
1.1316316316320000901, 0.1807380666223818155
1.1341341341340001048, 0.1601993534110102702
1.1366366366369999863, 0.1431728989793986662
1.1391391391390000010, 0.1289109648032563116
1.1416416416420001045, 0.1168551245423902624
1.1441441441439998972, 0.1065816233852094896
1.1466466466470000007, 0.0977642817255841012
1.1491491491490000154, 0.0901487932859312141
1.1516516516519998969, 0.0835345895473182387
1.1541541541539999116, 0.0777618300637176324
1.1566566566570000152, 0.0727019290150738989
1.1591591591590000299, 0.0682505620799436635
1.1616616616619999114, 0.0643224396161784229
1.1641641641639999261, 0.0608473553961512634
1.1666666666670000296, 0.0577671685087395026
1.1691691691690000443, 0.0550334762467972333
1.1716716716719999258, 0.0526058045024400192
1.1741741741739999405, 0.0504501899611200996
1.1766766766770000441, 0.0485380620381142408
1.1791791791790000588, 0.0468453565072669276
1.1816816816819999403, 0.0453518101049224728
1.1841841841839999550, 0.0440403980577939169
1.1866866866870000585, 0.0428968858539233722
1.1891891891890000732, 0.0419094736020563449
1.1916916916919999547, 0.0410685166758694847
1.1941941941939999694, 0.0403663104943349921
1.1966966966970000730, 0.0397969305979232260
1.1991991991990000876, 0.0393561219056087208
1.2017017017019999692, 0.0390412333864080946
1.2042042042039999838, 0.0388511965239151241
1.2067067067070000874, 0.0387865480493856107
1.2092092092090001021, 0.0388494996249855312
1.2117117117119999836, 0.0390440596476847174
1.2142142142139999983, 0.0393762153270552917
1.2167167167170001019, 0.0398541869417022437
1.2192192192189998945, 0.0404887710750084923
1.2217217217219999981, 0.0412937962034470099
1.2242242242240000127, 0.0422867230328786842
1.2267267267269998943, 0.0434894345960947851
1.2292292292289999089, 0.0449292790685445892
1.2317317317320000125, 0.0466404541859459648
1.2342342342340000272, 0.0486658602098217069
1.2367367367369999087, 0.0510596051925441552
1.2392392392389999234, 0.0538904325608358381
1.2417417417420000270, 0.0572464745173411615
1.2442442442440000416, 0.0612419455213474712
1.2467467467469999232, 0.0660267303468916045
1.2492492492489999378, 0.0718003840118943137
1.2517517517520000414, 0.0788330172401662671
1.2542542542540000561, 0.0874972158026391389
1.2567567567569999376, 0.0983181749098091667
1.2592592592589999523, 0.1120549347472653001
1.2617617617620000559, 0.1298368082584387406
1.2642642642640000705, 0.1534022191147398628
1.2667667667669999521, 0.1855377281004328138
1.2692692692689999667, 0.2309332852625443078
1.2717717717720000703, 0.2979694878075067055
1.2742742742740000850, 0.4027897059385962542
1.2767767767769999665, 0.5796421626466464749
1.2792792792789999812, 0.9110564002118948235
1.2817817817820000847, 1.6328588820548417537
1.2842842842840000994, 3.5729032348671259101
1.2867867867869999809, 9.3018913173732400423
1.2892892892889999956, 10.0643043541578816047
1.2917917917920000992, 3.9129019749529199146
1.2942942942939998918, 1.7487305840460061201
1.2967967967969999954, 0.9621818024277037917
1.2992992992990000101, 0.6081092624937177726
1.3018018018019998916, 0.4220461741498048869
1.3043043043039999063, 0.3132256244004604229
1.3068068068070000098, 0.2445346415028730458
1.3093093093090000245, 0.1986747781369962995
1.3118118118119999060, 0.1667450197899235653
1.3143143143139999207, 0.1438009562767400551
1.3168168168170000243, 0.1269244153500992400
1.3193193193190000390, 0.1143069147500706539
1.3218218218219999205, 0.1047822246411741764
1.3243243243239999352, 0.0975735065844234861
1.3268268268270000387, 0.0921496261671841815
1.3293293293290000534, 0.0881400440309791922
1.3318318318319999349, 0.0852826063457564343
1.3343343343339999496, 0.0833905654633577964
1.3368368368370000532, 0.0823312498973252371
1.3393393393390000679, 0.0820120287885645755
1.3418418418419999494, 0.0823709940089061704
1.3443443443439999641, 0.0833707990330705973
1.3468468468470000676, 0.0849946948964951654
1.3493493493490000823, 0.0872441727101671560
1.3518518518519999638, 0.0901378592477370955
1.3543543543539999785, 0.0937114740111653077
1.3568568568570000821, 0.0980187772143651520
1.3593593593590000967, 0.1031335408057227759
1.3618618618619999783, 0.1091526759812549707
1.3643643643639999929, 0.1162007662996717150
1.3668668668670000965, 0.1244364033864693159
1.3693693693689998891, 0.1340609263863723477
1.3718718718719999927, 0.1453304627149643036
1.3743743743740000074, 0.1585726131756954316
1.3768768768770001110, 0.1742098128614106567
1.3793793793789999036, 0.1927924895574497088
1.3818818818820000072, 0.2150469114925011860
1.3843843843840000218, 0.2419455658645726648
1.3868868868869999034, 0.2748129653608711309
1.3893893893889999180, 0.3154887210267009467
1.3918918918920000216, 0.3665860950738483170
1.3943943943940000363, 0.4319154465986818625
1.3968968968969999178, 0.5172041667163774781
1.3993993993989999325, 0.6313752385867051897
1.4019019019020000361, 0.7889376542096033784
1.4044044044040000507, 1.0147389394881354274
1.4069069069069999323, 1.3541471577137085269
1.4094094094089999469, 1.8969814095089758688
1.4119119119120000505, 2.8407363853951190791
1.4144144144140000652, 4.6846508885506956688
1.4169169169169999467, 8.9475371213144576643
1.4194194194189999614, 21.2249308694663412211
1.4219219219220000650, 50.9314338829956199106
1.4244244244240000796, 34.0494762806928861210
1.4269269269269999612, 13.1051879332537986045
1.4294294294289999758, 6.2352386972391355968
1.4319319319320000794, 3.5526790914305785840
1.4344344344340000941, 2.2755584985964887323
1.4369369369369999756, 1.5769895718515638539
1.4394394394389999903, 1.1557137701888846593
1.4419419419420000938, 0.8828815969006631459
1.4444444444440001085, 0.6963658369649461388
1.4469469469469999900, 0.5633465851868397767
1.4494494494490000047, 0.4652024342833647741
1.4519519519520001083, 0.3907455063699961650
1.4544544544539999009, 0.3329317091654252492
1.4569569569570000045, 0.2871495323840745906
1.4594594594590000192, 0.2502787789104066740
1.4619619619619999007, 0.2201478354916268088
1.4644644644639999154, 0.1952078926942743542
1.4669669669670000189, 0.1743304759712008822
1.4694694694690000336, 0.1566777396543946321
1.4719719719719999151, 0.1416171273873789160
1.4744744744739999298, 0.1286638787001083140
1.4769769769770000334, 0.1174414684245645296
1.4794794794790000481, 0.1076538638350644089
1.4819819819819999296, 0.0990657327976534885
1.4844844844839999443, 0.0914881027088682436
1.4869869869870000478, 0.0847678205136262464
1.4894894894890000625, 0.0787797050176092251
1.4919919919919999440, 0.0734206335908488689
1.4944944944939999587, 0.0686050371137411213
1.4969969969970000623, 0.0642614326526499968
1.4994994994990000770, 0.0603297294843700704
1.5020020020019999585, 0.0567591174967866374
1.5045045045050000621, 0.0535063984399379022
1.5070070070070000767, 0.0505346570019288913
1.5095095095099999583, 0.0478121948780048170
1.5120120120119999729, 0.0453116700008065754
1.5145145145150000765, 0.0430093970201570197
1.5170170170170000912, 0.0408847754160731047
1.5195195195199999727, 0.0389198193107821167
1.5220220220219999874, 0.0370987688258223244
1.5245245245250000909, 0.0354077672140022393
1.5270270270270001056, 0.0338345913454875802
1.5295295295299999871, 0.0323684257047006443
1.5320320320320000018, 0.0309996720513530596
1.5345345345350001054, 0.0297197884555922831
1.5370370370369998980, 0.0285211526381993069
1.5395395395400000016, 0.0273969455100129683
1.5420420420420000163, 0.0263410515688522334
1.5445445445449998978, 0.0253479734215125221
1.5470470470469999125, 0.0244127581867641871
1.5495495495500000160, 0.0235309339285323209
1.5520520520520000307, 0.0226984545865994217
1.5545545545549999122, 0.0219116521307083853
1.5570570570569999269, 0.0211671948749073760
1.5595595595600000305, 0.0204620510618501901
1.5620620620620000452, 0.0197934569689453763
1.5645645645649999267, 0.0191588889056479236
1.5670670670669999414, 0.0185560385684683110
1.5695695695700000449, 0.0179827913011558899
1.5720720720720000596, 0.0174372068750081842
1.5745745745749999411, 0.0169175024607367414
1.5770770770769999558, 0.0164220375107493634
1.5795795795800000594, 0.0159493003106505188
1.5820820820820000741, 0.0154978959924894147
1.5845845845849999556, 0.0150665358308634395
1.5870870870869999703, 0.0146540276672442564
1.5895895895900000738, 0.0142592673285581589
1.5920920920920000885, 0.0138812309236924988
1.5945945945949999700, 0.0135189679166916998
1.5970970970969999847, 0.0131715948883609664
1.5995995996000000883, 0.0128382899091267211
1.6021021021020001029, 0.0125182874555998681
1.6046046046049999845, 0.0122108738115766745
1.6071071071069999991, 0.0119153829013816312
1.6096096096100001027, 0.0116311925096816132
1.6121121121119998953, 0.0113577208473036647
1.6146146146149999989, 0.0110944234272974084
1.6171171171170000136, 0.0108407902195893444
1.6196196196199998951, 0.0105963430561651258
1.6221221221219999098, 0.0103606332618583867
1.6246246246250000134, 0.0101332394885807753
1.6271271271270000280, 0.0099137657332493776
1.6296296296299999096, 0.0097018395217985109
1.6321321321319999242, 0.0094971102435415858
1.6346346346350000278, 0.0092992476218066930
1.6371371371370000425, 0.0091079403082362440
1.6396396396399999240, 0.0089228945894392342
1.6421421421419999387, 0.0087438331958364125
1.6446446446450000423, 0.0085704942035612665
1.6471471471470000569, 0.0084026300211892928
1.6496496496499999385, 0.0082400064538780925
1.6521521521519999531, 0.0080824018382229662
1.6546546546550000567, 0.0079296062417779766
1.6571571571570000714, 0.0077814207217687019
1.6596596596599999529, 0.0076376566380394082
1.6621621621619999676, 0.0074981350157398092
1.6646646646650000712, 0.0073626859536718679
1.6671671671670000858, 0.0072311480745897976
1.6696696696699999674, 0.0071033680140821873
1.6721721721719999820, 0.0069791999449668636
1.6746746746750000856, 0.0068585051344015524
1.6771771771770001003, 0.0067411515311589700
1.6796796796799999818, 0.0066270133807368632
1.6821821821819999965, 0.0065159708661742290
1.6846846846850001000, 0.0064079097726264939
1.6871871871869998927, 0.0063027211739170143
1.6896896896899999962, 0.0062003011394315029
1.6921921921920000109, 0.0061005504598574400
1.6946946946949998924, 0.0060033743903936199
1.6971971971969999071, 0.0059086824101669717
1.6996996997000000107, 0.0058163879966956255
1.7022022022020000254, 0.0057264084143301090
1.7047047047049999069, 0.0056386645156891900
1.7072072072069999216, 0.0055530805551841297
1.7097097097100000251, 0.0054695840137957055
1.7122122122120000398, 0.0053881054343328776
1.7147147147149999213, 0.0053085782664609822
1.7172172172169999360, 0.0052309387208413763
1.7197197197200000396, 0.0051551256317740003
1.7222222222220000543, 0.0050810803277797079
1.7247247247249999358, 0.0050087465096008889
1.7272272272269999505, 0.0049380701351372132
1.7297297297300000540, 0.0048689993108684375
1.7322322322320000687, 0.0048014841893486322
1.7347347347349999502, 0.0047354768723859072
1.7372372372369999649, 0.0046709313195491507
1.7397397397400000685, 0.0046078032616685772
1.7422422422420000832, 0.0045460501190201577
1.7447447447449999647, 0.0044856309239055380
1.7472472472469999794, 0.0044265062473588827
1.7497497497500000829, 0.0043686381297304627
1.7522522522520000976, 0.0043119900149137186
1.7547547547549999791, 0.0042565266879983008
1.7572572572569999938, 0.0042022142161460361
1.7597597597600000974, 0.0041490198925002884
1.7622622622619998900, 0.0040969121829516246
1.7647647647649999936, 0.0040458606755942664
1.7672672672670000082, 0.0039958360327185579
1.7697697697699998898, 0.0039468099451946013
1.7722722722719999044, 0.0038987550891115292
1.7747747747750000080, 0.0038516450845454209
1.7772772772770000227, 0.0038054544563369220
1.7797797797799999042, 0.0037601585967670164
1.7822822822819999189, 0.0037157337300263845
1.7847847847850000225, 0.0036721568783801865
1.7872872872870000371, 0.0036294058299361476
1.7897897897899999187, 0.0035874591079294200
1.7922922922919999333, 0.0035462959414429224
1.7947947947950000369, 0.0035058962374867435
1.7972972972970000516, 0.0034662405543647483
1.7997997997999999331, 0.0034273100762607818
1.8023023023019999478, 0.0033890865889808367
1.8048048048050000514, 0.0033515524567912834
1.8073073073070000660, 0.0033146906002967250
1.8098098098099999476, 0.0032784844753043010
1.8123123123119999622, 0.0032429180526243116
1.8148148148150000658, 0.0032079757987598803
1.8173173173170000805, 0.0031736426574410694
1.8198198198199999620, 0.0031399040319613344
1.8223223223219999767, 0.0031067457682765979
1.8248248248250000803, 0.0030741541388293776
1.8273273273270000949, 0.0030421158270625363
1.8298298298299999765, 0.0030106179125891051
1.8323323323319999911, 0.0029796478569865002
1.8348348348350000947, 0.0029491934901851556
1.8373373373370001094, 0.0029192429974231908
1.8398398398399999909, 0.0028897849067402856
1.8423423423420000056, 0.0028608080769853333
1.8448448448450001091, 0.0028323016863137955
1.8473473473469999018, 0.0028042552211519477
1.8498498498500000053, 0.0027766584656063980
1.8523523523520000200, 0.0027495014912983845
1.8548548548549999015, 0.0027227746476034009
1.8573573573569999162, 0.0026964685522777327
1.8598598598600000198, 0.0026705740824543682
1.8623623623620000345, 0.0026450823659917105
1.8648648648649999160, 0.0026199847731592923
1.8673673673669999307, 0.0025952729086455130
1.8698698698700000342, 0.0025709386038731724
1.8723723723720000489, 0.0025469739096092587
1.8748748748749999304, 0.0025233710888561416
1.8773773773769999451, 0.0025001226100119260
1.8798798798800000487, 0.0024772211402883390
1.8823823823820000634, 0.0024546595393750794
1.8848848848849999449, 0.0024324308533400884
1.8873873873869999596, 0.0024105283087557175
1.8898898898900000631, 0.0023889453070412318
1.8923923923920000778, 0.0023676754190125565
1.8948948948949999593, 0.0023467123796306016
1.8973973973969999740, 0.0023260500829398838
1.8998998999000000776, 0.0023056825771895929
1.9024024024020000923, 0.0022856040601295759
1.9049049049049999738, 0.0022658088744740785
1.9074074074069999885, 0.0022462915035264095
1.9099099099100000920, 0.0022270465669580216
1.9124124124120001067, 0.0022080688167357494
1.9149149149149999882, 0.0021893531331913033
1.9174174174170000029, 0.0021708945212273061
1.9199199199200001065, 0.0021526881066544841
1.9224224224219998991, 0.0021347291326548031
1.9249249249250000027, 0.0021170129563656275
1.9274274274270000173, 0.0020995350455801434
1.9299299299299998989, 0.0020822909755595521
1.9324324324319999135, 0.0020652764259526785
1.9349349349350000171, 0.0020484871778188819
1.9374374374370000318, 0.0020319191107502927
1.9399399399399999133, 0.0020155682000895935
1.9424424424419999280, 0.0019994305142397245
1.9449449449450000316, 0.0019835022120620258
1.9474474474470000462, 0.0019677795403595113
1.9499499499499999278, 0.0019522588314420776
1.9524524524519999424, 0.0019369365007705999
1.9549549549550000460, 0.0019218090446769978
1.9574574574570000607, 0.0019068730381574645
1.9599599599599999422, 0.0018921251327361794
1.9624624624619999569, 0.0018775620543969198
1.9649649649650000605, 0.0018631806015801269
1.9674674674670000751, 0.0018489776432430213
1.9699699699699999567, 0.0018349501169805387
1.9724724724719999713, 0.0018210950272048686
1.9749749749750000749, 0.0018074094433815345
1.9774774774770000896, 0.0017938904983199895
1.9799799799799999711, 0.0017805353865168025
1.9824824824819999858, 0.0017673413625495914
1.9849849849850000894, 0.0017543057395199195
1.9874874874870001040, 0.0017414258875434495
1.9899899899899999856, 0.0017286992322857095
1.9924924924920000002, 0.0017161232535419079
1.9949949949950001038, 0.0017036954838592611
1.9974974974969998964, 0.0016914135072003951
2.0000000000000000000, 0.0016792749576464135
