# Delta1: 0.465
# Delta2: 1.17
# Delta3: 1.355
# Dq: 0.1355
# Ds: 0.04
# Dt: 0.061000000000000006
# k1_lab: [1, 0, 0]
# k2_lab: [-0.8660254037844387, 0.49999999999999994, 0.0]
# k1_cf: [-0.4545194776720438, -0.4545194776720438, -0.7660444431189779]
# k2_cf: [0.12278780396897304, 0.12278780396897304, 0.9848077530122079]
# pol1_lab: [(0, 1, 0), (0, 0, 1)]
# pol2_lab: "[array([-0.5      , -0.8660254,  0.       ]), array([0., 0., 1.])]"
# pol1_cf: "[array([-0.54167522, -0.54167522,  0.64278761]), array([-0.70710678,  0.70710678,  0.        ])]"
# pol2_cf: "[array([ 0.69636424,  0.69636424, -0.17364818]), array([-0.70710678,  0.70710678,  0.        ])]"
# cf: "[array([-0.45451948, -0.54167522, -0.70710678]), array([-0.45451948, -0.54167522,  0.70710678]), array([-0.76604444,  0.64278761,  0.        ])]"
# th: 140
-0.5000000000000000000, 0.0039283720010580680
-0.4974974974974999964, 0.0039645713980448107
-0.4949949949949999928, 0.0040013013466545068
-0.4924924924924999892, 0.0040385724879958302
-0.4899899899899999856, 0.0040763957336295183
-0.4874874874874999819, 0.0041147822738904147
-0.4849849849849999783, 0.0041537435865103625
-0.4824824824824999747, 0.0041932914455544076
-0.4799799799800000266, 0.0042334379306834136
-0.4774774774775000230, 0.0042741954367568301
-0.4749749749750000194, 0.0043155766837899168
-0.4724724724725000158, 0.0043575947272805329
-0.4699699699700000122, 0.0044002629689212057
-0.4674674674675000086, 0.0044435951677130577
-0.4649649649650000049, 0.0044876054514988786
-0.4624624624625000013, 0.0045323083289335658
-0.4599599599599999977, 0.0045777187019109744
-0.4574574574574999941, 0.0046238518784672052
-0.4549549549549999905, 0.0046707235861813204
-0.4524524524524999869, 0.0047183499860955725
-0.4499499499499000077, 0.0047667476871782553
-0.4474474474474000041, 0.0048159337613535667
-0.4449449449449000005, 0.0048659257591239947
-0.4424424424423999969, 0.0049167417258121210
-0.4399399399398999932, 0.0049684002184500840
-0.4374374374373999896, 0.0050209203233464016
-0.4349349349348999860, 0.0050743216743614058
-0.4324324324323999824, 0.0051286244719241508
-0.4299299299298999788, 0.0051838495028254271
-0.4274274274273999752, 0.0052400181608232843
-0.4249249249249000271, 0.0052971524680994492
-0.4224224224224000235, 0.0053552750976070479
-0.4199199199199000199, 0.0054144093963522369
-0.4174174174174000163, 0.0054745794096546195
-0.4149149149149000126, 0.0055358099064338117
-0.4124124124124000090, 0.0055981264055720587
-0.4099099099099000054, 0.0056615552034056434
-0.4074074074074000018, 0.0057261234024005925
-0.4049049049048999982, 0.0057918589410714955
-0.4024024024023999946, 0.0058587906252053510
-0.3998998998998999910, 0.0059269481604559936
-0.3973973973973999874, 0.0059963621863782911
-0.3948948948948999838, 0.0060670643119753107
-0.3923923923923999801, 0.0061390871528358469
-0.3898898898898999765, 0.0062124643699442072
-0.3873873873873999729, 0.0062872307102488532
-0.3848848848849000248, 0.0063634220490817132
-0.3823823823824000212, 0.0064410754345252518
-0.3798798798799000176, 0.0065202291338302774
-0.3773773773774000140, 0.0066009226819935801
-0.3748748748749000104, 0.0066831969326110307
-0.3723723723724000068, 0.0067670941111288921
-0.3698698698699000031, 0.0068526578706234569
-0.3673673673673999995, 0.0069399333502472588
-0.3648648648648999959, 0.0070289672364885697
-0.3623623623623999923, 0.0071198078274000666
-0.3598598598598999887, 0.0072125050999623857
-0.3573573573573999851, 0.0073071107807586820
-0.3548548548548999815, 0.0074036784201475907
-0.3523523523523999779, 0.0075022634701339685
-0.3498498498497999987, 0.0076029233661496914
-0.3473473473472999951, 0.0077057176129705623
-0.3448448448447999914, 0.0078107078750102674
-0.3423423423422999878, 0.0079179580712480692
-0.3398398398397999842, 0.0080275344750642581
-0.3373373373372999806, 0.0081395058192754131
-0.3348348348347999770, 0.0082539434066815354
-0.3323323323322999734, 0.0083709212264581091
-0.3298298298298000253, 0.0084905160767491748
-0.3273273273273000217, 0.0086128076938417897
-0.3248248248248000181, 0.0087378788883292133
-0.3223223223223000145, 0.0088658156886980127
-0.3198198198198000108, 0.0089967074928058253
-0.3173173173173000072, 0.0091306472277491117
-0.3148148148148000036, 0.0092677315186564767
-0.3123123123123000000, 0.0094080608669817687
-0.3098098098097999964, 0.0095517398389130155
-0.3073073073072999928, 0.0096988772645586786
-0.3048048048047999892, 0.0098495864486218415
-0.3023023023022999856, 0.0100039853933256671
-0.2997997997997999819, 0.0101621970344117248
-0.2972972972972999783, 0.0103243494910946008
-0.2947947947947999747, 0.0104905763309243345
-0.2922922922923000266, 0.0106610168505818798
-0.2897897897898000230, 0.0108358163737123318
-0.2872872872873000194, 0.0110151265669883279
-0.2847847847848000158, 0.0111991057756900721
-0.2822822822823000122, 0.0113879193801917165
-0.2797797797798000086, 0.0115817401748565026
-0.2772772772773000050, 0.0117807487709648741
-0.2747747747748000013, 0.0119851340254343436
-0.2722722722722999977, 0.0121950934972352154
-0.2697697697697999941, 0.0124108339335663766
-0.2672672672672999905, 0.0126325717880300427
-0.2647647647647999869, 0.0128605337732353754
-0.2622622622622999833, 0.0130949574504706998
-0.2597597597597999797, 0.0133360918593139928
-0.2572572572572999761, 0.0135841981903032580
-0.2547547547547999724, 0.0138395505040663901
-0.2522522522523000243, 0.0141024365006141399
-0.2497497497496999896, 0.0143731583428361002
-0.2472472472472000138, 0.0146520335386088139
-0.2447447447447000102, 0.0149393958863331833
-0.2422422422422000066, 0.0152355964891679133
-0.2397397397397000030, 0.0155410048437233765
-0.2372372372371999993, 0.0158560100095295753
-0.2347347347346999957, 0.0161810218662014095
-0.2322322322321999921, 0.0165164724658984005
-0.2297297297296999885, 0.0168628174894250304
-0.2272272272272000126, 0.0172205378151492443
-0.2247247247247000090, 0.0175901412108409733
-0.2222222222222000054, 0.0179721641595617168
-0.2197197197197000018, 0.0183671738318832364
-0.2172172172171999982, 0.0187757702179929438
-0.2147147147146999946, 0.0191985884346735081
-0.2122122122121999910, 0.0196363012237430710
-0.2097097097096999874, 0.0200896216603338867
-0.2072072072072000115, 0.0205593060913951999
-0.2047047047047000079, 0.0210461573270621649
-0.2022022022022000043, 0.0215510281100680622
-0.1996996996997000007, 0.0220748248912333439
-0.1971971971971999971, 0.0226185119422846644
-0.1946946946946999935, 0.0231831158408937338
-0.1921921921921999898, 0.0237697303669384234
-0.1896896896896999862, 0.0243795218536468142
-0.1871871871872000104, 0.0250137350425698596
-0.1846846846847000068, 0.0256736994973335922
-0.1821821821822000032, 0.0263608366379570296
-0.1796796796796999995, 0.0270766674653148305
-0.1771771771771999959, 0.0278228210542246397
-0.1746746746746999923, 0.0286010439038227038
-0.1721721721721999887, 0.0294132102455648657
-0.1696696696697000128, 0.0302613334225967298
-0.1671671671672000092, 0.0311475784696629773
-0.1646646646647000056, 0.0320742760405128211
-0.1621621621622000020, 0.0330439378503081874
-0.1596596596596999984, 0.0340592738243347265
-0.1571571571571999948, 0.0351232111719224291
-0.1546546546546999912, 0.0362389156365916718
-0.1521521521521999876, 0.0374098152108613691
-0.1496496496496000084, 0.0386396266478885725
-0.1471471471471000048, 0.0399323851533252977
-0.1446446446446000011, 0.0412924777009260335
-0.1421421421420999975, 0.0427246804862572438
-0.1396396396395999939, 0.0442342011164602034
-0.1371371371370999903, 0.0458267262330025391
-0.1346346346345999867, 0.0475084753818715427
-0.1321321321321000108, 0.0492862620856217501
-0.1296296296296000072, 0.0511675632388878046
-0.1271271271271000036, 0.0531605981493514096
-0.1246246246246000000, 0.0552744187871142059
-0.1221221221220999964, 0.0575190130961810778
-0.1196196196196000067, 0.0599054235738728999
-0.1171171171171000031, 0.0624458837520061039
-0.1146146146145999994, 0.0651539757359849703
-0.1121121121120999958, 0.0680448125979208202
-0.1096096096096000061, 0.0711352502073340637
-0.1071071071071000025, 0.0744441340561615844
-0.1046046046045999989, 0.0779925878430339226
-0.1021021021020999953, 0.0818043520890769371
-0.0995995995996000055, 0.0859061829473127259
-0.0970970970971000019, 0.0903283237496118607
-0.0945945945945900063, 0.0951050648537329762
-0.0920920920920900027, 0.1002754112005986575
-0.0895895895895899991, 0.1058838819260041753
-0.0870870870870899955, 0.1119814727386117398
-0.0845845845845799998, 0.1186268200490432356
-0.0820820820820799962, 0.1258876166593432266
-0.0795795795795800065, 0.1338423430908502187
-0.0770770770770800029, 0.1425823975861423565
-0.0745745745745699934, 0.1522147332189181523
-0.0720720720720700037, 0.1628651448745815911
-0.0695695695695700000, 0.1746823957022112239
-0.0670670670670699964, 0.1878434371858112018
-0.0645645645645600008, 0.2025600668891600065
-0.0620620620620599972, 0.2190874945936870100
-0.0595595595595600005, 0.2377354681958177285
-0.0570570570570599969, 0.2588828717699689363
-0.0545545545545500013, 0.2829970907851767636
-0.0520520520520499977, 0.3106600088106371005
-0.0495495495495500010, 0.3426033614774449676
-0.0470470470470499974, 0.3797575005042133633
-0.0445445445445400018, 0.4233197054794984870
-0.0420420420420399982, 0.4748515279253286980
-0.0395395395395400015, 0.5364201536844118712
-0.0370370370370399979, 0.6108080534132074302
-0.0345345345345300023, 0.7018313209895715721
-0.0320320320320299987, 0.8148360550139392977
-0.0295295295295299985, 0.9574960653075831329
-0.0270270270270299984, 1.1411399054903388350
-0.0245245245245199993, 1.3830485551132918332
-0.0220220220220199991, 1.7106243760819135336
-0.0195195195195199990, 2.1693870893691196144
-0.0170170170170199989, 2.8393698974564336446
-0.0145145145145099998, 3.8716098982294200326
-0.0120120120120099996, 5.5781115760066306564
-0.0095095095095099995, 8.6845256129162748948
-0.0070070070070070000, 15.1686003586953699340
-0.0045045045045049997, 31.6309296911110280348
-0.0020020020020019998, 81.8358641400111963549
0.0005005005005005000, 129.1387460416878809610
0.0030030030030029999, 54.9830663625899802582
0.0055055055055059999, 22.9625172121060252550
0.0080080080080079993, 11.9296603721346965443
0.0105105105105099995, 7.1938985786073157414
0.0130130130130099997, 4.7827365033241386882
0.0155155155155200005, 3.4008086738793603665
0.0180180180180199989, 2.5388580165288194834
0.0205205205205199991, 1.9663494057589827602
0.0230230230230199992, 1.5672473831259683408
0.0255255255255299983, 1.2781741097635914706
0.0280280280280299984, 1.0622016128282409930
0.0305305305305299986, 0.8966581005022512540
0.0330330330330299987, 0.7670107079879551204
0.0355355355355400013, 0.6636005768869929211
0.0380380380380399979, 0.5798077184659579109
0.0405405405405400016, 0.5109732451695114808
0.0430430430430399982, 0.4537420965553535801
0.0455455455455500008, 0.4056488800597356503
0.0480480480480499975, 0.3648493205164186071
0.0505505505505500011, 0.3299416653949063249
0.0530530530530499977, 0.2998452109467921733
0.0555555555555600003, 0.2737159986867433448
0.0580580580580599970, 0.2508872371840730753
0.0605605605605600006, 0.2308265002942017641
0.0630630630630600042, 0.2131045150212361738
0.0655655655655699998, 0.1973720881196907584
0.0680680680680700034, 0.1833428344194916459
0.0705705705705699932, 0.1707800982789025035
0.0730730730730699968, 0.1594869442842991591
0.0755755755755800063, 0.1492984210711661985
0.0780780780780799960, 0.1400755270694549748
0.0805805805805799996, 0.1317004634713131173
0.0830830830830800032, 0.1240728699985542277
0.0855855855855899988, 0.1171068176883714729
0.0880880880880900025, 0.1107283896214595886
0.0905905905905900061, 0.1048737218325601905
0.0930930930930899958, 0.0994874070412057332
0.0955955955956000053, 0.0945211864112571465
0.0980980980980999950, 0.0899328714523333073
0.1006006006005999986, 0.0856854509404647580
0.1031031031031000023, 0.0817463474477862634
0.1056056056056000059, 0.0780867955154864180
0.1081081081080999956, 0.0746813192497480516
0.1106106106105999992, 0.0715072915839144868
0.1131131131131000028, 0.0685445609393388611
0.1156156156156000064, 0.0657751337612039189
0.1181181181180999962, 0.0631829035755051560
0.1206206206205999998, 0.0607534189386942994
0.1231231231231000034, 0.0584736840303587829
0.1256256256256000070, 0.0563319867467671487
0.1281281281281000106, 0.0543177500467649024
0.1306306306305999865, 0.0524214030258988301
0.1331331331330999901, 0.0506342687843844633
0.1356356356355999937, 0.0489484666366396468
0.1381381381380999973, 0.0473568266058043766
0.1406406406406000009, 0.0458528144726892128
0.1431431431431000045, 0.0444304659182020723
0.1456456456456000081, 0.0430843285220509215
0.1481481481481000118, 0.0418094105668460891
0.1506506506506999910, 0.0406011357524011934
0.1531531531531999946, 0.0394553030555128900
0.1556556556556999982, 0.0383680510802023450
0.1581581581582000018, 0.0373358263359078735
0.1606606606607000054, 0.0363553549593491759
0.1631631631632000090, 0.0354236174621274102
0.1656656656657000126, 0.0345378261425391409
0.1681681681681999885, 0.0336954048481796289
0.1706706706706999921, 0.0328939708170215422
0.1731731731731999957, 0.0321313183598808949
0.1756756756756999993, 0.0314054041774413789
0.1781781781782000029, 0.0307143341310564810
0.1806806806807000065, 0.0300563513090323225
0.1831831831832000101, 0.0294298252495371962
0.1856856856857000138, 0.0288332421981401313
0.1881881881881999896, 0.0282651962926258951
0.1906906906906999932, 0.0277243815804833690
0.1931931931931999968, 0.0272095847855927941
0.1956956956957000004, 0.0267196787503679659
0.1981981981982000041, 0.0262536164881396819
0.2007007007007000077, 0.0258104257880623633
0.2032032032032000113, 0.0253892043214250379
0.2057057057056999871, 0.0249891152040771572
0.2082082082081999908, 0.0246093829748386811
0.2107107107106999944, 0.0242492899543449852
0.2132132132131999980, 0.0239081729528581310
0.2157157157157000016, 0.0235854202992215392
0.2182182182182000052, 0.0232804691664082741
0.2207207207207000088, 0.0229928031720608092
0.2232232232232000124, 0.0227219502350899001
0.2257257257256999883, 0.0224674806718322059
0.2282282282281999919, 0.0222290055174929196
0.2307307307306999955, 0.0220061750606572390
0.2332332332331999991, 0.0217986775805673327
0.2357357357357000027, 0.0216062382786588562
0.2382382382382000063, 0.0214286183975560887
0.2407407407407000099, 0.0212656145223604834
0.2432432432432000136, 0.0211170580606555754
0.2457457457456999894, 0.0209828148992139696
0.2482482482481999930, 0.0208627852369488859
0.2507507507508000000, 0.0207569035952263753
0.2532532532533000036, 0.0206651390082657413
0.2557557557558000072, 0.0205874953980281980
0.2582582582583000108, 0.0205240121397515171
0.2607607607608000144, 0.0204747648261583703
0.2632632632633000180, 0.0204398662403768236
0.2657657657658000216, 0.0204194675497956779
0.2682682682683000253, 0.0204137597354718606
0.2707707707707999734, 0.0204229752743524465
0.2732732732732999770, 0.0204473900945187810
0.2757757757757999806, 0.0204873258269577842
0.2782782782782999842, 0.0205431523810811062
0.2807807807807999878, 0.0206152908754178646
0.2832832832832999914, 0.0207042169596905606
0.2857857857857999950, 0.0208104645699454596
0.2882882882882999986, 0.0209346301646696487
0.2907907907908000023, 0.0210773774970299532
0.2932932932933000059, 0.0212394429866796450
0.2957957957958000095, 0.0214216417642031295
0.2982982982983000131, 0.0216248744724425353
0.3008008008008000167, 0.0218501349219646854
0.3033033033033000203, 0.0220985187131295807
0.3058058058058000239, 0.0223712329550276694
0.3083083083083000275, 0.0226696072324755610
0.3108108108107999756, 0.0229951059969094318
0.3133133133132999792, 0.0233493425861446696
0.3158158158157999829, 0.0237340951125005785
0.3183183183182999865, 0.0241513244998393141
0.3208208208207999901, 0.0246031949990353563
0.3233233233232999937, 0.0250920975699836582
0.3258258258257999973, 0.0256206765886009685
0.3283283283283000009, 0.0261918604220330586
0.3308308308308000045, 0.0268088965177557814
0.3333333333333000081, 0.0274753917766334017
0.3358358358358000118, 0.0281953591315162698
0.3383383383383000154, 0.0289732714383024517
0.3408408408408000190, 0.0298141240140441903
0.3433433433433000226, 0.0307235074375182340
0.3458458458458000262, 0.0317076925757120778
0.3483483483482999743, 0.0327737302329964772
0.3508508508509000090, 0.0339295683619451477
0.3533533533534000126, 0.0351841904566742927
0.3558558558559000162, 0.0365477796118430717
0.3583583583584000198, 0.0380319138269936824
0.3608608608609000235, 0.0396497995386247346
0.3633633633634000271, 0.0414165521680296272
0.3658658658658999752, 0.0433495348125093258
0.3683683683683999788, 0.0454687692599722096
0.3708708708708999824, 0.0477974375185211339
0.3733733733733999860, 0.0503624973654958896
0.3758758758758999896, 0.0531954425143091603
0.3783783783783999932, 0.0563332475514333603
0.3808808808808999968, 0.0598195507817250449
0.3833833833834000004, 0.0637061459436626121
0.3858858858859000041, 0.0680548784746502211
0.3883883883884000077, 0.0729400766706169157
0.3908908908909000113, 0.0784516972765061382
0.3933933933934000149, 0.0846994357501184014
0.3958958958959000185, 0.0918181544744005457
0.3983983983984000221, 0.0999751345724930324
0.4009009009009000257, 0.1093798859815570401
0.4034034034033999738, 0.1202976006376447055
0.4059059059058999774, 0.1330678794107555685
0.4084084084083999810, 0.1481312318880452783
0.4109109109108999847, 0.1660672618792356781
0.4134134134133999883, 0.1876508117156092947
0.4159159159158999919, 0.2139363902680375407
0.4184184184183999955, 0.2463883860591999098
0.4209209209208999991, 0.2870877309642543840
0.4234234234234000027, 0.3390708051940231615
0.4259259259259000063, 0.4069065506941572652
0.4284284284284000099, 0.4977233341522854237
0.4309309309309000136, 0.6231331565674520512
0.4334334334334000172, 0.8030678273461098193
0.4359359359359000208, 1.0740255836056171734
0.4384384384384000244, 1.5085351609365476033
0.4409409409408999725, 2.2668586051698640382
0.4434434434433999761, 3.7567962741337659338
0.4459459459458999797, 7.2295456742631030167
0.4484484484483999833, 17.3130690760481691370
0.4509509509510000180, 40.6006984394553214202
0.4534534534535000216, 25.6507997528427971190
0.4559559559560000253, 9.9203297627700521844
0.4584584584584999734, 4.7621336389119619525
0.4609609609609999770, 2.7293934143162381645
0.4634634634634999806, 1.7551621772518695153
0.4659659659659999842, 1.2198196350830683432
0.4684684684684999878, 0.8959276507377611498
0.4709709709709999914, 0.6856652805419145569
0.4734734734734999950, 0.5416676242410077835
0.4759759759759999986, 0.4388318860566893242
0.4784784784785000022, 0.3628785282920415911
0.4809809809810000059, 0.3052104214749438160
0.4834834834835000095, 0.2604053594555193474
0.4859859859860000131, 0.2249085213586974885
0.4884884884885000167, 0.1963117503505770467
0.4909909909910000203, 0.1729372581038907120
0.4934934934935000239, 0.1535873598128095485
0.4959959959960000275, 0.1373887326339943704
0.4984984984984999756, 0.1236925293691017308
0.5010010010009999792, 0.1120085918354950666
0.5035035035035000384, 0.1019610902379852885
0.5060060060059999865, 0.0932579744450354187
0.5085085085085000456, 0.0856695353575376572
0.5110110110109999937, 0.0790131004790018965
0.5135135135135000528, 0.0731419378141494880
0.5160160160160000009, 0.0679370963581792942
0.5185185185184999490, 0.0633013278189965556
0.5210210210210000081, 0.0591545045143178905
0.5235235235234999562, 0.0554301270420660130
0.5260260260260000154, 0.0520726353778231676
0.5285285285284999635, 0.0490353189709768073
0.5310310310310000226, 0.0462786781024436475
0.5335335335334999707, 0.0437691285184939188
0.5360360360360000298, 0.0414779695715221525
0.5385385385384999779, 0.0393805563566730424
0.5410410410410000370, 0.0374556310336150444
0.5435435435434999851, 0.0356847792973294456
0.5460460460460000442, 0.0340519859335084926
0.5485485485484999924, 0.0325432693445061733
0.5510510510510999715, 0.0311463794104786321
0.5535535535536000307, 0.0298505464480234954
0.5560560560560999788, 0.0286462716254382334
0.5585585585586000379, 0.0275251511925107065
0.5610610610610999860, 0.0264797284315639904
0.5635635635636000451, 0.0255033684442666775
0.5660660660660999932, 0.0245901518362868013
0.5685685685686000523, 0.0237347841095739975
0.5710710710711000004, 0.0229325181653035545
0.5735735735735999485, 0.0221790877936892880
0.5760760760761000077, 0.0214706504061699249
0.5785785785785999558, 0.0208037375709795545
0.5810810810811000149, 0.0201752121603163900
0.5835835835835999630, 0.0195822311182325196
0.5860860860861000221, 0.0190222130223409933
0.5885885885885999702, 0.0184928097468090892
0.5910910910911000293, 0.0179918816446505252
0.5935935935935999774, 0.0175174757586118966
0.5960960960961000366, 0.0170678066455970771
0.5985985985985999847, 0.0166412394624841017
0.6011011011011000438, 0.0162362750136811028
0.6036036036035999919, 0.0158515365047091142
0.6061061061061000510, 0.0154857577829965766
0.6086086086085999991, 0.0151377728781459751
0.6111111111110999472, 0.0148065066801822826
0.6136136136136000063, 0.0144909666165264194
0.6161161161160999544, 0.0141902352073216848
0.6186186186186000135, 0.0139034633948224191
0.6211211211210999616, 0.0136298645562842446
0.6236236236236000208, 0.0133687091215452664
0.6261261261260999689, 0.0131193197265692882
0.6286286286286000280, 0.0128810668428898985
0.6311311311310999761, 0.0126533648303655856
0.6336336336336000352, 0.0124356683671084153
0.6361361361360999833, 0.0122274692160338396
0.6386386386386000424, 0.0120282932923232357
0.6411411411410999905, 0.0118376980003007427
0.6436436436436000497, 0.0116552698118913833
0.6461461461460999978, 0.0114806220620257970
0.6486486486485999459, 0.0113133929391518624
0.6511511511512000361, 0.0111532436514609652
0.6536536536536999842, 0.0109998567515833673
0.6561561561562000433, 0.0108529346043932731
0.6586586586586999914, 0.0107121979842241498
0.6611611611612000505, 0.0105773847892581749
0.6636636636636999986, 0.0104482488621456121
0.6661661661661999467, 0.0103245589070525123
0.6686686686687000059, 0.0102060974943467414
0.6711711711711999540, 0.0100926601450299410
0.6736736736737000131, 0.0099840544878201098
0.6761761761761999612, 0.0098800994824982825
0.6786786786787000203, 0.0097806247037647252
0.6811811811811999684, 0.0096854696804130214
0.6836836836837000275, 0.0095944832851337300
0.6861861861861999756, 0.0095075231707092075
0.6886886886887000347, 0.0094244552487641117
0.6911911911911999828, 0.0093451532075974689
0.6936936936937000420, 0.0092694980659464871
0.6961961961961999901, 0.0091973777598239326
0.6986986986987000492, 0.0091286867598333928
0.7012012012011999973, 0.0090633257166032252
0.7037037037036999454, 0.0090012011321933816
0.7062062062062000045, 0.0089422250555223366
0.7087087087086999526, 0.0088863148000354799
0.7112112112112000117, 0.0088333926819946524
0.7137137137136999598, 0.0087833857779116599
0.7162162162162000190, 0.0087362256997786832
0.7187187187186999671, 0.0086918483868671428
0.7212212212212000262, 0.0086501939129741481
0.7237237237236999743, 0.0086112063080941003
0.7262262262262000334, 0.0085748333935828404
0.7287287287286999815, 0.0085410266299640637
0.7312312312312000406, 0.0085097409766028437
0.7337337337336999887, 0.0084809347625405852
0.7362362362362000479, 0.0084545695678492488
0.7387387387386999960, 0.0084306101149215287
0.7412412412412000551, 0.0084090241691678908
0.7437437437437000032, 0.0083897824486417784
0.7462462462461999513, 0.0083728585421610456
0.7487487487487000104, 0.0083582288355372285
0.7512512512512999896, 0.0083458724455651237
0.7537537537538000487, 0.0083357711614633241
0.7562562562562999968, 0.0083279093934925455
0.7587587587587999449, 0.0083222741285125315
0.7612612612613000040, 0.0083188548922709955
0.7637637637637999521, 0.0083176437182488263
0.7662662662663000113, 0.0083186351229156720
0.7687687687687999594, 0.0083218260872788344
0.7712712712713000185, 0.0083272160446360988
0.7737737737737999666, 0.0083348068744706939
0.7762762762763000257, 0.0083446029024533096
0.7787787787787999738, 0.0083566109065426226
0.7812812812813000329, 0.0083708401292024032
0.7837837837837999810, 0.0083873022957799918
0.7862862862863000402, 0.0084060116391173750
0.7887887887887999883, 0.0084269849304940136
0.7912912912913000474, 0.0084502415170279940
0.7937937937937999955, 0.0084758033656912347
0.7962962962963000546, 0.0085036951141240578
0.7987987987988000027, 0.0085339441284655732
0.8013013013012999508, 0.0085665805684487818
0.8038038038038000099, 0.0086016374600434795
0.8063063063062999580, 0.0086391507759661021
0.8088088088088000172, 0.0086791595244140041
0.8113113113112999653, 0.0087217058464224180
0.8138138138138000244, 0.0087668351222858661
0.8163163163162999725, 0.0088145960875327493
0.8188188188188000316, 0.0088650409589917673
0.8213213213212999797, 0.0089182255715433943
0.8238238238238000388, 0.0089742095262079179
0.8263263263262999869, 0.0090330563502852602
0.8288288288288000460, 0.0090948336703305689
0.8313313313312999941, 0.0091596133988246890
0.8338338338338000533, 0.0092274719354802984
0.8363363363363000014, 0.0092984903842137992
0.8388388388387999495, 0.0093727547869105234
0.8413413413413000086, 0.0094503563752179574
0.8438438438437999567, 0.0095313918417186533
0.8463463463463000158, 0.0096159636319635266
0.8488488488487999639, 0.0097041802589877754
0.8513513513514000541, 0.0097961566420876542
0.8538538538539000022, 0.0098920144718085690
0.8563563563563999503, 0.0099918826032846172
0.8588588588589000095, 0.0100958974802800115
0.8613613613613999576, 0.0102042035925151570
0.8638638638639000167, 0.0103169539691177429
0.8663663663663999648, 0.0104343107113253307
0.8688688688689000239, 0.0105564455678830958
0.8713713713713999720, 0.0106835405569342574
0.8738738738739000311, 0.0108157886385937194
0.8763763763763999792, 0.0109533944428346196
0.8788788788789000384, 0.0110965750578074004
0.8813813813813999865, 0.0112455608842585483
0.8838838838839000456, 0.0114005965623300703
0.8863863863863999937, 0.0115619419777076866
0.8888888888889000528, 0.0117298733548578202
0.8913913913914000009, 0.0119046844459611573
0.8938938938938999490, 0.0120866878251265943
0.8963963963964000081, 0.0122762162985710251
0.8988988988988999562, 0.0124736244426929405
0.9014014014014000153, 0.0126792902833731905
0.9039039039038999634, 0.0128936171314282776
0.9064064064064000226, 0.0131170355909457723
0.9089089089088999707, 0.0133500057592833964
0.9114114114114000298, 0.0135930196398461288
0.9139139139138999779, 0.0138466037914162232
0.9164164164164000370, 0.0141113222408491175
0.9189189189188999851, 0.0143877796894220263
0.9214214214214000442, 0.0146766250471059255
0.9239239239238999923, 0.0149785553336031253
0.9264264264264000515, 0.0152943199902537460
0.9289289289288999996, 0.0156247256529792392
0.9314314314313999477, 0.0159706414434345884
0.9339339339339000068, 0.0163330048436515045
0.9364364364363999549, 0.0167128282288603394
0.9389389389389000140, 0.0171112061441163650
0.9414414414413999621, 0.0175293234231032775
0.9439439439439000212, 0.0179684642623747018
0.9464464464463999693, 0.0184300223817339785
0.9489489489489000285, 0.0189155124219215418
0.9514514514515000076, 0.0194265827548771239
0.9539539539539999558, 0.0199650299102856407
0.9564564564565000149, 0.0205328148557770498
0.9589589589589999630, 0.0211320814081123118
0.9614614614615000221, 0.0217651771002607408
0.9639639639639999702, 0.0224346768860936296
0.9664664664665000293, 0.0231434101324972247
0.9689689689689999774, 0.0238944914305426019
0.9714714714715000365, 0.0246913558560755177
0.9739739739739999846, 0.0255377994296020899
0.9764764764765000438, 0.0264380256705796617
0.9789789789789999919, 0.0273966993183912995
0.9814814814815000510, 0.0284190085092781014
0.9839839839839999991, 0.0295107369654160970
0.9864864864864999472, 0.0306783480820555961
0.9889889889890000063, 0.0319290832078616554
0.9914914914914999544, 0.0332710769238922580
0.9939939939940000135, 0.0347134927661662054
0.9964964964964999616, 0.0362666836424500871
0.9989989989990000208, 0.0379423822144393380
1.0015015015019999023, 0.0397539278167003893
1.0040040040039999170, 0.0417165381501845151
1.0065065065070000205, 0.0438476361375781942
1.0090090090090000352, 0.0461672451187461752
1.0115115115119999167, 0.0486984692140599168
1.0140140140139999314, 0.0514680804911168271
1.0165165165170000350, 0.0545072409535712760
1.0190190190190000497, 0.0578523959164361293
1.0215215215219999312, 0.0615463868738964637
1.0240240240239999459, 0.0656398477001332720
1.0265265265270000494, 0.0701929696884780879
1.0290290290290000641, 0.0752777510826767027
1.0315315315319999456, 0.0809808891867176417
1.0340340340339999603, 0.0874075335918553520
1.0365365365370000639, 0.0946862063144401078
1.0390390390390000785, 0.1029753223619348235
1.0415415415419999601, 0.1124719340655419286
1.0440440440439999747, 0.1234236093041471138
1.0465465465470000783, 0.1361447948428667343
1.0490490490490000930, 0.1510397078144155580
1.0515515515519999745, 0.1686349068106680615
1.0540540540539999892, 0.1896265122953822990
1.0565565565570000928, 0.2149501072018773773
1.0590590590590001074, 0.2458866534347808885
1.0615615615619999890, 0.2842272552445054834
1.0640640640640000036, 0.3325372265109857173
1.0665665665670001072, 0.3945940188203092003
1.0690690690689998998, 0.4761427332861548622
1.0715715715720000034, 0.5862611160840811575
1.0740740740740000181, 0.7399643361190016977
1.0765765765769998996, 0.9635134147490889145
1.0790790790789999143, 1.3061398550217384606
1.0815815815820000179, 1.8686755545355622221
1.0840840840840000325, 2.8829821459652338334
1.0865865865869999141, 4.9714493611801184869
1.0890890890889999287, 10.1745960428602266745
1.0915915915920000323, 25.9868894611359166902
1.0940940940940000470, 45.7317778083794479471
1.0965965965969999285, 20.6285126848675446354
1.0990990990989999432, 8.4568658595071468653
1.1016016016020000468, 4.3288630824441503009
1.1041041041040000614, 2.5875072853461844602
1.1066066066069999430, 1.7116453133641365003
1.1091091091089999576, 1.2139592109587822311
1.1116116116120000612, 0.9055120482218880218
1.1141141141140000759, 0.7016566279242067994
1.1166166166169999574, 0.5601220371529163078
1.1191191191189999721, 0.4579619413165077479
1.1216216216220000756, 0.3818721474665476845
1.1241241241240000903, 0.3237175381152141429
1.1266266266269999718, 0.2783009903969462795
1.1291291291289999865, 0.2421782914649353302
1.1316316316320000901, 0.2129947133621985234
1.1341341341340001048, 0.1890967264829009342
1.1366366366369999863, 0.1692959081407816868
1.1391391391390000010, 0.1527205639216183963
1.1416416416420001045, 0.1387197362065649142
1.1441441441439998972, 0.1267994974171687550
1.1466466466470000007, 0.1165796990360598584
1.1491491491490000154, 0.1077640060182344234
1.1516516516519998969, 0.1001187532301423821
1.1541541541539999116, 0.0934577785522989063
1.1566566566570000152, 0.0876313792414909337
1.1591591591590000299, 0.0825181604466196511
1.1616616616619999114, 0.0780189434223076128
1.1641641641639999261, 0.0740521612971987292
1.1666666666670000296, 0.0705503432481616455
1.1691691691690000443, 0.0674574047769511964
1.1716716716719999258, 0.0647265419029522671
1.1741741741739999405, 0.0623185827966210373
1.1766766766770000441, 0.0602006896343236855
1.1791791791790000588, 0.0583453314686161392
1.1816816816819999403, 0.0567294691464555953
1.1841841841839999550, 0.0553339081115707954
1.1866866866870000585, 0.0541427858977035562
1.1891891891890000732, 0.0531431693681945205
1.1916916916919999547, 0.0523247430679776304
1.1941941941939999694, 0.0516795749890869432
1.1966966966970000730, 0.0512019500240144254
1.1991991991990000876, 0.0508882647074878972
1.2017017017019999692, 0.0507369797780037116
1.2042042042039999838, 0.0507486298412663864
1.2067067067070000874, 0.0509258921906829698
1.2092092092090001021, 0.0512737198452579562
1.2117117117119999836, 0.0517995473436245052
1.2142142142139999983, 0.0525135820846991813
1.2167167167170001019, 0.0534291994279774973
1.2192192192189998945, 0.0545634669089417046
1.2217217217219999981, 0.0559378325696546080
1.2242242242240000127, 0.0575790256913614809
1.2267267267269998943, 0.0595202368380487457
1.2292292292289999089, 0.0618026706359881620
1.2317317317320000125, 0.0644776030557728808
1.2342342342340000272, 0.0676091312755413287
1.2367367367369999087, 0.0712778882668615166
1.2392392392389999234, 0.0755861219237354554
1.2417417417420000270, 0.0806647361268146706
1.2442442442440000416, 0.0866832031069938447
1.2467467467469999232, 0.0938637601078530781
1.2492492492489999378, 0.1025021364331912127
1.2517517517520000414, 0.1129984726539784018
1.2542542542540000561, 0.1259045727509695289
1.2567567567569999376, 0.1419981194075074504
1.2592592592589999523, 0.1624029275659933103
1.2617617617620000559, 0.1887908979628201422
1.2642642642640000705, 0.2237355666497251316
1.2667667667669999521, 0.2713619901164009973
1.2692692692689999667, 0.3386127627755059488
1.2717717717720000703, 0.4378936679471718829
1.2742742742740000850, 0.5931015833234134504
1.2767767767769999665, 0.8549337020785090502
1.2792792792789999812, 1.3455572895492788899
1.2817817817820000847, 2.4140626537746920910
1.2842842842840000994, 5.2859087341187187548
1.2867867867869999809, 13.7664657218710342335
1.2892892892889999956, 14.8950746414172208176
1.2917917917920000992, 5.7892656744173454086
1.2942942942939998918, 2.5856890848715128328
1.2967967967969999954, 1.4213818981238588446
1.2992992992990000101, 0.8972584775143992442
1.3018018018019998916, 0.6218326081587900456
1.3043043043039999063, 0.4607432891817627718
1.3068068068070000098, 0.3590525899661924925
1.3093093093090000245, 0.2911536821082715276
1.3118118118119999060, 0.2438702918895369887
1.3143143143139999207, 0.2098830064838846932
1.3168168168170000243, 0.1848717775950267650
1.3193193193190000390, 0.1661591639482845051
1.3218218218219999205, 0.1520183838694011969
1.3243243243239999352, 0.1412990009027147997
1.3268268268270000387, 0.1332142159534510095
1.3293293293290000534, 0.1272148702410486887
1.3318318318319999349, 0.1229121464921962559
1.3343343343339999496, 0.1200287334439405496
1.3368368368370000532, 0.1183672311729499493
1.3393393393390000679, 0.1177893500007784477
1.3418418418419999494, 0.1182020874201265004
1.3443443443439999641, 0.1195485711070216617
1.3468468468470000676, 0.1218021455881118376
1.3493493493490000823, 0.1249628260146751907
1.3518518518519999638, 0.1290555926131556896
1.3543543543539999785, 0.1341302379641306497
1.3568568568570000821, 0.1402626569521570055
1.3593593593590000967, 0.1475576191619152600
1.3618618618619999783, 0.1561532105659919067
1.3643643643639999929, 0.1662272983514859193
1.3668668668670000965, 0.1780065855039198452
1.3693693693689998891, 0.1917791149440016274
1.3718718718719999927, 0.2079115081562808998
1.3743743743740000074, 0.2268728619556315551
1.3768768768770001110, 0.2492682136317816988
1.3793793793789999036, 0.2758860472111000495
1.3818818818820000072, 0.3077668501914107568
1.3843843843840000218, 0.3463039567806355246
1.3868868868869999034, 0.3933951584049030226
1.3893893893889999180, 0.4516763744533196512
1.3918918918920000216, 0.5248921410663947018
1.3943943943940000363, 0.6185023827800429919
1.3968968968969999178, 0.7407140374074430156
1.3993993993989999325, 0.9043131596382429915
1.4019019019020000361, 1.1300902537970107797
1.4044044044040000507, 1.4536503765458217430
1.4069069069069999323, 1.9400033802550229467
1.4094094094089999469, 2.7178549869813499740
1.4119119119120000505, 4.0702040536462611442
1.4144144144140000652, 6.7124319663797678004
1.4169169169169999467, 12.8209120670673346609
1.4194194194189999614, 30.4137357654263560391
1.4219219219220000650, 72.9815035070322011279
1.4244244244240000796, 48.7905995940812005074
1.4269269269269999612, 18.7786019389965659343
1.4294294294289999758, 8.9343492853277091115
1.4319319319320000794, 5.0903931232771721938
1.4344344344340000941, 3.2603529907940433930
1.4369369369369999756, 2.2593453129215124164
1.4394394394389999903, 1.6556833487181366049
1.4419419419420000938, 1.2647329261350681584
1.4444444444440001085, 0.9974691915305329282
1.4469469469469999900, 0.8068630366648725794
1.4494494494490000047, 0.6662310117797529685
1.4519519519520001083, 0.5595415020274211448
1.4544544544539999009, 0.4767007075681528594
1.4569569569570000045, 0.4111005839351596913
1.4594594594590000192, 0.3582700561104191772
1.4619619619619999007, 0.3150973175626739509
1.4644644644639999154, 0.2793630055158459191
1.4669669669670000189, 0.2494500741832506030
1.4694694694690000336, 0.2241579332310547901
1.4719719719719999151, 0.2025801608855840596
1.4744744744739999298, 0.1840221190174740895
1.4769769769770000334, 0.1679442649923400532
1.4794794794790000481, 0.1539223976666132532
1.4819819819819999296, 0.1416192967398655356
1.4844844844839999443, 0.1307641727875779036
1.4869869869870000478, 0.1211375640311054963
1.4894894894890000625, 0.1125600910179146014
1.4919919919919999440, 0.1048839831786384097
1.4944944944939999587, 0.0979866233188470270
1.4969969969970000623, 0.0917655791210836291
1.4994994994990000770, 0.0861347428141416571
1.5020020020019999585, 0.0810213053562549024
1.5045045045050000621, 0.0763633651993785995
1.5070070070070000767, 0.0721080240045772203
1.5095095095099999583, 0.0682098592128817516
1.5120120120119999729, 0.0646296906015281086
1.5145145145150000765, 0.0613335779025453581
1.5170170170170000912, 0.0582920013133317871
1.5195195195199999727, 0.0554791877368598085
1.5220220220219999874, 0.0528725538720084404
1.5245245245250000909, 0.0504522435561171115
1.5270270270270001056, 0.0482007415614991511
1.5295295295299999871, 0.0461025497409507795
1.5320320320320000018, 0.0441439142783639563
1.5345345345350001054, 0.0423125950311615678
1.5370370370369998980, 0.0405976697008398196
1.5395395395400000016, 0.0389893669481718025
1.5420420420420000163, 0.0374789236645363330
1.5445445445449998978, 0.0360584624839376464
1.5470470470469999125, 0.0347208863200650295
1.5495495495500000160, 0.0334597872762503537
1.5520520520520000307, 0.0322693677320919081
1.5545545545549999122, 0.0311443717809825743
1.5570570570569999269, 0.0300800254950805840
1.5595595595600000305, 0.0290719847419794938
1.5620620620620000452, 0.0281162894810698047
1.5645645645649999267, 0.0272093236358148770
1.5670670670669999414, 0.0263477797775619818
1.5695695695700000449, 0.0255286279724111151
1.5720720720720000596, 0.0247490882393796088
1.5745745745749999411, 0.0240066061490338475
1.5770770770769999558, 0.0232988311597225536
1.5795795795800000594, 0.0226235973457816764
1.5820820820820000741, 0.0219789062204114455
1.5845845845849999556, 0.0213629113968772655
1.5870870870869999703, 0.0207739048664496093
1.5895895895900000738, 0.0202103047011089054
1.5920920920920000885, 0.0196706440143196402
1.5945945945949999700, 0.0191535610348032743
1.5970970970969999847, 0.0186577901668036825
1.5995995996000000883, 0.0181821539262885697
1.6021021021020001029, 0.0177255556562830006
1.6046046046049999845, 0.0172869729364084762
1.6071071071069999991, 0.0168654516119748354
1.6096096096100001027, 0.0164601003768925745
1.6121121121119998953, 0.0160700858524152682
1.6146146146149999989, 0.0156946281104697674
1.6171171171170000136, 0.0153329965962153460
1.6196196196199998951, 0.0149845064096162991
1.6221221221219999098, 0.0146485149103153245
1.6246246246250000134, 0.0143244186140445082
1.6271271271270000280, 0.0140116503522807346
1.6296296296299999096, 0.0137096766699059004
1.6321321321319999242, 0.0134179954383242643
1.6346346346350000278, 0.0131361336638654083
1.6371371371370000425, 0.0128636454734026226
1.6396396396399999240, 0.0126001102609774440
1.6421421421419999387, 0.0123451309808709359
1.6446446446450000423, 0.0120983325740281027
1.6471471471470000569, 0.0118593605160451573
1.6496496496499999385, 0.0116278794760899772
1.6521521521519999531, 0.0114035720771613856
1.6546546546550000567, 0.0111861377490169809
1.6571571571570000714, 0.0109752916659256478
1.6596596596599999529, 0.0107707637621406189
1.6621621621619999676, 0.0105722978186518005
1.6646646646650000712, 0.0103796506153711263
1.6671671671670000858, 0.0101925911434389976
1.6696696696699999674, 0.0100108998728207377
1.6721721721719999820, 0.0098343680707944393
1.6746746746750000856, 0.0096627971673222089
1.6771771771770001003, 0.0094959981636483382
1.6796796796799999818, 0.0093337910807862554
1.6821821821819999965, 0.0091760044448435420
1.6846846846850001000, 0.0090224748063945266
1.6871871871869998927, 0.0088730462913458145
1.6896896896899999962, 0.0087275701809540439
1.6921921921920000109, 0.0085859045188490940
1.6946946946949998924, 0.0084479137430926460
1.6971971971969999071, 0.0083134683414622067
1.6996996997000000107, 0.0081824445282967992
1.7022022022020000254, 0.0080547239413736524
1.7047047047049999069, 0.0079301933574064849
1.7072072072069999216, 0.0078087444248666083
1.7097097097100000251, 0.0076902734129294242
1.7122122122120000398, 0.0075746809754411882
1.7147147147149999213, 0.0074618719288854626
1.7172172172169999360, 0.0073517550434062905
1.7197197197200000396, 0.0072442428460159757
1.7222222222220000543, 0.0071392514351803875
1.7247247247249999358, 0.0070367003060345578
1.7272272272269999505, 0.0069365121855360905
1.7297297297300000540, 0.0068386128769143137
1.7322322322320000687, 0.0067429311128195304
1.7347347347349999502, 0.0066493984166192850
1.7372372372369999649, 0.0065579489713279626
1.7397397397400000685, 0.0064685194956921556
1.7422422422420000832, 0.0063810491269877256
1.7447447447449999647, 0.0062954793101151971
1.7472472472469999794, 0.0062117536926086861
1.7497497497500000829, 0.0061298180251997715
1.7522522522520000976, 0.0060496200676021109
1.7547547547549999791, 0.0059711094992050068
1.7572572572569999938, 0.0058942378343850299
1.7597597597600000974, 0.0058189583421640618
1.7622622622619998900, 0.0057452259699599540
1.7647647647649999936, 0.0056729972711926620
1.7672672672670000082, 0.0056022303365240063
1.7697697697699998898, 0.0055328847285235454
1.7722722722719999044, 0.0054649214195662838
1.7747747747750000080, 0.0053983027327802911
1.7772772772770000227, 0.0053329922858737265
1.7797797797799999042, 0.0052689549376814795
1.7822822822819999189, 0.0052061567372815292
1.7847847847850000225, 0.0051445648755403858
1.7872872872870000371, 0.0050841476389555948
1.7897897897899999187, 0.0050248743656713234
1.7922922922919999333, 0.0049667154035505055
1.7947947947950000369, 0.0049096420701940828
1.7972972972970000516, 0.0048536266148043287
1.7997997997999999331, 0.0047986421817954109
1.8023023023019999478, 0.0047446627760599942
1.8048048048050000514, 0.0046916632298060479
1.8073073073070000660, 0.0046396191708829825
1.8098098098099999476, 0.0045885069925209439
1.8123123123119999622, 0.0045383038244113947
1.8148148148150000658, 0.0044889875050612791
1.8173173173170000805, 0.0044405365553568206
1.8198198198199999620, 0.0043929301532766984
1.8223223223219999767, 0.0043461481096975811
1.8248248248250000803, 0.0043001708452383072
1.8273273273270000949, 0.0042549793680918286
1.8298298298299999765, 0.0042105552527969504
1.8323323323319999911, 0.0041668806199043878
1.8348348348350000947, 0.0041239381164942576
1.8373373373370001094, 0.0040817108975042928
1.8398398398399999909, 0.0040401826078303631
1.8423423423420000056, 0.0039993373651628673
1.8448448448450001091, 0.0039591597435244801
1.8473473473469999018, 0.0039196347574766057
1.8498498498500000053, 0.0038807478469635409
1.8523523523520000200, 0.0038424848627649820
1.8548548548549999015, 0.0038048320525290286
1.8573573573569999162, 0.0037677760473592736
1.8598598598600000198, 0.0037313038489308853
1.8623623623620000345, 0.0036954028171119059
1.8648648648649999160, 0.0036600606580671430
1.8673673673669999307, 0.0036252654128232139
1.8698698698700000342, 0.0035910054462743287
1.8723723723720000489, 0.0035572694366094366
1.8748748748749999304, 0.0035240463651423108
1.8773773773769999451, 0.0034913255065270434
1.8798798798800000487, 0.0034590964193422931
1.8823823823820000634, 0.0034273489370284125
1.8848848848849999449, 0.0033960731591623702
1.8873873873869999596, 0.0033652594430560968
1.8898898898900000631, 0.0033348983956645660
1.8923923923920000778, 0.0033049808657905919
1.8948948948949999593, 0.0032754979365738970
1.8973973973969999740, 0.0032464409182526421
1.8998998999000000776, 0.0032178013411861199
1.9024024024020000923, 0.0031895709491278658
1.9049049049049999738, 0.0031617416927389053
1.9074074074069999885, 0.0031343057233313796
1.9099099099100000920, 0.0031072553868331737
1.9124124124120001067, 0.0030805832179646607
1.9149149149149999882, 0.0030542819346190343
1.9174174174170000029, 0.0030283444324381032
1.9199199199200001065, 0.0030027637795757836
1.9224224224219998991, 0.0029775332116418803
1.9249249249250000027, 0.0029526461268190481
1.9274274274270000173, 0.0029280960811461773
1.9299299299299998989, 0.0029038767839617173
1.9324324324319999135, 0.0028799820935007337
1.9349349349350000171, 0.0028564060126397991
1.9374374374370000318, 0.0028331426847840093
1.9399399399399999133, 0.0028101863898907452
1.9424424424419999280, 0.0027875315406249461
1.9449449449450000316, 0.0027651726786409522
1.9474474474470000462, 0.0027431044709861465
1.9499499499499999278, 0.0027213217066218293
1.9524524524519999424, 0.0026998192930569719
1.9549549549550000460, 0.0026785922530906561
1.9574574574570000607, 0.0026576357216591909
1.9599599599599999422, 0.0026369449427840674
1.9624624624619999569, 0.0026165152666170520
1.9649649649650000605, 0.0025963421465789041
1.9674674674670000751, 0.0025764211365883125
1.9699699699699999567, 0.0025567478883778035
1.9724724724719999713, 0.0025373181488935036
1.9749749749750000749, 0.0025181277577757616
1.9774774774770000896, 0.0024991726449177486
1.9799799799799999711, 0.0024804488280992828
1.9824824824819999858, 0.0024619524106932389
1.9849849849850000894, 0.0024436795794419690
1.9874874874870001040, 0.0024256266023013249
1.9899899899899999856, 0.0024077898263499061
1.9924924924920000002, 0.0023901656757612921
1.9949949949950001038, 0.0023727506498370824
1.9974974974969998964, 0.0023555413210986629
2.0000000000000000000, 0.0023385343334356911
