# Delta1: 0.465
# Delta2: 1.17
# Delta3: 1.355
# Dq: 0.1355
# Ds: 0.04
# Dt: 0.061000000000000006
# k1_lab: [1, 0, 0]
# k2_lab: [-0.8660254037844387, 0.49999999999999994, 0.0]
# k1_cf: [-0.35355339059327373, -0.35355339059327373, -0.8660254037844387]
# k2_cf: [0.0, 0.0, 1.0]
# pol1_lab: [(0, 1, 0), (0, 0, 1)]
# pol2_lab: "[array([-0.5      , -0.8660254,  0.       ]), array([0., 0., 1.])]"
# pol1_cf: "[array([-0.61237244, -0.61237244,  0.5       ]), array([-0.70710678,  0.70710678,  0.        ])]"
# pol2_cf: "[array([0.70710678, 0.70710678, 0.        ]), array([-0.70710678,  0.70710678,  0.        ])]"
# cf: "[array([-0.35355339, -0.61237244, -0.70710678]), array([-0.35355339, -0.61237244,  0.70710678]), array([-0.8660254,  0.5      ,  0.       ])]"
# th: 150
-0.5000000000000000000, 0.0050913791607043362
-0.4974974974974999964, 0.0051384482453867824
-0.4949949949949999928, 0.0051862081123050493
-0.4924924924924999892, 0.0052346726238316696
-0.4899899899899999856, 0.0052838559947445216
-0.4874874874874999819, 0.0053337728030717988
-0.4849849849849999783, 0.0053844380013290359
-0.4824824824824999747, 0.0054358669281644499
-0.4799799799800000266, 0.0054880753204297065
-0.4774774774775000230, 0.0055410793256939206
-0.4749749749750000194, 0.0055948955152196585
-0.4724724724725000158, 0.0056495408974205231
-0.4699699699700000122, 0.0057050329318208727
-0.4674674674675000086, 0.0057613895435392401
-0.4649649649650000049, 0.0058186291383180190
-0.4624624624625000013, 0.0058767706181231142
-0.4599599599599999977, 0.0059358333973384232
-0.4574574574574999941, 0.0059958374195812226
-0.4549549549549999905, 0.0060568031751658310
-0.4524524524524999869, 0.0061187517192442982
-0.4499499499499000077, 0.0061817046906543034
-0.4474474474474000041, 0.0062456843315059577
-0.4449449449449000005, 0.0063107135075408530
-0.4424424424423999969, 0.0063768157292983362
-0.4399399399398999932, 0.0064440151741258535
-0.4374374374373999896, 0.0065123367090720603
-0.4349349349348999860, 0.0065818059147034237
-0.4324324324323999824, 0.0066524491098871597
-0.4299299299298999788, 0.0067242933775856183
-0.4274274274273999752, 0.0067973665917095780
-0.4249249249249000271, 0.0068716974450804703
-0.4224224224224000235, 0.0069473154785541953
-0.4199199199199000199, 0.0070242511113620598
-0.4174174174174000163, 0.0071025356727273184
-0.4149149149149000126, 0.0071822014348190610
-0.4124124124124000090, 0.0072632816471084501
-0.4099099099099000054, 0.0073458105721960669
-0.4074074074074000018, 0.0074298235231827396
-0.4049049049048999982, 0.0075153569026603995
-0.4024024024023999946, 0.0076024482434037879
-0.3998998998998999910, 0.0076911362508483624
-0.3973973973973999874, 0.0077814608474445881
-0.3948948948948999838, 0.0078734632189840434
-0.3923923923923999801, 0.0079671858629981676
-0.3898898898898999765, 0.0080626726393364170
-0.3873873873873999729, 0.0081599688230366355
-0.3848848848849000248, 0.0082591211596074084
-0.3823823823824000212, 0.0083601779228487903
-0.3798798798799000176, 0.0084631889753457139
-0.3773773773774000140, 0.0085682058317762474
-0.3748748748749000104, 0.0086752817251853770
-0.3723723723724000068, 0.0087844716763842666
-0.3698698698699000031, 0.0088958325666446750
-0.3673673673673999995, 0.0090094232138685747
-0.3648648648648999959, 0.0091253044524242620
-0.3623623623623999923, 0.0092435392168520938
-0.3598598598598999887, 0.0093641926296558382
-0.3573573573573999851, 0.0094873320934091530
-0.3548548548548999815, 0.0096130273874214245
-0.3523523523523999779, 0.0097413507692228549
-0.3498498498497999987, 0.0098723770811453716
-0.3473473473472999951, 0.0100061838622940574
-0.3448448448447999914, 0.0101428514662230147
-0.3423423423422999878, 0.0102824631846503752
-0.3398398398397999842, 0.0104251053775693166
-0.3373373373372999806, 0.0105708676101359880
-0.3348348348347999770, 0.0107198427967408211
-0.3323323323322999734, 0.0108721273526975228
-0.3298298298298000253, 0.0110278213540135200
-0.3273273273273000217, 0.0111870287057379905
-0.3248248248248000181, 0.0113498573194179241
-0.3223223223223000145, 0.0115164193002298045
-0.3198198198198000108, 0.0116868311443948502
-0.3173173173173000072, 0.0118612139475288893
-0.3148148148148000036, 0.0120396936246246009
-0.3123123123123000000, 0.0122224011424147509
-0.3098098098097999964, 0.0124094727649191050
-0.3073073073072999928, 0.0126010503130372323
-0.3048048048047999892, 0.0127972814391132863
-0.3023023023022999856, 0.0129983199174676621
-0.2997997997997999819, 0.0132043259519662760
-0.2972972972972999783, 0.0134154665017787410
-0.2947947947947999747, 0.0136319156265657226
-0.2922922922923000266, 0.0138538548524314228
-0.2897897897898000230, 0.0140814735600812112
-0.2872872872873000194, 0.0143149693967381808
-0.2847847847848000158, 0.0145545487134954524
-0.2822822822823000122, 0.0148004270299153581
-0.2797797797798000086, 0.0150528295278336242
-0.2772772772773000050, 0.0153119915764852628
-0.2747747747748000013, 0.0155781592912444516
-0.2722722722722999977, 0.0158515901284600330
-0.2697697697697999941, 0.0161325535190767339
-0.2672672672672999905, 0.0164213315439602353
-0.2647647647647999869, 0.0167182196540927690
-0.2622622622622999833, 0.0170235274390796928
-0.2597597597597999797, 0.0173375794477069953
-0.2572572572572999761, 0.0176607160646181406
-0.2547547547547999724, 0.0179932944475408238
-0.2522522522523000243, 0.0183356895298906614
-0.2497497497496999896, 0.0186882950940167498
-0.2472472472472000138, 0.0190515249208357690
-0.2447447447447000102, 0.0194258140221323962
-0.2422422422422000066, 0.0198116199623904615
-0.2397397397397000030, 0.0202094242776672643
-0.2372372372371999993, 0.0206197339997397228
-0.2347347347346999957, 0.0210430832945451944
-0.2322322322321999921, 0.0214800352248182697
-0.2297297297296999885, 0.0219311836478011356
-0.2272272272272000126, 0.0223971552599882065
-0.2247247247247000090, 0.0228786118020709306
-0.2222222222222000054, 0.0233762524385895745
-0.2197197197197000018, 0.0238908163282938943
-0.2172172172171999982, 0.0244230854028820790
-0.2147147147146999946, 0.0249738873736510547
-0.2122122122121999910, 0.0255440989876750853
-0.2097097097096999874, 0.0261346495574640778
-0.2072072072072000115, 0.0267465247906704014
-0.2047047047047000079, 0.0273807709493528520
-0.2022022022022000043, 0.0280384993716111287
-0.1996996996997000007, 0.0287208913921264478
-0.1971971971971999971, 0.0294292037023403535
-0.1946946946946999935, 0.0301647741957432186
-0.1921921921921999898, 0.0309290283491036391
-0.1896896896896999862, 0.0317234861965415144
-0.1871871871872000104, 0.0325497699602350504
-0.1846846846847000068, 0.0334096124093785085
-0.1821821821822000032, 0.0343048660279159784
-0.1796796796796999995, 0.0352375130817328755
-0.1771771771771999959, 0.0362096766875869627
-0.1746746746746999923, 0.0372236329993333309
-0.1721721721721999887, 0.0382818246422116162
-0.1696696696697000128, 0.0393868755434361104
-0.1671671671672000092, 0.0405416073274351280
-0.1646646646647000056, 0.0417490574672664677
-0.1621621621622000020, 0.0430124994105189062
-0.1596596596596999984, 0.0443354649290185060
-0.1571571571571999948, 0.0457217689776392294
-0.1546546546546999912, 0.0471755373893632118
-0.1521521521521999876, 0.0487012377825075532
-0.1496496496496000084, 0.0503037141130300292
-0.1471471471471000048, 0.0519882253715761578
-0.1446446446446000011, 0.0537604890033200195
-0.1421421421420999975, 0.0556267297209468298
-0.1396396396395999939, 0.0575937344900812470
-0.1371371371370999903, 0.0596689145954687819
-0.1346346346345999867, 0.0618603758493786390
-0.1321321321321000108, 0.0641769981861029654
-0.1296296296296000072, 0.0666285261043357557
-0.1271271271271000036, 0.0692256716803647254
-0.1246246246246000000, 0.0719802321890541941
-0.1221221221220999964, 0.0749052247485315348
-0.1196196196196000067, 0.0780150408633964454
-0.1171171171171000031, 0.0813256242991046013
-0.1146146146145999994, 0.0848546764008960008
-0.1121121121120999958, 0.0886218938047002441
-0.1096096096096000061, 0.0926492445137189202
-0.1071071071071000025, 0.0969612895826979793
-0.1046046046045999989, 0.1015855592265949431
-0.1021021021020999953, 0.1065529941347789500
-0.0995995995996000055, 0.1118984652348822550
-0.0970970970971000019, 0.1176613882546998779
-0.0945945945945900063, 0.1238864533646166222
-0.0920920920920900027, 0.1306244951975946700
-0.0895895895895899991, 0.1379335349742464301
-0.0870870870870899955, 0.1458800347594082780
-0.0845845845845799998, 0.1545404146586936422
-0.0820820820820799962, 0.1640028978708997220
-0.0795795795795800065, 0.1743697671084664114
-0.0770770770770800029, 0.1857601406054555926
-0.0745745745745699934, 0.1983134090337043687
-0.0720720720720700037, 0.2121935193882950599
-0.0695695695695700000, 0.2275943529468137383
-0.0670670670670699964, 0.2447465285305492344
-0.0645645645645600008, 0.2639260794698256030
-0.0620620620620599972, 0.2854656177569073194
-0.0595595595595600005, 0.3097688343051698268
-0.0570570570570599969, 0.3373295244434453277
-0.0545545545545500013, 0.3687568263890911857
-0.0520520520520499977, 0.4048091024673773353
-0.0495495495495500010, 0.4464400155396195391
-0.0470470470470499974, 0.4948620826195832545
-0.0445445445445400018, 0.5516357048656278517
-0.0420420420420399982, 0.6187960350244380292
-0.0395395395395400015, 0.6990372134702687035
-0.0370370370370399979, 0.7959856033790080332
-0.0345345345345300023, 0.9146146776619401564
-0.0320320320320299987, 1.0618919474986348028
-0.0295295295295299985, 1.2478186044134296218
-0.0270270270270299984, 1.4871590271902401792
-0.0245245245245199993, 1.8024353256413441215
-0.0220220220220199991, 2.2293606955096438860
-0.0195195195195199990, 2.8272604866841004601
-0.0170170170170199989, 3.7004410886481182708
-0.0145145145145099998, 5.0457474842424492323
-0.0120120120120099996, 7.2698116747880874300
-0.0095095095095099995, 11.3183661866771245741
-0.0070070070070070000, 19.7689886197651176758
-0.0045045045045049997, 41.2241601381289015649
-0.0020020020020019998, 106.6556965516143549166
0.0005005005005005000, 168.3050198899709926081
0.0030030030030029999, 71.6587401902050942226
0.0055055055055059999, 29.9267111511671402013
0.0080080080080079993, 15.5477098912229969585
0.0105105105105099995, 9.3756431068798224970
0.0130130130130099997, 6.2332014732323273165
0.0155155155155200005, 4.4321494642237944106
0.0180180180180199989, 3.3087779550579754506
0.0205205205205199991, 2.5626330603687970111
0.0230230230230199992, 2.0424870473749794364
0.0255255255255299983, 1.6657402778092864626
0.0280280280280299984, 1.3842649319116295814
0.0305305305305299986, 1.1685131133295489914
0.0330330330330299987, 0.9995442994756158495
0.0355355355355400013, 0.8647702065104518887
0.0380380380380399979, 0.7555630758871867414
0.0405405405405400016, 0.6658510305753294611
0.0430430430430399982, 0.5912614570244798529
0.0455455455455500008, 0.5285812360039267022
0.0480480480480499975, 0.4754067437238065907
0.0505505505505500011, 0.4299110912525294648
0.0530530530530499977, 0.3906858089834029379
0.0555555555555600003, 0.3566309747882043246
0.0580580580580599970, 0.3268775663951818955
0.0605605605605600006, 0.3007316783160191020
0.0630630630630600042, 0.2776338434111256248
0.0655655655655699998, 0.2571289615838221465
0.0680680680680700034, 0.2388437897964373891
0.0705705705705699932, 0.2224698969437332030
0.0730730730730699968, 0.2077506188418559718
0.0755755755755800063, 0.1944709757510676429
0.0780780780780799960, 0.1824498079976932252
0.0805805805805799996, 0.1715335892187517530
0.0830830830830800032, 0.1615915204786167181
0.0855855855855899988, 0.1525116109991691005
0.0880880880880900025, 0.1441975251487732645
0.0905905905905900061, 0.1365660291818934224
0.0930930930930899958, 0.1295449108382354941
0.0955955955956000053, 0.1230712743266019898
0.0980980980980999950, 0.1170901352500941794
0.1006006006005999986, 0.1115532566647872703
0.1031031031031000023, 0.1064181801221713020
0.1056056056056000059, 0.1016474152478594462
0.1081081081080999956, 0.0972077588971350381
0.1106106106105999992, 0.0930697207451376407
0.1131131131131000028, 0.0892070367169535278
0.1156156156156000064, 0.0855962552388808556
0.1181181181180999962, 0.0822163841201522805
0.1206206206205999998, 0.0790485881229660431
0.1231231231231000034, 0.0760759290757576923
0.1256256256256000070, 0.0732831418279718816
0.1281281281281000106, 0.0706564405092884040
0.1306306306305999865, 0.0681833505003471146
0.1331331331330999901, 0.0658525622906148411
0.1356356356355999937, 0.0636538040273633421
0.1381381381380999973, 0.0615777300754337953
0.1406406406406000009, 0.0596158233323653489
0.1431431431431000045, 0.0577603093948397192
0.1456456456456000081, 0.0560040809640029308
0.1481481481481000118, 0.0543406311200601150
0.1506506506506999910, 0.0527639942994291150
0.1531531531531999946, 0.0512686939777931699
0.1556556556556999982, 0.0498496962053660009
0.1581581581582000018, 0.0485023682612443635
0.1606606606607000054, 0.0472224417956809139
0.1631631631632000090, 0.0460059799155733001
0.1656656656657000126, 0.0448493477419887321
0.1681681681681999885, 0.0437491860312264752
0.1706706706706999921, 0.0427023875044990966
0.1731731731731999957, 0.0417060755772207664
0.1756756756756999993, 0.0407575852183267445
0.1781781781782000029, 0.0398544457039944344
0.1806806806807000065, 0.0389943650594378466
0.1831831831832000101, 0.0381752160077851524
0.1856856856857000138, 0.0373950232670154162
0.1881881881881999896, 0.0366519520550158545
0.1906906906906999932, 0.0359442976794343352
0.1931931931931999968, 0.0352704761035029374
0.1956956956957000004, 0.0346290153916878757
0.1981981981982000041, 0.0340185479501343285
0.2007007007007000077, 0.0334378034866411739
0.2032032032032000113, 0.0328856026234966986
0.2057057057056999871, 0.0323608511040997943
0.2082082082081999908, 0.0318625345410102484
0.2107107107106999944, 0.0313897136590365611
0.2132132132131999980, 0.0309415199922831036
0.2157157157157000016, 0.0305171519988234746
0.2182182182182000052, 0.0301158715609250449
0.2207207207207000088, 0.0297370008425843491
0.2232232232232000124, 0.0293799194796036042
0.2257257257256999883, 0.0290440620805982250
0.2282282282281999919, 0.0287289160202173141
0.2307307307306999955, 0.0284340195085281341
0.2332332332331999991, 0.0281589599229956217
0.2357357357357000027, 0.0279033723918157353
0.2382382382382000063, 0.0276669386195670906
0.2407407407407000099, 0.0274493859482583848
0.2432432432432000136, 0.0272504866488986960
0.2457457457456999894, 0.0270700574407307173
0.2482482482481999930, 0.0269079592372700530
0.2507507507508000000, 0.0267640971203152167
0.2532532532533000036, 0.0266384205451598056
0.2557557557558000072, 0.0265309237823806790
0.2582582582583000108, 0.0264416466038246284
0.2607607607608000144, 0.0263706752228051559
0.2632632632633000180, 0.0263181435010871531
0.2657657657658000216, 0.0262842344380227813
0.2682682682683000253, 0.0262691819602517557
0.2707707707707999734, 0.0262732730337479244
0.2732732732732999770, 0.0262968501237400426
0.2757757757757999806, 0.0263403140322289037
0.2782782782782999842, 0.0264041271475454337
0.2807807807807999878, 0.0264888171457384504
0.2832832832832999914, 0.0265949811896570992
0.2857857857857999950, 0.0267232906785307492
0.2882882882882999986, 0.0268744966087984122
0.2907907907908000023, 0.0270494356160854779
0.2932932932933000059, 0.0272490367787759924
0.2957957957958000095, 0.0274743292758446341
0.2982982982983000131, 0.0277264510057962585
0.3008008008008000167, 0.0280066582900772645
0.3033033033033000203, 0.0283163368036184818
0.3058058058058000239, 0.0286570138977658255
0.3083083083083000275, 0.0290303725074063448
0.3108108108107999756, 0.0294382668653786136
0.3133133133132999792, 0.0298827402842196665
0.3158158158157999829, 0.0303660453091199670
0.3183183183182999865, 0.0308906665980476086
0.3208208208207999901, 0.0314593469471398796
0.3233233233232999937, 0.0320751169538093239
0.3258258258257999973, 0.0327413288992752377
0.3283283283283000009, 0.0334616955397834606
0.3308308308308000045, 0.0342403346258088881
0.3333333333333000081, 0.0350818201263571605
0.3358358358358000118, 0.0359912413277450258
0.3383383383383000154, 0.0369742712114214667
0.3408408408408000190, 0.0380372458042657555
0.3433433433433000226, 0.0391872565511553819
0.3458458458458000262, 0.0404322582012172291
0.3483483483482999743, 0.0417811952490142260
0.3508508508509000090, 0.0432441506599057779
0.3533533533534000126, 0.0448325214741008560
0.3558558558559000162, 0.0465592269780547297
0.3583583583584000198, 0.0484389565232600169
0.3608608608609000235, 0.0504884658523883298
0.3633633633634000271, 0.0527269330839158779
0.3658658658658999752, 0.0551763884750586658
0.3683683683683999788, 0.0578622359560403837
0.3708708708708999824, 0.0608138895190237505
0.3733733733733999860, 0.0640655542865394279
0.3758758758758999896, 0.0676571910856640091
0.3783783783783999932, 0.0716357154773029220
0.3808808808808999968, 0.0760564986676654786
0.3833833833834000004, 0.0809852603451303166
0.3858858858859000041, 0.0865004748511287586
0.3883883883884000077, 0.0926964560789449582
0.3908908908909000113, 0.0996873489145737451
0.3933933933934000149, 0.1076123447525085958
0.3958958958959000185, 0.1166425693575335321
0.3983983983984000221, 0.1269902846977095101
0.4009009009009000257, 0.1389213369542214860
0.4034034034033999738, 0.1527722272780649426
0.4059059059058999774, 0.1689738744130016013
0.4084084084083999810, 0.1880852402923705868
0.4109109109108999847, 0.2108417836590482930
0.4134134134133999883, 0.2382267016143050364
0.4159159159158999919, 0.2715780604024709000
0.4184184184183999955, 0.3127540229416130857
0.4209209209208999991, 0.3643950845726530163
0.4234234234234000027, 0.4303541098872989412
0.4259259259259000063, 0.5164286324229141467
0.4284284284284000099, 0.6316638420274502952
0.4309309309309000136, 0.7907942160603421700
0.4334334334334000172, 1.0191112440496126190
0.4359359359359000208, 1.3629275701215015637
0.4384384384384000244, 1.9142749693749996354
0.4409409409408999725, 2.8765100908504255273
0.4434434434433999761, 4.7670911637110462422
0.4459459459458999797, 9.1736637949922119617
0.4484484484483999833, 21.9686533477484786658
0.4509509509510000180, 51.5183445015243037801
0.4534534534535000216, 32.5484029493359443563
0.4559559559560000253, 12.5879938281476988493
0.4584584584584999734, 6.0427522566995994779
0.4609609609609999770, 3.4634044200263609525
0.4634634634634999806, 2.2271995786555462971
0.4659659659659999842, 1.5479010022350252473
0.4684684684684999878, 1.1369122396497850502
0.4709709709709999914, 0.8701082095503518410
0.4734734734734999950, 0.6873875481032407642
0.4759759759759999986, 0.5568972952739904558
0.4784784784785000022, 0.4605181326587769464
0.4809809809810000059, 0.3873411546165578256
0.4834834834835000095, 0.3304861184884777536
0.4859859859860000131, 0.2854423084284493095
0.4884884884885000167, 0.2491540116006683847
0.4909909909910000203, 0.2194922804122907412
0.4934934934935000239, 0.1949373710550129368
0.4959959959960000275, 0.1743811229046853817
0.4984984984984999756, 0.1570002126855432889
0.5010010010009999792, 0.1421726777585562429
0.5035035035035000384, 0.1294216268811838599
0.5060060060059999865, 0.1183764769047632587
0.5085085085085000456, 0.1087457492763146960
0.5110110110109999937, 0.1002976502338771142
0.5135135135135000528, 0.0928459909534342931
0.5160160160160000009, 0.0862398339383115831
0.5185185185184999490, 0.0803557802869007548
0.5210210210210000081, 0.0750921554579952466
0.5235235235234999562, 0.0703645778504070063
0.5260260260260000154, 0.0661025468518835757
0.5285285285284999635, 0.0622467909579919182
0.5310310310310000226, 0.0587471884972156702
0.5335335335334999707, 0.0555611239393983131
0.5360360360360000298, 0.0526521785683834592
0.5385385385384999779, 0.0499890800051755180
0.5410410410410000370, 0.0475448537212751488
0.5435435435434999851, 0.0452961333537111391
0.5460460460460000442, 0.0432225967486203067
0.5485485485484999924, 0.0413065022106313406
0.5510510510510999715, 0.0395323051183267410
0.5535535535536000307, 0.0378863393773656229
0.5560560560560999788, 0.0363565514779466969
0.5585585585586000379, 0.0349322774595599711
0.5610610610610999860, 0.0336040550512616276
0.5635635635636000451, 0.0323634647882703325
0.5660660660660999932, 0.0312029951080524809
0.5685685685686000523, 0.0301159273778287620
0.5710710710711000004, 0.0290962375582089379
0.5735735735735999485, 0.0281385118080717672
0.5760760760761000077, 0.0272378738170976735
0.5785785785785999558, 0.0263899220400192376
0.5810810810811000149, 0.0255906753203312201
0.5835835835835999630, 0.0248365256461341583
0.5860860860861000221, 0.0241241969888530555
0.5885885885885999702, 0.0234507093460767646
0.5910910910911000293, 0.0228133472500341647
0.5935935935935999774, 0.0222096321190505194
0.5960960960961000366, 0.0216372979253188699
0.5985985985985999847, 0.0210942697321478863
0.6011011011011000438, 0.0205786447204556050
0.6036036036035999919, 0.0200886753800349656
0.6061061061061000510, 0.0196227545879359734
0.6086086086085999991, 0.0191794023357412871
0.6111111111110999472, 0.0187572539008191846
0.6136136136136000063, 0.0183550492848506830
0.6161161161160999544, 0.0179716237668898493
0.6186186186186000135, 0.0176058994386223203
0.6211211211210999616, 0.0172568776069087389
0.6236236236236000208, 0.0169236319636100023
0.6261261261260999689, 0.0166053024354830825
0.6286286286286000280, 0.0163010896379355077
0.6311311311310999761, 0.0160102498659062641
0.6336336336336000352, 0.0157320905633287489
0.6361361361360999833, 0.0154659662197178700
0.6386386386386000424, 0.0152112746485703002
0.6411411411410999905, 0.0149674536076084917
0.6436436436436000497, 0.0147339777255504623
0.6461461461460999978, 0.0145103557041454754
0.6486486486485999459, 0.0142961277677622015
0.6511511511512000361, 0.0140908633359216762
0.6536536536536999842, 0.0138941588968911171
0.6561561561562000433, 0.0137056360628480100
0.6586586586586999914, 0.0135249397892301219
0.6611611611612000505, 0.0133517367427438746
0.6636636636636999986, 0.0131857138041427992
0.6661661661661999467, 0.0130265766933374653
0.6686686686687000059, 0.0128740487056819702
0.6711711711711999540, 0.0127278695494210132
0.6736736736737000131, 0.0125877942752924861
0.6761761761761999612, 0.0124535922901807816
0.6786786786787000203, 0.0123250464475164901
0.6811811811811999684, 0.0122019522078336481
0.6836836836837000275, 0.0120841168635334520
0.6861861861861999756, 0.0119713588224744372
0.6886886886887000347, 0.0118635069455203697
0.6911911911911999828, 0.0117603999336352866
0.6936936936937000420, 0.0116618857605266558
0.6961961961961999901, 0.0115678211472076548
0.6986986986987000492, 0.0114780710751822244
0.7012012012011999973, 0.0113925083352568231
0.7037037037036999454, 0.0113110131092531360
0.7062062062062000045, 0.0112334725821409999
0.7087087087086999526, 0.0111597805823314619
0.7112112112112000117, 0.0110898372480706230
0.7137137137136999598, 0.0110235487180563255
0.7162162162162000190, 0.0109608268445648381
0.7187187187186999671, 0.0109015889275245591
0.7212212212212000262, 0.0108457574681105305
0.7237237237236999743, 0.0107932599405577475
0.7262262262262000334, 0.0107440285810054340
0.7287287287286999815, 0.0106980001922880423
0.7312312312312000406, 0.0106551159636843820
0.7337337337336999887, 0.0106153213047235767
0.7362362362362000479, 0.0105785656922271556
0.7387387387386999960, 0.0105448025298406668
0.7412412412412000551, 0.0105139890193766527
0.7437437437437000032, 0.0104860860433544610
0.7462462462461999513, 0.0104610580581809137
0.7487487487487000104, 0.0104388729974710538
0.7512512512512999896, 0.0104195021850590399
0.7537537537538000487, 0.0104029202572974901
0.7562562562562999968, 0.0103891050942886264
0.7587587587587999449, 0.0103780377597331996
0.7612612612613000040, 0.0103697024491235731
0.7637637637637999521, 0.0103640864460460627
0.7662662662663000113, 0.0103611800863943736
0.7687687687687999594, 0.0103609767303316745
0.7712712712713000185, 0.0103634727418732836
0.7737737737737999666, 0.0103686674759955154
0.7762762762763000257, 0.0103765632732092886
0.7787787787787999738, 0.0103871654615694132
0.7812812812813000329, 0.0104004823661231205
0.7837837837837999810, 0.0104165253258333770
0.7862862862863000402, 0.0104353087180453653
0.7887887887887999883, 0.0104568499905973722
0.7912912912913000474, 0.0104811697017110194
0.7937937937937999955, 0.0105082915678304314
0.7962962962963000546, 0.0105382425196154181
0.7987987987988000027, 0.0105710527663310898
0.8013013013012999508, 0.0106067558689148644
0.8038038038038000099, 0.0106453888220424866
0.8063063063062999580, 0.0106869921455575775
0.8088088088088000172, 0.0107316099856746040
0.8113113113112999653, 0.0107792902264133138
0.8138138138138000244, 0.0108300846117743363
0.8163163163162999725, 0.0108840488792206792
0.8188188188188000316, 0.0109412429050890925
0.8213213213212999797, 0.0110017308626191891
0.8238238238238000388, 0.0110655813933570116
0.8263263263262999869, 0.0111328677927644334
0.8288288288288000460, 0.0112036682109467618
0.8313313313312999941, 0.0112780658694989384
0.8338338338338000533, 0.0113561492955666331
0.8363363363363000014, 0.0114380125743232895
0.8388388388387999495, 0.0115237556211784681
0.8413413413413000086, 0.0116134844751583366
0.8438438438437999567, 0.0117073116150363150
0.8463463463463000158, 0.0118053562999429623
0.8488488488487999639, 0.0119077449363499920
0.8513513513514000541, 0.0120146114735059945
0.8538538538539000022, 0.0121260978296030969
0.8563563563563999503, 0.0122423543511756584
0.8588588588589000095, 0.0123635403084787140
0.8613613613613999576, 0.0124898244298652095
0.8638638638639000167, 0.0126213854784830420
0.8663663663663999648, 0.0127584128749474862
0.8688688688689000239, 0.0129011073700158237
0.8713713713713999720, 0.0130496817717049643
0.8738738738739000311, 0.0132043617317529321
0.8763763763763999792, 0.0133653865968384657
0.8788788788789000384, 0.0135330103305466784
0.8813813813813999865, 0.0137075025127089013
0.8838838838839000456, 0.0138891494234632488
0.8863863863863999937, 0.0140782552201860374
0.8888888888889000528, 0.0142751432163472514
0.8913913913914000009, 0.0144801572723586465
0.8938938938938999490, 0.0146936633096243375
0.8963963963964000081, 0.0149160509602930674
0.8988988988988999562, 0.0151477353666641147
0.9014014014014000153, 0.0153891591458433577
0.9039039039038999634, 0.0156407945371078577
0.9064064064064000226, 0.0159031457515480812
0.9089089089088999707, 0.0161767515459569321
0.9114114114114000298, 0.0164621880456636629
0.9139139139138999779, 0.0167600718441226447
0.9164164164164000370, 0.0170710634106209166
0.9189189189188999851, 0.0173958708415315640
0.9214214214214000442, 0.0177352539952000191
0.9239239239238999923, 0.0180900290558978181
0.9264264264264000515, 0.0184610735784320086
0.9289289289288999996, 0.0188493320720926165
0.9314314314313999477, 0.0192558221908123092
0.9339339339339000068, 0.0196816416058993894
0.9364364364363999549, 0.0201279756487067786
0.9389389389389000140, 0.0205961058233931973
0.9414414414413999621, 0.0210874193048432301
0.9439439439439000212, 0.0216034195542267708
0.9464464464463999693, 0.0221457382050769813
0.9489489489489000285, 0.0227161483967080399
0.9514514514515000076, 0.0233165797599803812
0.9539539539539999558, 0.0239491352936887780
0.9564564564565000149, 0.0246161104092208448
0.9589589589589999630, 0.0253200144678761493
0.9614614614615000221, 0.0260635951908803447
0.9639639639639999702, 0.0268498663885890290
0.9664664664665000293, 0.0276821395350040425
0.9689689689689999774, 0.0285640598094445662
0.9714714714715000365, 0.0294996473426898838
0.9739739739739999846, 0.0304933445447010537
0.9764764764765000438, 0.0315500705609020743
0.9789789789789999919, 0.0326752841112289832
0.9814814814815000510, 0.0338750562199665803
0.9839839839839999991, 0.0351561546565889449
0.9864864864864999472, 0.0365261422934930677
0.9889889889890000063, 0.0379934920651632674
0.9914914914914999544, 0.0395677218101780984
0.9939939939940000135, 0.0412595530254855763
0.9964964964964999616, 0.0430810985047391237
0.9989989989990000208, 0.0450460850261748397
1.0015015015019999023, 0.0471701187762897031
1.0040040040039999170, 0.0494710031447468113
1.0065065065070000205, 0.0519691210400571243
1.0090090090090000352, 0.0546878971400886482
1.0115115115119999167, 0.0576543597601560723
1.0140140140139999314, 0.0608998276448162734
1.0165165165170000350, 0.0644607544556609624
1.0190190190190000497, 0.0683797737228544755
1.0215215215219999312, 0.0727070005279635834
1.0240240240239999459, 0.0775016645895242884
1.0265265265270000494, 0.0828341747631781145
1.0290290290290000641, 0.0887887502315290317
1.0315315315319999456, 0.0954668032904972819
1.0340340340339999603, 0.1029913293471809155
1.0365365365370000639, 0.1115126618025243099
1.0390390390390000785, 0.1212160988849298182
1.0415415415419999601, 0.1323321315262129816
1.0440440440439999747, 0.1451503368125124094
1.0465465465470000783, 0.1600385174762251062
1.0490490490490000930, 0.1774694770686087997
1.0515515515519999745, 0.1980591169448381317
1.0540540540539999892, 0.2226216679122455799
1.0565565565570000928, 0.2522514498872337474
1.0590590590590001074, 0.2884467577604575284
1.0615615615619999890, 0.3333025778423310270
1.0640640640640000036, 0.3898194556911142583
1.0665665665670001072, 0.4624157212052714683
1.0690690690689998998, 0.5578111773455693978
1.0715715715720000034, 0.6866236749390811633
1.0740740740740000181, 0.8664158056848100253
1.0765765765769998996, 1.1279039371130177294
1.0790790790789999143, 1.5286719916696702715
1.0815815815820000179, 2.1866585866028867002
1.0840840840840000325, 3.3730620123043091318
1.0865865865869999141, 5.8158639645616174718
1.0890890890889999287, 11.9017688912489045805
1.0915915915920000323, 30.3967229195010339993
1.0940940940940000470, 53.4914594580597153595
1.0965965965969999285, 24.1292997307814793828
1.0990990990989999432, 9.8926810625153756007
1.1016016016020000468, 5.0643568894152624082
1.1041041041040000614, 3.0275885268360336333
1.1066066066069999430, 2.0031505872089172549
1.1091091091089999576, 1.4210488914918499859
1.1116116116120000612, 1.0602923220186648567
1.1141141141140000759, 0.8218728407465774044
1.1166166166169999574, 0.6563480733689553981
1.1191191191189999721, 0.5368787508608839909
1.1216216216220000756, 0.4479035927348751778
1.1241241241240000903, 0.3799073600666564299
1.1266266266269999718, 0.3268112594205112020
1.1291291291289999865, 0.2845868022327586178
1.1316316316320000901, 0.2504798261919263247
1.1341341341340001048, 0.2225563340696321835
1.1366366366369999863, 0.1994263484649704543
1.1391391391390000010, 0.1800703603533839736
1.1416416416420001045, 0.1637270526429655260
1.1441441441439998972, 0.1498187858022509422
1.1466466466470000007, 0.1379010097747110919
1.1491491491490000154, 0.1276272153088210126
1.1516516516519998969, 0.1187242041182729330
1.1541541541539999116, 0.1109743497900862602
1.1566566566570000152, 0.1042026816128549666
1.1591591591590000299, 0.0982673513746445404
1.1616616616619999114, 0.0930525094668813862
1.1641641641639999261, 0.0884629211111353370
1.1666666666670000296, 0.0844198558745147404
1.1691691691690000443, 0.0808579203143806047
1.1716716716719999258, 0.0777225973099579109
1.1741741741739999405, 0.0749683208102508158
1.1766766766770000441, 0.0725569606549895385
1.1791791791790000588, 0.0704566249051214177
1.1816816816819999403, 0.0686407108084632345
1.1841841841839999550, 0.0670871528626476032
1.1866866866870000585, 0.0657778292957143101
1.1891891891890000732, 0.0646980979662013234
1.1916916916919999547, 0.0638364401078267002
1.1941941941939999694, 0.0631841961694639964
1.1966966966970000730, 0.0627353827164817412
1.1991991991990000876, 0.0624865833374558255
1.2017017017019999692, 0.0624369100412092357
1.2042042042039999838, 0.0625880349936456387
1.2067067067070000874, 0.0629442958799671659
1.2092092092090001021, 0.0635128819473728956
1.2117117117119999836, 0.0643041121905974927
1.2142142142139999983, 0.0653318225705260269
1.2167167167170001019, 0.0666138861147078376
1.2192192192189998945, 0.0681728989454219170
1.2217217217219999981, 0.0700370777260132943
1.2242242242240000127, 0.0722414311832125233
1.2267267267269998943, 0.0748292924423142325
1.2292292292289999089, 0.0778543332141314881
1.2317317317320000125, 0.0813832304856023092
1.2342342342340000272, 0.0854992292437378731
1.2367367367369999087, 0.0903069535640374094
1.2392392392389999234, 0.0959389836560065601
1.2417417417420000270, 0.1025649721926024521
1.2442442442440000416, 0.1104044770691653132
1.2467467467469999232, 0.1197453396516042351
1.2492492492489999378, 0.1309705159401387542
1.2517517517520000414, 0.1445981005780195561
1.2542542542540000561, 0.1613424925222948503
1.2567567567569999376, 0.1822104624483280033
1.2592592592589999523, 0.2086568132765313499
1.2617617617620000559, 0.2428457953799106062
1.2642642642640000705, 0.2881087518797998959
1.2667667667669999521, 0.3497853491463992492
1.2692692692689999667, 0.4368623466093000118
1.2717717717720000703, 0.5653982036497748886
1.2742742742740000850, 0.7663257736037922818
1.2767767767769999665, 1.1052689988151658262
1.2792792792789999812, 1.7403647248073630394
1.2817817817820000847, 3.1234854832515930312
1.2842842842840000994, 6.8409004855774675491
1.2867867867869999809, 17.8183900423125081147
1.2892892892889999956, 19.2793055149366523437
1.2917917917920000992, 7.4924953077078750852
1.2942942942939998918, 3.3457022479823890215
1.2967967967969999954, 1.8385962639446427058
1.2992992992990000101, 1.1601607556866309068
1.3018018018019998916, 0.8036446990649444011
1.3043043043039999063, 0.5951273095863915952
1.3068068068070000098, 0.4634952907506003639
1.3093093093090000245, 0.3756023530215998329
1.3118118118119999060, 0.3143926591049079899
1.3143143143139999207, 0.2703916445801821666
1.3168168168170000243, 0.2380071907542249954
1.3193193193190000390, 0.2137733965662638180
1.3218218218219999205, 0.1954548993087187880
1.3243243243239999352, 0.1815623481519134941
1.3268268268270000387, 0.1710770651713106050
1.3293293293290000534, 0.1632879465866126922
1.3318318318319999349, 0.1576913994851299461
1.3343343343339999496, 0.1539281211481526024
1.3368368368370000532, 0.1517421940117533730
1.3393393393390000679, 0.1509541504206072249
1.3418418418419999494, 0.1514430677800243652
1.3443443443439999641, 0.1531347009143105564
1.3468468468470000676, 0.1559938096714512945
1.3493493493490000823, 0.1600195461938652697
1.3518518518519999638, 0.1652432191708323450
1.3543543543539999785, 0.1717280607942720527
1.3568568568570000821, 0.1795708515630699553
1.3593593593590000967, 0.1889054513398153445
1.3618618618619999783, 0.1999084742738524156
1.3643643643639999929, 0.2128075597079796544
1.3668668668670000965, 0.2278929641734232514
1.3693693693689998891, 0.2455335754829671702
1.3718718718719999927, 0.2661989948562070163
1.3743743743740000074, 0.2904901515290733705
1.3768768768770001110, 0.3191821785402365053
1.3793793793789999036, 0.3532852805246767258
1.3818818818820000072, 0.3941325746273209862
1.3843843843840000218, 0.4435093014359828278
1.3868868868869999034, 0.5038470857293835259
1.3893893893889999180, 0.5785233434672449881
1.3918918918920000216, 0.6723359975809650724
1.3943943943940000363, 0.7922809493954582338
1.3968968968969999178, 0.9488739258303344748
1.3993993993989999325, 1.1584980011461061267
1.4019019019020000361, 1.4477925651794474327
1.4044044044040000507, 1.8623792863218300297
1.4069069069069999323, 2.4855569732057301024
1.4094094094089999469, 3.4822396282738394824
1.4119119119120000505, 5.2150411034095602858
1.4144144144140000652, 8.6005983463266844069
1.4169169169169999467, 16.4275556812036498400
1.4194194194189999614, 38.9697042621244023053
1.4219219219220000650, 93.5129048407673195697
1.4244244244240000796, 62.5164656752359917391
1.4269269269269999612, 24.0613062298269824169
1.4294294294289999758, 11.4476083320812236366
1.4319319319320000794, 6.5222480054434619490
1.4344344344340000941, 4.1773712309684531974
1.4369369369369999756, 2.8947555500578721066
1.4394394394389999903, 2.1212693954074968161
1.4419419419420000938, 1.6203361471055244269
1.4444444444440001085, 1.2778859171572098941
1.4469469469469999900, 1.0336590698591376913
1.4494494494490000047, 0.8534653966127833113
1.4519519519520001083, 0.7167631650769004104
1.4544544544539999009, 0.6106189215889105126
1.4569569569570000045, 0.5265656027048498666
1.4594594594590000192, 0.4588743003326272718
1.4619619619619999007, 0.4035577730332701174
1.4644644644639999154, 0.3577722912058661220
1.4669669669670000189, 0.3194458900204467655
1.4694694694690000336, 0.2870402201303183798
1.4719719719719999151, 0.2593938582475626697
1.4744744744739999298, 0.2356167451713641059
1.4769769769770000334, 0.2150175497598100782
1.4794794794790000481, 0.1970527310680704747
1.4819819819819999296, 0.1812901990947176079
1.4844844844839999443, 0.1673829835591323922
1.4869869869870000478, 0.1550498817273002483
1.4894894894890000625, 0.1440610494802241348
1.4919919919919999440, 0.1342271440616729650
1.4944944944939999587, 0.1253910524593667697
1.4969969969970000623, 0.1174215251320855635
1.4994994994990000770, 0.1102082296611235912
1.5020020020019999585, 0.1036578736868348366
1.5045045045050000621, 0.0976911409510465567
1.5070070070070000767, 0.0922402512831192456
1.5095095095099999583, 0.0872470034611836504
1.5120120120119999729, 0.0826611947648979301
1.5145145145150000765, 0.0784393365947618909
1.5170170170170000912, 0.0745436044360102690
1.5195195195199999727, 0.0709409745499522126
1.5220220220219999874, 0.0676025103886718215
1.5245245245250000909, 0.0645027697777783154
1.5270270270270001056, 0.0616193100618068340
1.5295295295299999871, 0.0589322731391926369
1.5320320320320000018, 0.0564240359797098801
1.5345345345350001054, 0.0540789150754071996
1.5370370370369998980, 0.0518829155178381907
1.5395395395400000016, 0.0498235171629628493
1.5420420420420000163, 0.0478894917480320106
1.5445445445449998978, 0.0460707459434971933
1.5470470470469999125, 0.0443581862196394602
1.5495495495500000160, 0.0427436021296504556
1.5520520520520000307, 0.0412195651950696684
1.5545545545549999122, 0.0397793410541743969
1.5570570570569999269, 0.0384168129212660164
1.5595595595600000305, 0.0371264147222029328
1.5620620620620000452, 0.0359030725325848385
1.5645645645649999267, 0.0347421531605496201
1.5670670670669999414, 0.0336394188947603673
1.5695695695700000449, 0.0325909875866675566
1.5720720720720000596, 0.0315932973600559983
1.5745745745749999411, 0.0306430753445884815
1.5770770770769999558, 0.0297373099171410506
1.5795795795800000594, 0.0288732260080626774
1.5820820820820000741, 0.0280482630914194765
1.5845845845849999556, 0.0272600555307553616
1.5870870870869999703, 0.0265064149964449117
1.5895895895900000738, 0.0257853147086551833
1.5920920920920000885, 0.0250948752923231197
1.5945945945949999700, 0.0244333520582647075
1.5970970970969999847, 0.0237991235483185695
1.5995995996000000883, 0.0231906812028635605
1.6021021021020001029, 0.0226066200266721896
1.6046046046049999845, 0.0220456301442798763
1.6071071071069999991, 0.0215064891492146963
1.6096096096100001027, 0.0209880551628619447
1.6121121121119998953, 0.0204892605286584144
1.6146146146149999989, 0.0200091060759570241
1.6171171171170000136, 0.0195466558954421679
1.6196196196199998951, 0.0191010325745655241
1.6221221221219999098, 0.0186714128472423788
1.6246246246250000134, 0.0182570236171088300
1.6271271271270000280, 0.0178571383180866107
1.6296296296299999096, 0.0174710735799148108
1.6321321321319999242, 0.0170981861697572096
1.6346346346350000278, 0.0167378701840383906
1.6371371371370000425, 0.0163895544673547215
1.6396396396399999240, 0.0160527002376901311
1.6421421421419999387, 0.0157267988992813648
1.6446446446450000423, 0.0154113700263549935
1.6471471471470000569, 0.0151059595026288088
1.6496496496499999385, 0.0148101378029573544
1.6521521521519999531, 0.0145234984048276880
1.6546546546550000567, 0.0142456563185958968
1.6571571571570000714, 0.0139762467264134636
1.6596596596599999529, 0.0137149237207406828
1.6621621621619999676, 0.0134613591341935981
1.6646646646650000712, 0.0132152414532332244
1.6671671671670000858, 0.0129762748088908288
1.6696696696699999674, 0.0127441780383386327
1.6721721721719999820, 0.0125186838116701487
1.6746746746750000856, 0.0122995378187540760
1.6771771771770001003, 0.0120864980114768587
1.6796796796799999818, 0.0118793338970963804
1.6821821821819999965, 0.0116778258787977561
1.6846846846850001000, 0.0114817646398756943
1.6871871871869998927, 0.0112909505682700015
1.6896896896899999962, 0.0111051932184548351
1.6921921921920000109, 0.0109243108079311764
1.6946946946949998924, 0.0107481297457978301
1.6971971971969999071, 0.0105764841910820605
1.6996996997000000107, 0.0104092156386978701
1.7022022022020000254, 0.0102461725310706020
1.7047047047049999069, 0.0100872098936218447
1.7072072072069999216, 0.0099321889924506475
1.7097097097100000251, 0.0097809770126764794
1.7122122122120000398, 0.0096334467560280253
1.7147147147149999213, 0.0094894763563700846
1.7172172172169999360, 0.0093489490119602666
1.7197197197200000396, 0.0092117527333179551
1.7222222222220000543, 0.0090777801056714843
1.7247247247249999358, 0.0089469280650260226
1.7272272272269999505, 0.0088190976869647868
1.7297297297300000540, 0.0086941939873609909
1.7322322322320000687, 0.0085721257342371987
1.7347347347349999502, 0.0084528052700634203
1.7372372372369999649, 0.0083361483438358190
1.7397397397400000685, 0.0082220739523239557
1.7422422422420000832, 0.0081105041899177215
1.7447447447449999647, 0.0080013641065441472
1.7472472472469999794, 0.0078945815731611690
1.7497497497500000829, 0.0077900871543687966
1.7522522522520000976, 0.0076878139877094350
1.7547547547549999791, 0.0075876976692579425
1.7572572572569999938, 0.0074896761451286155
1.7597597597600000974, 0.0073936896085510448
1.7622622622619998900, 0.0072996804021896984
1.7647647647649999936, 0.0072075929254032918
1.7672672672670000082, 0.0071173735461597405
1.7697697697699998898, 0.0070289705173407994
1.7722722722719999044, 0.0069423338971874270
1.7747747747750000080, 0.0068574154736527901
1.7772772772770000227, 0.0067741686924444400
1.7797797797799999042, 0.0066925485885509055
1.7822822822819999189, 0.0066125117210606502
1.7847847847850000225, 0.0065340161110931886
1.7872872872870000371, 0.0064570211826732093
1.7897897897899999187, 0.0063814877063888172
1.7922922922919999333, 0.0063073777456846575
1.7947947947950000369, 0.0062346546056495974
1.7972972972970000516, 0.0061632827841670091
1.7997997997999999331, 0.0060932279253035739
1.8023023023019999478, 0.0060244567748197354
1.8048048048050000514, 0.0059569371376918326
1.8073073073070000660, 0.0058906378375422992
1.8098098098099999476, 0.0058255286778802918
1.8123123123119999622, 0.0057615804050607216
1.8148148148150000658, 0.0056987646728748759
1.8173173173170000805, 0.0056370540086907702
1.8198198198199999620, 0.0055764217810659244
1.8223223223219999767, 0.0055168421687596201
1.8248248248250000803, 0.0054582901310757208
1.8273273273270000949, 0.0054007413794709405
1.8298298298299999765, 0.0053441723503670335
1.8323323323319999911, 0.0052885601791086995
1.8348348348350000947, 0.0052338826750122002
1.8373373373370001094, 0.0051801182974525860
1.8398398398399999909, 0.0051272461329402571
1.8423423423420000056, 0.0050752458731402154
1.8448448448450001091, 0.0050240977937897752
1.8473473473469999018, 0.0049737827344728883
1.8498498498500000053, 0.0049242820792113843
1.8523523523520000200, 0.0048755777378354992
1.8548548548549999015, 0.0048276521280980235
1.8573573573569999162, 0.0047804881584982044
1.8598598598600000198, 0.0047340692117832902
1.8623623623620000345, 0.0046883791290972168
1.8648648648649999160, 0.0046434021947474955
1.8673673673669999307, 0.0045991231215627860
1.8698698698700000342, 0.0045555270368150338
1.8723723723720000489, 0.0045125994686813437
1.8748748748749999304, 0.0044703263332219701
1.8773773773769999451, 0.0044286939218519897
1.8798798798800000487, 0.0043876888892852867
1.8823823823820000634, 0.0043472982419305445
1.8848848848849999449, 0.0043075093267199126
1.8873873873869999596, 0.0042683098203519015
1.8898898898900000631, 0.0042296877189310399
1.8923923923920000778, 0.0041916313279875342
1.8948948948949999593, 0.0041541292528610510
1.8973973973969999740, 0.0041171703894334619
1.8998998999000000776, 0.0040807439151960860
1.9024024024020000923, 0.0040448392806376535
1.9049049049049999738, 0.0040094462009398410
1.9074074074069999885, 0.0039745546479678442
1.9099099099100000920, 0.0039401548425440297
1.9124124124120001067, 0.0039062372469932114
1.9149149149149999882, 0.0038727925579486950
1.9174174174170000029, 0.0038398116994086328
1.9199199199200001065, 0.0038072858160327731
1.9224224224219998991, 0.0037752062666700876
1.9249249249250000027, 0.0037435646181081996
1.9274274274270000173, 0.0037123526390359261
1.9299299299299998989, 0.0036815622942106573
1.9324324324319999135, 0.0036511857388225972
1.9349349349350000171, 0.0036212153130483257
1.9374374374370000318, 0.0035916435367863695
1.9399399399399999133, 0.0035624631045678796
1.9424424424419999280, 0.0035336668806357210
1.9449449449450000316, 0.0035052478941856383
1.9474474474470000462, 0.0034771993347633865
1.9499499499499999278, 0.0034495145478119905
1.9524524524519999424, 0.0034221870303635339
1.9549549549550000460, 0.0033952104268701270
1.9574574574570000607, 0.0033685785251689089
1.9599599599599999422, 0.0033422852525761609
1.9624624624619999569, 0.0033163246721058196
1.9649649649650000605, 0.0032906909788078449
1.9674674674670000751, 0.0032653784962221209
1.9699699699699999567, 0.0032403816729437099
1.9724724724719999713, 0.0032156950792954749
1.9749749749750000749, 0.0031913134041042209
1.9774774774770000896, 0.0031672314515766888
1.9799799799799999711, 0.0031434441382718588
1.9824824824819999858, 0.0031199464901661674
1.9849849849850000894, 0.0030967336398083946
1.9874874874870001040, 0.0030738008235610620
1.9899899899899999856, 0.0030511433789253608
1.9924924924920000002, 0.0030287567419467120
1.9949949949950001038, 0.0030066364446981620
1.9974974974969998964, 0.0029847781128389799
2.0000000000000000000, 0.0029631774632458414
