# Delta1: 0.465
# Delta2: 1.17
# Delta3: 1.355
# Dq: 0.1355
# Ds: 0.04
# Dt: 0.061000000000000006
# k1_lab: [1, 0, 0]
# k2_lab: [-0.8660254037844387, 0.49999999999999994, 0.0]
# k1_cf: [-0.6123724356957946, -0.6123724356957946, 0.5000000000000001]
# k2_cf: [0.7071067811865476, 0.7071067811865476, 0.0]
# pol1_lab: [(0, 1, 0), (0, 0, 1)]
# pol2_lab: [array([-0.5      , -0.8660254,  0.       ]), array([0., 0., 1.])]
# pol1_cf: [array([0.35355339, 0.35355339, 0.8660254 ]), array([-0.70710678,  0.70710678,  0.        ])]
# pol2_cf: [array([ 0.,  0., -1.]), array([-0.70710678,  0.70710678,  0.        ])]
# cf: [array([-0.61237244,  0.35355339, -0.70710678]), array([-0.61237244,  0.35355339,  0.70710678]), array([0.5      , 0.8660254, 0.       ])]
# th: 60
-0.5000000000000000000, 0.0007756109408481252
-0.4974974974974999964, 0.0007810011827374776
-0.4949949949949999928, 0.0007864589170861859
-0.4924924924924999892, 0.0007919853945072848
-0.4899899899899999856, 0.0007975818961882380
-0.4874874874874999819, 0.0008032497348138769
-0.4849849849849999783, 0.0008089902555223860
-0.4824824824824999747, 0.0008148048368956974
-0.4799799799800000266, 0.0008206948919857252
-0.4774774774775000230, 0.0008266618693779417
-0.4749749749750000194, 0.0008327072542938652
-0.4724724724725000158, 0.0008388325697340945
-0.4699699699700000122, 0.0008450393776636264
-0.4674674674675000086, 0.0008513292802412517
-0.4649649649650000049, 0.0008577039210949291
-0.4624624624625000013, 0.0008641649866451165
-0.4599599599599999977, 0.0008707142074781498
-0.4574574574574999941, 0.0008773533597718511
-0.4549549549549999905, 0.0008840842667756554
-0.4524524524524999869, 0.0008909088003476754
-0.4499499499499000077, 0.0008978288825512185
-0.4474474474474000041, 0.0009048464873134244
-0.4449449449449000005, 0.0009119636421488026
-0.4424424424423999969, 0.0009191824299506113
-0.4399399399398999932, 0.0009265049908531574
-0.4374374374373999896, 0.0009339335241682520
-0.4349349349348999860, 0.0009414702903992429
-0.4324324324323999824, 0.0009491176133362028
-0.4299299299298999788, 0.0009568778822360503
-0.4274274274273999752, 0.0009647535540915761
-0.4249249249249000271, 0.0009727471559935679
-0.4224224224224000235, 0.0009808612875904302
-0.4199199199199000199, 0.0009890986236499504
-0.4174174174174000163, 0.0009974619167281143
-0.4149149149149000126, 0.0010059539999501155
-0.4124124124124000090, 0.0010145777899090241
-0.4099099099099000054, 0.0010233362896878420
-0.4074074074074000018, 0.0010322325920110135
-0.4049049049048999982, 0.0010412698825317981
-0.4024024024023999946, 0.0010504514432622461
-0.3998998998998999910, 0.0010597806561529362
-0.3973973973973999874, 0.0010692610068300074
-0.3948948948948999838, 0.0010788960884974665
-0.3923923923923999801, 0.0010886896060132013
-0.3898898898898999765, 0.0010986453801476324
-0.3873873873873999729, 0.0011087673520344312
-0.3848848848849000248, 0.0011190595878233162
-0.3823823823824000212, 0.0011295262835454970
-0.3798798798799000176, 0.0011401717702029979
-0.3773773773774000140, 0.0011510005190937312
-0.3748748748749000104, 0.0011620171473849350
-0.3723723723724000068, 0.0011732264239483251
-0.3698698698699000031, 0.0011846332754711596
-0.3673673673673999995, 0.0011962427928582514
-0.3648648648648999959, 0.0012080602379409226
-0.3623623623623999923, 0.0012200910505098747
-0.3598598598598999887, 0.0012323408556900181
-0.3573573573573999851, 0.0012448154716764507
-0.3548548548548999815, 0.0012575209178519822
-0.3523523523523999779, 0.0012704634233079216
-0.3498498498497999987, 0.0012836494357912425
-0.3473473473472999951, 0.0012970856311027346
-0.3448448448447999914, 0.0013107789229723826
-0.3423423423422999878, 0.0013247364734399157
-0.3398398398397999842, 0.0013389657037703590
-0.3373373373372999806, 0.0013534743059363911
-0.3348348348347999770, 0.0013682702547014641
-0.3323323323322999734, 0.0013833618203399683
-0.3298298298298000253, 0.0013987575820331700
-0.3273273273273000217, 0.0014144664419823672
-0.3248248248248000181, 0.0014304976402835638
-0.3223223223223000145, 0.0014468607706110657
-0.3198198198198000108, 0.0014635657967607715
-0.3173173173173000072, 0.0014806230701075308
-0.3148148148148000036, 0.0014980433480348387
-0.3123123123123000000, 0.0015158378133993855
-0.3098098098097999964, 0.0015340180950974805
-0.3073073073072999928, 0.0015525962898053634
-0.3048048048047999892, 0.0015715849849707209
-0.3023023023022999856, 0.0015909972831384847
-0.2997997997997999819, 0.0016108468277003234
-0.2972972972972999783, 0.0016311478301639444
-0.2947947947947999747, 0.0016519150990457669
-0.2922922922923000266, 0.0016731640704985150
-0.2897897897898000230, 0.0016949108407939358
-0.2872872872873000194, 0.0017171722007903994
-0.2847847847848000158, 0.0017399656725253464
-0.2822822822823000122, 0.0017633095480837958
-0.2797797797798000086, 0.0017872229309063865
-0.2772772772773000050, 0.0018117257797136699
-0.2747747747748000013, 0.0018368389552379902
-0.2722722722722999977, 0.0018625842699701591
-0.2697697697697999941, 0.0018889845411454416
-0.2672672672672999905, 0.0019160636472125049
-0.2647647647647999869, 0.0019438465880496269
-0.2622622622622999833, 0.0019723595492153840
-0.2597597597597999797, 0.0020016299705460047
-0.2572572572572999761, 0.0020316866194389732
-0.2547547547547999724, 0.0020625596691927366
-0.2522522522523000243, 0.0020942807828054104
-0.2497497497496999896, 0.0021268832026719725
-0.2472472472472000138, 0.0021604018466595803
-0.2447447447447000102, 0.0021948734110850401
-0.2422422422422000066, 0.0022303364811673645
-0.2397397397397000030, 0.0022668316495824689
-0.2372372372371999993, 0.0023044016438067976
-0.2347347347346999957, 0.0023430914630030095
-0.2322322322321999921, 0.0023829485252740918
-0.2297297297296999885, 0.0024240228261938166
-0.2272272272272000126, 0.0024663671096118028
-0.2247247247247000090, 0.0025100370518320548
-0.2222222222222000054, 0.0025550914603757430
-0.2197197197197000018, 0.0026015924886637542
-0.2172172172171999982, 0.0026496058680937546
-0.2147147147146999946, 0.0026992011591419648
-0.2122122122121999910, 0.0027504520232938261
-0.2097097097096999874, 0.0028034365178025208
-0.2072072072072000115, 0.0028582374154927661
-0.2047047047047000079, 0.0029149425520726257
-0.2022022022022000043, 0.0029736452036919084
-0.1996996996997000007, 0.0030344444977963370
-0.1971971971971999971, 0.0030974458606768860
-0.1946946946946999935, 0.0031627615055092421
-0.1921921921921999898, 0.0032305109651256051
-0.1896896896896999862, 0.0033008216742677569
-0.1871871871872000104, 0.0033738296066451166
-0.1846846846847000068, 0.0034496799727746722
-0.1821821821822000032, 0.0035285279853231027
-0.1796796796796999995, 0.0036105396995190281
-0.1771771771771999959, 0.0036958929371713931
-0.1746746746746999923, 0.0037847783039376293
-0.1721721721721999887, 0.0038774003107549192
-0.1696696696697000128, 0.0039739786118060316
-0.1671671671672000092, 0.0040747493730690478
-0.1646646646647000056, 0.0041799667874348806
-0.1621621621622000020, 0.0042899047546115648
-0.1596596596596999984, 0.0044048587466221489
-0.1571571571571999948, 0.0045251478827057273
-0.1546546546546999912, 0.0046511172409233539
-0.1521521521521999876, 0.0047831404378407402
-0.1496496496496000084, 0.0049216225124161352
-0.1471471471471000048, 0.0050670031557922901
-0.1446446446446000011, 0.0052197603352333848
-0.1421421421420999975, 0.0053804143681501970
-0.1396396396395999939, 0.0055495325112494857
-0.1371371371370999903, 0.0057277341406094659
-0.1346346346345999867, 0.0059156966112650540
-0.1321321321321000108, 0.0061141619001089413
-0.1296296296296000072, 0.0063239441540999582
-0.1271271271271000036, 0.0065459382875639946
-0.1246246246246000000, 0.0067811297985808259
-0.1221221221220999964, 0.0070306060060737153
-0.1196196196196000067, 0.0072955689475161286
-0.1171171171171000031, 0.0075773502237226611
-0.1146146146145999994, 0.0078774281340000321
-0.1121121121120999958, 0.0081974475145391249
-0.1096096096096000061, 0.0085392427785748581
-0.1071071071071000025, 0.0089048647626857377
-0.1046046046045999989, 0.0092966121150185373
-0.1021021021020999953, 0.0097170681251623810
-0.0995995995996000055, 0.0101691441009408648
-0.0970970970971000019, 0.0106561306564536239
-0.0945945945945900063, 0.0111817586040118423
-0.0920920920920900027, 0.0117502715610940910
-0.0895895895895899991, 0.0123665129200959453
-0.0870870870870899955, 0.0130360305212182670
-0.0845845845845799998, 0.0137652032686396732
-0.0820820820820799962, 0.0145613951074303940
-0.0795795795795800065, 0.0154331433305924335
-0.0770770770770800029, 0.0163903902475193673
-0.0745745745745699934, 0.0174447700075778880
-0.0720720720720700037, 0.0186099661062635001
-0.0695695695695700000, 0.0199021601956612879
-0.0670670670670699964, 0.0213405998413571975
-0.0645645645645600008, 0.0229483226465275400
-0.0620620620620599972, 0.0247530879405401354
-0.0595595595595600005, 0.0267885868772933106
-0.0570570570570599969, 0.0290960301802478463
-0.0545545545545500013, 0.0317262543822371679
-0.0520520520520499977, 0.0347425493326347784
-0.0495495495495500010, 0.0382245034372567655
-0.0470470470470499974, 0.0422733074306086212
-0.0445445445445400018, 0.0470191842405630056
-0.0420420420420399982, 0.0526319765203484141
-0.0395395395395400015, 0.0593365217899098213
-0.0370370370370399979, 0.0674354548654323843
-0.0345345345345300023, 0.0773438316221572997
-0.0320320320320299987, 0.0896431174377494561
-0.0295295295295299985, 0.1051679489501876757
-0.0270270270270299984, 0.1251504674417834306
-0.0245245245245199993, 0.1514702239594454547
-0.0220220220220199991, 0.1871076117273254569
-0.0195195195195199990, 0.2370135406257963540
-0.0170170170170199989, 0.3098927451894624152
-0.0145145145145099998, 0.4221726282859029622
-0.0120120120120099996, 0.6077880509944798559
-0.0095095095095099995, 0.9456636929216819532
-0.0070070070070070000, 1.6509073947390653370
-0.0045045045045049997, 3.4414262060857749859
-0.0020020020020019998, 8.9019261438537213849
0.0005005005005005000, 14.0467873794534767740
0.0030030030030029999, 5.9813287800438352804
0.0055055055055059999, 2.4986560019939529909
0.0080080080080079993, 1.2986889327259718563
0.0105105105105099995, 0.7836193287190424961
0.0130130130130099997, 0.5213826776073609004
0.0155155155155200005, 0.3710898418487407757
0.0180180180180199989, 0.2773519846106316522
0.0205205205205199991, 0.2150951855213554254
0.0230230230230199992, 0.1716989670836633064
0.0255255255255299983, 0.1402701056996666362
0.0280280280280299984, 0.1167921713453160953
0.0305305305305299986, 0.0987992935167434916
0.0330330330330299987, 0.0847108241685127911
0.0355355355355400013, 0.0734762318644770346
0.0380380380380399979, 0.0643755049555097825
0.0405405405405400016, 0.0569019291638949085
0.0430430430430399982, 0.0506905998267727087
0.0455455455455500008, 0.0454733762832910532
0.0480480480480499975, 0.0410496732536820216
0.0505505505505500011, 0.0372670361632005953
0.0530530530530499977, 0.0340079291652608320
0.0555555555555600003, 0.0311805659594423801
0.0580580580580599970, 0.0287124298336814895
0.0605605605605600006, 0.0265456183796226111
0.0630630630630600042, 0.0246334487430337409
0.0655655655655699998, 0.0229379480764590957
0.0680680680680700034, 0.0214279750109146148
0.0705705705705699932, 0.0200777971893659826
0.0730730730730699968, 0.0188660026241992268
0.0755755755755800063, 0.0177746582888909585
0.0780780780780799960, 0.0167886538182409166
0.0805805805805799996, 0.0158951852125403664
0.0830830830830800032, 0.0150833454354763578
0.0855855855855899988, 0.0143437973488985942
0.0880880880880900025, 0.0136685105951122408
0.0905905905905900061, 0.0130505485310393812
0.0930930930930899958, 0.0124838946247759937
0.0955955955956000053, 0.0119633101799662064
0.0980980980980999950, 0.0114842170920194664
0.1006006006005999986, 0.0110426007284876344
0.1031031031031000023, 0.0106349290822904379
0.1056056056056000059, 0.0102580851561633116
0.1081081081080999956, 0.0099093101616100840
0.1106106106105999992, 0.0095861556011143066
0.1131131131131000028, 0.0092864426818683610
0.1156156156156000064, 0.0090082278077128191
0.1181181181180999962, 0.0087497731319904608
0.1206206206205999998, 0.0085095213416741117
0.1231231231231000034, 0.0082860739931047700
0.1256256256256000070, 0.0080781728401323021
0.1281281281281000106, 0.0078846836926537954
0.1306306306305999865, 0.0077045824223382995
0.1331331331330999901, 0.0075369427964749186
0.1356356356355999937, 0.0073809258733238021
0.1381381381380999973, 0.0072357707353945160
0.1406406406406000009, 0.0071007863725432215
0.1431431431431000045, 0.0069753445561123312
0.1456456456456000081, 0.0068588735696808048
0.1481481481481000118, 0.0067508526822687778
0.1506506506506999910, 0.0066508072667826020
0.1531531531531999946, 0.0065583044806895932
0.1556556556556999982, 0.0064729494378559689
0.1581581581582000018, 0.0063943818105563575
0.1606606606607000054, 0.0063222728091866780
0.1631631631632000090, 0.0062563224944441210
0.1656656656657000126, 0.0061962573828910125
0.1681681681681999885, 0.0061418283120696724
0.1706706706706999921, 0.0060928085358273442
0.1731731731731999957, 0.0060489920243641240
0.1756756756756999993, 0.0060101919468323823
0.1781781781782000029, 0.0059762393171763281
0.1806806806807000065, 0.0059469817863748477
0.1831831831832000101, 0.0059222825663976806
0.1856856856857000138, 0.0059020194730534156
0.1881881881881999896, 0.0058860840765390032
0.1906906906906999932, 0.0058743809499294886
0.1931931931931999968, 0.0058668270071031469
0.1956956956957000004, 0.0058633509227064388
0.1981981981982000041, 0.0058638926277468535
0.2007007007007000077, 0.0058684028752782318
0.2032032032032000113, 0.0058768428714288373
0.2057057057056999871, 0.0058891839677308565
0.2082082082081999908, 0.0059054074113534727
0.2107107107106999944, 0.0059255041504308794
0.2132132132131999980, 0.0059494746922208073
0.2157157157157000016, 0.0059773290123370038
0.2182182182182000052, 0.0060090865137781991
0.2207207207207000088, 0.0060447760349333080
0.2232232232232000124, 0.0060844359061848321
0.2257257257256999883, 0.0061281140551652079
0.2282282282281999919, 0.0061758681611509963
0.2307307307306999955, 0.0062277658595122059
0.2332332332331999991, 0.0062838849975753270
0.2357357357357000027, 0.0063443139437143643
0.2382382382382000063, 0.0064091519519603474
0.2407407407407000099, 0.0064785095849236090
0.2432432432432000136, 0.0065525091983607252
0.2457457457456999894, 0.0066312854912976170
0.2482482482481999930, 0.0067149861262502386
0.2507507507508000000, 0.0068037724247731884
0.2532532532533000036, 0.0068978201443262860
0.2557557557558000072, 0.0069973203432894746
0.2582582582583000108, 0.0071024803418929874
0.2607607607608000144, 0.0072135247878760932
0.2632632632633000180, 0.0073306968368621779
0.2657657657658000216, 0.0074542594587617937
0.2682682682683000253, 0.0075844968830096849
0.2707707707707999734, 0.0077217161971371920
0.2732732732732999770, 0.0078662491151071552
0.2757757757757999806, 0.0080184539340327939
0.2782782782782999842, 0.0081787177004097947
0.2807807807807999878, 0.0083474586098605998
0.2832832832832999914, 0.0085251286676856931
0.2857857857857999950, 0.0087122166413071619
0.2882882882882999986, 0.0089092513400606775
0.2907907907908000023, 0.0091168052628454160
0.2932932932933000059, 0.0093354986599934117
0.2957957957958000095, 0.0095660040625179452
0.2982982982983000131, 0.0098090513398123962
0.3008008008008000167, 0.0100654333561031768
0.3033033033033000203, 0.0103360123067623173
0.3058058058058000239, 0.0106217268282513752
0.3083083083083000275, 0.0109235999903658423
0.3108108108107999756, 0.0112427482970137126
0.3133133133132999792, 0.0115803918425303499
0.3158158158157999829, 0.0119378657951630749
0.3183183183182999865, 0.0123166334086509850
0.3208208208207999901, 0.0127183007977774154
0.3233233233232999937, 0.0131446337556026752
0.3258258258257999973, 0.0135975769403161948
0.3283283283283000009, 0.0140792758201774993
0.3308308308308000045, 0.0145921018382053867
0.3333333333333000081, 0.0151386813471142308
0.3358358358358000118, 0.0157219289732299164
0.3383383383383000154, 0.0163450862005190406
0.3408408408408000190, 0.0170117661284996252
0.3433433433433000226, 0.0177260055584333200
0.3458458458458000262, 0.0184923258108417414
0.3483483483482999743, 0.0193158039869649502
0.3508508508509000090, 0.0202021567741435953
0.3533533533534000126, 0.0211578393822953702
0.3558558558559000162, 0.0221901628147055316
0.3583583583584000198, 0.0233074334597783463
0.3608608608609000235, 0.0245191199925767767
0.3633633633634000271, 0.0258360538650334592
0.3658658658658999752, 0.0272706713352540500
0.3683683683683999788, 0.0288373071671606390
0.3708708708708999824, 0.0305525529978542508
0.3733733733733999860, 0.0324356971659270008
0.3758758758758999896, 0.0345092678622685028
0.3783783783783999932, 0.0367997082909184148
0.3808808808808999968, 0.0393382218054303609
0.3833833833834000004, 0.0421618377203953343
0.3858858858859000041, 0.0453147661583246236
0.3883883883884000077, 0.0488501350583565655
0.3908908908909000113, 0.0528322376194701043
0.3933933933934000149, 0.0573394689677494962
0.3958958958959000185, 0.0624682044504481088
0.3983983983984000221, 0.0683379808292100543
0.4009009009009000257, 0.0750985052585076973
0.4034034034033999738, 0.0829392671383009095
0.4059059059058999774, 0.0921029178755330274
0.4084084084083999810, 0.1029042040724922197
0.4109109109108999847, 0.1157572497535649114
0.4134134134133999883, 0.1312156695202472967
0.4159159159158999919, 0.1500328894321148465
0.4184184184183999955, 0.1732551797334430099
0.4209209209208999991, 0.2023693088472623969
0.4234234234234000027, 0.2395446791340029025
0.4259259259259000063, 0.2880456542206337178
0.4284284284284000099, 0.3529652166737913266
0.4309309309309000136, 0.4425997483657446718
0.4334334334334000172, 0.5711898425362051945
0.4359359359359000208, 0.7648122244979840278
0.4384384384384000244, 1.0752861485659659380
0.4409409409408999725, 1.6171132464045165911
0.4434434434433999761, 2.6816526042793746853
0.4459459459458999797, 5.1628410342444404080
0.4484484484483999833, 12.3671955103031550038
0.4509509509510000180, 29.0054207604907894336
0.4534534534535000216, 18.3242712847165591938
0.4559559559560000253, 7.0854300458657633044
0.4584584584584999734, 3.4001079157743161474
0.4609609609609999770, 1.9478142031985754556
0.4634634634634999806, 1.2517877072973564445
0.4659659659659999842, 0.8693314308632860143
0.4684684684684999878, 0.6379487970707919953
0.4709709709709999914, 0.4877501756713324421
0.4734734734734999950, 0.3848950126970800967
0.4759759759759999986, 0.3114482481757944177
0.4784784784785000022, 0.2572076608800317743
0.4809809809810000059, 0.2160309111043839103
0.4834834834835000095, 0.1840440305035949131
0.4859859859860000131, 0.1587072319454634339
0.4884884884885000167, 0.1382999794308391595
0.4909909909910000203, 0.1216235595164665562
0.4934934934935000239, 0.1078222757517982577
0.4959959959960000275, 0.0962721767940345058
0.4984984984984999756, 0.0865096911372766203
0.5010010010009999792, 0.0781846248747522510
0.5035035035035000384, 0.0710284675883915695
0.5060060060059999865, 0.0648325663603680769
0.5085085085085000456, 0.0594328086266462940
0.5110110110109999937, 0.0546986877025086998
0.5135135135135000528, 0.0505253750112395761
0.5160160160160000009, 0.0468278904038909038
0.5185185185184999490, 0.0435367594470044000
0.5210210210210000081, 0.0405947396747775302
0.5235235235234999562, 0.0379543254459761559
0.5260260260260000154, 0.0355758268212436335
0.5285285285284999635, 0.0334258764039016623
0.5310310310310000226, 0.0314762585912532408
0.5335335335334999707, 0.0297029840845494178
0.5360360360360000298, 0.0280855526653575258
0.5385385385384999779, 0.0266063617197442176
0.5410410410410000370, 0.0252502284945965855
0.5435435435434999851, 0.0240040017684607192
0.5460460460460000442, 0.0228562443147962945
0.5485485485484999924, 0.0217969717868620877
0.5510510510510999715, 0.0208174368533172519
0.5535535535536000307, 0.0199099498411402093
0.5560560560560999788, 0.0190677289977984540
0.5585585585586000379, 0.0182847749126689510
0.5610610610610999860, 0.0175557647442793965
0.5635635635636000451, 0.0168759627628630657
0.5660660660660999932, 0.0162411443947235064
0.5685685685686000523, 0.0156475314891154071
0.5710710710711000004, 0.0150917369522033454
0.5735735735735999485, 0.0145707172307263343
0.5760760760761000077, 0.0140817313989903443
0.5785785785785999558, 0.0136223058210847292
0.5810810810811000149, 0.0131902035368367150
0.5835835835835999630, 0.0127833976635599207
0.5860860860861000221, 0.0124000482228066693
0.5885885885885999702, 0.0120384818973379350
0.5910910910911000293, 0.0116971743025048799
0.5935935935935999774, 0.0113747344214538554
0.5960960960961000366, 0.0110698909076149907
0.5985985985985999847, 0.0107814800028822287
0.6011011011011000438, 0.0105084348573961893
0.6036036036035999919, 0.0102497760682359450
0.6061061061061000510, 0.0100046032806873492
0.6086086086085999991, 0.0097720877179582125
0.6111111111110999472, 0.0095514655239645474
0.6136136136136000063, 0.0093420318196975848
0.6161161161160999544, 0.0091431353871736232
0.6186186186186000135, 0.0089541739064584389
0.6211211211210999616, 0.0087745896810677362
0.6236236236236000208, 0.0086038657954402922
0.6261261261260999689, 0.0084415226553833430
0.6286286286286000280, 0.0082871148685830578
0.6311311311310999761, 0.0081402284276106875
0.6336336336336000352, 0.0080004781624653971
0.6361361361360999833, 0.0078675054336851003
0.6386386386386000424, 0.0077409760405177715
0.6411411411410999905, 0.0076205783216535851
0.6436436436436000497, 0.0075060214286374830
0.6461461461460999978, 0.0073970337543668458
0.6486486486485999459, 0.0072933615010761493
0.6511511511512000361, 0.0071947673739593725
0.6536536536536999842, 0.0071010293881148814
0.6561561561562000433, 0.0070119397778452951
0.6586586586586999914, 0.0069273039985312170
0.6611611611612000505, 0.0068469398123433929
0.6636636636636999986, 0.0067706764499812899
0.6661661661661999467, 0.0066983538414426523
0.6686686686687000059, 0.0066298219095518619
0.6711711711711999540, 0.0065649399206165150
0.6736736736737000131, 0.0065035758871514193
0.6761761761761999612, 0.0064456060181163656
0.6786786786787000203, 0.0063909142125655911
0.6811811811811999684, 0.0063393915930098337
0.6836836836837000275, 0.0062909360751518774
0.6861861861861999756, 0.0062454519709784911
0.6886886886887000347, 0.0062028496224801472
0.6911911911911999828, 0.0061630450635286778
0.6936936936937000420, 0.0061259597076754237
0.6961961961961999901, 0.0060915200598415237
0.6986986986987000492, 0.0060596574500601979
0.7012012012011999973, 0.0060303077876007385
0.7037037037036999454, 0.0060034113339572596
0.7062062062062000045, 0.0059789124933238968
0.7087087087086999526, 0.0059567596193038207
0.7112112112112000117, 0.0059369048367133252
0.7137137137136999598, 0.0059193038774457557
0.7162162162162000190, 0.0059039159294542436
0.7187187187186999671, 0.0058907034979980306
0.7212212212212000262, 0.0058796322783755666
0.7237237237236999743, 0.0058706710394392653
0.7262262262262000334, 0.0058637915172525378
0.7287287287286999815, 0.0058589683183101048
0.7312312312312000406, 0.0058561788317982311
0.7337337337336999887, 0.0058554031504228065
0.7362362362362000479, 0.0058566239993808212
0.7387387387386999960, 0.0058598266730948319
0.7412412412412000551, 0.0058649989793711898
0.7437437437437000032, 0.0058721311906812495
0.7462462462461999513, 0.0058812160023008399
0.7487487487487000104, 0.0058922484970773334
0.7512512512512999896, 0.0059052261166258058
0.7537537537538000487, 0.0059201486387865324
0.7562562562562999968, 0.0059370181612052510
0.7587587587587999449, 0.0059558390909259682
0.7612612612613000040, 0.0059766181399132715
0.7637637637637999521, 0.0059993643264477344
0.7662662662663000113, 0.0060240889823640377
0.7687687687687999594, 0.0060508057661270796
0.7712712712713000185, 0.0060795306817668614
0.7737737737737999666, 0.0061102821037184243
0.7762762762763000257, 0.0061430808076387202
0.7787787787787999738, 0.0061779500072982989
0.7812812812813000329, 0.0062149153976721397
0.7837837837837999810, 0.0062540052043811231
0.7862862862863000402, 0.0062952502396635794
0.7887887887887999883, 0.0063386839650855266
0.7912912912913000474, 0.0063843425612283324
0.7937937937937999955, 0.0064322650046244826
0.7962962962963000546, 0.0064824931522453767
0.7987987987988000027, 0.0065350718338805791
0.8013013013012999508, 0.0065900489527853474
0.8038038038038000099, 0.0066474755950132695
0.8063063063062999580, 0.0067074061478935368
0.8088088088088000172, 0.0067698984281581000
0.8113113113112999653, 0.0068350138202731836
0.8138138138138000244, 0.0069028174255825591
0.8163163163162999725, 0.0069733782229272337
0.8188188188188000316, 0.0070467692414681159
0.8213213213212999797, 0.0071230677465052711
0.8238238238238000388, 0.0072023554391604221
0.8263263263262999869, 0.0072847186708685126
0.8288288288288000460, 0.0073702486737107359
0.8313313313312999941, 0.0074590418077156344
0.8338338338338000533, 0.0075511998263581197
0.8363363363363000014, 0.0076468301615989446
0.8388388388387999495, 0.0077460462299308482
0.8413413413413000086, 0.0078489677610334430
0.8438438438437999567, 0.0079557211507874492
0.8463463463463000158, 0.0080664398405633497
0.8488488488487999639, 0.0081812647248796534
0.8513513513514000541, 0.0083003445897248725
0.8538538538539000022, 0.0084238365840573412
0.8563563563563999503, 0.0085519067272388540
0.8588588588589000095, 0.0086847304554274404
0.8613613613613999576, 0.0088224932102510117
0.8638638638639000167, 0.0089653910734137313
0.8663663663663999648, 0.0091136314512527319
0.8688688688689000239, 0.0092674338136690508
0.8713713713713999720, 0.0094270304923098000
0.8738738738739000311, 0.0095926675433819636
0.8763763763763999792, 0.0097646056810408392
0.8788788788789000384, 0.0099431212879241525
0.8813813813813999865, 0.0101285075101044380
0.8838838838839000456, 0.0103210754445193700
0.8863863863863999937, 0.0105211554278204465
0.8888888888889000528, 0.0107290984365702759
0.8913913913914000009, 0.0109452776098316277
0.8938938938938999490, 0.0111700899064428767
0.8963963963964000081, 0.0114039579106877433
0.8988988988988999562, 0.0116473318016606132
0.9014014014014000153, 0.0119006915034317092
0.9039039039038999634, 0.0121645490351585603
0.9064064064064000226, 0.0124394510826048785
0.9089089089088999707, 0.0127259818151604035
0.9114114114114000298, 0.0130247659754483373
0.9139139139138999779, 0.0133364722720206077
0.9164164164164000370, 0.0136618171095392420
0.9189189189188999851, 0.0140015686952995703
0.9214214214214000442, 0.0143565515660629226
0.9239239239238999923, 0.0147276515850327180
0.9264264264264000515, 0.0151158214655589349
0.9289289289288999996, 0.0155220868859388596
0.9314314314313999477, 0.0159475532686692810
0.9339339339339000068, 0.0163934133079138740
0.9364364364363999549, 0.0168609553410198516
0.9389389389389000140, 0.0173515726739549292
0.9414414414413999621, 0.0178667739868951514
0.9439439439439000212, 0.0184081949653010432
0.9464464464463999693, 0.0189776113242012857
0.9489489489489000285, 0.0195769534196735505
0.9514514514515000076, 0.0202083226724399309
0.9539539539539999558, 0.0208740100649976550
0.9564564564565000149, 0.0215765170169084607
0.9589589589589999630, 0.0223185789941597358
0.9614614614615000221, 0.0231031922695691672
0.9639639639639999702, 0.0239336443241316699
0.9664664664665000293, 0.0248135484665847617
0.9689689689689999774, 0.0257468833535031277
0.9714714714715000365, 0.0267380382189474457
0.9739739739739999846, 0.0277918647760884360
0.9764764764765000438, 0.0289137369396363642
0.9789789789789999919, 0.0301096197453066851
0.9814814814815000510, 0.0313861491210715160
0.9839839839839999991, 0.0327507245075371253
0.9864864864864999472, 0.0342116167480080169
0.9889889889890000063, 0.0357780941940480726
0.9914914914914999544, 0.0374605706273367506
0.9939939939940000135, 0.0392707794194628035
0.9964964964964999616, 0.0412219793854211383
0.9989989989990000208, 0.0433291990964956991
1.0015015015019999023, 0.0456095280870708886
1.0040040040039999170, 0.0480824655288772662
1.0065065065070000205, 0.0507703397051124522
1.0090090090090000352, 0.0536988151992624368
1.0115115115119999167, 0.0568975093978240573
1.0140140140139999314, 0.0604007460770916646
1.0165165165170000350, 0.0642484820373814824
1.0190190190190000497, 0.0684874537168722597
1.0215215215219999312, 0.0731726055316438695
1.0240240240239999459, 0.0783688818845691554
1.0265265265270000494, 0.0841534925937579559
1.0290290290290000641, 0.0906188001885420147
1.0315315315319999456, 0.0978760319857933242
1.0340340340339999603, 0.1060600974532558693
1.0365365365370000639, 0.1153359033634421132
1.0390390390390000785, 0.1259067231825819477
1.0415415415419999601, 0.1380254207855605431
1.0440440440439999747, 0.1520096966948321637
1.0465465465470000783, 0.1682630912172688453
1.0490490490490000930, 0.1873043668252697969
1.0515515515519999745, 0.2098093148754041071
1.0540540540539999892, 0.2366713655806850225
1.0565565565570000928, 0.2690913093226827146
1.0590590590590001074, 0.3087132464843068136
1.0615615615619999890, 0.3578360706968650717
1.0640640640640000036, 0.4197524144927293754
1.0665665665670001072, 0.4993107555200837488
1.0690690690689998998, 0.6038851602048220801
1.0715715715720000034, 0.7451273356857630592
1.0740740740740000181, 0.9423100152252568140
1.0765765765769998996, 1.2291406404949998254
1.0790790790789999143, 1.6688106144044789758
1.0815815815820000179, 2.3907434827076574635
1.0840840840840000325, 3.6925471777721083910
1.0865865865869999141, 6.3730954768995964344
1.0890890890889999287, 13.0515145220645862878
1.0915915915920000323, 33.3473950622948862588
1.0940940940940000470, 58.6909884217182167276
1.0965965965969999285, 26.4693260288901228705
1.0990990990989999432, 10.8461549283831217849
1.1016016016020000468, 5.5474699914673637480
1.1041041041040000614, 3.3121817955413010992
1.1066066066069999430, 2.1878003525869069712
1.1091091091089999576, 1.5488240676286855191
1.1116116116120000612, 1.1527409622678628232
1.1141141141140000759, 0.8909010586674831478
1.1166166166169999574, 0.7090468172678078274
1.1191191191189999721, 0.5777249113835540850
1.1216216216220000756, 0.4798582469118420901
1.1241241241240000903, 0.4050045159817211582
1.1266266266269999718, 0.3464924707438343243
1.1291291291289999865, 0.2999007947394812801
1.1316316316320000901, 0.2622065546703900574
1.1341341341340001048, 0.2312868084414114178
1.1366366366369999863, 0.2056155642230907410
1.1391391391390000010, 0.1840733236203498380
1.1416416416420001045, 0.1658238663821135495
1.1441441441439998972, 0.1502324739062434744
1.1466466466470000007, 0.1368104083126771287
1.1491491491490000154, 0.1251764433827627365
1.1516516516519998969, 0.1150297182706225552
1.1541541541539999116, 0.1061302616712057889
1.1566566566570000152, 0.0982848073482435886
1.1591591591590000299, 0.0913363206562974872
1.1616616616619999114, 0.0851561673518197865
1.1641641641639999261, 0.0796381900786793800
1.1666666666670000296, 0.0746941799181405075
1.1691691691690000443, 0.0702503803180764136
1.1716716716719999258, 0.0662447634865805102
1.1741741741739999405, 0.0626248907645987063
1.1766766766770000441, 0.0593462187829739141
1.1791791791790000588, 0.0563707490469471315
1.1816816816819999403, 0.0536659444210382808
1.1841841841839999550, 0.0512038548055627762
1.1866866866870000585, 0.0489604081485947654
1.1891891891890000732, 0.0469148332378822100
1.1916916916919999547, 0.0450491884549716753
1.1941941941939999694, 0.0433479765485215301
1.1966966966970000730, 0.0417978299969170297
1.1991991991990000876, 0.0403872550461878005
1.2017017017019999692, 0.0391064252970690501
1.2042042042039999838, 0.0379470179783912911
1.2067067067070000874, 0.0369020879419752687
1.2092092092090001021, 0.0359659760775287857
1.2117117117119999836, 0.0351342503899532560
1.2142142142139999983, 0.0344036795174510884
1.2167167167170001019, 0.0337722401167103378
1.2192192192189998945, 0.0332391614437672692
1.2217217217219999981, 0.0328050128002313895
1.2242242242240000127, 0.0324718425480804082
1.2267267267269998943, 0.0322433814869873409
1.2292292292289999089, 0.0321253290777831976
1.2317317317320000125, 0.0321257491087814928
1.2342342342340000272, 0.0322556132209901938
1.2367367367369999087, 0.0325295482699951843
1.2392392392389999234, 0.0329668701057504246
1.2417417417420000270, 0.0335930274573811374
1.2442442442440000416, 0.0344416444650941511
1.2467467467469999232, 0.0355574550546824478
1.2492492492489999378, 0.0370005954217488137
1.2517517517520000414, 0.0388530149623888821
1.2542542542540000561, 0.0412282808981470975
1.2567567567569999376, 0.0442869843106501113
1.2592592592589999523, 0.0482617093011240422
1.2617617617620000559, 0.0534989719908129518
1.2642642642640000705, 0.0605326464423258451
1.2667667667669999521, 0.0702189393602895562
1.2692692692689999667, 0.0839993342174759766
1.2717717717720000703, 0.1044500813540096967
1.2742742742740000850, 0.1365341715816558166
1.2767767767769999665, 0.1907810081943510649
1.2792792792789999812, 0.2925641629796724708
1.2817817817820000847, 0.5143884292252354218
1.2842842842840000994, 1.1107774599113846570
1.2867867867869999809, 2.8720937701055504476
1.2892892892889999956, 3.1064528034655056743
1.2917917917920000992, 1.2151756517208234243
1.2942942942939998918, 0.5497899735134782473
1.2967967967969999954, 0.3079719684663019263
1.2992992992990000101, 0.1991368747662634053
1.3018018018019998916, 0.1419750154069947534
1.3043043043039999063, 0.1085808717079056462
1.3068068068070000098, 0.0875449659465087765
1.3093093093090000245, 0.0735499452212194649
1.3118118118119999060, 0.0638604130247620860
1.3143143143139999207, 0.0569576163502365368
1.3168168168170000243, 0.0519459781109679816
1.3193193193190000390, 0.0482713323866074684
1.3218218218219999205, 0.0455772438148730336
1.3243243243239999352, 0.0436273047215707463
1.3268268268270000387, 0.0422610051557642599
1.3293293293290000534, 0.0413676219181267832
1.3318318318319999349, 0.0408702335951114590
1.3343343343339999496, 0.0407156615096785218
1.3368368368370000532, 0.0408680090561175796
1.3393393393390000679, 0.0413044646024571249
1.3418418418419999494, 0.0420125809416111301
1.3443443443439999641, 0.0429885581624664878
1.3468468468470000676, 0.0442362436857147087
1.3493493493490000823, 0.0457666794500866392
1.3518518518519999638, 0.0475981028427451686
1.3543543543539999785, 0.0497563628567419605
1.3568568568570000821, 0.0522757572618019820
1.3593593593590000967, 0.0552003380844161631
1.3618618618619999783, 0.0585857779467134770
1.3643643643639999929, 0.0625019456275978380
1.3668668668670000965, 0.0670364141717321727
1.3693693693689998891, 0.0722992312426720130
1.3718718718719999927, 0.0784294380183424289
1.3743743743740000074, 0.0856040599550963455
1.3768768768770001110, 0.0940506601915382101
1.3793793793789999036, 0.1040651292832629471
1.3818818818820000072, 0.1160373320407711850
1.3843843843840000218, 0.1304888109049421041
1.3868868868869999034, 0.1481294516476579504
1.3893893893889999180, 0.1699448036808670626
1.3918918918920000216, 0.1973345137412579886
1.3943943943940000363, 0.2323390345204740248
1.3968968968969999178, 0.2780250603693514289
1.3993993993989999325, 0.3391700276524000079
1.4019019019020000361, 0.4235418590580677933
1.4044044044040000507, 0.5444432885618045725
1.4069069069069999323, 0.7261629190031431147
1.4094094094089999469, 1.0167866941067378317
1.4119119119120000505, 1.5220458914385139870
1.4144144144140000652, 2.5092139343712482891
1.4169169169169999467, 4.7914045332943198119
1.4194194194189999614, 11.3642520886545419501
1.4219219219220000650, 27.2679717261943252993
1.4244244244240000796, 18.2300236403132700502
1.4269269269269999612, 7.0172590469112581246
1.4294294294289999758, 3.3393522529636849860
1.4319319319320000794, 1.9032115951755348426
1.4344344344340000941, 1.2194880023981555794
1.4369369369369999756, 0.8454979335052785760
1.4394394394389999903, 0.6199592478121247474
1.4419419419420000938, 0.4738909565056971251
1.4444444444440001085, 0.3740326031846345489
1.4469469469469999900, 0.3028137302939254982
1.4494494494490000047, 0.2502652039740370093
1.4519519519520001083, 0.2103975110836485973
1.4544544544539999009, 0.1794395575690211353
1.4569569569570000045, 0.1549225563761770230
1.4594594594590000192, 0.1351761087360633939
1.4619619619619999007, 0.1190376481148614080
1.4644644644639999154, 0.1056780304087324845
1.4669669669670000189, 0.0944931401274693439
1.4694694694690000336, 0.0850344510200073816
1.4719719719719999151, 0.0769633387600169444
1.4744744744739999298, 0.0700203013635204291
1.4769769769770000334, 0.0640037801408641777
1.4794794794790000481, 0.0587553073874493292
1.4819819819819999296, 0.0541489107243193213
1.4844844844839999443, 0.0500834355687666058
1.4869869869870000478, 0.0464769025449540407
1.4894894894890000625, 0.0432623062351276261
1.4919919919919999440, 0.0403844495202198422
1.4944944944939999587, 0.0377975318309697397
1.4969969969970000623, 0.0354632929520686743
1.4994994994990000770, 0.0333495708407962332
1.5020020020019999585, 0.0314291712213850480
1.5045045045050000621, 0.0296789742589556038
1.5070070070070000767, 0.0280792231576268494
1.5095095095099999583, 0.0266129535505372355
1.5120120120119999729, 0.0252655327211796510
1.5145145145150000765, 0.0240242851478171954
1.5170170170170000912, 0.0228781863744416183
1.5195195195199999727, 0.0218176113243942343
1.5220220220219999874, 0.0208341262672902747
1.5245245245250000909, 0.0199203159967222300
1.5270270270270001056, 0.0190696395693842821
1.5295295295299999871, 0.0182763093360877350
1.5320320320320000018, 0.0175351890640405503
1.5345345345350001054, 0.0168417077831223665
1.5370370370369998980, 0.0161917866425244743
1.5395395395400000016, 0.0155817765797908112
1.5420420420420000163, 0.0150084050133512965
1.5445445445449998978, 0.0144687300958257249
1.5470470470469999125, 0.0139601013268113271
1.5495495495500000160, 0.0134801255343893721
1.5520520520520000307, 0.0130266374049098545
1.5545545545549999122, 0.0125976738790160407
1.5570570570569999269, 0.0121914518448058579
1.5595595595600000305, 0.0118063486515701428
1.5620620620620000452, 0.0114408850436596154
1.5645645645649999267, 0.0110937101768793095
1.5670670670669999414, 0.0107635884318847998
1.5695695695700000449, 0.0104493877823520105
1.5720720720720000596, 0.0101500695118221795
1.5745745745749999411, 0.0098646791033572614
1.5770770770769999558, 0.0095923381515293123
1.5795795795800000594, 0.0093322371676480276
1.5820820820820000741, 0.0090836291671847168
1.5845845845849999556, 0.0088458239436479159
1.5870870870869999703, 0.0086181829461515723
1.5895895895900000738, 0.0084001146889775453
1.5920920920920000885, 0.0081910706308762106
1.5945945945949999700, 0.0079905414699267662
1.5970970970969999847, 0.0077980538067128503
1.5995995996000000883, 0.0076131671345264981
1.6021021021020001029, 0.0074354711204503206
1.6046046046049999845, 0.0072645831456039063
1.6071071071069999991, 0.0071001460766776762
1.6096096096100001027, 0.0069418262442091268
1.6121121121119998953, 0.0067893116059479057
1.6146146146149999989, 0.0066423100761762990
1.6171171171170000136, 0.0065005480040491162
1.6196196196199998951, 0.0063637687859376992
1.6221221221219999098, 0.0062317315984444198
1.6246246246250000134, 0.0061042102402289224
1.6271271271270000280, 0.0059809920720831824
1.6296296296299999096, 0.0058618770458327835
1.6321321321319999242, 0.0057466768136469450
1.6346346346350000278, 0.0056352139102272044
1.6371371371370000425, 0.0055273210011292763
1.6396396396399999240, 0.0054228401911673926
1.6421421421419999387, 0.0053216223874665430
1.6446446446450000423, 0.0052235267122752987
1.6471471471470000569, 0.0051284199611384843
1.6496496496499999385, 0.0050361761024623197
1.6521521521519999531, 0.0049466758148911721
1.6546546546550000567, 0.0048598060592600226
1.6571571571570000714, 0.0047754596821953195
1.6596596596599999529, 0.0046935350487129655
1.6621621621619999676, 0.0046139357014097389
1.6646646646650000712, 0.0045365700440664521
1.6671671671670000858, 0.0044613510476806924
1.6696696696699999674, 0.0043881959771264077
1.6721721721719999820, 0.0043170261367991110
1.6746746746750000856, 0.0042477666337511393
1.6771771771770001003, 0.0041803461569527604
1.6796796796799999818, 0.0041146967714335994
1.6821821821819999965, 0.0040507537261662155
1.6846846846850001000, 0.0039884552746507216
1.6871871871869998927, 0.0039277425072474018
1.6896896896899999962, 0.0038685591943840632
1.6921921921920000109, 0.0038108516398373091
1.6946946946949998924, 0.0037545685433527424
1.6971971971969999071, 0.0036996608719289835
1.6996996997000000107, 0.0036460817391448710
1.7022022022020000254, 0.0035937862919588476
1.7047047047049999069, 0.0035427316044548277
1.7072072072069999216, 0.0034928765780501154
1.7097097097100000251, 0.0034441818477187313
1.7122122122120000398, 0.0033966096938179233
1.7147147147149999213, 0.0033501239591372683
1.7172172172169999360, 0.0033046899708186199
1.7197197197200000396, 0.0032602744668216322
1.7222222222220000543, 0.0032168455266338748
1.7247247247249999358, 0.0031743725059468564
1.7272272272269999505, 0.0031328259750396589
1.7297297297300000540, 0.0030921776606307816
1.7322322322320000687, 0.0030524003909760088
1.7347347347349999502, 0.0030134680440060610
1.7372372372369999649, 0.0029753554983124640
1.7397397397400000685, 0.0029380385868035229
1.7422422422420000832, 0.0029014940528647930
1.7447447447449999647, 0.0028656995088699178
1.7472472472469999794, 0.0028306333968983106
1.7497497497500000829, 0.0027962749515259558
1.7522522522520000976, 0.0027626041645647118
1.7547547547549999791, 0.0027296017516338306
1.7572572572569999938, 0.0026972491204552140
1.7597597597600000974, 0.0026655283407711061
1.7622622622619998900, 0.0026344221157895802
1.7647647647649999936, 0.0026039137550693619
1.7672672672670000082, 0.0025739871487612887
1.7697697697699998898, 0.0025446267431289702
1.7722722722719999044, 0.0025158175172762479
1.7747747747750000080, 0.0024875449610135521
1.7772772772770000227, 0.0024597950537996170
1.7797797797799999042, 0.0024325542446989134
1.7822822822819999189, 0.0024058094332989307
1.7847847847850000225, 0.0023795479515348276
1.7872872872870000371, 0.0023537575463722224
1.7897897897899999187, 0.0023284263633018805
1.7922922922919999333, 0.0023035429306028305
1.7947947947950000369, 0.0022790961443330806
1.7972972972970000516, 0.0022550752540095075
1.7997997997999999331, 0.0022314698489407964
1.8023023023019999478, 0.0022082698451794001
1.8048048048050000514, 0.0021854654730605128
1.8073073073070000660, 0.0021630472652978657
1.8098098098099999476, 0.0021410060456079389
1.8123123123119999622, 0.0021193329178357742
1.8148148148150000658, 0.0020980192555571132
1.8173173173170000805, 0.0020770566921330209
1.8198198198199999620, 0.0020564371111944906
1.8223223223219999767, 0.0020361526375357575
1.8248248248250000803, 0.0020161956283962800
1.8273273273270000949, 0.0019965586651123951
1.8298298298299999765, 0.0019772345451207398
1.8323323323319999911, 0.0019582162742964805
1.8348348348350000947, 0.0019394970596103081
1.8373373373370001094, 0.0019210703020890460
1.8398398398399999909, 0.0019029295900654958
1.8423423423420000056, 0.0018850686927039196
1.8448448448450001091, 0.0018674815537882946
1.8473473473469999018, 0.0018501622857611205
1.8498498498500000053, 0.0018331051640012169
1.8523523523520000200, 0.0018163046213295537
1.8548548548549999015, 0.0017997552427326861
1.8573573573569999162, 0.0017834517602939605
1.8598598598600000198, 0.0017673890483230954
1.8623623623620000345, 0.0017515621186752575
1.8648648648649999160, 0.0017359661162511955
1.8673673673669999307, 0.0017205963146703974
1.8698698698700000342, 0.0017054481121096632
1.8723723723720000489, 0.0016905170272998333
1.8748748748749999304, 0.0016757986956738070
1.8773773773769999451, 0.0016612888656592770
1.8798798798800000487, 0.0016469833951099659
1.8823823823820000634, 0.0016328782478694280
1.8848848848849999449, 0.0016189694904617730
1.8873873873869999596, 0.0016052532889039390
1.8898898898900000631, 0.0015917259056343976
1.8923923923920000778, 0.0015783836965534081
1.8948948948949999593, 0.0015652231081701884
1.8973973973969999740, 0.0015522406748525645
1.8998998999000000776, 0.0015394330161748765
1.9024024024020000923, 0.0015267968343601213
1.9049049049049999738, 0.0015143289118124880
1.9074074074069999885, 0.0015020261087366161
1.9099099099100000920, 0.0014898853608400950
1.9124124124120001067, 0.0014779036771158456
1.9149149149149999882, 0.0014660781377012161
1.9174174174170000029, 0.0014544058918107320
1.9199199199200001065, 0.0014428841557396006
1.9224224224219998991, 0.0014315102109351890
1.9249249249250000027, 0.0014202814021338195
1.9274274274270000173, 0.0014091951355603364
1.9299299299299998989, 0.0013982488771880324
1.9324324324319999135, 0.0013874401510565919
1.9349349349350000171, 0.0013767665376458434
1.9374374374370000318, 0.0013662256723031936
1.9399399399399999133, 0.0013558152437226981
1.9424424424419999280, 0.0013455329924738375
1.9449449449450000316, 0.0013353767095781164
1.9474474474470000462, 0.0013253442351317175
1.9499499499499999278, 0.0013154334569724789
1.9524524524519999424, 0.0013056423093895750
1.9549549549550000460, 0.0012959687718743155
1.9574574574570000607, 0.0012864108679105659
1.9599599599599999422, 0.0012769666638033396
1.9624624624619999569, 0.0012676342675441825
1.9649649649650000605, 0.0012584118277120140
1.9674674674670000751, 0.0012492975324081622
1.9699699699699999567, 0.0012402896082243597
1.9724724724719999713, 0.0012313863192425366
1.9749749749750000749, 0.0012225859660652759
1.9774774774770000896, 0.0012138868848758574
1.9799799799799999711, 0.0012052874465268480
1.9824824824819999858, 0.0011967860556562453
1.9849849849850000894, 0.0011883811498302097
1.9874874874870001040, 0.0011800711987114765
1.9899899899899999856, 0.0011718547032525488
1.9924924924920000002, 0.0011637301949128376
1.9949949949950001038, 0.0011556962348989166
1.9974974974969998964, 0.0011477514134271183
2.0000000000000000000, 0.0011398943490077123
