# Delta1: 0.465
# Delta2: 1.17
# Delta3: 1.355
# Dq: 0.1355
# Ds: 0.04
# Dt: 0.061000000000000006
# k1_lab: [1, 0, 0]
# k2_lab: [-0.8660254037844387, 0.49999999999999994, 0.0]
# k1_cf: [-0.7071067811865476, -0.7071067811865476, 0.0]
# k2_cf: [0.6123724356957946, 0.6123724356957946, 0.49999999999999994]
# pol1_lab: [(0, 1, 0), (0, 0, 1)]
# pol2_lab: [array([-0.5      , -0.8660254,  0.       ]), array([0., 0., 1.])]
# pol1_cf: [array([0., 0., 1.]), array([-0.70710678,  0.70710678,  0.        ])]
# pol2_cf: [array([ 0.35355339,  0.35355339, -0.8660254 ]), array([-0.70710678,  0.70710678,  0.        ])]
# cf: [array([-0.70710678,  0.        , -0.70710678]), array([-0.70710678,  0.        ,  0.70710678]), array([0., 1., 0.])]
# th: 90
-0.500000000000000000000, 0.000039827494094374623
-0.497497497497499996388, 0.000040183205177483671
-0.494994994994999992777, 0.000040544077757424933
-0.492492492492499989165, 0.000040910215081473580
-0.489989989989999985553, 0.000041281723019657830
-0.487487487487499981942, 0.000041658710145464114
-0.484984984984999978330, 0.000042041287819460024
-0.482482482482499974719, 0.000042429570275955903
-0.479979979980000026618, 0.000042823674712832500
-0.477477477477500023006, 0.000043223721384667221
-0.474974974975000019395, 0.000043629833699298601
-0.472472472472500015783, 0.000044042138317974773
-0.469969969970000012172, 0.000044460765259238984
-0.467467467467500008560, 0.000044885848006712310
-0.464964964965000004948, 0.000045317523620942104
-0.462462462462500001337, 0.000045755932855491948
-0.459959959959999997725, 0.000046201220277458560
-0.457457457457499994113, 0.000046653534392609593
-0.454954954954999990502, 0.000047113027775345982
-0.452452452452499986890, 0.000047579857203702971
-0.449949949949900007695, 0.000048054183799614279
-0.447447447447400004084, 0.000048536173174675389
-0.444944944944900000472, 0.000049025995581654104
-0.442442442442399996860, 0.000049523826072008784
-0.439939939939899993249, 0.000050029844659688193
-0.437437437437399989637, 0.000050544236491501393
-0.434934934934899986025, 0.000051067192024360426
-0.432432432432399982414, 0.000051598907209714784
-0.429929929929899978802, 0.000052139583685513452
-0.427427427427399975191, 0.000052689428976047823
-0.424924924924900027090, 0.000053248656700047418
-0.422422422422400023478, 0.000053817486787420963
-0.419919919919900019867, 0.000054396145705055503
-0.417417417417400016255, 0.000054984866692109235
-0.414914914914900012644, 0.000055583890005257250
-0.412412412412400009032, 0.000056193463174374460
-0.409909909909900005420, 0.000056813841269166959
-0.407407407407400001809, 0.000057445287177290577
-0.404904904904899998197, 0.000058088071894526902
-0.402402402402399994585, 0.000058742474827617317
-0.399899899899899990974, 0.000059408784110391130
-0.397397397397399987362, 0.000060087296933858655
-0.394894894894899983750, 0.000060778319890979536
-0.392392392392399980139, 0.000061482169336856784
-0.389889889889899976527, 0.000062199171765150963
-0.387387387387399972916, 0.000062929664201554834
-0.384884884884900024815, 0.000063673994615218594
-0.382382382382400021203, 0.000064432522349067628
-0.379879879879900017592, 0.000065205618570012008
-0.377377377377400013980, 0.000065993666740105241
-0.374874874874900010369, 0.000066797063109774762
-0.372372372372400006757, 0.000067616217234314004
-0.369869869869900003145, 0.000068451552514898795
-0.367367367367399999534, 0.000069303506765468887
-0.364864864864899995922, 0.000070172532806897362
-0.362362362362399992310, 0.000071059099089960899
-0.359859859859899988699, 0.000071963690348717430
-0.357357357357399985087, 0.000072886808285999906
-0.354854854854899981476, 0.000073828972292844285
-0.352352352352399977864, 0.000074790720203785261
-0.349849849849799998669, 0.000075772609090078821
-0.347347347347299995057, 0.000076775216093045255
-0.344844844844799991446, 0.000077799139299867761
-0.342342342342299987834, 0.000078844998664339761
-0.339839839839799984222, 0.000079913436975215173
-0.337337337337299980611, 0.000081005120874997811
-0.334834834834799976999, 0.000082120741932195266
-0.332332332332299973388, 0.000083261017770268412
-0.329829829829800025287, 0.000084426693256730120
-0.327327327327300021675, 0.000085618541756084566
-0.324824824824800018064, 0.000086837366450555768
-0.322322322322300014452, 0.000088084001732829611
-0.319819819819800010841, 0.000089359314675334221
-0.317317317317300007229, 0.000090664206580904575
-0.314814814814800003617, 0.000091999614620024835
-0.312312312312300000006, 0.000093366513560220148
-0.309809809809799996394, 0.000094765917593571375
-0.307307307307299992782, 0.000096198882268772230
-0.304804804804799989171, 0.000097666506534619313
-0.302302302302299985559, 0.000099169934902341251
-0.299799799799799981948, 0.000100710359734736590
-0.297297297297299978336, 0.000102289023670688439
-0.294794794794799974724, 0.000103907222194287864
-0.292292292292300026624, 0.000105566306358509726
-0.289789789789800023012, 0.000107267685674157170
-0.287287287287300019401, 0.000109012831175642208
-0.284784784784800015789, 0.000110803278676080750
-0.282282282282300012177, 0.000112640632225182694
-0.279779779779800008566, 0.000114526567784512028
-0.277277277277300004954, 0.000116462837135870509
-0.274774774774800001342, 0.000118451272039867448
-0.272272272272299997731, 0.000120493788663144665
-0.269769769769799994119, 0.000122592392294280537
-0.267267267267299990507, 0.000124749182370091665
-0.264764764764799986896, 0.000126966357835901999
-0.262262262262299983284, 0.000129246222865386914
-0.259759759759799979673, 0.000131591192967827421
-0.257257257257299976061, 0.000134003801513056877
-0.254754754754799972449, 0.000136486706707076601
-0.252252252252300024349, 0.000139042699054266433
-0.249749749749699989643, 0.000141674709345379526
-0.247247247247200013787, 0.000144385817214090826
-0.244744744744700010175, 0.000147179260308827114
-0.242242242242200006563, 0.000150058444130968770
-0.239739739739700002952, 0.000153026952595338827
-0.237237237237199999340, 0.000156088559374224431
-0.234734734734699995728, 0.000159247240092088953
-0.232232232232199992117, 0.000162507185444668540
-0.229729729729699988505, 0.000165872815323415133
-0.227227227227200012649, 0.000169348794034310463
-0.224724724724700009038, 0.000172940046709043108
-0.222222222222200005426, 0.000176651777016523985
-0.219719719719700001814, 0.000180489486293840414
-0.217217217217199998203, 0.000184458994228164967
-0.214714714714699994591, 0.000188566461235000100
-0.212212212212199990979, 0.000192818412693655870
-0.209709709709699987368, 0.000197221765218229522
-0.207207207207200011512, 0.000201783855161839429
-0.204704704704700007900, 0.000206512469573744693
-0.202202202202200004288, 0.000211415879853581277
-0.199699699699700000677, 0.000216502878374648768
-0.197197197197199997065, 0.000221782818379416384
-0.194694694694699993454, 0.000227265657485690932
-0.192192192192199989842, 0.000232962005181786772
-0.189689689689699986230, 0.000238883174734221351
-0.187187187187200010374, 0.000245041239982728230
-0.184684684684700006763, 0.000251449097555632895
-0.182182182182200003151, 0.000258120535104938795
-0.179679679679699999539, 0.000265070306236068142
-0.177177177177199995928, 0.000272314212893541672
-0.174674674674699992316, 0.000279869196062667376
-0.172172172172199988704, 0.000287753435760548218
-0.169669669669700012848, 0.000295986461419762514
-0.167167167167200009237, 0.000304589273917719961
-0.164664664664700005625, 0.000313584480677227186
-0.162162162162200002014, 0.000322996445463144218
-0.159659659659699998402, 0.000332851454730811818
-0.157157157157199994790, 0.000343177902649733615
-0.154654654654699991179, 0.000354006497237456638
-0.152152152152199987567, 0.000365370490401600520
-0.149649649649600008372, 0.000377305935112202441
-0.147147147147100004760, 0.000389851973423365763
-0.144644644644600001149, 0.000403051159646658659
-0.142142142142099997537, 0.000416949823665664328
-0.139639639639599993926, 0.000431598480192041238
-0.137137137137099990314, 0.000447052290723631558
-0.134634634634599986702, 0.000463371586105124902
-0.132132132132100010846, 0.000480622458949444523
-0.129629629629600007235, 0.000498877436799911129
-0.127127127127100003623, 0.000518216248856979891
-0.124624624624600000011, 0.000538726701430788458
-0.122122122122099996400, 0.000560505680101150948
-0.119619619619600006666, 0.000583660299982294924
-0.117117117117100003054, 0.000608309229641569669
-0.114614614614599999443, 0.000634584219287951182
-0.112112112112099995831, 0.000662631870054103747
-0.109609609609600006097, 0.000692615688834258346
-0.107107107107100002485, 0.000724718482580227795
-0.104604604604599998874, 0.000759145157678330160
-0.102102102102099995262, 0.000796126004651241605
-0.099599599599600005528, 0.000835920566760817835
-0.097097097097100001917, 0.000878822214193020440
-0.094594594594590006298, 0.000925163574787519344
-0.092092092092090002686, 0.000975323009597857285
-0.089589589589589999075, 0.001029732369430230764
-0.087087087087089995463, 0.001088886330277624758
-0.084584584584579999844, 0.001153353685816947694
-0.082082082082079996233, 0.001223791080138216707
-0.079579579579580006499, 0.001300959802287324869
-0.077077077077080002887, 0.001385746448100224227
-0.074574574574569993390, 0.001479188501178549386
-0.072072072072070003657, 0.001582506217860330053
-0.069569569569570000045, 0.001697142655385104268
-0.067067067067069996433, 0.001824814308585537238
-0.064564564564560000814, 0.001967575692564409520
-0.062062062062059997203, 0.002127902437515997915
-0.059559559559560000530, 0.002308799214196227863
-0.057057057057059996918, 0.002513941340731544113
-0.054554554554550001300, 0.002747862632646734700
-0.052052052052049997688, 0.003016207580879075659
-0.049549549549550001015, 0.003326074298767152122
-0.047047047047049997404, 0.003686487551803496569
-0.044544544544540001785, 0.004109061408126958234
-0.042042042042039998173, 0.004608943513278734513
-0.039539539539540001500, 0.005206186359583744525
-0.037037037037039997889, 0.005927780976354352950
-0.034534534534530002270, 0.006810744934558045187
-0.032032032032029998658, 0.007906937437788971040
-0.029529529529529998516, 0.009290797381296810042
-0.027027027027029998374, 0.011072216077029075135
-0.024524524524519999286, 0.013418825651680000438
-0.022022022022019999143, 0.016596439523133332816
-0.019519519519519999001, 0.021046616441648575979
-0.017017017017019998859, 0.027545709166602802553
-0.014514514514509999771, 0.037558835477654317625
-0.012012012012009999629, 0.054112558543775335362
-0.009509509509509999486, 0.084245968308594765261
-0.007007007007007000007, 0.147143982332298806082
-0.004504504504504999729, 0.306834892839680684062
-0.002002002002001999816, 0.793842011909250078183
0.000500500500500499954, 1.252698124968751658415
0.003003003003002999941, 0.533359602051965975278
0.005505505505505999854, 0.222747979505154125590
0.008008008008007999265, 0.115725032685699003032
0.010510510510509999543, 0.069786325872150542504
0.013013013013009999685, 0.046397128647008387126
0.015515515515520000508, 0.032991898512114606334
0.018018018018019998916, 0.024630646325965264293
0.020520520520519999058, 0.019077092864388984356
0.023023023023019999200, 0.015205649632160360418
0.025525525525529998289, 0.012401527258169217638
0.028028028028029998431, 0.010306510224484175670
0.030530530530529998573, 0.008700673440935943054
0.033033033033029998715, 0.007443042533081535919
0.035535535535540001273, 0.006439922858960231769
0.038038038038039997946, 0.005627097978384649514
0.040540540540540001557, 0.004959374884943497722
0.043043043043039998230, 0.004404208195294649977
0.045545545545550000788, 0.003937682645626224866
0.048048048048049997460, 0.003541908048911585147
0.050550550550550001072, 0.003203286857165893453
0.053053053053049997745, 0.002911335818433388907
0.055555555555560000303, 0.002657868200285557966
0.058058058058059996975, 0.002436415858320452842
0.060560560560560000587, 0.002241814042566674103
0.063063063063060004199, 0.002069898627756224744
0.065565565565569999817, 0.001917282292489703001
0.068068068068070003429, 0.001781186977343011566
0.070570570570569993163, 0.001659317017923242314
0.073073073073069996775, 0.001549762050795967360
0.075575575575580006271, 0.001450921969559764704
0.078078078078079996005, 0.001361448390239211950
0.080580580580579999617, 0.001280198603227809904
0.083083083083080003228, 0.001206199058764469666
0.085585585585589998847, 0.001138616195776307773
0.088088088088090002459, 0.001076732973987236516
0.090590590590590006070, 0.001019929869971368313
0.093093093093089995804, 0.000967669392700239183
0.095595595595600005301, 0.000919483393078437549
0.098098098098099995035, 0.000874962605942404287
0.100600600600599998646, 0.000833747986815117819
0.103103103103100002258, 0.000795523499924191257
0.105605605605600005870, 0.000760010086204469327
0.108108108108099995603, 0.000726960595739908379
0.110610610610599999215, 0.000696155512397200033
0.113113113113100002827, 0.000667399332250374401
0.115615615615600006438, 0.000640517484011825580
0.118118118118099996172, 0.000615353700734105088
0.120620620620599999784, 0.000591767768782934761
0.123123123123100003395, 0.000569633593457528290
0.125625625625600007007, 0.000548837531377035191
0.128128128128100010619, 0.000529276948420698170
0.130630630630599986475, 0.000510858969036204463
0.133133133133099990086, 0.000493499388451361463
0.135635635635599993698, 0.000477121724000852815
0.138138138138099997310, 0.000461656385618230123
0.140640640640600000921, 0.000447039948705816258
0.143143143143100004533, 0.000433214515210476891
0.145645645645600008145, 0.000420127150903632754
0.148148148148100011756, 0.000407729388671303379
0.150650650650699990951, 0.000395976789130053218
0.153153153153199994563, 0.000384828551150413051
0.155655655655699998174, 0.000374247165933470980
0.158158158158200001786, 0.000364198109183652881
0.160660660660700005398, 0.000354649566679549814
0.163163163163200009009, 0.000345572189188170329
0.165665665665700012621, 0.000336938873215202462
0.168168168168199988477, 0.000328724564550380910
0.170670670670699992089, 0.000320906081965808524
0.173173173173199995700, 0.000313461958766728566
0.175675675675699999312, 0.000306372300187720452
0.178178178178200002924, 0.000299618654879911452
0.180680680680700006535, 0.000293183898952828384
0.183183183183200010147, 0.000287052131223053679
0.185685685685700013758, 0.000281208578485279883
0.188188188188199989614, 0.000275639509763341668
0.190690690690699993226, 0.000270332158622383430
0.193193193193199996838, 0.000265274652731171381
0.195695695695700000449, 0.000260455949957842138
0.198198198198200004061, 0.000255865780364995798
0.200700700700700007673, 0.000251494593542627917
0.203203203203200011284, 0.000247333510781253961
0.205705705705699987140, 0.000243374281643965695
0.208208208208199990752, 0.000239609244546025658
0.210710710710699994364, 0.000236031290994841088
0.213213213213199997975, 0.000232633833182528118
0.215715715715700001587, 0.000229410774658398206
0.218218218218200005198, 0.000226356483840177273
0.220720720720700008810, 0.000223465770151064398
0.223223223223200012422, 0.000220733862595303863
0.225725725725699988278, 0.000218156390608162002
0.228228228228199991889, 0.000215729367037398746
0.230730730730699995501, 0.000213449173132814396
0.233233233233199999113, 0.000211312545438506304
0.235735735735700002724, 0.000209316564499333209
0.238238238238200006336, 0.000207458645308987552
0.240740740740700009948, 0.000205736529442231142
0.243243243243200013559, 0.000204148278828459261
0.245745745745699989415, 0.000202692271138017505
0.248248248248199993027, 0.000201367196766793599
0.250750750750799999977, 0.000200172057418736168
0.253253253253300003589, 0.000199106166300307781
0.255755755755800007201, 0.000198169149955659970
0.258258258258300010812, 0.000197360951786742296
0.260760760760800014424, 0.000196681837318850522
0.263263263263300018036, 0.000196132401289531944
0.265765765765800021647, 0.000195713576657584098
0.268268268268300025259, 0.000195426645649403660
0.270770770770799973359, 0.000195273252982530417
0.273273273273299976971, 0.000195255421431285702
0.275775775775799980583, 0.000195375569927374031
0.278278278278299984194, 0.000195636534419763253
0.280780780780799987806, 0.000196041591753668760
0.283283283283299991417, 0.000196594486868804084
0.285785785785799995029, 0.000197299463663048937
0.288288288288299998641, 0.000198161299920348325
0.290790790790800002252, 0.000199185346762188406
0.293293293293300005864, 0.000200377573151790307
0.295795795795800009476, 0.000201744616060940826
0.298298298298300013087, 0.000203293837003127188
0.300800800800800016699, 0.000205033385745780967
0.303303303303300020310, 0.000206972272141913452
0.305805805805800023922, 0.000209120447170668905
0.308308308308300027534, 0.000211488894451680222
0.310810810810799975634, 0.000214089733704663908
0.313313313313299979246, 0.000216936337869760339
0.315815815815799982857, 0.000220043465893427089
0.318318318318299986469, 0.000223427413528586429
0.320820820820799990081, 0.000227106184907938167
0.323323323323299993692, 0.000231099688140150349
0.325825825825799997304, 0.000235429958767898568
0.328328328328300000916, 0.000240121415636681960
0.330830830830800004527, 0.000245201154581682374
0.333333333333300008139, 0.000250699286381705574
0.335835835835800011751, 0.000256649326698339024
0.338338338338300015362, 0.000263088647270858411
0.340840840840800018974, 0.000270058999544205050
0.343343343343300022585, 0.000277607124259571193
0.345845845845800026197, 0.000285785463452147470
0.348348348348299974298, 0.000294652994929903232
0.350850850850900009004, 0.000304276213848454487
0.353353353353400012615, 0.000314730291708516599
0.355855855855900016227, 0.000326100450324440998
0.358358358358400019839, 0.000338483597496506798
0.360860860860900023450, 0.000351990282868197123
0.363363363363400027062, 0.000366747047572960061
0.365865865865899975162, 0.000382899260870303787
0.368368368368399978774, 0.000400614562536692124
0.370870870870899982386, 0.000420087063376106370
0.373373373373399985997, 0.000441542500713457305
0.375875875875899989609, 0.000465244605149283460
0.378378378378399993220, 0.000491503014874612731
0.380880880880899996832, 0.000520683182608616137
0.383383383383400000444, 0.000553218869502872549
0.385885885885900004055, 0.000589628027388323624
0.388388388388400007667, 0.000630533161072579606
0.390890890890900011279, 0.000676687674409615428
0.393393393393400014890, 0.000729010296066116056
0.395895895895900018502, 0.000788630543866316799
0.398398398398400022113, 0.000856949462860651578
0.400900900900900025725, 0.000935721790284484915
0.403403403403399973826, 0.001027168633668044213
0.405905905905899977437, 0.001134134319637351059
0.408408408408399981049, 0.001260308344787859853
0.410910910910899984660, 0.001410545201199599110
0.413413413413399988272, 0.001591334617171737131
0.415915915915899991884, 0.001811508690361037953
0.418418418418399995495, 0.002083332497399063583
0.420920920920899999107, 0.002424235021126179643
0.423423423423400002719, 0.002859647674567927442
0.425925925925900006330, 0.003427837957295377502
0.428428428428400009942, 0.004188510023224189388
0.430930930930900013553, 0.005238921041573788365
0.433433433433400017165, 0.006746011359525402179
0.435935935935900020777, 0.009015474678116348548
0.438438438438400024388, 0.012654780830573544859
0.440940940940899972489, 0.019006216543492687743
0.443443443443399976100, 0.031485344163026472708
0.445945945945899979712, 0.060571661837088945635
0.448448448448399983324, 0.145027013060802512090
0.450950950951000018030, 0.340074340435321142984
0.453453453453500021642, 0.214860408096820970636
0.455955955956000025253, 0.083108733019948671794
0.458458458458499973354, 0.039905931954109422066
0.460960960960999976965, 0.022880623465341483336
0.463463463463499980577, 0.014720938633494533992
0.465965965965999984189, 0.010237201246198871646
0.468468468468499987800, 0.007524486147996460074
0.470970970970999991412, 0.005763486702596233753
0.473473473473499995023, 0.004557494646380123512
0.475975975975999998635, 0.003696259640017939170
0.478478478478500002247, 0.003060182353590632301
0.480980980981000005858, 0.002577256893608629792
0.483483483483500009470, 0.002202069175457815452
0.485985985986000013082, 0.001904845540594744379
0.488488488488500016693, 0.001665416301905285352
0.490990990991000020305, 0.001469729029297713041
0.493493493493500023916, 0.001307752436591226195
0.495995995996000027528, 0.001172171956436684689
0.498498498498499975629, 0.001057553134993355392
0.501001001000999979240, 0.000959790631096965456
0.503503503503500038363, 0.000875736670503500817
0.506006006005999986463, 0.000802945182773221041
0.508508508508500045586, 0.000739492240417460802
0.511011011010999993687, 0.000683847875509148049
0.513513513513500052809, 0.000634783143463568482
0.516016016016000000910, 0.000591301782454834129
0.518518518518499949010, 0.000552589304355573544
0.521021021021000008133, 0.000517974617002076206
0.523523523523499956234, 0.000486900773938001160
0.526026026026000015356, 0.000458902453322384911
0.528528528528499963457, 0.000433588453796881850
0.531031031031000022580, 0.000410627969928999527
0.533533533533499970680, 0.000389739742790893358
0.536036036036000029803, 0.000370683417561222105
0.538538538538499977903, 0.000353252609710482052
0.541041041041000037026, 0.000337269304454408149
0.543543543543499985127, 0.000322579304403288684
0.546046046046000044250, 0.000309048507102828288
0.548548548548499992350, 0.000296559843999799145
0.551051051051099971545, 0.000285010749877352037
0.553553553553600030668, 0.000274311060262316252
0.556056056056099978768, 0.000264381256056608373
0.558558558558600037891, 0.000255150991385905167
0.561061061061099985992, 0.000246557853630909778
0.563563563563600045114, 0.000238546314722463601
0.566066066066099993215, 0.000231066840718179847
0.568568568568600052338, 0.000224075132940748564
0.571071071071100000438, 0.000217531478926862390
0.573573573573599948539, 0.000211400195398818859
0.576076076076100007661, 0.000205649148647687010
0.578578578578599955762, 0.000200249340275720903
0.581081081081100014885, 0.000195174548316176370
0.583583583583599962985, 0.000190401015431410742
0.586086086086100022108, 0.000185907177263526849
0.588588588588599970208, 0.000181673425137265649
0.591091091091100029331, 0.000177681898240730096
0.593593593593599977432, 0.000173916301174063641
0.596096096096100036554, 0.000170361743389812385
0.598598598598599984655, 0.000167004597575616217
0.601101101101100043778, 0.000163832374469528207
0.603603603603599991878, 0.000160833611966298853
0.606106106106100051001, 0.000157997776681997469
0.608608608608599999101, 0.000155315176404626447
0.611111111111099947202, 0.000152776882078235705
0.613613613613600006325, 0.000150374658154271392
0.616116116116099954425, 0.000148100900302066373
0.618618618618600013548, 0.000145948579605074784
0.621121121121099961648, 0.000143911192484454792
0.623623623623600020771, 0.000141982715690023653
0.626126126126099968872, 0.000140157565783051994
0.628628628628600027994, 0.000138430562607970507
0.631131131131099976095, 0.000136796896312642091
0.633633633633600035218, 0.000135252097530901905
0.636136136136099983318, 0.000133792010387853754
0.638638638638600042441, 0.000132412768028987595
0.641141141141099990541, 0.000131110770409452199
0.643643643643600049664, 0.000129882664110524902
0.646146146146099997765, 0.000128725323977116454
0.648648648648599945865, 0.000127635836393565647
0.651151151151200036082, 0.000126611484035489395
0.653653653653699984183, 0.000125649731953440163
0.656156156156200043306, 0.000124748214859932410
0.658658658658699991406, 0.000123904725505313092
0.661161161161200050529, 0.000123117204040218647
0.663663663663699998629, 0.000122383728273193755
0.666166166166199946730, 0.000121702504741628601
0.668668668668700005853, 0.000121071860522661205
0.671171171171199953953, 0.000120490235718218145
0.673673673673700013076, 0.000119956176555063200
0.676176176176199961176, 0.000119468329046673496
0.678678678678700020299, 0.000119025433169072612
0.681181181181199968400, 0.000118626317507484198
0.683683683683700027522, 0.000118269894334904096
0.686186186186199975623, 0.000117955155087476096
0.688688688688700034746, 0.000117681166204955750
0.691191191191199982846, 0.000117447065307592710
0.693693693693700041969, 0.000117252057683505496
0.696196196196199990069, 0.000117095413063089785
0.698698698698700049192, 0.000116976462659227389
0.701201201201199997293, 0.000116894596454073207
0.703703703703699945393, 0.000116849260715017153
0.706206206206200004516, 0.000116839955724065356
0.708708708708699952616, 0.000116866233706382048
0.711211211211200011739, 0.000116927696945094044
0.713713713713699959840, 0.000117023996070701351
0.716216216216200018962, 0.000117154828514569055
0.718718718718699967063, 0.000117319937117014853
0.721221221221200026186, 0.000117519108881455349
0.723723723723699974286, 0.000117752173866954017
0.726226226226200033409, 0.000118019004212317841
0.728728728728699981509, 0.000118319513285641343
0.731231231231200040632, 0.000118653654953888870
0.733733733733699988733, 0.000119021422967755327
0.736236236236200047856, 0.000119422850457651252
0.738738738738699995956, 0.000119858009537228568
0.741241241241200055079, 0.000120327011011401252
0.743743743743700003179, 0.000120830004186326572
0.746246246246199951280, 0.000121367176779300161
0.748748748748700010403, 0.000121938754926986752
0.751251251251299989597, 0.000122545003290859501
0.753753753753800048720, 0.000123186225259161539
0.756256256256299996821, 0.000123862763245132299
0.758758758758799944921, 0.000124574999081662741
0.761261261261300004044, 0.000125323354512966447
0.763763763763799952144, 0.000126108291784267584
0.766266266266300011267, 0.000126930314330930567
0.768768768768799959368, 0.000127789967568878296
0.771271271271300018491, 0.000128687839788580415
0.773773773773799966591, 0.000129624563155334436
0.776276276276300025714, 0.000130600814819019064
0.778778778778799973814, 0.000131617318136970730
0.781281281281300032937, 0.000132674844014126246
0.783783783783799981038, 0.000133774212365089080
0.786286286286300040160, 0.000134916293703314985
0.788788788788799988261, 0.000136102010863184815
0.791291291291300047384, 0.000137332340861335433
0.793793793793799995484, 0.000138608316904258936
0.796296296296300054607, 0.000139931030549867390
0.798798798798800002707, 0.000141301634031448797
0.801301301301299950808, 0.000142721342753224489
0.803803803803800009931, 0.000144191437967560929
0.806306306306299958031, 0.000145713269644793993
0.808808808808800017154, 0.000147288259547604197
0.811311311311299965254, 0.000148917904522938196
0.813813813813800024377, 0.000150603780025617795
0.816316316316299972478, 0.000152347543889021220
0.818818818818800031600, 0.000154150940359570004
0.821321321321299979701, 0.000156015804413225879
0.823823823823800038824, 0.000157944066373800530
0.826326326326299986924, 0.000159937756854626955
0.828828828828800046047, 0.000161999012047047732
0.831331331331299994147, 0.000164130079381260045
0.833833833833800053270, 0.000166333323587337055
0.836336336336300001371, 0.000168611233186748437
0.838838838838799949471, 0.000170966427447442502
0.841341341341300008594, 0.000173401663838571734
0.843843843843799956694, 0.000175919846024244687
0.846346346346300015817, 0.000178524032439346647
0.848848848848799963918, 0.000181217445494480156
0.851351351351400054135, 0.000184003481461508052
0.853853853853900002235, 0.000186885721096082338
0.856356356356399950336, 0.000189867941058937675
0.858858858858900009459, 0.000192954126203727898
0.861361361361399957559, 0.000196148482805805094
0.863863863863900016682, 0.000199455452813696688
0.866366366366399964782, 0.000202879729213206251
0.868868868868900023905, 0.000206426272603128552
0.871371371371399972006, 0.000210100329091683169
0.873873873873900031128, 0.000213907449634017624
0.876376376376399979229, 0.000217853510943682738
0.878878878878900038352, 0.000221944738125021487
0.881381381381399986452, 0.000226187729189066721
0.883883883883900045575, 0.000230589481633135485
0.886386386386399993675, 0.000235157421283972170
0.888888888888900052798, 0.000239899433626407122
0.891391391391400000899, 0.000244823897864357106
0.893893893893899948999, 0.000249939723988951655
0.896396396396400008122, 0.000255256393160143097
0.898898898898899956222, 0.000260784001743753161
0.901401401401400015345, 0.000266533309386193752
0.903903903903899963446, 0.000272515791554721538
0.906406406406400022568, 0.000278743697022804896
0.908908908908899970669, 0.000285230110838992422
0.911411411411400029792, 0.000291989023384550575
0.913913913913899977892, 0.000299035406201404556
0.916416416416400037015, 0.000306385295359013995
0.918918918918899985115, 0.000314055883228408041
0.921421421421400044238, 0.000322065619645823381
0.923923923923899992339, 0.000330434323579464114
0.926426426426400051461, 0.000339183306563745914
0.928928928928899999562, 0.000348335509339284363
0.931431431431399947662, 0.000357915653337708849
0.933933933933900006785, 0.000367950408882941420
0.936436436436399954886, 0.000378468582250289238
0.938938938938900014008, 0.000389501324038344873
0.941441441441399962109, 0.000401082361674222235
0.943943943943900021232, 0.000413248259299598027
0.946446446446399969332, 0.000426038708785122990
0.948948948948900028455, 0.000439496856207776548
0.951451451451500007650, 0.000453669668816789030
0.953953953953999955750, 0.000468608348329417200
0.956456456456500014873, 0.000484368797363186757
0.958958958958999962974, 0.000501012146957271337
0.961461461461500022097, 0.000518605354499998474
0.963963963963999970197, 0.000537221883009001366
0.966466466466500029320, 0.000556942474662942897
0.968968968968999977420, 0.000577856033830700141
0.971471471471500036543, 0.000600060637675274913
0.973973973973999984644, 0.000623664695837281577
0.976476476476500043766, 0.000648788284868102166
0.978978978978999991867, 0.000675564688163998684
0.981481481481500050990, 0.000704142178375876944
0.983983983983999999090, 0.000734686086924477510
0.986486486486499947191, 0.000767381214707507121
0.988988988989000006313, 0.000802434649821761594
0.991491491491499954414, 0.000840079072758804168
0.993993993994000013537, 0.000880576647874300750
0.996496496496499961637, 0.000924223623038295710
0.998998998999000020760, 0.000971355788643464687
1.001501501501999902288, 0.001022354984438580841
1.004004004003999916961, 0.001077656890449007901
1.006506506507000020534, 0.001137760399893697613
1.009009009009000035206, 0.001203238952055612218
1.011511511511999916735, 0.001274754307733662675
1.014014014013999931407, 0.001353073387792792445
1.016516516517000034980, 0.001439088978404071345
1.019019019019000049653, 0.001533845351661795864
1.021521521521999931181, 0.001638570181288724701
1.024024024023999945854, 0.001754714584416750770
1.026526526527000049427, 0.001884003741794109841
1.029029029029000064099, 0.002028501413451502897
1.031531531531999945628, 0.002190692883861995038
1.034034034033999960300, 0.002373592604445774572
1.036536536537000063873, 0.002580885303813079071
1.039039039039000078546, 0.002817112999358390400
1.041541541541999960074, 0.003087925788038565003
1.044044044043999974747, 0.003400422519428721990
1.046546546547000078320, 0.003763620105212112533
1.049049049049000092992, 0.004189110060783523409
1.051551551551999974521, 0.004691992665575500827
1.054054054053999989193, 0.005292231277412160623
1.056556556557000092766, 0.006016657132532677449
1.059059059059000107439, 0.006902007110467419000
1.061561561561999988967, 0.007999649274387125170
1.064064064064000003640, 0.009383156527432405178
1.066566566567000107213, 0.011160866736736763799
1.069069069068999899841, 0.013497551415662431551
1.071571571572000003414, 0.016653564891497784489
1.074074074074000018086, 0.021059551427319599115
1.076576576576999899615, 0.027468695271987336737
1.079079079078999914287, 0.037292992503602316601
1.081581581582000017860, 0.053424380087041228871
1.084084084084000032533, 0.082512833625364739865
1.086586586586999914061, 0.142408990428167292475
1.089089089088999928734, 0.291636578099901788708
1.091591591592000032307, 0.745142978600751626495
1.094094094094000046979, 1.311439277648596135606
1.096596596596999928508, 0.591454130988113613299
1.099099099098999943180, 0.242358147891230835125
1.101601601602000046753, 0.123960263441844589782
1.104104104104000061426, 0.074013218352233164921
1.106606606606999942954, 0.048889103005632657262
1.109109109108999957627, 0.034611237428004454353
1.111611611612000061200, 0.025760750454077413485
1.114114114114000075872, 0.019909884355284769575
1.116616616616999957401, 0.015846267000418110676
1.119119119118999972073, 0.012911770229124819309
1.121621621622000075646, 0.010724809682887243359
1.124124124124000090319, 0.009052053591902626747
1.126626626626999971847, 0.007744433509898008584
1.129129129128999986520, 0.006703155060699263895
1.131631631632000090093, 0.005860670293128735810
1.134134134134000104766, 0.005169541224808892575
1.136636636636999986294, 0.004595668455168493843
1.139139139139000000966, 0.004114035441155588883
1.141641641642000104540, 0.003705955266996331220
1.144144144143999897167, 0.003357243351766251750
1.146646646647000000740, 0.003056976829031661340
1.149149149149000015413, 0.002796634943791180290
1.151651651651999896941, 0.002569492451152079714
1.154154154153999911614, 0.002370184406225512436
1.156656656657000015187, 0.002194389184405451561
1.159159159159000029859, 0.002038594418554360351
1.161661661661999911388, 0.001899921972444824263
1.164164164163999926060, 0.001775995534848672777
1.166666666667000029634, 0.001664839379146483729
1.169169169169000044306, 0.001564800183174730030
1.171671671671999925834, 0.001474486100177571646
1.174174174173999940507, 0.001392718867524037236
1.176676676677000044080, 0.001318495863242714547
1.179179179179000058753, 0.001250959820786422608
1.181681681681999940281, 0.001189374489077955638
1.184184184183999954953, 0.001133104944727942806
1.186686686687000058527, 0.001081601572034431935
1.189189189189000073199, 0.001034386955519041263
1.191691691691999954728, 0.000991045101363599015
1.194194194193999969400, 0.000951212533744187627
1.196696696697000072973, 0.000914570910815444517
1.199199199199000087646, 0.000880840880976332279
1.201701701701999969174, 0.000849776958873291969
1.204204204203999983847, 0.000821163246655433896
1.206706706707000087420, 0.000794809862487715307
1.209209209209000102092, 0.000770549967676674181
1.211711711711999983621, 0.000748237307852838720
1.214214214213999998293, 0.000727744203999197638
1.216716716717000101866, 0.000708959947002072354
1.219219219218999894494, 0.000691789566009281599
1.221721721721999998067, 0.000676152957406470577
1.224224224224000012740, 0.000661984379021172856
1.226726726726999894268, 0.000649232334938024168
1.229229229228999908941, 0.000637859902381704902
1.231731731732000012514, 0.000627845586868570373
1.234234234234000027186, 0.000619184840352283690
1.236736736736999908715, 0.000611892447392391745
1.239239239238999923387, 0.000606006089326661381
1.241741741742000026960, 0.000601591557252637217
1.244244244244000041633, 0.000598750337198088894
1.246746746746999923161, 0.000597630697401168101
1.249249249248999937834, 0.000598444079033499314
1.251751751752000041407, 0.000601489731695411915
1.254254254254000056079, 0.000607192530387498999
1.256756756756999937608, 0.000616162523465137407
1.259259259258999952280, 0.000629291556235370944
1.261761761762000055853, 0.000647915660487212225
1.264264264264000070526, 0.000674099444574202265
1.266766766766999952054, 0.000711158935859177517
1.269269269268999966727, 0.000764680172964495269
1.271771771772000070300, 0.000844647835469625793
1.274274274274000084972, 0.000970295153569484094
1.276776776776999966501, 0.001182421286113576530
1.279279279278999981173, 0.001579331237181107010
1.281781781782000084746, 0.002441908275558272827
1.284284284284000099419, 0.004756136321771121250
1.286786786786999980947, 0.011583713570732737802
1.289289289288999995620, 0.012496956604836535060
1.291791791792000099193, 0.005176760338230951795
1.294294294293999891821, 0.002606172298142948179
1.296796796796999995394, 0.001677226086697991211
1.299299299299000010066, 0.001264314666378547284
1.301801801801999891595, 0.001052518545602054538
1.304304304303999906267, 0.000933800106749269835
1.306806806807000009840, 0.000864031293600097164
1.309309309309000024513, 0.000822692322204298266
1.311811811811999906041, 0.000799275270583130778
1.314314314313999920714, 0.000787996513563324688
1.316816816817000024287, 0.000785499328319401121
1.319319319319000038959, 0.000789764233733816464
1.321821821821999920488, 0.000799554560867124942
1.324324324323999935160, 0.000814117998512526079
1.326826826827000038733, 0.000833018668072114379
1.329329329329000053406, 0.000856039578653762772
1.331831831831999934934, 0.000883125015763745898
1.334334334333999949607, 0.000914346755695861807
1.336836836837000053180, 0.000949885294719809243
1.339339339339000067852, 0.000990021184016368332
1.341841841841999949381, 0.001035133757311447206
1.344344344343999964053, 0.001085705852024296345
1.346846846847000067626, 0.001142333979358352162
1.349349349349000082299, 0.001205744025025391828
1.351851851851999963827, 0.001276813098145292147
1.354354354353999978500, 0.001356598686510801424
1.356856856857000082073, 0.001446376902745979617
1.359359359359000096745, 0.001547692404060674060
1.361861861861999978274, 0.001662423647658295162
1.364364364363999992946, 0.001792868658794152456
1.366866866867000096519, 0.001941858670276159528
1.369369369368999889147, 0.002112910199787614365
1.371871871871999992720, 0.002310430936440132071
1.374374374374000007393, 0.002540002141715917185
1.376876876877000110966, 0.002808771684063838397
1.379379379378999903594, 0.003126009967729457238
1.381881881882000007167, 0.003503910516539443434
1.384384384384000021839, 0.003958766165926858906
1.386886886886999903368, 0.004512736164205150176
1.389389389388999918040, 0.005196568674735329608
1.391891891892000021613, 0.006053916423425778279
1.394394394394000036286, 0.007148403873006537942
1.396896896896999917814, 0.008575641999859287545
1.399399399398999932487, 0.010484565141966543933
1.401901901902000036060, 0.013117322119155141319
1.404404404404000050732, 0.016888585496056270074
1.406906906906999932261, 0.022555466434721945651
1.409409409408999946933, 0.031616860645642133609
1.411911911912000050506, 0.047368522702826550141
1.414414414414000065179, 0.078141628725126782706
1.416916916916999946707, 0.149281715459572666971
1.419419419418999961380, 0.354165566880188020793
1.421921921922000064953, 0.849901493539752750372
1.424424424424000079625, 0.568181808292663514948
1.426926926926999961154, 0.218670936699309148565
1.429429429428999975826, 0.104028683914251754428
1.431931931932000079399, 0.059264347029651137655
1.434434434434000094072, 0.037953501385411050895
1.436936936936999975600, 0.026297283398807137778
1.439439439438999990273, 0.019268378825603713067
1.441941941942000093846, 0.014716587943824792351
1.444444444444000108518, 0.011605153786464109111
1.446946946946999990047, 0.009386391358103655241
1.449449449449000004719, 0.007749555948623820106
1.451951951952000108292, 0.006507951221381629708
1.454454454453999900920, 0.005544030898191338284
1.456956956957000004493, 0.004780842688407420903
1.459459459459000019166, 0.004166320676442560218
1.461961961961999900694, 0.003664228425383877271
1.464464464463999915367, 0.003248722468447153792
1.466966966967000018940, 0.002900973580598573826
1.469469469469000033612, 0.002607002296269150029
1.471971971971999915141, 0.002356254800547430764
1.474474474473999929813, 0.002140643507813080014
1.476976976977000033386, 0.001953886897485773363
1.479479479479000048059, 0.001791046559633506985
1.481981981981999929587, 0.001648196923860305958
1.484484484483999944260, 0.001522185948590607006
1.486986986987000047833, 0.001410459240925892276
1.489489489489000062505, 0.001310929104057921742
1.491991991991999944034, 0.001221875864626121005
1.494494494493999958706, 0.001141872699855052539
1.496996996997000062279, 0.001069727781511077124
1.499499499499000076952, 0.001004439324814966573
1.502002002001999958480, 0.000945160355455766394
1.504504504505000062053, 0.000891170866377770030
1.507007007007000076726, 0.000841855645114461168
1.509509509509999958254, 0.000796686489555546067
1.512012012011999972927, 0.000755207847092009095
1.514514514515000076500, 0.000717025144379807629
1.517017017017000091172, 0.000681795246766170662
1.519519519519999972701, 0.000649218614616670943
1.522022022021999987373, 0.000619032820239276286
1.524524524525000090946, 0.000591007162253637556
1.527027027027000105619, 0.000564938170147671415
1.529529529529999987147, 0.000540645834773231197
1.532032032032000001820, 0.000517970433850647441
1.534534534535000105393, 0.000496769847527840647
1.537037037036999898021, 0.000476917279413627856
1.539539539540000001594, 0.000458299314578136121
1.542042042042000016266, 0.000440814258763385703
1.544544544544999897795, 0.000424370713214236182
1.547047047046999912467, 0.000408886347688655713
1.549549549550000016040, 0.000394286840768105621
1.552052052052000030713, 0.000380504961897655590
1.554554554554999912241, 0.000367479773899292885
1.557057057056999926914, 0.000355155938221926376
1.559559559560000030487, 0.000343483108075991737
1.562062062062000045159, 0.000332415396972825673
1.564564564564999926688, 0.000321910912147771824
1.567067067066999941360, 0.000311931343969042260
1.569569569570000044934, 0.000302441603783818488
1.572072072072000059606, 0.000293409503779118040
1.574574574574999941134, 0.000284805473377227074
1.577077077076999955807, 0.000276602307476753672
1.579579579580000059380, 0.000268774942516687959
1.582082082082000074053, 0.000261300256903513771
1.584584584584999955581, 0.000254156892818139255
1.587087087086999970253, 0.000247325096824102021
1.589589589590000073827, 0.000240786577043193198
1.592092092092000088499, 0.000234524374958892717
1.594594594594999970028, 0.000228522750159726402
1.597097097096999984700, 0.000222767076550731808
1.599599599600000088273, 0.000217243748746861462
1.602102102102000102946, 0.000211940097522215489
1.604604604604999984474, 0.000206844313327222919
1.607107107106999999147, 0.000201945377005458406
1.609609609610000102720, 0.000197232996945585803
1.612112112111999895347, 0.000192697551994014491
1.614614614614999998921, 0.000188330039532371796
1.617117117117000013593, 0.000184122028192356269
1.619619619619999895122, 0.000180065614740376365
1.622122122121999909794, 0.000176153384716767956
1.624624624625000013367, 0.000172378376460331436
1.627127127127000028040, 0.000168734048189295654
1.629629629629999909568, 0.000165214247845337143
1.632132132131999924241, 0.000161813185438594511
1.634634634635000027814, 0.000158525407659255058
1.637137137137000042486, 0.000155345774545731708
1.639639639639999924015, 0.000152269438021086269
1.642142142141999938687, 0.000149291822128545896
1.644644644645000042260, 0.000146408604814001072
1.647147147147000056933, 0.000143615701118526774
1.649649649649999938461, 0.000140909247657467060
1.652152152151999953134, 0.000138285588274652361
1.654654654655000056707, 0.000135741260771069005
1.657157157157000071379, 0.000133272984616899658
1.659659659659999952908, 0.000130877649564455339
1.662162162161999967580, 0.000128552305087223048
1.664664664665000071153, 0.000126294150577166506
1.667167167167000085826, 0.000124100526238628012
1.669669669669999967354, 0.000121968904622765038
1.672172172171999982027, 0.000119896882751482838
1.674674674675000085600, 0.000117882174784356348
1.677177177177000100272, 0.000115922605186125652
1.679679679679999981801, 0.000114016102356040745
1.682182182181999996473, 0.000112160692683672286
1.684684684685000100046, 0.000110354494998826739
1.687187187186999892674, 0.000108595715385943151
1.689689689689999996247, 0.000106882642335831522
1.692192192192000010920, 0.000105213642209867151
1.694694694694999892448, 0.000103587154993802416
1.697197197196999907121, 0.000102001690320220300
1.699699699700000010694, 0.000100455823740348894
1.702202202202000025366, 0.000098948193227499948
1.704704704704999906895, 0.000097477495895802017
1.707207207206999921567, 0.000096042484919185020
1.709709709710000025140, 0.000094641966636743811
1.712212212212000039813, 0.000093274797831684279
1.714714714714999921341, 0.000091939883172032931
1.717217217216999936014, 0.000090636172802191858
1.719719719720000039587, 0.000089362660075243259
1.722222222222000054259, 0.000088118379416661215
1.724724724724999935788, 0.000086902404310782474
1.727227227226999950460, 0.000085713845402022527
1.729729729730000054033, 0.000084551848703408235
1.732232232232000068706, 0.000083415593905535415
1.734734734734999950234, 0.000082304292779554144
1.737237237236999964907, 0.000081217187668239935
1.739739739740000068480, 0.000080153550059628559
1.742242242242000083152, 0.000079112679238079245
1.744744744744999964681, 0.000078093901007987620
1.747247247246999979353, 0.000077096566485699924
1.749749749750000082926, 0.000076120050955484105
1.752252252252000097599, 0.000075163752785695201
1.754754754754999979127, 0.000074227092401532612
1.757257257256999993800, 0.000073309511311028103
1.759759759760000097373, 0.000072410471181126633
1.762262262261999890001, 0.000071529452960928801
1.764764764764999993574, 0.000070665956049355462
1.767267267267000008246, 0.000069819497504673854
1.769769769769999889775, 0.000068989611293488091
1.772272272271999904447, 0.000068175847576952379
1.774774774775000008020, 0.000067377772032106175
1.777277277277000022693, 0.000066594965206364114
1.779779779779999904221, 0.000065827021903316365
1.782282282281999918894, 0.000065073550598110133
1.784784784785000022467, 0.000064334172880789895
1.787287287287000037139, 0.000063608522926073325
1.789789789789999918668, 0.000062896246988132965
1.792292292291999933340, 0.000062197002919040417
1.794794794795000036913, 0.000061510459709610140
1.797297297297000051586, 0.000060836297051455839
1.799799799799999933114, 0.000060174204919142700
1.802302302301999947787, 0.000059523883171384630
1.804804804805000051360, 0.000058885041170297033
1.807307307307000066032, 0.000058257397417773435
1.809809809809999947561, 0.000057640679208108021
1.812312312311999962233, 0.000057034622296036610
1.814814814815000065806, 0.000056438970579415636
1.817317317317000080479, 0.000055853475795803393
1.819819819819999962007, 0.000055277897232248546
1.822322322321999976680, 0.000054712001447630726
1.824824824825000080253, 0.000054155562006933530
1.827327327327000094925, 0.000053608359226865213
1.829829829829999976454, 0.000053070179932274218
1.832332332331999991126, 0.000052540817222836815
1.834834834835000094699, 0.000052020070249522575
1.837337337337000109372, 0.000051507744000370189
1.839839839839999990900, 0.000051003649095130915
1.842342342342000005573, 0.000050507601588360788
1.844844844845000109146, 0.000050019422780564799
1.847347347346999901774, 0.000049538939037017211
1.849849849850000005347, 0.000049065981613901781
1.852352352352000020019, 0.000048600386491434176
1.854854854854999901548, 0.000048141994213646549
1.857357357356999916220, 0.000047690649734530391
1.859859859860000019793, 0.000047246202270249589
1.862362362362000034466, 0.000046808505157150088
1.864864864864999915994, 0.000046377415715306485
1.867367367366999930667, 0.000045952795117358886
1.869869869870000034240, 0.000045534508262405817
1.872372372372000048912, 0.000045122423654730240
1.874874874874999930441, 0.000044716413287147367
1.877377377376999945113, 0.000044316352528772708
1.879879879880000048686, 0.000043922120017019120
1.882382382382000063359, 0.000043533597553640607
1.884884884884999944887, 0.000043150670004649606
1.887387387386999959560, 0.000042773225203942834
1.889889889890000063133, 0.000042401153860478546
1.892392392392000077805, 0.000042034349468855436
1.894894894894999959334, 0.000041672708223150979
1.897397397396999974006, 0.000041316128933883056
1.899899899900000077579, 0.000040964512947965512
1.902402402402000092252, 0.000040617764071534261
1.904904904904999973780, 0.000040275788495525996
1.907407407406999988453, 0.000039938494723897451
1.909909909910000092026, 0.000039605793504377878
1.912412412412000106698, 0.000039277597761652517
1.914914914914999988227, 0.000038953822532879377
1.917417417417000002899, 0.000038634384905446210
1.919919919920000106472, 0.000038319203956878456
1.922422422421999899100, 0.000038008200696813300
1.924924924925000002673, 0.000037701298010958315
1.927427427427000017346, 0.000037398420606957205
1.929929929929999898874, 0.000037099494962088329
1.932432432431999913547, 0.000036804449272724738
1.934934934935000017120, 0.000036513213405488282
1.937437437437000031792, 0.000036225718850032247
1.939939939939999913321, 0.000035941898673390749
1.942442442441999927993, 0.000035661687475835207
1.944944944945000031566, 0.000035385021348180941
1.947447447447000046239, 0.000035111837830489275
1.949949949949999927767, 0.000034842075872113025
1.952452452451999942440, 0.000034575675793035329
1.954954954955000046013, 0.000034312579246453611
1.957457457457000060685, 0.000034052729182563226
1.959959959959999942214, 0.000033796069813496109
1.962462462461999956886, 0.000033542546579372879
1.964964964965000060459, 0.000033292106115427310
1.967467467467000075132, 0.000033044696220164708
1.969969969969999956660, 0.000032800265824516883
1.972472472471999971333, 0.000032558764961957821
1.974974974975000074906, 0.000032320144739546007
1.977477477477000089578, 0.000032084357309860166
1.979979979979999971107, 0.000031851355843797188
1.982482482481999985779, 0.000031621094504201449
1.984984984985000089353, 0.000031393528420296956
1.987487487487000104025, 0.000031168613662893670
1.989989989989999985553, 0.000030946307220341579
1.992492492492000000226, 0.000030726566975206635
1.994994994995000103799, 0.000030509351681643373
1.997497497496999896427, 0.000030294620943440802
2.000000000000000000000, 0.000030082335192718235
