# Delta1: 0.46
# Delta2: 1.17
# Delta3: 1.34
# Dq: 0.08800000000000002
# Ds: -0.09000000000000001
# Dt: -0.01999999999999998
# k1_lab: [1, 0, 0]
# k2_lab: [-0.8660254037844387, 0.49999999999999994, 0.0]
# k1_cf: [-0.24184476264797528, -0.24184476264797528, 0.9396926207859084]
# k2_cf: [0.5416752204197018, 0.5416752204197018, -0.6427876096865395]
# pol1_lab: [(0, 1, 0), (0, 0, 1)]
# pol2_lab: [array([-0.5      , -0.8660254,  0.       ]), array([0., 0., 1.])]
# pol1_cf: [array([0.66446302, 0.66446302, 0.34202014]), array([-0.70710678,  0.70710678,  0.        ])]
# pol2_cf: [array([-0.45451948, -0.45451948, -0.76604444]), array([-0.70710678,  0.70710678,  0.        ])]
# cf: [array([-0.24184476,  0.66446302, -0.70710678]), array([-0.24184476,  0.66446302,  0.70710678]), array([0.93969262, 0.34202014, 0.        ])]
# th: 20
-0.5000000000000000000, 0.0014656785977789914
-0.4974974974974999964, 0.0014775745700427135
-0.4949949949949999928, 0.0014896341275172855
-0.4924924924924999892, 0.0015018604531434570
-0.4899899899899999856, 0.0015142568095927551
-0.4874874874874999819, 0.0015268265417035329
-0.4849849849849999783, 0.0015395730790047535
-0.4824824824824999747, 0.0015524999383311675
-0.4799799799800000266, 0.0015656107265336911
-0.4774774774775000230, 0.0015789091432889650
-0.4749749749750000194, 0.0015923989840122975
-0.4724724724725000158, 0.0016060841428783513
-0.4699699699700000122, 0.0016199686159541751
-0.4674674674675000086, 0.0016340565044493860
-0.4649649649650000049, 0.0016483520180885594
-0.4624624624625000013, 0.0016628594786111065
-0.4599599599599999977, 0.0016775833234041909
-0.4574574574574999941, 0.0016925281092745230
-0.4549549549549999905, 0.0017076985163651235
-0.4524524524524999869, 0.0017230993522234991
-0.4499499499499000077, 0.0017387355560279500
-0.4474474474474000041, 0.0017546122029790990
-0.4449449449449000005, 0.0017707345088640841
-0.4424424424423999969, 0.0017871078348012234
-0.4399399399398999932, 0.0018037376921733825
-0.4374374374373999896, 0.0018206297477586764
-0.4349349349348999860, 0.0018377898290676104
-0.4324324324323999824, 0.0018552239298962134
-0.4299299299298999788, 0.0018729382161052420
-0.4274274274273999752, 0.0018909390316360461
-0.4249249249249000271, 0.0019092329047742706
-0.4224224224224000235, 0.0019278265546731391
-0.4199199199199000199, 0.0019467268981487196
-0.4174174174174000163, 0.0019659410567602295
-0.4149149149149000126, 0.0019854763641891518
-0.4124124124124000090, 0.0020053403739316916
-0.4099099099099000054, 0.0020255408673198901
-0.4074074074074000018, 0.0020460858618875769
-0.4049049049048999982, 0.0020669836200982363
-0.4024024024023999946, 0.0020882426584528093
-0.3998998998998999910, 0.0021098717569965129
-0.3973973973973999874, 0.0021318799692447692
-0.3948948948948999838, 0.0021542766325495645
-0.3923923923923999801, 0.0021770713789287274
-0.3898898898898999765, 0.0022002741463819559
-0.3873873873873999729, 0.0022238951907187741
-0.3848848848849000248, 0.0022479450979251245
-0.3823823823824000212, 0.0022724347970968142
-0.3798798798799000176, 0.0022973755739697961
-0.3773773773774000140, 0.0023227790850789735
-0.3748748748749000104, 0.0023486573725791772
-0.3723723723724000068, 0.0023750228797640048
-0.3698698698699000031, 0.0024018884673203552
-0.3673673673673999995, 0.0024292674303588602
-0.3648648648648999959, 0.0024571735162628710
-0.3623623623623999923, 0.0024856209434013449
-0.3598598598598999887, 0.0025146244207537834
-0.3573573573573999851, 0.0025441991684984700
-0.3548548548548999815, 0.0025743609396184624
-0.3523523523523999779, 0.0026051260425833315
-0.3498498498497999987, 0.0026365113651683615
-0.3473473473472999951, 0.0026685343994769257
-0.3448448448447999914, 0.0027012132682361044
-0.3423423423422999878, 0.0027345667524401717
-0.3398398398397999842, 0.0027686143204215985
-0.3373373373372999806, 0.0028033761584345209
-0.3348348348347999770, 0.0028388732028413579
-0.3323323323322999734, 0.0028751271739994354
-0.3298298298298000253, 0.0029121606119511118
-0.3273273273273000217, 0.0029499969140280259
-0.3248248248248000181, 0.0029886603744878389
-0.3223223223223000145, 0.0030281762263100281
-0.3198198198198000108, 0.0030685706852863789
-0.3173173173173000072, 0.0031098709965513790
-0.3148148148148000036, 0.0031521054837081557
-0.3123123123123000000, 0.0031953036007169311
-0.3098098098097999964, 0.0032394959867250361
-0.3073073073072999928, 0.0032847145240308077
-0.3048048048047999892, 0.0033309923993879087
-0.3023023023022999856, 0.0033783641688719859
-0.2997997997997999819, 0.0034268658265484944
-0.2972972972972999783, 0.0034765348771984470
-0.2947947947947999747, 0.0035274104133787409
-0.2922922922923000266, 0.0035795331971150120
-0.2897897897898000230, 0.0036329457465481768
-0.2872872872873000194, 0.0036876924278812463
-0.2847847847848000158, 0.0037438195530003476
-0.2822822822823000122, 0.0038013754831739150
-0.2797797797798000086, 0.0038604107392667566
-0.2772772772773000050, 0.0039209781189410821
-0.2747747747748000013, 0.0039831328213557268
-0.2722722722722999977, 0.0040469325799170168
-0.2697697697697999941, 0.0041124378036812691
-0.2672672672672999905, 0.0041797117280596655
-0.2647647647647999869, 0.0042488205755318049
-0.2622622622622999833, 0.0043198337271351615
-0.2597597597597999797, 0.0043928239055645527
-0.2572572572572999761, 0.0044678673707889242
-0.2547547547547999724, 0.0045450441291735501
-0.2522522522523000243, 0.0046244381571841353
-0.2497497497496999896, 0.0047061376408469788
-0.2472472472472000138, 0.0047902352322467655
-0.2447447447447000102, 0.0048768283244620160
-0.2422422422422000066, 0.0049660193464690378
-0.2397397397397000030, 0.0050579160796897140
-0.2372372372371999993, 0.0051526319980181867
-0.2347347347346999957, 0.0052502866333386661
-0.2322322322321999921, 0.0053510059687423561
-0.2297297297296999885, 0.0054549228618693286
-0.2272272272272000126, 0.0055621775010426637
-0.2247247247247000090, 0.0056729178971309021
-0.2222222222222000054, 0.0057873004143739505
-0.2197197197197000018, 0.0059054903437408919
-0.2172172172171999982, 0.0060276625227601239
-0.2147147147146999946, 0.0061540020061777046
-0.2122122122121999910, 0.0062847047922646431
-0.2097097097096999874, 0.0064199786101142861
-0.2072072072072000115, 0.0065600437738548029
-0.2047047047047000079, 0.0067051341103571901
-0.2022022022022000043, 0.0068554979677563008
-0.1996996996997000007, 0.0070113993129323742
-0.1971971971971999971, 0.0071731189270363566
-0.1946946946946999935, 0.0073409557091992286
-0.1921921921921999898, 0.0075152280997607315
-0.1896896896896999862, 0.0076962756357068177
-0.1871871871872000104, 0.0078844606525410831
-0.1846846846847000068, 0.0080801701485607169
-0.1821821821822000032, 0.0082838178294940938
-0.1796796796796999995, 0.0084958463537219732
-0.1771771771771999959, 0.0087167298008910821
-0.1746746746746999923, 0.0089469763896886170
-0.1721721721721999887, 0.0091871314739388563
-0.1696696696697000128, 0.0094377808500793955
-0.1671671671672000092, 0.0096995544135579405
-0.1646646646647000056, 0.0099731302068599530
-0.1621621621622000020, 0.0102592389078498790
-0.1596596596596999984, 0.0105586688140235745
-0.1571571571571999948, 0.0108722713862932294
-0.1546546546546999912, 0.0112009674252575644
-0.1521521521521999876, 0.0115457539637859909
-0.1496496496496000084, 0.0119077119724552809
-0.1471471471471000048, 0.0122880149892623247
-0.1446446446446000011, 0.0126879388025174511
-0.1421421421420999975, 0.0131088723364042193
-0.1396396396395999939, 0.0135523299129886657
-0.1371371371370999903, 0.0140199650932283509
-0.1346346346345999867, 0.0145135863336858760
-0.1321321321321000108, 0.0150351747363279241
-0.1296296296296000072, 0.0155869042173836445
-0.1271271271271000036, 0.0161711644794719500
-0.1246246246246000000, 0.0167905872412385040
-0.1221221221220999964, 0.0174480762632442318
-0.1196196196196000067, 0.0181468418111824514
-0.1171171171171000031, 0.0188904403218962957
-0.1146146146145999994, 0.0196828201894666613
-0.1121121121120999958, 0.0205283747746345113
-0.1096096096096000061, 0.0214320039696756053
-0.1071071071071000025, 0.0223991859336764645
-0.1046046046045999989, 0.0234360609643115558
-0.1021021021020999953, 0.0245495299102849347
-0.0995995995996000055, 0.0257473700778372977
-0.0970970970971000019, 0.0270383722769636237
-0.0945945945945900063, 0.0284325035302768411
-0.0920920920920900027, 0.0299411010856826046
-0.0895895895895899991, 0.0315771048080123740
-0.0870870870870899955, 0.0333553368753898710
-0.0845845845845799998, 0.0352928401104749406
-0.0820820820820799962, 0.0374092894226373957
-0.0795795795795800065, 0.0397274949840392064
-0.0770770770770800029, 0.0422740212722535202
-0.0745745745745699934, 0.0450799534935166224
-0.0720720720720700037, 0.0481818528777083477
-0.0695695695695700000, 0.0516229559486417605
-0.0670670670670699964, 0.0554546916325788369
-0.0645645645645600008, 0.0597386161973602961
-0.0620620620620599972, 0.0645489028271753890
-0.0595595595595600005, 0.0699755751393760783
-0.0570570570570599969, 0.0761287498156294762
-0.0545545545545500013, 0.0831442647093188214
-0.0520520520520499977, 0.0911912342603098391
-0.0495495495495500010, 0.1004823244058871412
-0.0470470470470499974, 0.1112879248539520027
-0.0445445445445400018, 0.1239560025140530597
-0.0420420420420399982, 0.1389403925702571985
-0.0395395395395400015, 0.1568418825842232689
-0.0370370370370399979, 0.1784691431468596878
-0.0345345345345300023, 0.2049312464609642503
-0.0320320320320299987, 0.2377819295264586019
-0.0295295295295299985, 0.2792514313050853403
-0.0270270270270299984, 0.3326321677400609911
-0.0245245245245199993, 0.4029465063192688712
-0.0220220220220199991, 0.4981583884364034764
-0.0195195195195199990, 0.6314971973312711873
-0.0170170170170199989, 0.8262229574683244149
-0.0145145145145099998, 1.1262315308670789449
-0.0120120120120099996, 1.6222006752801614304
-0.0095095095095099995, 2.5250259994421888621
-0.0070070070070070000, 4.4094998226911066297
-0.0045045045045049997, 9.1939504553077604498
-0.0020020020020019998, 23.7850028257100802875
0.0005005005005005000, 37.5326329436517482918
0.0030030030030029999, 15.9808035942333219737
0.0055055055055059999, 6.6746925703544359720
0.0080080080080079993, 3.4682275133433000391
0.0105105105105099995, 2.0918851874441601879
0.0130130130130099997, 1.3911406428367749655
0.0155155155155200005, 0.9895222614336545153
0.0180180180180199989, 0.7390248390290123925
0.0205205205205199991, 0.5726480354336389578
0.0230230230230199992, 0.4566685093737741230
0.0255255255255299983, 0.3726667855196094115
0.0280280280280299984, 0.3099105041019001305
0.0305305305305299986, 0.2618105744487436159
0.0330330330330299987, 0.2241433195678401713
0.0355355355355400013, 0.1941015933974793439
0.0380380380380399979, 0.1697614356555500748
0.0405405405405400016, 0.1497688403612533192
0.0430430430430399982, 0.1331487325057558457
0.0455455455455500008, 0.1191846011023618562
0.0480480480480499975, 0.1073404504586679548
0.0505505505505500011, 0.0972088952486027946
0.0530530530530499977, 0.0884758566145255471
0.0555555555555600003, 0.0808960610711190742
0.0580580580580599970, 0.0742757253180466870
0.0605605605605600006, 0.0684601167838429087
0.0630630630630600042, 0.0633244824606110923
0.0655655655655699998, 0.0587673430980022310
0.0680680680680700034, 0.0547054735503804818
0.0705705705705699932, 0.0510701017716796435
0.0730730730730699968, 0.0478039998248031145
0.0755755755755800063, 0.0448592355278715771
0.0780780780780799960, 0.0421954187305949718
0.0805805805805799996, 0.0397783216960960473
0.0830830830830800032, 0.0375787851139662218
0.0855855855855899988, 0.0355718441257820012
0.0880880880880900025, 0.0337360252246588152
0.0905905905905900061, 0.0320527768980312239
0.0930930930930899958, 0.0305060057173420877
0.0955955955956000053, 0.0290816961380741187
0.0980980980980999950, 0.0277675971865093303
0.1006006006005999986, 0.0265529629192696182
0.1031031031031000023, 0.0254283363644289967
0.1056056056056000059, 0.0243853688165554805
0.1081081081080999956, 0.0234166680278605072
0.1106106106105999992, 0.0225156701348627822
0.1131131131131000028, 0.0216765311740479034
0.1156156156156000064, 0.0208940348374473464
0.1181181181180999962, 0.0201635137497030645
0.1206206206205999998, 0.0194807820496122192
0.1231231231231000034, 0.0188420774598944650
0.1256256256256000070, 0.0182440113507875354
0.1281281281281000106, 0.0176835255628049748
0.1306306306305999865, 0.0171578549645250607
0.1331331331330999901, 0.0166644948926813787
0.1356356356355999937, 0.0162011727619463392
0.1381381381380999973, 0.0157658232468077149
0.1406406406406000009, 0.0153565665326970344
0.1431431431431000045, 0.0149716892118927358
0.1456456456456000081, 0.0146096274647577844
0.1481481481481000118, 0.0142689522210322998
0.1506506506506999910, 0.0139483560411562540
0.1531531531531999946, 0.0136466414955298803
0.1556556556556999982, 0.0133627108515144751
0.1581581581582000018, 0.0130955569048743954
0.1606606606607000054, 0.0128442548151115089
0.1631631631632000090, 0.0126079548234403309
0.1656656656657000126, 0.0123858757485642811
0.1681681681681999885, 0.0121772991694104101
0.1706706706706999921, 0.0119815642159478604
0.1731731731731999957, 0.0117980628994741946
0.1756756756756999993, 0.0116262359225725587
0.1781781781782000029, 0.0114655689165378862
0.1806806806807000065, 0.0113155890606335997
0.1831831831832000101, 0.0111758620432216849
0.1856856856857000138, 0.0110459893297414694
0.1881881881881999896, 0.0109256057068063302
0.1906906906906999932, 0.0108143770754327451
0.1931931931931999968, 0.0107119984696953975
0.1956956956957000004, 0.0106181922799787574
0.1981981981982000041, 0.0105327066625280474
0.2007007007007000077, 0.0104553141192405448
0.2032032032032000113, 0.0103858102336205280
0.2057057057056999871, 0.0103240125505872811
0.2082082082081999908, 0.0102697595894038658
0.2107107107106999944, 0.0102229099804128087
0.2132132132131999980, 0.0101833417175475859
0.2157157157157000016, 0.0101509515197545676
0.2182182182182000052, 0.0101256542955298224
0.2207207207207000088, 0.0101073827057623564
0.2232232232232000124, 0.0100960868209969794
0.2257257257256999883, 0.0100917338700978985
0.2282282282281999919, 0.0100943080781210441
0.2307307307306999955, 0.0101038105920008732
0.2332332332331999991, 0.0101202594934363208
0.2357357357357000027, 0.0101436898991317630
0.2382382382382000063, 0.0101741541493223491
0.2407407407407000099, 0.0102117220862995954
0.2432432432432000136, 0.0102564814254633187
0.2457457457456999894, 0.0103085382222711207
0.2482482482481999930, 0.0103680174393484120
0.2507507507508000000, 0.0104350636189735717
0.2532532532533000036, 0.0105098416671774390
0.2557557557558000072, 0.0105925377568108110
0.2582582582583000108, 0.0106833603581534525
0.2607607607608000144, 0.0107825414069845828
0.2632632632633000180, 0.0108903376215284398
0.2657657657658000216, 0.0110070319813560455
0.2682682682683000253, 0.0111329353831934770
0.2707707707707999734, 0.0112683884906925359
0.2732732732732999770, 0.0114137637976000003
0.2757757757757999806, 0.0115694679264618967
0.2782782782782999842, 0.0117359441880736624
0.2807807807807999878, 0.0119136754303960039
0.2832832832832999914, 0.0121031872096748361
0.2857857857857999950, 0.0123050513211169985
0.2882882882882999986, 0.0125198897317833312
0.2907907907908000023, 0.0127483789644901799
0.2932932932933000059, 0.0129912549886001798
0.2957957957958000095, 0.0132493186818089682
0.2982982982983000131, 0.0135234419365985181
0.3008008008008000167, 0.0138145744961776541
0.3033033033033000203, 0.0141237516177645551
0.3058058058058000239, 0.0144521026763379141
0.3083083083083000275, 0.0148008608399313839
0.3108108108107999756, 0.0151713739686919133
0.3133133133132999792, 0.0155651169149078946
0.3158158158157999829, 0.0159837054308232356
0.3183183183182999865, 0.0164289119262431942
0.3208208208207999901, 0.0169026833598947442
0.3233233233232999937, 0.0174071615986827188
0.3258258258257999973, 0.0179447066391943792
0.3283283283283000009, 0.0185179231583047568
0.3308308308308000045, 0.0191296909473315201
0.3333333333333000081, 0.0197831998904255332
0.3358358358358000118, 0.0204819902772069642
0.3383383383383000154, 0.0212299993977188850
0.3408408408408000190, 0.0220316155617501612
0.3433433433433000226, 0.0228917409236578939
0.3458458458458000262, 0.0238158647898167875
0.3483483483482999743, 0.0248101494539867892
0.3508508508509000090, 0.0258815310660713213
0.3533533533534000126, 0.0270378386178688999
0.3558558558559000162, 0.0282879348596165384
0.3583583583584000198, 0.0296418838885737709
0.3608608608609000235, 0.0311111513358020772
0.3633633633634000271, 0.0327088446005078526
0.3658658658658999752, 0.0344500025521673192
0.3683683683683999788, 0.0363519466881532041
0.3708708708708999824, 0.0384347091035801974
0.3733733733733999860, 0.0407215570845055191
0.3758758758758999896, 0.0432396400727877717
0.3783783783783999932, 0.0460207927321461818
0.3808808808808999968, 0.0491025386715354673
0.3833833833834000004, 0.0525293542103040245
0.3858858858859000041, 0.0563542720881341080
0.3883883883884000077, 0.0606409337275756882
0.3908908908909000113, 0.0654662392873013865
0.3933933933934000149, 0.0709238029816150056
0.3958958958959000185, 0.0771285057518619477
0.3983983983984000221, 0.0842225621051255202
0.4009009009009000257, 0.0923837047293105673
0.4034034034033999738, 0.1018363750586852995
0.4059059059058999774, 0.1128672496241791418
0.4084084084083999810, 0.1258471316015027930
0.4109109109108999847, 0.1412623701293072576
0.4134134134133999883, 0.1597608512357382438
0.4159159159158999919, 0.1822208140044293545
0.4184184184183999955, 0.2098563915371268185
0.4209209209208999991, 0.2443840526438246785
0.4234234234234000027, 0.2882935613828883081
0.4259259259259000063, 0.3453055060738286497
0.4284284284284000099, 0.4211773773013450239
0.4309309309309000136, 0.5251964583045030110
0.4334334334334000172, 0.6731144249642426747
0.4359359359359000208, 0.8933478132753009948
0.4384384384384000244, 1.2413002541259177125
0.4409409409408999725, 1.8363755301872601855
0.4434434434433999761, 2.9724160673745716466
0.4459459459458999797, 5.5126711139125772476
0.4484484484483999833, 12.5636118601746140655
0.4509509509510000180, 32.1634134054920934886
0.4534534534535000216, 27.8339555941037346543
0.4559559559560000253, 10.6270399564771409473
0.4584584584584999734, 4.8646963998409180618
0.4609609609609999770, 2.7010226226698694774
0.4634634634634999806, 1.7007534928099281579
0.4659659659659999842, 1.1646480221580173264
0.4684684684684999878, 0.8460353180511324123
0.4709709709709999914, 0.6419338963211020932
0.4734734734734999950, 0.5035833257785892192
0.4759759759759999986, 0.4055831792498904020
0.4784784784785000022, 0.3336805107484300259
0.4809809809810000059, 0.2793884957418666937
0.4834834834835000095, 0.2374030795953101514
0.4859859859860000131, 0.2042733935217300734
0.4884884884885000167, 0.1776768566726565357
0.4909909909910000203, 0.1560043356501834566
0.4934934934935000239, 0.1381127334805168916
0.4959959959960000275, 0.1231720851042214654
0.4984984984984999756, 0.1105680828823269457
0.5010010010009999792, 0.0998382209841425644
0.5035035035035000384, 0.0906289413253338338
0.5060060060059999865, 0.0826662478409313783
0.5085085085085000456, 0.0757351630322224967
0.5110110110109999937, 0.0696651134521916182
0.5135135135135000528, 0.0643193672493435342
0.5160160160160000009, 0.0595872894678765308
0.5185185185184999490, 0.0553785880336368289
0.5210210210210000081, 0.0516189866571297520
0.5235235235234999562, 0.0482469342764117320
0.5260260260260000154, 0.0452110767855650394
0.5285285285284999635, 0.0424682957811598899
0.5310310310310000226, 0.0399821735633429168
0.5335335335334999707, 0.0377217817432861369
0.5360360360360000298, 0.0356607177954579441
0.5385385385384999779, 0.0337763332229806396
0.5410410410410000370, 0.0320491110003092022
0.5435435435434999851, 0.0304621601945995052
0.5460460460460000442, 0.0290008032265465510
0.5485485485484999924, 0.0276522368637614757
0.5510510510510999715, 0.0264052522717491030
0.5535535535536000307, 0.0252500026528403865
0.5560560560560999788, 0.0241778094494367254
0.5585585585586000379, 0.0231809999678869658
0.5610610610610999860, 0.0222527707340300987
0.5635635635636000451, 0.0213870720243518470
0.5660660660660999932, 0.0205785099044136950
0.5685685685686000523, 0.0198222628058501958
0.5710710710711000004, 0.0191140102277068125
0.5735735735735999485, 0.0184498715896582004
0.5760760760761000077, 0.0178263536183996818
0.5785785785785999558, 0.0172403049331527267
0.5810810810811000149, 0.0166888767263310908
0.5835835835835999630, 0.0161694886222556698
0.5860860860861000221, 0.0156797989491653453
0.5885885885885999702, 0.0152176787845202197
0.5910910910911000293, 0.0147811892361377588
0.5935935935935999774, 0.0143685615063126309
0.5960960960961000366, 0.0139781793561377932
0.5985985985985999847, 0.0136085636454708857
0.6011011011011000438, 0.0132583586725398411
0.6036036036035999919, 0.0129263200777952770
0.6061061061061000510, 0.0126113041106984316
0.6086086086085999991, 0.0123122580868190411
0.6111111111110999472, 0.0120282118868334266
0.6136136136136000063, 0.0117582703695125745
0.6161161161160999544, 0.0115016065881917030
0.6186186186186000135, 0.0112574557150232693
0.6211211211210999616, 0.0110251095899536206
0.6236236236236000208, 0.0108039118221739672
0.6261261261260999689, 0.0105932533810663664
0.6286286286286000280, 0.0103925686216328229
0.6311311311310999761, 0.0102013316962587114
0.6336336336336000352, 0.0100190533105870491
0.6361361361360999833, 0.0098452777864062244
0.6386386386386000424, 0.0096795803988983520
0.6411411411410999905, 0.0095215649594557507
0.6436436436436000497, 0.0093708616186339508
0.6461461461460999978, 0.0092271248667397353
0.6486486486485999459, 0.0090900317121135887
0.6511511511512000361, 0.0089592800194065788
0.6536536536536999842, 0.0088345869921169322
0.6561561561562000433, 0.0087156877853774815
0.6586586586586999914, 0.0086023342365035144
0.6611611611612000505, 0.0084942937021486968
0.6636636636636999986, 0.0083913479920980239
0.6661661661661999467, 0.0082932923907705503
0.6686686686687000059, 0.0081999347584294884
0.6711711711711999540, 0.0081110947049166417
0.6736736736737000131, 0.0080266028294563065
0.6761761761761999612, 0.0079463000207209700
0.6786786786787000203, 0.0078700368119276765
0.6811811811811999684, 0.0077976727862479819
0.6836836836837000275, 0.0077290760282735602
0.6861861861861999756, 0.0076641226176899814
0.6886886886887000347, 0.0076026961616788395
0.6911911911911999828, 0.0075446873628979040
0.6936936936937000420, 0.0074899936201849307
0.6961961961961999901, 0.0074385186593966821
0.6986986986987000492, 0.0073901721920341390
0.7012012012011999973, 0.0073448695995207321
0.7037037037036999454, 0.0073025316411950737
0.7062062062062000045, 0.0072630841842557092
0.7087087087086999526, 0.0072264579540547253
0.7112112112112000117, 0.0071925883032812540
0.7137137137136999598, 0.0071614149987069978
0.7162162162162000190, 0.0071328820242848485
0.7187187187186999671, 0.0071069373995000795
0.7212212212212000262, 0.0070835330119723063
0.7237237237236999743, 0.0070626244633966596
0.7262262262262000334, 0.0070441709279951198
0.7287287287286999815, 0.0070281350227246013
0.7312312312312000406, 0.0070144826885578694
0.7337337337336999887, 0.0070031830822173116
0.7362362362362000479, 0.0069942084778006090
0.7387387387386999960, 0.0069875341777919427
0.7412412412412000551, 0.0069831384330030343
0.7437437437437000032, 0.0069810023710354004
0.7462462462461999513, 0.0069811099328992779
0.7487487487487000104, 0.0069834478174658566
0.7512512512512999896, 0.0069880054334682477
0.7537537537538000487, 0.0069947748588033128
0.7562562562562999968, 0.0070037508069212152
0.7587587587587999449, 0.0070149306001227492
0.7612612612613000040, 0.0070283141496163782
0.7637637637637999521, 0.0070439039422174939
0.7662662662663000113, 0.0070617050336023082
0.7687687687687999594, 0.0070817250480577354
0.7712712712713000185, 0.0071039741846972582
0.7737737737737999666, 0.0071284652301409363
0.7762762762763000257, 0.0071552135776858797
0.7787787787787999738, 0.0071842372530215998
0.7812812812813000329, 0.0072155569465731330
0.7837837837837999810, 0.0072491960525835897
0.7862862862863000402, 0.0072851807150773537
0.7887887887887999883, 0.0073235398808753375
0.7912912912913000474, 0.0073643053598650993
0.7937937937937999955, 0.0074075118927611830
0.7962962962963000546, 0.0074531972266250347
0.7987987987988000027, 0.0075014021984496360
0.8013013013012999508, 0.0075521708271516670
0.8038038038038000099, 0.0076055504143539496
0.8063063063062999580, 0.0076615916543833641
0.8088088088088000172, 0.0077203487539547434
0.8113113113112999653, 0.0077818795620597271
0.8138138138138000244, 0.0078462457106315761
0.8163163163162999725, 0.0079135127666130241
0.8188188188188000316, 0.0079837503961145834
0.8213213213212999797, 0.0080570325414162265
0.8238238238238000388, 0.0081334376116360511
0.8263263263262999869, 0.0082130486879665454
0.8288288288288000460, 0.0082959537444626929
0.8313313313312999941, 0.0083822458854573047
0.8338338338338000533, 0.0084720236007784083
0.8363363363363000014, 0.0085653910400523038
0.8388388388387999495, 0.0086624583074947012
0.8413413413413000086, 0.0087633417787230765
0.8438438438437999567, 0.0088681644412659417
0.8463463463463000158, 0.0089770562606024881
0.8488488488487999639, 0.0090901545737387054
0.8513513513514000541, 0.0092076045125165252
0.8538538538539000022, 0.0093295594590630578
0.8563563563563999503, 0.0094561815360182776
0.8588588588589000095, 0.0095876421344366428
0.8613613613613999576, 0.0097241224825414078
0.8638638638639000167, 0.0098658142588249429
0.8663663663663999648, 0.0100129202533374914
0.8688688688689000239, 0.0101656550813934328
0.8713713713713999720, 0.0103242459543559095
0.8738738738739000311, 0.0104889335126392737
0.8763763763763999792, 0.0106599727266040948
0.8788788788789000384, 0.0108376338716159402
0.8813813813813999865, 0.0110222035842054839
0.8838838838839000456, 0.0112139860070143635
0.8863863863863999937, 0.0114133040310464094
0.8888888888889000528, 0.0116205006446819040
0.8913913913914000009, 0.0118359403999665352
0.8938938938938999490, 0.0120600110078709841
0.8963963963964000081, 0.0122931250755537597
0.8988988988988999562, 0.0125357220001654293
0.9014014014014000153, 0.0127882700354353604
0.9039039039038999634, 0.0130512685492088307
0.9064064064064000226, 0.0133252504922850741
0.9089089089088999707, 0.0136107851013869512
0.9114114114114000298, 0.0139084808619109098
0.9139139139138999779, 0.0142189887593165698
0.9164164164164000370, 0.0145430058516794799
0.9189189189188999851, 0.0148812792001160148
0.9214214214214000442, 0.0152346101985860356
0.9239239239238999923, 0.0156038593500778602
0.9264264264264000515, 0.0159899515425029823
0.9289289289288999996, 0.0163938818849100644
0.9314314314313999477, 0.0168167221730287954
0.9339339339339000068, 0.0172596280628739447
0.9364364364363999549, 0.0177238470423998901
0.9389389389389000140, 0.0182107273042768497
0.9414414414413999621, 0.0187217276380882702
0.9439439439439000212, 0.0192584284780150661
0.9464464464463999693, 0.0198225442628590653
0.9489489489489000285, 0.0204159372896277960
0.9514514514515000076, 0.0210406332705565385
0.9539539539539999558, 0.0216988388372214847
0.9564564564565000149, 0.0223929612753202834
0.9589589589589999630, 0.0231256308210296621
0.9614614614615000221, 0.0238997259061174763
0.9639639639639999702, 0.0247184018060944456
0.9664664664665000293, 0.0255851232259747853
0.9689689689689999774, 0.0265037014545712810
0.9714714714715000365, 0.0274783368343070322
0.9739739739739999846, 0.0285136674337838972
0.9764764764765000438, 0.0296148249804922895
0.9789789789789999919, 0.0307874993182295498
0.9814814814815000510, 0.0320380129070693964
0.9839839839839999991, 0.0333734071946507477
0.9864864864864999472, 0.0348015430708677603
0.9889889889890000063, 0.0363312180927454348
0.9914914914914999544, 0.0379723037569141136
0.9939939939940000135, 0.0397359068355525799
0.9964964964964999616, 0.0416345597197179743
0.9989989989990000208, 0.0436824458865174847
1.0015015015019999023, 0.0458956680963892791
1.0040040040039999170, 0.0482925688308433118
1.0065065065070000205, 0.0508941149296901901
1.0090090090090000352, 0.0537243615563658475
1.0115115115119999167, 0.0568110147508776933
1.0140140140139999314, 0.0601861172528193808
1.0165165165170000350, 0.0638868894504331652
1.0190190190190000497, 0.0679567668779576251
1.0215215215219999312, 0.0724466885502077912
1.0240240240239999459, 0.0774167078870879599
1.0265265265270000494, 0.0829380219141318542
1.0290290290290000641, 0.0890955475642652706
1.0315315315319999456, 0.0959912202988786462
1.0340340340339999603, 0.1037482559822532346
1.0365365365370000639, 0.1125167112127682528
1.0390390390390000785, 0.1224808143916258502
1.0415415415419999601, 0.1338687420735850953
1.0440440440439999747, 0.1469658183578751443
1.0465465465470000783, 0.1621325775060180607
1.0490490490490000930, 0.1798298485475270936
1.0515515515519999745, 0.2006541603323943601
1.0540540540539999892, 0.2253886142090965050
1.0565565565570000928, 0.2550774456477146734
1.0590590590590001074, 0.2911377505066978788
1.0615615615619999890, 0.3355311122990403128
1.0640640640640000036, 0.3910347602288175572
1.0665665665670001072, 0.4616839284817718658
1.0690690690689998998, 0.5535206147086887407
1.0715715715720000034, 0.6759164905985208804
1.0740740740740000181, 0.8440312211260816433
1.0765765765769998996, 1.0836643513696102570
1.0790790790789999143, 1.4415574679407365810
1.0815815815820000179, 2.0093376374932017114
1.0840840840840000325, 2.9858807430769780389
1.0865865865869999141, 4.8652681421873076317
1.0890890890889999287, 9.1171552790274539291
1.0915915915920000323, 21.0807543902220899668
1.0940940940940000470, 53.0195083905330761809
1.0965965965969999285, 41.6909590827777236655
1.0990990990989999432, 15.9222313081101951582
1.1016016016020000468, 7.3924726428080527185
1.1041041041040000614, 4.1442335344232086314
1.1066066066069999430, 2.6264099055588712162
1.1091091091089999576, 1.8069112747869411351
1.1116116116120000612, 1.3173451489768708278
1.1141141141140000759, 1.0025493378242817943
1.1166166166169999574, 0.7885683009616319961
1.1191191191189999721, 0.6366801502938648216
1.1216216216220000756, 0.5250693605435393652
1.1241241241240000903, 0.4407038455002773025
1.1266266266269999718, 0.3754171769313465190
1.1291291291289999865, 0.3238844262268530394
1.1316316316320000901, 0.2825150271627452359
1.1341341341340001048, 0.2488174628669413968
1.1366366366369999863, 0.2210194801938723530
1.1391391391390000010, 0.1978329012206492266
1.1416416416420001045, 0.1783034299338007445
1.1441441441439998972, 0.1617121088359029513
1.1466466466470000007, 0.1475090962883686130
1.1491491491490000154, 0.1352682030697016091
1.1516516516519998969, 0.1246550768617495503
1.1541541541539999116, 0.1154045497455023495
1.1566566566570000152, 0.1073042556277710724
1.1591591591590000299, 0.1001826128359990659
1.1616616616619999114, 0.0938998942877313919
1.1641641641639999261, 0.0883415136512336885
1.1666666666670000296, 0.0834129236044165723
1.1691691691690000443, 0.0790357017948034313
1.1716716716719999258, 0.0751445223583952215
1.1741741741739999405, 0.0716847953504914370
1.1766766766770000441, 0.0686108156529788987
1.1791791791790000588, 0.0658843049727599883
1.1816816816819999403, 0.0634732608058825309
1.1841841841839999550, 0.0613510483170930793
1.1866866866870000585, 0.0594956874326731597
1.1891891891890000732, 0.0578892997684911856
1.1916916916919999547, 0.0565176895184335837
1.1941941941939999694, 0.0553700399830038964
1.1966966966970000730, 0.0544387136799071789
1.1991991991990000876, 0.0537191494692998775
1.2017017017019999692, 0.0532098552949020961
1.2042042042039999838, 0.0529125004171925317
1.2067067067070000874, 0.0528321168568579580
1.2092092092090001021, 0.0529774267265221560
1.2117117117119999836, 0.0533613209251196652
1.2142142142139999983, 0.0540015262983543007
1.2167167167170001019, 0.0549215142710788931
1.2192192192189998945, 0.0561517262799625799
1.2217217217219999981, 0.0577312233533772146
1.2242242242240000127, 0.0597099140034614631
1.2267267267269998943, 0.0621515843224160203
1.2292292292289999089, 0.0651380599598384569
1.2317317317320000125, 0.0687749932751092474
1.2342342342340000272, 0.0732000272979837219
1.2367367367369999087, 0.0785945052500789942
1.2392392392389999234, 0.0852005845677709928
1.2417417417420000270, 0.0933467877004338364
1.2442442442440000416, 0.1034870775814082516
1.2467467467469999232, 0.1162622704946476571
1.2492492492489999378, 0.1325996102607822635
1.2517517517520000414, 0.1538801087001558932
1.2542542542540000561, 0.1822317257451431805
1.2567567567569999376, 0.2210687639168081864
1.2592592592589999523, 0.2761437478685334068
1.2617617617620000559, 0.3577483830592639302
1.2642642642640000705, 0.4857361862508751127
1.2667667667669999521, 0.7023041114382204686
1.2692692692689999667, 1.1093830298286100344
1.2717717717720000703, 1.9991704514181414254
1.2742742742740000850, 4.4005616256030046785
1.2767767767769999665, 11.4567292453476952119
1.2792792792789999812, 12.0775296031159591337
1.2817817817820000847, 4.6760251066759650485
1.2842842842840000994, 2.0915884785648399813
1.2867867867869999809, 1.1483898585827030381
1.2892892892889999956, 0.7221226373460378767
1.2917917917920000992, 0.4972925715167420546
1.2942942942939998918, 0.3652652517758457895
1.2967967967969999954, 0.2815099713161253181
1.2992992992990000101, 0.2252299905157175153
1.3018018018019998916, 0.1857064293856020565
1.3043043043039999063, 0.1569756549274486934
1.3068068068070000098, 0.1355118440537261548
1.3093093093090000245, 0.1191251718975468998
1.3118118118119999060, 0.1063992276170830920
1.3143143143139999207, 0.0963863374628631808
1.3168168168170000243, 0.0884342145154382586
1.3193193193190000390, 0.0820831104462055178
1.3218218218219999205, 0.0770025679744421876
1.3243243243239999352, 0.0729513071888340803
1.3268268268270000387, 0.0697511005455814931
1.3293293293290000534, 0.0672693713009914762
1.3318318318319999349, 0.0654073870860281126
1.3343343343339999496, 0.0640921385204522298
1.3368368368370000532, 0.0632707092786305020
1.3393393393390000679, 0.0629063779901509607
1.3418418418419999494, 0.0629759629182788383
1.3443443443439999641, 0.0634680943858667579
1.3468468468470000676, 0.0643822161812122318
1.3493493493490000823, 0.0657281989821040802
1.3518518518519999638, 0.0675265108967824657
1.3543543543539999785, 0.0698089425575850880
1.3568568568570000821, 0.0726199345349400199
1.3593593593590000967, 0.0760186102429429716
1.3618618618619999783, 0.0800816858531444992
1.3643643643639999929, 0.0849075202909093385
1.3668668668670000965, 0.0906216980572298603
1.3693693693689998891, 0.0973847284374586702
1.3718718718719999927, 0.1054027337457006108
1.3743743743740000074, 0.1149424482830631311
1.3768768768770001110, 0.1263525639807900058
1.3793793793789999036, 0.1400946230951897187
1.3818818818820000072, 0.1567886067324251176
1.3843843843840000218, 0.1772817229180062015
1.3868868868869999034, 0.2027548610760685766
1.3893893893889999180, 0.2348921629626233853
1.3918918918920000216, 0.2761602209340686676
1.3943943943940000363, 0.3302857009596079640
1.3968968968969999178, 0.4031097179941219855
1.3993993993989999325, 0.5041989445464841735
1.4019019019020000361, 0.6500820459184576405
1.4044044044040000507, 0.8712721709137449810
1.4069069069069999323, 1.2290364035596206271
1.4094094094089999469, 1.8606097939489572024
1.4119119119120000505, 3.1216352580253143856
1.4144144144140000652, 6.1288759519674798071
1.4169169169169999467, 15.0392575685385629924
1.4194194194189999614, 32.5996079812759731453
1.4219219219220000650, 17.9112089638997105112
1.4244244244240000796, 7.0477560511763686080
1.4269269269269999612, 3.4648757376443422018
1.4294294294289999758, 2.0177164066265684816
1.4319319319320000794, 1.3116917234946487980
1.4344344344340000941, 0.9188784026572048846
1.4369369369369999756, 0.6790598812590047384
1.4394394394389999903, 0.5223003221296460552
1.4419419419420000938, 0.4143567438380278967
1.4444444444440001085, 0.3369231957240057529
1.4469469469469999900, 0.2795146478436999482
1.4494494494490000047, 0.2357831095972193758
1.4519519519520001083, 0.2017063147908433329
1.4544544544539999009, 0.1746369330370245998
1.4569569569570000045, 0.1527755754803321875
1.4594594594590000192, 0.1348649592339637715
1.4619619619619999007, 0.1200053004108018739
1.4644644644639999154, 0.1075390260482934762
1.4669669669670000189, 0.0969766037751285531
1.4694694694690000336, 0.0879475581359305397
1.4719719719719999151, 0.0801673596416940804
1.4744744744739999298, 0.0734145730840394806
1.4769769769770000334, 0.0675147888336949248
1.4794794794790000481, 0.0623291312521397911
1.4819819819819999296, 0.0577459133514626397
1.4844844844839999443, 0.0536744908436214418
1.4869869869870000478, 0.0500406775025342351
1.4894894894890000625, 0.0467832846270193406
1.4919919919919999440, 0.0438514804071705316
1.4944944944939999587, 0.0412027545373041398
1.4969969969970000623, 0.0388013346138340112
1.4994994994990000770, 0.0366169432700143432
1.5020020020019999585, 0.0346238147810970023
1.5045045045050000621, 0.0327999110403597513
1.5070070070070000767, 0.0311262920218065807
1.5095095095099999583, 0.0295866068990041503
1.5120120120119999729, 0.0281666800999083727
1.5145145145150000765, 0.0268541725841544184
1.5170170170170000912, 0.0256383031170713260
1.5195195195199999727, 0.0245096176955540666
1.5220220220219999874, 0.0234597978479468908
1.5245245245250000909, 0.0224815004936062962
1.5270270270270001056, 0.0215682235603112948
1.5295295295299999871, 0.0207141927305362558
1.5320320320320000018, 0.0199142656028290684
1.5345345345350001054, 0.0191638502730704929
1.5370370370369998980, 0.0184588359077090397
1.5395395395400000016, 0.0177955333314747631
1.5420420420420000163, 0.0171706240115261748
1.5445445445449998978, 0.0165811161082739765
1.5470470470469999125, 0.0160243064954667461
1.5495495495500000160, 0.0154977478402082858
1.5520520520520000307, 0.0149992199865210674
1.5545545545549999122, 0.0145267050109574095
1.5570570570569999269, 0.0140783654211425191
1.5595595595600000305, 0.0136525250524090844
1.5620620620620000452, 0.0132476522872936337
1.5645645645649999267, 0.0128623452803840119
1.5670670670669999414, 0.0124953189190266205
1.5695695695700000449, 0.0121453932904801304
1.5720720720720000596, 0.0118114834596726951
1.5745745745749999411, 0.0114925903899110848
1.5770770770769999558, 0.0111877928626474485
1.5795795795800000594, 0.0108962402724832597
1.5820820820820000741, 0.0106171461905957762
1.5845845845849999556, 0.0103497826042273991
1.5870870870869999703, 0.0100934747521859176
1.5895895895900000738, 0.0098475964868185301
1.5920920920920000885, 0.0096115661019243615
1.5945945945949999700, 0.0093848425737924328
1.5970970970969999847, 0.0091669221691993569
1.5995995996000000883, 0.0089573353799268871
1.6021021021020001029, 0.0087556441483091010
1.6046046046049999845, 0.0085614393526045694
1.6071071071069999991, 0.0083743385247041675
1.6096096096100001027, 0.0081939837759194105
1.6121121121119998953, 0.0080200399094088378
1.6146146146149999989, 0.0078521927002572316
1.6171171171170000136, 0.0076901473263696948
1.6196196196199998951, 0.0075336269352233309
1.6221221221219999098, 0.0073823713331693935
1.6246246246250000134, 0.0072361357854288898
1.6271271271270000280, 0.0070946899162013556
1.6296296296299999096, 0.0069578166994318600
1.6321321321319999242, 0.0068253115317755608
1.6346346346350000278, 0.0066969813801780898
1.6371371371370000425, 0.0065726439972689527
1.6396396396399999240, 0.0064521271984558388
1.6421421421419999387, 0.0063352681952214803
1.6446446446450000423, 0.0062219129796705960
1.6471471471470000569, 0.0061119157558608070
1.6496496496499999385, 0.0060051384138851294
1.6521521521519999531, 0.0059014500430611535
1.6546546546550000567, 0.0058007264809284515
1.6571571571570000714, 0.0057028498950659479
1.6596596596599999529, 0.0056077083950192208
1.6621621621619999676, 0.0055151956718771638
1.6646646646650000712, 0.0054252106632619035
1.6671671671670000858, 0.0053376572416975378
1.6696696696699999674, 0.0052524439245050809
1.6721721721719999820, 0.0051694836035348288
1.6746746746750000856, 0.0050886932931952433
1.6771771771770001003, 0.0050099938953711192
1.6796796796799999818, 0.0049333099799446049
1.6821821821819999965, 0.0048585695797421207
1.6846846846850001000, 0.0047857039988293418
1.6871871871869998927, 0.0047146476331664106
1.6896896896899999962, 0.0046453378027171612
1.6921921921920000109, 0.0045777145941804532
1.6946946946949998924, 0.0045117207135791657
1.6971971971969999071, 0.0044473013480039372
1.6996996997000000107, 0.0043844040358647467
1.7022022022020000254, 0.0043229785450545344
1.7047047047049999069, 0.0042629767584757301
1.7072072072069999216, 0.0042043525664231555
1.7097097097100000251, 0.0041470617653557480
1.7122122122120000398, 0.0040910619626252287
1.7147147147149999213, 0.0040363124867624804
1.7172172172169999360, 0.0039827743029523417
1.7197197197200000396, 0.0039304099333549777
1.7222222222220000543, 0.0038791833819572206
1.7247247247249999358, 0.0038290600636603704
1.7272272272269999505, 0.0037800067373322740
1.7297297297300000540, 0.0037319914425710701
1.7322322322320000687, 0.0036849834399460043
1.7347347347349999502, 0.0036389531544973085
1.7372372372369999649, 0.0035938721222924853
1.7397397397400000685, 0.0035497129398504063
1.7422422422420000832, 0.0035064492162577036
1.7447447447449999647, 0.0034640555278139529
1.7472472472469999794, 0.0034225073750532597
1.7497497497500000829, 0.0033817811420001911
1.7522522522520000976, 0.0033418540575274533
1.7547547547549999791, 0.0033027041586915903
1.7572572572569999938, 0.0032643102559311082
1.7597597597600000974, 0.0032266519000190086
1.7622622622619998900, 0.0031897093506687586
1.7647647647649999936, 0.0031534635466992076
1.7672672672670000082, 0.0031178960776700416
1.7697697697699998898, 0.0030829891569049838
1.7722722722719999044, 0.0030487255958251691
1.7747747747750000080, 0.0030150887795199872
1.7772772772770000227, 0.0029820626434872337
1.7797797797799999042, 0.0029496316514785823
1.7822822822819999189, 0.0029177807743903639
1.7847847847850000225, 0.0028864954701432553
1.7872872872870000371, 0.0028557616644979342
1.7897897897899999187, 0.0028255657327568929
1.7922922922919999333, 0.0027958944823056309
1.7947947947950000369, 0.0027667351359491645
1.7972972972970000516, 0.0027380753160024373
1.7997997997999999331, 0.0027099030290956014
1.8023023023019999478, 0.0026822066516574245
1.8048048048050000514, 0.0026549749160422000
1.8073073073070000660, 0.0026281968972675183
1.8098098098099999476, 0.0026018620003321093
1.8123123123119999622, 0.0025759599480847332
1.8148148148150000658, 0.0025504807696166958
1.8173173173170000805, 0.0025254147891521335
1.8198198198199999620, 0.0025007526154116120
1.8223223223219999767, 0.0024764851314259613
1.8248248248250000803, 0.0024526034847785205
1.8273273273270000949, 0.0024290990782551520
1.8298298298299999765, 0.0024059635608825181
1.8323323323319999911, 0.0023831888193361472
1.8348348348350000947, 0.0023607669697008017
1.8373373373370001094, 0.0023386903495666166
1.8398398398399999909, 0.0023169515104453100
1.8423423423420000056, 0.0022955432104916282
1.8448448448450001091, 0.0022744584075159412
1.8473473473469999018, 0.0022536902522746370
1.8498498498500000053, 0.0022332320820256635
1.8523523523520000200, 0.0022130774143371990
1.8548548548549999015, 0.0021932199411380570
1.8573573573569999162, 0.0021736535229990080
1.8598598598600000198, 0.0021543721836347267
1.8623623623620000345, 0.0021353701046166276
1.8648648648649999160, 0.0021166416202872875
1.8673673673669999307, 0.0020981812128676620
1.8698698698700000342, 0.0020799835077486895
1.8723723723720000489, 0.0020620432689593370
1.8748748748749999304, 0.0020443553948034806
1.8773773773769999451, 0.0020269149136584157
1.8798798798800000487, 0.0020097169799281238
1.8823823823820000634, 0.0019927568701447597
1.8848848848849999449, 0.0019760299792121144
1.8873873873869999596, 0.0019595318167851409
1.8898898898900000631, 0.0019432580037798705
1.8923923923920000778, 0.0019272042690083296
1.8948948948949999593, 0.0019113664459333294
1.8973973973969999740, 0.0018957404695382186
1.8998998999000000776, 0.0018803223733069156
1.9024024024020000923, 0.0018651082863097748
1.9049049049049999738, 0.0018500944303910206
1.9074074074069999885, 0.0018352771174536754
1.9099099099100000920, 0.0018206527468381181
1.9124124124120001067, 0.0018062178027905516
1.9149149149149999882, 0.0017919688520178370
1.9174174174170000029, 0.0017779025413253214
1.9199199199200001065, 0.0017640155953344084
1.9224224224219998991, 0.0017503048142767891
1.9249249249250000027, 0.0017367670718623726
1.9274274274270000173, 0.0017233993132180819
1.9299299299299998989, 0.0017101985528948211
1.9324324324319999135, 0.0016971618729400004
1.9349349349350000171, 0.0016842864210331724
1.9374374374370000318, 0.0016715694086823719
1.9399399399399999133, 0.0016590081094789086
1.9424424424419999280, 0.0016465998574084326
1.9449449449450000316, 0.0016343420452161765
1.9474474474470000462, 0.0016222321228243890
1.9499499499499999278, 0.0016102675958000379
1.9524524524519999424, 0.0015984460238709420
1.9549549549550000460, 0.0015867650194885843
1.9574574574570000607, 0.0015752222464359075
1.9599599599599999422, 0.0015638154184784770
1.9624624624619999569, 0.0015525422980574599
1.9649649649650000605, 0.0015414006950229171
1.9674674674670000751, 0.0015303884654059995
1.9699699699699999567, 0.0015195035102286570
1.9724724724719999713, 0.0015087437743495418
1.9749749749750000749, 0.0014981072453448588
1.9774774774770000896, 0.0014875919524229152
1.9799799799799999711, 0.0014771959653712345
1.9824824824819999858, 0.0014669173935350859
1.9849849849850000894, 0.0014567543848263630
1.9874874874870001040, 0.0014467051247617725
1.9899899899899999856, 0.0014367678355293330
1.9924924924920000002, 0.0014269407750822269
1.9949949949950001038, 0.0014172222362590836
1.9974974974969998964, 0.0014076105459298030
2.0000000000000000000, 0.0013981040641660729
