# Delta1: 0.46
# Delta2: 1.17
# Delta3: 1.34
# Dq: 0.08800000000000002
# Ds: -0.09000000000000001
# Dt: -0.01999999999999998
# k1_lab: [1, 0, 0]
# k2_lab: [-0.8660254037844387, 0.49999999999999994, 0.0]
# k1_cf: [0.0, 0.0, 1.0]
# k2_cf: [0.35355339059327373, 0.35355339059327373, -0.8660254037844387]
# pol1_lab: [(0, 1, 0), (0, 0, 1)]
# pol2_lab: "[array([-0.5      , -0.8660254,  0.       ]), array([0., 0., 1.])]"
# pol1_cf: "[array([0.70710678, 0.70710678, 0.        ]), array([-0.70710678,  0.70710678,  0.        ])]"
# pol2_cf: "[array([-0.61237244, -0.61237244, -0.5       ]), array([-0.70710678,  0.70710678,  0.        ])]"
# cf: "[array([ 0.        ,  0.70710678, -0.70710678]), array([0.        , 0.70710678, 0.70710678]), array([1., 0., 0.])]"
# th: 0
-0.5000000000000000000, 0.0013375326899760390
-0.4974974974974999964, 0.0013476651542349354
-0.4949949949949999928, 0.0013579299416631204
-0.4924924924924999892, 0.0013683295463103374
-0.4899899899899999856, 0.0013788665235918210
-0.4874874874874999819, 0.0013895434921451714
-0.4849849849849999783, 0.0014003631357537806
-0.4824824824824999747, 0.0014113282053395495
-0.4799799799800000266, 0.0014224415210277910
-0.4774774774775000230, 0.0014337059742873296
-0.4749749749750000194, 0.0014451245301489580
-0.4724724724725000158, 0.0014567002295055734
-0.4699699699700000122, 0.0014684361914974521
-0.4674674674675000086, 0.0014803356159863075
-0.4649649649650000049, 0.0014924017861219444
-0.4624624624625000013, 0.0015046380710055120
-0.4599599599599999977, 0.0015170479284535498
-0.4574574574574999941, 0.0015296349078672269
-0.4549549549549999905, 0.0015424026532114034
-0.4524524524524999869, 0.0015553549061083560
-0.4499499499499000077, 0.0015684955090512680
-0.4474474474474000041, 0.0015818284087428369
-0.4449449449449000005, 0.0015953576595646079
-0.4424424424423999969, 0.0016090874271829604
-0.4399399399398999932, 0.0016230219922979410
-0.4374374374373999896, 0.0016371657545414860
-0.4349349349348999860, 0.0016515232365318985
-0.4324324324323999824, 0.0016660990880918007
-0.4299299299298999788, 0.0016808980906371830
-0.4274274274273999752, 0.0016959251617455419
-0.4249249249249000271, 0.0017111853599115505
-0.4224224224224000235, 0.0017266838894991359
-0.4199199199199000199, 0.0017424261058993319
-0.4174174174174000163, 0.0017584175209037593
-0.4149149149149000126, 0.0017746638083041574
-0.4124124124124000090, 0.0017911708097289045
-0.4099099099099000054, 0.0018079445407281390
-0.4074074074074000018, 0.0018249911971196604
-0.4049049049048999982, 0.0018423171616085364
-0.4024024024023999946, 0.0018599290106940045
-0.3998998998998999910, 0.0018778335218780841
-0.3973973973973999874, 0.0018960376811910794
-0.3948948948948999838, 0.0019145486910500541
-0.3923923923923999801, 0.0019333739784672716
-0.3898898898898999765, 0.0019525212036265874
-0.3873873873873999729, 0.0019719982688468059
-0.3848848848849000248, 0.0019918133279521601
-0.3823823823824000212, 0.0020119747960712260
-0.3798798798799000176, 0.0020324913598868980
-0.3773773773774000140, 0.0020533719883613398
-0.3748748748749000104, 0.0020746259439613384
-0.3723723723724000068, 0.0020962627944109600
-0.3698698698699000031, 0.0021182924250001075
-0.3673673673673999995, 0.0021407250514792974
-0.3648648648648999959, 0.0021635712335728637
-0.3623623623623999923, 0.0021868418891448026
-0.3598598598598999887, 0.0022105483090536287
-0.3573573573573999851, 0.0022347021727348810
-0.3548548548548999815, 0.0022593155645524140
-0.3523523523523999779, 0.0022844009909622114
-0.3498498498497999987, 0.0023099713985353155
-0.3473473473472999951, 0.0023360401928894554
-0.3448448448447999914, 0.0023626212585822525
-0.3423423423422999878, 0.0023897289800223157
-0.3398398398397999842, 0.0024173782634583319
-0.3373373373372999806, 0.0024455845601102509
-0.3348348348347999770, 0.0024743638905109959
-0.3323323323322999734, 0.0025037328701317816
-0.3298298298298000253, 0.0025337087363691332
-0.3273273273273000217, 0.0025643093769770775
-0.3248248248248000181, 0.0025955533600338044
-0.3223223223223000145, 0.0026274599655383181
-0.3198198198198000108, 0.0026600492187393897
-0.3173173173173000072, 0.0026933419253063777
-0.3148148148148000036, 0.0027273597084593584
-0.3123123123123000000, 0.0027621250481845178
-0.3098098098097999964, 0.0027976613226698920
-0.3073073073072999928, 0.0028339928521065555
-0.3048048048047999892, 0.0028711449450110772
-0.3023023023022999856, 0.0029091439472366440
-0.2997997997997999819, 0.0029480172938530572
-0.2972972972972999783, 0.0029877935640892600
-0.2947947947947999747, 0.0030285025395471346
-0.2922922922923000266, 0.0030701752659113091
-0.2897897897898000230, 0.0031128441183972677
-0.2872872872873000194, 0.0031565428711991905
-0.2847847847848000158, 0.0032013067712196299
-0.2822822822823000122, 0.0032471726163857211
-0.2797797797798000086, 0.0032941788388813741
-0.2772772772773000050, 0.0033423655936515298
-0.2747747747748000013, 0.0033917748525641436
-0.2722722722722999977, 0.0034424505046473470
-0.2697697697697999941, 0.0034944384628543624
-0.2672672672672999905, 0.0035477867778470566
-0.2647647647647999869, 0.0036025457593308512
-0.2622622622622999833, 0.0036587681055197377
-0.2597597597597999797, 0.0037165090413605194
-0.2572572572572999761, 0.0037758264662006678
-0.2547547547547999724, 0.0038367811116450665
-0.2522522522523000243, 0.0038994367104136065
-0.2497497497496999896, 0.0039638601770852723
-0.2472472472472000138, 0.0040301218016953301
-0.2447447447447000102, 0.0040982954572416031
-0.2422422422422000066, 0.0041684588222544719
-0.2397397397397000030, 0.0042406936196942163
-0.2372372372371999993, 0.0043150858735597616
-0.2347347347346999957, 0.0043917261847265521
-0.2322322322321999921, 0.0044707100276788559
-0.2297297297296999885, 0.0045521380699661768
-0.2272272272272000126, 0.0046361165163955088
-0.2247247247247000090, 0.0047227574801738791
-0.2222222222222000054, 0.0048121793834411892
-0.2197197197197000018, 0.0049045073898847484
-0.2172172172171999982, 0.0049998738724074112
-0.2147147147146999946, 0.0050984189191346169
-0.2122122122121999910, 0.0052002908813961234
-0.2097097097096999874, 0.0053056469677108392
-0.2072072072072000115, 0.0054146538882433792
-0.2047047047047000079, 0.0055274885546953510
-0.2022022022022000043, 0.0056443388411502263
-0.1996996996997000007, 0.0057654044120166569
-0.1971971971971999971, 0.0058908976239208143
-0.1946946946946999935, 0.0060210445091954719
-0.1921921921921999898, 0.0061560858495149657
-0.1896896896896999862, 0.0062962783492461960
-0.1871871871872000104, 0.0064418959192442914
-0.1846846846847000068, 0.0065932310831377690
-0.1821821821822000032, 0.0067505965196462559
-0.1796796796796999995, 0.0069143267561820043
-0.1771771771771999959, 0.0070847800309372542
-0.1746746746746999923, 0.0072623403428917817
-0.1721721721721999887, 0.0074474197117335734
-0.1696696696697000128, 0.0076404606726241378
-0.1671671671672000092, 0.0078419390341212432
-0.1646646646647000056, 0.0080523669314704911
-0.1621621621622000020, 0.0082722962119814187
-0.1596596596596999984, 0.0085023221944189129
-0.1571571571571999948, 0.0087430878503919167
-0.1546546546546999912, 0.0089952884627591215
-0.1521521521521999876, 0.0092596768242735935
-0.1496496496496000084, 0.0095370690492738754
-0.1471471471471000048, 0.0098283510824549794
-0.1446446446446000011, 0.0101344860019363797
-0.1421421421420999975, 0.0104565222293662857
-0.1396396396395999939, 0.0107956027781256035
-0.1371371371370999903, 0.0111529756923907618
-0.1346346346345999867, 0.0115300058555730372
-0.1321321321321000108, 0.0119281883773290874
-0.1296296296296000072, 0.0123491638049849847
-0.1271271271271000036, 0.0127947354491361760
-0.1246246246246000000, 0.0132668891660015532
-0.1221221221220999964, 0.0137678160028386534
-0.1196196196196000067, 0.0142999381899058496
-0.1171171171171000031, 0.0148659390562728248
-0.1146146146145999994, 0.0154687975612636565
-0.1121121121120999958, 0.0161118282735887089
-0.1096096096096000061, 0.0167987278028181239
-0.1071071071071000025, 0.0175336289011540150
-0.1046046046045999989, 0.0183211637182883330
-0.1021021021020999953, 0.0191665380225105493
-0.0995995995996000055, 0.0200756186154512212
-0.0970970970971000019, 0.0210550366899222158
-0.0945945945945900063, 0.0221123105419453944
-0.0920920920920900027, 0.0232559918914049014
-0.0895895895895899991, 0.0244958411472328205
-0.0870870870870899955, 0.0258430383487385784
-0.0845845845845799998, 0.0273104383280106597
-0.0820820820820799962, 0.0289128810108891590
-0.0795795795795800065, 0.0306675709015217964
-0.0770770770770800029, 0.0325945439507637283
-0.0745745745745699934, 0.0347172455756108375
-0.0720720720720700037, 0.0370632511212738783
-0.0695695695695700000, 0.0396651703237160466
-0.0670670670670699964, 0.0425617914783259083
-0.0645645645645600008, 0.0457995407266285556
-0.0620620620620599972, 0.0494343596361614956
-0.0595595595595600005, 0.0535341438439436712
-0.0570570570570599969, 0.0581819427502310305
-0.0545545545545500013, 0.0634802041058392524
-0.0520520520520499977, 0.0695564721292886989
-0.0495495495495500010, 0.0765711366038912544
-0.0470470470470499974, 0.0847281212736158140
-0.0445445445445400018, 0.0942898568342959015
-0.0420420420420399982, 0.1055986173954271967
-0.0395395395395400015, 0.1191075051437693877
-0.0370370370370399979, 0.1354264028060095104
-0.0345345345345300023, 0.1553917489842554511
-0.0320320320320299987, 0.1801753380508411551
-0.0295295295295299985, 0.2114591662736955424
-0.0270270270270299984, 0.2517262988248163968
-0.0245245245245199993, 0.3047644896132474246
-0.0220220220220199991, 0.3765799583045953414
-0.0195195195195199990, 0.4771499967321398139
-0.0170170170170199989, 0.6240167699176839555
-0.0145145145145099998, 0.8502855051000293152
-0.0120120120120099996, 1.2243432323523761873
-0.0095095095095099995, 1.9052424505889611339
-0.0070070070070070000, 3.3264779781362143751
-0.0045045045045049997, 6.9348078005307209892
-0.0020020020020019998, 17.9390456074534512254
0.0005005005005005000, 28.3071943629118720764
0.0030030030030029999, 12.0533232440147184406
0.0055055055055059999, 5.0348843995031060672
0.0080080080080079993, 2.6166548805929190635
0.0105105105105099995, 1.5786609506743085607
0.0130130130130099997, 1.0501871227197236980
0.0155155155155200005, 0.7473073843293477347
0.0180180180180199989, 0.5583997049681106439
0.0205205205205199991, 0.4329340124877003038
0.0230230230230199992, 0.3454769627593908821
0.0255255255255299983, 0.2821370266148952033
0.0280280280280299984, 0.2348201163198065933
0.0305305305305299986, 0.1985569001413719781
0.0330330330330299987, 0.1701619857198962138
0.0355355355355400013, 0.1475182950796365966
0.0380380380380399979, 0.1291748282978981144
0.0405405405405400016, 0.1141104317160282766
0.0430430430430399982, 0.1015897326549368984
0.0455455455455500008, 0.0910723615062494773
0.0480480480480499975, 0.0821540892289093494
0.0505505505505500011, 0.0745276818834854360
0.0530530530530499977, 0.0679562752722166763
0.0555555555555600003, 0.0622548967977714224
0.0580580580580599970, 0.0572774067653006591
0.0605605605605600006, 0.0529071168463821281
0.0630630630630600042, 0.0490499488288497210
0.0655655655655699998, 0.0456293772652190746
0.0680680680680700034, 0.0425826437785096976
0.0705705705705699932, 0.0398578904438643897
0.0730730730730699968, 0.0374119659069713714
0.0755755755755800063, 0.0352087297397115709
0.0780780780780799960, 0.0332177298347013927
0.0805805805805799996, 0.0314131619418922675
0.0830830830830800032, 0.0297730446220870817
0.0855855855855899988, 0.0282785601292745749
0.0880880880880900025, 0.0269135241627750238
0.0905905905905900061, 0.0256639564860510136
0.0930930930930899958, 0.0245177310718054410
0.0955955955956000053, 0.0234642893802013350
0.0980980980980999950, 0.0224944040822729098
0.1006006006005999986, 0.0215999833383440643
0.1031031031031000023, 0.0207739078701153837
0.1056056056056000059, 0.0200098946967953960
0.1081081081080999956, 0.0193023826649942019
0.1106106106105999992, 0.0186464358804405012
0.1131131131131000028, 0.0180376619143782432
0.1156156156156000064, 0.0174721422589153956
0.1181181181180999962, 0.0169463729812175702
0.1206206206205999998, 0.0164572139046097847
0.1231231231231000034, 0.0160018449468891100
0.1256256256256000070, 0.0155777284888987816
0.1281281281281000106, 0.0151825768423007740
0.1306306306305999865, 0.0148143240442716109
0.1331331331330999901, 0.0144711013361196114
0.1356356356355999937, 0.0141512157885057693
0.1381381381380999973, 0.0138531316226952646
0.1406406406406000009, 0.0135754538487404992
0.1431431431431000045, 0.0133169139006066306
0.1456456456456000081, 0.0130763569973098639
0.1481481481481000118, 0.0128527309999975844
0.1506506506506999910, 0.0126450765690406114
0.1531531531531999946, 0.0124525184538299312
0.1556556556556999982, 0.0122742577720385895
0.1581581581582000018, 0.0121095651554109611
0.1606606606607000054, 0.0119577746563168854
0.1631631631632000090, 0.0118182783238794942
0.1656656656657000126, 0.0116905213708836386
0.1681681681681999885, 0.0115739978632495785
0.1706706706706999921, 0.0114682468729064603
0.1731731731731999957, 0.0113728490426633008
0.1756756756756999993, 0.0112874235183538160
0.1781781781782000029, 0.0112116252092912348
0.1806806806807000065, 0.0111451423430523958
0.1831831831832000101, 0.0110876942849322709
0.1856856856857000138, 0.0110390295961706845
0.1881881881881999896, 0.0109989243083350313
0.1906906906906999932, 0.0109671803941165692
0.1931931931931999968, 0.0109436244173238585
0.1956956956957000004, 0.0109281063470848244
0.1981981981982000041, 0.0109204985232438101
0.2007007007007000077, 0.0109206947616975539
0.2032032032032000113, 0.0109286095899878630
0.2057057057056999871, 0.0109441776048859202
0.2082082082081999908, 0.0109673529449882696
0.2107107107106999944, 0.0109981088725189732
0.2132132132131999980, 0.0110364374596148632
0.2157157157157000016, 0.0110823493753784558
0.2182182182182000052, 0.0111358737709308167
0.2207207207207000088, 0.0111970582605985403
0.2232232232232000124, 0.0112659689982380455
0.2257257257256999883, 0.0113426908485484909
0.2282282282281999919, 0.0114273276540637712
0.2307307307306999955, 0.0115200025993551832
0.2332332332331999991, 0.0116208586748314628
0.2357357357357000027, 0.0117300592434028787
0.2382382382382000063, 0.0118477887141928070
0.2407407407407000099, 0.0119742533284471625
0.2432432432432000136, 0.0121096820638211863
0.2457457457456999894, 0.0122543276643296700
0.2482482482481999930, 0.0124084678044471888
0.2507507507508000000, 0.0125724063971550566
0.2532532532533000036, 0.0127464750571739636
0.2557557557558000072, 0.0129310347322148071
0.2582582582583000108, 0.0131264775168533077
0.2607607607608000144, 0.0133332286656134228
0.2632632632633000180, 0.0135517488240637987
0.2657657657658000216, 0.0137825364992304987
0.2682682682683000253, 0.0140261307934490993
0.2707707707707999734, 0.0142831144289743885
0.2732732732732999770, 0.0145541170942944473
0.2757757757757999806, 0.0148398191472270333
0.2782782782782999842, 0.0151409557145946762
0.2807807807807999878, 0.0154583212336723719
0.2832832832832999914, 0.0157927744867961233
0.2857857857857999950, 0.0161452441876416622
0.2882882882882999986, 0.0165167351858900267
0.2907907907908000023, 0.0169083353664797771
0.2932932932933000059, 0.0173212233306233726
0.2957957957958000095, 0.0177566769585094271
0.2982982982983000131, 0.0182160829684382408
0.3008008008008000167, 0.0187009476044282391
0.3033033033033000203, 0.0192129086045496958
0.3058058058058000239, 0.0197537486259378448
0.3083083083083000275, 0.0203254103302910188
0.3108108108107999756, 0.0209300133664805654
0.3133133133132999792, 0.0215698735256844992
0.3158158158157999829, 0.0222475243904262654
0.3183183183182999865, 0.0229657418535341440
0.3208208208207999901, 0.0237275719481829586
0.3233233233232999937, 0.0245363625080937918
0.3258258258257999973, 0.0253957992704638251
0.3283283283283000009, 0.0263099471467787317
0.3308308308308000045, 0.0272832975226865657
0.3333333333333000081, 0.0283208226130881140
0.3358358358358000118, 0.0294280380994282470
0.3383383383383000154, 0.0306110755216326032
0.3408408408408000190, 0.0318767661983749215
0.3433433433433000226, 0.0332327388206379720
0.3458458458458000262, 0.0346875333232041713
0.3483483483482999743, 0.0362507342104582825
0.3508508508509000090, 0.0379331272275322956
0.3533533533534000126, 0.0397468841656453895
0.3558558558559000162, 0.0417057817244672960
0.3583583583584000198, 0.0438254617946450126
0.3608608608609000235, 0.0461237423637662139
0.3633633633634000271, 0.0486209906145544865
0.3658658658658999752, 0.0513405728447828003
0.3683683683683999788, 0.0543093998256760913
0.3708708708708999824, 0.0575585914475628679
0.3733733733733999860, 0.0611242914191711742
0.3758758758758999896, 0.0650486720072788738
0.3783783783783999932, 0.0693811811981503018
0.3808808808808999968, 0.0741801014756729576
0.3833833833834000004, 0.0795145124392782066
0.3858858858859000041, 0.0854667813496537421
0.3883883883884000077, 0.0921357502683316648
0.3908908908909000113, 0.0996408515554122326
0.3933933933934000149, 0.1081274739313664579
0.3958958958959000185, 0.1177740327069047716
0.3983983983984000221, 0.1288013914880236643
0.4009009009009000257, 0.1414855727507559058
0.4034034034033999738, 0.1561751366046239542
0.4059059059058999774, 0.1733152929545032639
0.4084084084083999810, 0.1934818987043278038
0.4109109109108999847, 0.2174302514226546801
0.4134134134133999883, 0.2461665124639029478
0.4159159159158999919, 0.2810545772916481777
0.4184184184183999955, 0.3239799787760996863
0.4209209209208999991, 0.3776083682686075527
0.4234234234234000027, 0.4458063110906257953
0.4259259259259000063, 0.5343518211891126191
0.4284284284284000099, 0.6521861863514153423
0.4309309309309000136, 0.8137324011844253580
0.4334334334334000172, 1.0434525501838149975
0.4359359359359000208, 1.3854770265650695471
0.4384384384384000244, 1.9258467153616165568
0.4409409409408999725, 2.8499936311127278543
0.4434434434433999761, 4.6142499864915986763
0.4459459459458999797, 8.5592269484976810645
0.4484484484483999833, 19.5092205925021566770
0.4509509509510000180, 49.9473779363304544177
0.4534534534535000216, 43.2238087844391856152
0.4559559559560000253, 16.5017699490372997673
0.4584584584584999734, 7.5529535224041417507
0.4609609609609999770, 4.1928088270688501638
0.4634634634634999806, 2.6394112032806593682
0.4659659659659999842, 1.8068514835603530777
0.4684684684684999878, 1.3120540368889948013
0.4709709709709999914, 0.9950904001947415978
0.4734734734734999950, 0.7802364684912559412
0.4759759759759999986, 0.6280458191994987560
0.4784784784785000022, 0.5163838752608096438
0.4809809809810000059, 0.4320707464771310069
0.4834834834835000095, 0.3668693291919161714
0.4859859859860000131, 0.3154204852413264870
0.4884884884885000167, 0.2741172880307095605
0.4909909909910000203, 0.2404607824277056327
0.4934934934935000239, 0.2126757597154359247
0.4959959959960000275, 0.1894732995327281511
0.4984984984984999756, 0.1698993936709128627
0.5010010010009999792, 0.1532357794128044737
0.5035035035035000384, 0.1389333879161964436
0.5060060060059999865, 0.1265667086886508585
0.5085085085085000456, 0.1158018859607295309
0.5110110110109999937, 0.1063740225982410248
0.5135135135135000528, 0.0980707767910443118
0.5160160160160000009, 0.0907203346686864948
0.5185185185184999490, 0.0841824744165750594
0.5210210210210000081, 0.0783418463696000933
0.5235235235234999562, 0.0731028628342001996
0.5260260260260000154, 0.0683857717266874165
0.5285285285284999635, 0.0641236107806309324
0.5310310310310000226, 0.0602598237202330023
0.5335335335334999707, 0.0567463789887154776
0.5360360360360000298, 0.0535422735306542441
0.5385385385384999779, 0.0506123341460514575
0.5410410410410000370, 0.0479262506694330820
0.5435435435434999851, 0.0454577911253513101
0.5460460460460000442, 0.0431841607513084452
0.5485485485484999924, 0.0410854755259640880
0.5510510510510999715, 0.0391443274127002208
0.5535535535536000307, 0.0373454235063818973
0.5560560560560999788, 0.0356752850697516083
0.5585585585586000379, 0.0341219953654461616
0.5610610610610999860, 0.0326749874487677200
0.5635635635636000451, 0.0313248648457387993
0.5660660660660999932, 0.0300632494195687688
0.5685685685686000523, 0.0288826518151848247
0.5710710710711000004, 0.0277763607325720793
0.5735735735735999485, 0.0267383479657248117
0.5760760760761000077, 0.0257631866933830111
0.5785785785785999558, 0.0248459809497819407
0.5810810810811000149, 0.0239823045609919572
0.5835835835835999630, 0.0231681481225879844
0.5860860860861000221, 0.0223998728309987363
0.5885885885885999702, 0.0216741701746188502
0.5910910910911000293, 0.0209880266500162421
0.5935935935935999774, 0.0203386927999651829
0.5960960960961000366, 0.0197236559788478566
0.5985985985985999847, 0.0191406163413916398
0.6011011011011000438, 0.0185874656261064142
0.6036036036035999919, 0.0180622683678583959
0.6061061061061000510, 0.0175632452269438612
0.6086086086085999991, 0.0170887581665748814
0.6111111111110999472, 0.0166372972482951159
0.6136136136136000063, 0.0162074688466796561
0.6161161161160999544, 0.0157979851116962985
0.6186186186186000135, 0.0154076545301067985
0.6211211211210999616, 0.0150353734569124639
0.6236236236236000208, 0.0146801185046373656
0.6261261261260999689, 0.0143409396926379336
0.6286286286286000280, 0.0140169542710007512
0.6311311311310999761, 0.0137073411442485138
0.6336336336336000352, 0.0134113358292754278
0.6361361361360999833, 0.0131282258898940303
0.6386386386386000424, 0.0128573467972770451
0.6411411411410999905, 0.0125980781715728796
0.6436436436436000497, 0.0123498403651921065
0.6461461461460999978, 0.0121120913528125485
0.6486486486485999459, 0.0118843238971268559
0.6511511511512000361, 0.0116660629628358454
0.6536536536536999842, 0.0114568633544425581
0.6561561561562000433, 0.0112563075560812870
0.6586586586586999914, 0.0110640037539738237
0.6611611611612000505, 0.0108795840241824315
0.6636636636636999986, 0.0107027026701628589
0.6661661661661999467, 0.0105330346962415333
0.6686686686687000059, 0.0103702744045760225
0.6711711711711999540, 0.0102141341044301847
0.6736736736737000131, 0.0100643429237252113
0.6761761761761999612, 0.0099206457138321311
0.6786786786787000203, 0.0097828020394658492
0.6811811811811999684, 0.0096505852463383036
0.6836836836837000275, 0.0095237815999402245
0.6861861861861999756, 0.0094021894894576602
0.6886886886887000347, 0.0092856186913991626
0.6911911911911999828, 0.0091738896880200777
0.6936936936937000420, 0.0090668330360890500
0.6961961961961999901, 0.0089642887819531801
0.6986986986987000492, 0.0088661059192291485
0.7012012012011999973, 0.0087721418857810013
0.7037037037036999454, 0.0086822620969463707
0.7062062062062000045, 0.0085963395122444983
0.7087087087086999526, 0.0085142542330451272
0.7112112112112000117, 0.0084358931288994882
0.7137137137136999598, 0.0083611494904361188
0.7162162162162000190, 0.0082899227069070415
0.7187187187186999671, 0.0082221179666356909
0.7212212212212000262, 0.0081576459787692165
0.7237237237236999743, 0.0080964227148751042
0.7262262262262000334, 0.0080383691690476475
0.7287287287286999815, 0.0079834111353043469
0.7312312312312000406, 0.0079314790011570033
0.7337337337336999887, 0.0078825075563384774
0.7362362362362000479, 0.0078364358157539341
0.7387387387386999960, 0.0077932068558066187
0.7412412412412000551, 0.0077527676633225981
0.7437437437437000032, 0.0077150689963678730
0.7462462462461999513, 0.0076800652563148259
0.7487487487487000104, 0.0076477143705740982
0.7512512512512999896, 0.0076179776854627419
0.7537537537538000487, 0.0075908198687307388
0.7562562562562999968, 0.0075662088213157286
0.7587587587587999449, 0.0075441155979407148
0.7612612612613000040, 0.0075245143362117281
0.7637637637637999521, 0.0075073821939124251
0.7662662662663000113, 0.0074926992942304926
0.7687687687687999594, 0.0074804486786869805
0.7712712712713000185, 0.0074706162675743457
0.7737737737737999666, 0.0074631908277425271
0.7762762762763000257, 0.0074581639476047155
0.7787787787787999738, 0.0074555300192662641
0.7812812812813000329, 0.0074552862277111496
0.7837837837837999810, 0.0074574325470111369
0.7862862862863000402, 0.0074619717435533053
0.7887887887887999883, 0.0074689093863121690
0.7912912912913000474, 0.0074782538642233541
0.7937937937937999955, 0.0074900164107471051
0.7962962962963000546, 0.0075042111357416881
0.7987987987988000027, 0.0075208550647995944
0.8013013013012999508, 0.0075399681862332165
0.8038038038038000099, 0.0075615735059319312
0.8063063063062999580, 0.0075856971103492443
0.8088088088088000172, 0.0076123682379172939
0.8113113113112999653, 0.0076416193592267895
0.8138138138138000244, 0.0076734862663536581
0.8163163163162999725, 0.0077080081717596956
0.8188188188188000316, 0.0077452278172436160
0.8213213213212999797, 0.0077851915934716055
0.8238238238238000388, 0.0078279496706731358
0.8263263263262999869, 0.0078735561411488776
0.8288288288288000460, 0.0079220691743035823
0.8313313313312999941, 0.0079735511849885164
0.8338338338338000533, 0.0080280690160157049
0.8363363363363000014, 0.0080856941357910737
0.8388388388387999495, 0.0081465028521058320
0.8413413413413000086, 0.0082105765432266362
0.8438438438437999567, 0.0082780019075352936
0.8463463463463000158, 0.0083488712330902388
0.8488488488487999639, 0.0084232826886149921
0.8513513513514000541, 0.0085013406375650507
0.8538538538539000022, 0.0085831559770861779
0.8563563563563999503, 0.0086688465038542838
0.8588588588589000095, 0.0087585373089840331
0.8613613613613999576, 0.0088523612044098410
0.8638638638639000167, 0.0089504591833835037
0.8663663663663999648, 0.0090529809179993141
0.8688688688689000239, 0.0091600852969527108
0.8713713713713999720, 0.0092719410070680169
0.8738738738739000311, 0.0093887271624960716
0.8763763763763999792, 0.0095106339858903807
0.8788788788789000384, 0.0096378635463256947
0.8813813813813999865, 0.0097706305592302513
0.8838838838839000456, 0.0099091632541724473
0.8863863863863999937, 0.0100537043169788703
0.8888888888889000528, 0.0102045119133752256
0.8913913913914000009, 0.0103618608021444920
0.8938938938938999490, 0.0105260435466986574
0.8963963963964000081, 0.0106973718349781446
0.8988988988988999562, 0.0108761779187397031
0.9014014014014000153, 0.0110628161845898378
0.9039039039038999634, 0.0112576648705881317
0.9064064064064000226, 0.0114611279439063140
0.9089089089088999707, 0.0116736371569172402
0.9114114114114000298, 0.0118956543012328497
0.9139139139138999779, 0.0121276736816545768
0.9164164164164000370, 0.0123702248347886401
0.9189189189188999851, 0.0126238755202646279
0.9214214214214000442, 0.0128892350161469785
0.9239239239238999923, 0.0131669577543142881
0.9264264264264000515, 0.0134577473363941338
0.9289289289288999996, 0.0137623609763837581
0.9314314314313999477, 0.0140816144224810025
0.9339339339339000068, 0.0144163874180479445
0.9364364364363999549, 0.0147676297701993895
0.9389389389389000140, 0.0151363681044644517
0.9414414414413999621, 0.0155237133955593090
0.9439439439439000212, 0.0159308693778310584
0.9464464464463999693, 0.0163591419547525103
0.9489489489489000285, 0.0168099497453951634
0.9514514514515000076, 0.0172848359276152816
0.9539539539539999558, 0.0177854815633945035
0.9564564564565000149, 0.0183137206221608041
0.9589589589589999630, 0.0188715569539380859
0.9614614614615000221, 0.0194611835069962054
0.9639639639639999702, 0.0200850041357454392
0.9664664664665000293, 0.0207456584057196108
0.9689689689689999774, 0.0214460498758237382
0.9714714714715000365, 0.0221893784263467245
0.9739739739739999846, 0.0229791773079814146
0.9764764764765000438, 0.0238193557165820823
0.9789789789789999919, 0.0247142478560632393
0.9814814814815000510, 0.0256686696445963883
0.9839839839839999991, 0.0266879844558871697
0.9864864864864999472, 0.0277781795790314270
0.9889889889890000063, 0.0289459554417140393
0.9914914914914999544, 0.0301988300910033709
0.9939939939940000135, 0.0315452619879847615
0.9964964964964999616, 0.0329947948787520928
0.9989989989990000208, 0.0345582293966151671
1.0015015015019999023, 0.0362478271841751923
1.0040040040039999170, 0.0380775547729888669
1.0065065065070000205, 0.0400633763220598071
1.0090090090090000352, 0.0422236067285446867
1.0115115115119999167, 0.0445793397678143424
1.0140140140139999314, 0.0471549700470167421
1.0165165165170000350, 0.0499788330155599009
1.0190190190190000497, 0.0530839945561391718
1.0215215215219999312, 0.0565092314718769612
1.0240240240239999459, 0.0603002574755703846
1.0265265265270000494, 0.0645112675010524605
1.0290290290290000641, 0.0692068983764894674
1.0315315315319999456, 0.0744647392057703195
1.0340340340339999603, 0.0803785748158834801
1.0365365365370000639, 0.0870626173698925143
1.0390390390390000785, 0.0946570855648959375
1.0415415415419999601, 0.1033356447628830110
1.0440440440439999747, 0.1133154521567057982
1.0465465465470000783, 0.1248709029947792926
1.0490490490490000930, 0.1383527207437021955
1.0515515515519999745, 0.1542149014107690175
1.0540540540539999892, 0.1730534291770510213
1.0565565565570000928, 0.1956630200009112364
1.0590590590590001074, 0.2231221485845582553
1.0615615615619999890, 0.2569236617213915830
1.0640640640640000036, 0.2991811374141971069
1.0665665665670001072, 0.3529655330533644220
1.0690690690689998998, 0.4228750121551028140
1.0715715715720000034, 0.5160417172751398107
1.0740740740740000181, 0.6440026214166771901
1.0765765765769998996, 0.8263919528471227460
1.0790790790789999143, 1.0987814348319973057
1.0815815815820000179, 1.5309019274961479518
1.0840840840840000325, 2.2741037110938426835
1.0865865865869999141, 3.7043968801285123149
1.0890890890889999287, 6.9402313217432372028
1.0915915915920000323, 16.0449003456884256025
1.0940940940940000470, 40.3512348547481707328
1.0965965965969999285, 31.7299152886387751948
1.0990990990989999432, 12.1192077926670869203
1.1016016016020000468, 5.6278504236849578035
1.1041041041040000614, 3.1558820426588520824
1.1066066066069999430, 2.0008109089852763596
1.1091091091089999576, 1.3771867181119286094
1.1116116116120000612, 1.0046523326117982045
1.1141141141140000759, 0.7651249837243678797
1.1166166166169999574, 0.6023224943322149638
1.1191191191189999721, 0.4867765129695196813
1.1216216216220000756, 0.4018849229150632807
1.1241241241240000903, 0.3377300656575448201
1.1266266266269999718, 0.2880971983477173537
1.1291291291289999865, 0.2489340524461028936
1.1316316316320000901, 0.2175082718077854527
1.1341341341340001048, 0.1919239226317694669
1.1366366366369999863, 0.1708324672460753146
1.1391391391390000010, 0.1532537806304740957
1.1416416416420001045, 0.1384618509301196454
1.1441441441439998972, 0.1259097872879037516
1.1466466466470000007, 0.1151794249722294106
1.1491491491490000154, 0.1059467291974964809
1.1516516516519998969, 0.0979575857975422681
1.1541541541539999116, 0.0910105656640324556
1.1566566566570000152, 0.0849444613092364686
1.1591591591590000299, 0.0796291460636412429
1.1616616616619999114, 0.0749587837300474541
1.1641641641639999261, 0.0708467255222826053
1.1666666666670000296, 0.0672216348630353261
1.1691691691690000443, 0.0640245172487552000
1.1716716716719999258, 0.0612064254690003404
1.1741741741739999405, 0.0587266748203572192
1.1766766766770000441, 0.0565514480784586257
1.1791791791790000588, 0.0546527020705811634
1.1816816816819999403, 0.0530073108178598512
1.1841841841839999550, 0.0515963971402581059
1.1866866866870000585, 0.0504048172174786438
1.1891891891890000732, 0.0494207721817496587
1.1916916916919999547, 0.0486355283140896821
1.1941941941939999694, 0.0480432335078265771
1.1966966966970000730, 0.0476408228782325416
1.1991991991990000876, 0.0474280111695815909
1.2017017017019999692, 0.0474073743348828666
1.2042042042039999838, 0.0475845277395562510
1.2067067067070000874, 0.0479684143245585962
1.2092092092090001021, 0.0485717233286841049
1.2117117117119999836, 0.0494114695830527861
1.2142142142139999983, 0.0505097760393596953
1.2167167167170001019, 0.0518949196641809718
1.2192192192189998945, 0.0536027255023418317
1.2217217217219999981, 0.0556784292217850640
1.2242242242240000127, 0.0581791804773786475
1.2267267267269998943, 0.0611774369989932579
1.2292292292289999089, 0.0647656170617331300
1.2317317317320000125, 0.0690625601852020016
1.2342342342340000272, 0.0742226336234346473
1.2367367367369999087, 0.0804487868018426422
1.2392392392389999234, 0.0880116246389660295
1.2417417417420000270, 0.0972778776687222013
1.2442442442440000416, 0.1087539366706349597
1.2467467467469999232, 0.1231542686845366052
1.2492492492489999378, 0.1415123412479583620
1.2517517517520000414, 0.1653670327733849921
1.2542542542540000561, 0.1970892187656209660
1.2567567567569999376, 0.2404826228491451778
1.2592592592589999523, 0.3019555393578732261
1.2617617617620000559, 0.3929725482148609950
1.2642642642640000705, 0.5356493718925546821
1.2667667667669999521, 0.7769907031551122056
1.2692692692689999667, 1.2305405522223575865
1.2717717717720000703, 2.2217864512155824919
1.2742742742740000850, 4.8968449843346801842
1.2767767767769999665, 12.7569879717150946874
1.2792792792789999812, 13.4485812246149141203
1.2817817817820000847, 5.2038887957943380513
1.2842842842840000994, 2.3250622297458289900
1.2867867867869999809, 1.2744521107765109935
1.2892892892889999956, 0.7996605344661056325
1.2917917917920000992, 0.5492492321200476146
1.2942942942939998918, 0.4022070996406231780
1.2967967967969999954, 0.3089299800522102846
1.2992992992990000101, 0.2462516363691040211
1.3018018018019998916, 0.2022318124902996450
1.3043043043039999063, 0.1702272163490796686
1.3068068068070000098, 0.1463100550053555993
1.3093093093090000245, 0.1280406894719252064
1.3118118118119999060, 0.1138409498054050034
1.3143143143139999207, 0.1026547394851070882
1.3168168168170000243, 0.0937549270579866312
1.3193193193190000390, 0.0866287704428090055
1.3218218218219999205, 0.0809074516838093338
1.3243243243239999352, 0.0763213788714150743
1.3268268268270000387, 0.0726710676413380441
1.3293293293290000534, 0.0698077365218477963
1.3318318318319999349, 0.0676201306469224467
1.3343343343339999496, 0.0660254451198464959
1.3368368368370000532, 0.0649630171831786785
1.3393393393390000679, 0.0643899394024105287
1.3418418418419999494, 0.0642780469759195033
1.3443443443439999641, 0.0646119254966328604
1.3468468468470000676, 0.0653877141360468400
1.3493493493490000823, 0.0666125691723691848
1.3518518518519999638, 0.0683047203014966048
1.3543543543539999785, 0.0704941082282360687
1.3568568568570000821, 0.0732236449546246060
1.3593593593590000967, 0.0765511954262571154
1.3618618618619999783, 0.0805524488928858751
1.3643643643639999929, 0.0853249409342423520
1.3668668668670000965, 0.0909936176265076918
1.3693693693689998891, 0.0977185249294422464
1.3718718718719999927, 0.1057054962892608752
1.3743743743740000074, 0.1152211614889980251
1.3768768768770001110, 0.1266143154578030505
1.3793793793789999036, 0.1403468522392394557
1.3818818818820000072, 0.1570394210990644079
1.3843843843840000218, 0.1775403223853180001
1.3868868868869999034, 0.2030321339416814586
1.3893893893889999180, 0.2352015604722694775
1.3918918918920000216, 0.2765190943526809608
1.3943943943940000363, 0.3307174336555901428
1.3968968968969999178, 0.4036472831107781878
1.3993993993989999325, 0.5048911541765167543
1.4019019019020000361, 0.6510052101475836128
1.4044044044040000507, 0.8725534983616243245
1.4069069069069999323, 1.2309054432404531454
1.4094094094089999469, 1.8635254856993364037
1.4119119119120000505, 3.1266511796020139968
1.4144144144140000652, 6.1389131266444225687
1.4169169169169999467, 15.0641884458548744874
1.4194194194189999614, 32.6538983800703803695
1.4219219219220000650, 17.9409309385055841801
1.4244244244240000796, 7.0593065617532237965
1.4269269269269999612, 3.4704304316062475344
1.4294294294289999758, 2.0208473035118710293
1.4319319319320000794, 1.3136386752112536591
1.4344344344340000941, 0.9201656188071534181
1.4369369369369999756, 0.6799436104278616666
1.4394394394389999903, 0.5229198286835972098
1.4419419419420000938, 0.4147939987746254720
1.4444444444440001085, 0.3372295301904986164
1.4469469469469999900, 0.2797238340960781500
1.4494494494490000047, 0.2359182813070554441
1.4519519519520001083, 0.2017838581578909607
1.4544544544539999009, 0.1746687877588238014
1.4569569569570000045, 0.1527706542941125734
1.4594594594590000192, 0.1348300558828161022
1.4619619619619999007, 0.1199456887743233086
1.4644644644639999154, 0.1074588663694402424
1.4669669669670000189, 0.0968792247538056150
1.4694694694690000336, 0.0878356570176593854
1.4719719719719999151, 0.0800431468533047835
1.4744744744739999298, 0.0732798785802361713
1.4769769769770000334, 0.0673711415042937967
1.4794794794790000481, 0.0621778190502782283
1.4819819819819999296, 0.0575880294096774159
1.4844844844839999443, 0.0535109692607445078
1.4869869869870000478, 0.0498723214168351608
1.4894894894890000625, 0.0466107884594536143
1.4919919919919999440, 0.0436754476495057539
1.4944944944939999587, 0.0410237121005857103
1.4969969969970000623, 0.0386197444957119412
1.4994994994990000770, 0.0364332121134720577
1.5020020020019999585, 0.0344383017609728864
1.5045045045050000621, 0.0326129344133245513
1.5070070070070000767, 0.0309381346001983346
1.5095095095099999583, 0.0293975206521656339
1.5120120120119999729, 0.0279768900434960582
1.5145145145150000765, 0.0266638800847723359
1.5170170170170000912, 0.0254476887139868414
1.5195195195199999727, 0.0243188435213228214
1.5220220220219999874, 0.0232690097141480742
1.5245245245250000909, 0.0222908296955577831
1.5270270270270001056, 0.0213777884448406903
1.5295295295299999871, 0.0205241000630600814
1.5320320320320000018, 0.0197246117637067293
1.5345345345350001054, 0.0189747223081219545
1.5370370370369998980, 0.0182703124536628334
1.5395395395400000016, 0.0176076854337487952
1.5420420420420000163, 0.0169835158489860250
1.5445445445449998978, 0.0163948056373421844
1.5470470470469999125, 0.0158388460240778857
1.5495495495500000160, 0.0153131845405442696
1.5520520520520000307, 0.0148155963541597643
1.5545545545549999122, 0.0143440592769784186
1.5570570570569999269, 0.0138967319228184109
1.5595595595600000305, 0.0134719345673385022
1.5620620620620000452, 0.0130681323351794273
1.5645645645649999267, 0.0126839203961049071
1.5670670670669999414, 0.0123180109001785471
1.5695695695700000449, 0.0119692214221596271
1.5720720720720000596, 0.0116364647189288288
1.5745745745749999411, 0.0113187396319951589
1.5770770770769999558, 0.0110151229909332335
1.5795795795800000594, 0.0107247623937092411
1.5820820820820000741, 0.0104468697568887749
1.5845845845849999556, 0.0101807155432002746
1.5870870870869999703, 0.0099256235862567998
1.5895895895900000738, 0.0096809664427722278
1.5920920920920000885, 0.0094461612116256734
1.5945945945949999700, 0.0092206657668637056
1.5970970970969999847, 0.0090039753583892670
1.5995995996000000883, 0.0087956195398218653
1.6021021021020001029, 0.0085951593879724942
1.6046046046049999845, 0.0084021849826697685
1.6071071071069999991, 0.0082163131193957809
1.6096096096100001027, 0.0080371852304303420
1.6121121121119998953, 0.0078644654930199349
1.6146146146149999989, 0.0076978391055495168
1.6171171171170000136, 0.0075370107148464652
1.6196196196199998951, 0.0073817029796301101
1.6221221221219999098, 0.0072316552567735408
1.6246246246250000134, 0.0070866223984971761
1.6271271271270000280, 0.0069463736498925933
1.6296296296299999096, 0.0068106916373028440
1.6321321321319999242, 0.0066793714390812400
1.6346346346350000278, 0.0065522197311316394
1.6371371371370000425, 0.0064290540004132996
1.6396396396399999240, 0.0063097018202856407
1.6421421421419999387, 0.0061940001821830914
1.6446446446450000423, 0.0060817948786571589
1.6471471471470000569, 0.0059729399333101878
1.6496496496499999385, 0.0058672970735798319
1.6521521521519999531, 0.0057647352427215547
1.6546546546550000567, 0.0056651301476835399
1.6571571571570000714, 0.0055683638398793135
1.6596596596599999529, 0.0054743243261420457
1.6621621621619999676, 0.0053829052073946018
1.6646646646650000712, 0.0052940053427942011
1.6671671671670000858, 0.0052075285373127615
1.6696696696699999674, 0.0051233832508961038
1.6721721721719999820, 0.0050414823275094049
1.6746746746750000856, 0.0049617427425244793
1.6771771771770001003, 0.0048840853670384134
1.6796796796799999818, 0.0048084347478341378
1.6821821821819999965, 0.0047347189018032481
1.6846846846850001000, 0.0046628691237506912
1.6871871871869998927, 0.0045928198065911408
1.6896896896899999962, 0.0045245082730287229
1.6921921921920000109, 0.0044578746178861360
1.6946946946949998924, 0.0043928615603169322
1.6971971971969999071, 0.0043294143051962773
1.6996996997000000107, 0.0042674804130417559
1.7022022022020000254, 0.0042070096778669174
1.7047047047049999069, 0.0041479540124170879
1.7072072072069999216, 0.0040902673402796411
1.7097097097100000251, 0.0040339054944000183
1.7122122122120000398, 0.0039788261215705084
1.7147147147149999213, 0.0039249885924915670
1.7172172172169999360, 0.0038723539170354114
1.7197197197200000396, 0.0038208846643692021
1.7222222222220000543, 0.0037705448876203551
1.7247247247249999358, 0.0037213000527897421
1.7272272272269999505, 0.0036731169716398729
1.7297297297300000540, 0.0036259637383047856
1.7322322322320000687, 0.0035798096693864237
1.7347347347349999502, 0.0035346252473189440
1.7372372372369999649, 0.0034903820667977151
1.7397397397400000685, 0.0034470527840839461
1.7422422422420000832, 0.0034046110690089367
1.7447447447449999647, 0.0033630315595139996
1.7472472472469999794, 0.0033222898185732855
1.7497497497500000829, 0.0032823622933570128
1.7522522522520000976, 0.0032432262765021971
1.7547547547549999791, 0.0032048598693667765
1.7572572572569999938, 0.0031672419471512310
1.7597597597600000974, 0.0031303521257793950
1.7622622622619998900, 0.0030941707304371793
1.7647647647649999936, 0.0030586787656744843
1.7672672672670000082, 0.0030238578869816232
1.7697697697699998898, 0.0029896903737572453
1.7722722722719999044, 0.0029561591035899603
1.7747747747750000080, 0.0029232475277807678
1.7772772772770000227, 0.0028909396480379175
1.7797797797799999042, 0.0028592199942800603
1.7822822822819999189, 0.0028280736034874757
1.7847847847850000225, 0.0027974859995448381
1.7872872872870000371, 0.0027674431740224281
1.7897897897899999187, 0.0027379315678458301
1.7922922922919999333, 0.0027089380538072015
1.7947947947950000369, 0.0026804499198739445
1.7972972972970000516, 0.0026524548532532162
1.7997997997999999331, 0.0026249409251731665
1.8023023023019999478, 0.0025978965763440295
1.8048048048050000514, 0.0025713106030643604
1.8073073073070000660, 0.0025451721439396766
1.8098098098099999476, 0.0025194706671826193
1.8123123123119999622, 0.0024941959584655502
1.8148148148150000658, 0.0024693381092980569
1.8173173173170000805, 0.0024448875059034465
1.8198198198199999620, 0.0024208348185697087
1.8223223223219999767, 0.0023971709914517975
1.8248248248250000803, 0.0023738872328033407
1.8273273273270000949, 0.0023509750056170922
1.8298298298299999765, 0.0023284260186545395
1.8323323323319999911, 0.0023062322178461613
1.8348348348350000947, 0.0022843857780448012
1.8373373373370001094, 0.0022628790951155515
1.8398398398399999909, 0.0022417047783464409
1.8423423423420000056, 0.0022208556431650181
1.8448448448450001091, 0.0022003247041467180
1.8473473473469999018, 0.0021801051683016299
1.8498498498500000053, 0.0021601904286269635
1.8523523523520000200, 0.0021405740579131718
1.8548548548549999015, 0.0021212498027923109
1.8573573573569999162, 0.0021022115780177657
1.8598598598600000198, 0.0020834534609650533
1.8623623623620000345, 0.0020649696863439147
1.8648648648649999160, 0.0020467546411123785
1.8673673673669999307, 0.0020288028595839827
1.8698698698700000342, 0.0020111090187197199
1.8723723723720000489, 0.0019936679335967348
1.8748748748749999304, 0.0019764745530461655
1.8773773773769999451, 0.0019595239554528756
1.8798798798800000487, 0.0019428113447102179
1.8823823823820000634, 0.0019263320463232415
1.8848848848849999449, 0.0019100815036541196
1.8873873873869999596, 0.0018940552743038355
1.8898898898900000631, 0.0018782490266244579
1.8923923923920000778, 0.0018626585363566094
1.8948948948949999593, 0.0018472796833869610
1.8973973973969999740, 0.0018321084486208514
1.8998998999000000776, 0.0018171409109653406
1.9024024024020000923, 0.0018023732444182180
1.9049049049049999738, 0.0017878017152587070
1.9074074074069999885, 0.0017734226793357840
1.9099099099100000920, 0.0017592325794502214
1.9124124124120001067, 0.0017452279428266434
1.9149149149149999882, 0.0017314053786720350
1.9174174174170000029, 0.0017177615758173180
1.9199199199200001065, 0.0017042933004387550
1.9224224224219998991, 0.0016909973938560644
1.9249249249250000027, 0.0016778707704043091
1.9274274274270000173, 0.0016649104153766885
1.9299299299299998989, 0.0016521133830355590
1.9324324324319999135, 0.0016394767946890530
1.9349349349350000171, 0.0016269978368308353
1.9374374374370000318, 0.0016146737593406104
1.9399399399399999133, 0.0016025018737430956
1.9424424424419999280, 0.0015904795515232950
1.9449449449450000316, 0.0015786042224959686
1.9474474474470000462, 0.0015668733732273055
1.9499499499499999278, 0.0015552845455068763
1.9524524524519999424, 0.0015438353348680256
1.9549549549550000460, 0.0015325233891549453
1.9574574574570000607, 0.0015213464071347359
1.9599599599599999422, 0.0015103021371528262
1.9624624624619999569, 0.0014993883758302106
1.9649649649650000605, 0.0014886029668009940
1.9674674674670000751, 0.0014779437994888256
1.9699699699699999567, 0.0014674088079208343
1.9724724724719999713, 0.0014569959695777523
1.9749749749750000749, 0.0014467033042789598
1.9774774774770000896, 0.0014365288731012207
1.9799799799799999711, 0.0014264707773299593
1.9824824824819999858, 0.0014165271574419296
1.9849849849850000894, 0.0014066961921182174
1.9874874874870001040, 0.0013969760972865277
1.9899899899899999856, 0.0013873651251917517
1.9924924924920000002, 0.0013778615634938698
1.9949949949950001038, 0.0013684637343922535
1.9974974974969998964, 0.0013591699937754820
2.0000000000000000000, 0.0013499787303958221
