# Delta1: 0.46
# Delta2: 1.17
# Delta3: 1.34
# Dq: 0.08800000000000002
# Ds: -0.09000000000000001
# Dt: -0.01999999999999998
# k1_lab: [1, 0, 0]
# k2_lab: [-0.8660254037844387, 0.49999999999999994, 0.0]
# k1_cf: [-0.6644630243886748, -0.6644630243886748, -0.3420201433256687]
# k2_cf: [0.45451947767204376, 0.45451947767204376, 0.766044443118978]
# pol1_lab: [(0, 1, 0), (0, 0, 1)]
# pol2_lab: [array([-0.5      , -0.8660254,  0.       ]), array([0., 0., 1.])]
# pol1_cf: [array([-0.24184476, -0.24184476,  0.93969262]), array([-0.70710678,  0.70710678,  0.        ])]
# pol2_cf: [array([ 0.54167522,  0.54167522, -0.64278761]), array([-0.70710678,  0.70710678,  0.        ])]
# cf: [array([-0.66446302, -0.24184476, -0.70710678]), array([-0.66446302, -0.24184476,  0.70710678]), array([-0.34202014,  0.93969262,  0.        ])]
# th: 110
-0.5000000000000000000, 0.0013996135385888255
-0.4974974974974999964, 0.0014106003420564575
-0.4949949949949999928, 0.0014217346137269005
-0.4924924924924999892, 0.0014330191813861754
-0.4899899899899999856, 0.0014444569430829401
-0.4874874874874999819, 0.0014560508692659411
-0.4849849849849999783, 0.0014678040049982931
-0.4824824824824999747, 0.0014797194722517460
-0.4799799799800000266, 0.0014918004722842895
-0.4774774774775000230, 0.0015040502881045800
-0.4749749749750000194, 0.0015164722870268420
-0.4724724724725000158, 0.0015290699233200754
-0.4699699699700000122, 0.0015418467409555876
-0.4674674674675000086, 0.0015548063764570489
-0.4649649649650000049, 0.0015679525618574870
-0.4624624624625000013, 0.0015812891277678454
-0.4599599599599999977, 0.0015948200065619620
-0.4574574574574999941, 0.0016085492356830507
-0.4549549549549999905, 0.0016224809610770369
-0.4524524524524999869, 0.0016366194407583655
-0.4499499499499000077, 0.0016509690485141454
-0.4474474474474000041, 0.0016655342777528591
-0.4449449449449000005, 0.0016803197455040964
-0.4424424424423999969, 0.0016953301965761890
-0.4399399399398999932, 0.0017105705078788850
-0.4374374374373999896, 0.0017260456929186620
-0.4349349349348999860, 0.0017417609064745881
-0.4324324324323999824, 0.0017577214494631128
-0.4299299299298999788, 0.0017739327740005826
-0.4274274274273999752, 0.0017904004886727355
-0.4249249249249000271, 0.0018071303640209465
-0.4224224224224000235, 0.0018241283382554774
-0.4199199199199000199, 0.0018414005232065874
-0.4174174174174000163, 0.0018589532105248900
-0.4149149149149000126, 0.0018767928781430099
-0.4124124124124000090, 0.0018949261970112228
-0.4099099099099000054, 0.0019133600381204771
-0.4074074074074000018, 0.0019321014798269129
-0.4049049049048999982, 0.0019511578154928304
-0.4024024024023999946, 0.0019705365614598258
-0.3998998998998999910, 0.0019902454653707765
-0.3973973973973999874, 0.0020102925148582449
-0.3948948948948999838, 0.0020306859466179064
-0.3923923923923999801, 0.0020514342558866699
-0.3898898898898999765, 0.0020725462063462914
-0.3873873873873999729, 0.0020940308404745070
-0.3848848848849000248, 0.0021158974903669843
-0.3823823823824000212, 0.0021381557890547821
-0.3798798798799000176, 0.0021608156823434777
-0.3773773773774000140, 0.0021838874412016709
-0.3748748748749000104, 0.0022073816747282451
-0.3723723723724000068, 0.0022313093437295720
-0.3698698698699000031, 0.0022556817749397160
-0.3673673673673999995, 0.0022805106759187432
-0.3648648648648999959, 0.0023058081506664172
-0.3623623623623999923, 0.0023315867159908799
-0.3598598598598999887, 0.0023578593186743902
-0.3573573573573999851, 0.0023846393534808809
-0.3548548548548999815, 0.0024119406820529129
-0.3523523523523999779, 0.0024397776527486760
-0.3498498498497999987, 0.0024681651214729372
-0.3473473473472999951, 0.0024971184735593718
-0.3448448448447999914, 0.0025266536467654322
-0.3423423423422999878, 0.0025567871554449889
-0.3398398398397999842, 0.0025875361159682819
-0.3373373373372999806, 0.0026189182734633982
-0.3348348348347999770, 0.0026509520299584782
-0.3323323323322999734, 0.0026836564740092645
-0.3298298298298000253, 0.0027170514119023771
-0.3273273273273000217, 0.0027511574005309484
-0.3248248248248000181, 0.0027859957820459951
-0.3223223223223000145, 0.0028215887203940941
-0.3198198198198000108, 0.0028579592398598032
-0.3173173173173000072, 0.0028951312657396855
-0.3148148148148000036, 0.0029331296672838528
-0.3123123123123000000, 0.0029719803030508838
-0.3098098098097999964, 0.0030117100688324787
-0.3073073073072999928, 0.0030523469483158348
-0.3048048048047999892, 0.0030939200666641247
-0.3023023023022999856, 0.0031364597472089192
-0.2997997997997999819, 0.0031799975714631020
-0.2972972972972999783, 0.0032245664426785716
-0.2947947947947999747, 0.0032702006531903174
-0.2922922922923000266, 0.0033169359558070993
-0.2897897897898000230, 0.0033648096395292358
-0.2872872872873000194, 0.0034138606098961678
-0.2847847847848000158, 0.0034641294742904028
-0.2822822822823000122, 0.0035156586325506252
-0.2797797797798000086, 0.0035684923732753693
-0.2772772772773000050, 0.0036226769762295599
-0.2747747747748000013, 0.0036782608213003910
-0.2722722722722999977, 0.0037352945044858994
-0.2697697697697999941, 0.0037938309614402024
-0.2672672672672999905, 0.0038539255991437531
-0.2647647647647999869, 0.0039156364363154110
-0.2622622622622999833, 0.0039790242532363714
-0.2597597597597999797, 0.0040441527517144126
-0.2572572572572999761, 0.0041110887259808351
-0.2547547547547999724, 0.0041799022453829588
-0.2522522522523000243, 0.0042506668498123665
-0.2497497497496999896, 0.0043234597588942460
-0.2472472472472000138, 0.0043983620960570471
-0.2447447447447000102, 0.0044754591287051310
-0.2422422422422000066, 0.0045548405258312580
-0.2397397397397000030, 0.0046366006345320305
-0.2372372372371999993, 0.0047208387770288403
-0.2347347347346999957, 0.0048076595699515605
-0.2322322322321999921, 0.0048971732678132675
-0.2297297297296999885, 0.0049894961327944095
-0.2272272272272000126, 0.0050847508331658062
-0.2247247247247000090, 0.0051830668729144795
-0.2222222222222000054, 0.0052845810553975459
-0.2197197197197000018, 0.0053894379841404501
-0.2172172172171999982, 0.0054977906042206429
-0.2147147147146999946, 0.0056098007880406846
-0.2122122122121999910, 0.0057256399697005727
-0.2097097097096999874, 0.0058454898326336865
-0.2072072072072000115, 0.0059695430556805321
-0.2047047047047000079, 0.0060980041233468351
-0.2022022022022000043, 0.0062310902066362236
-0.1996996996997000007, 0.0063690321215725048
-0.1971971971971999971, 0.0065120753733438064
-0.1946946946946999935, 0.0066604812949237558
-0.1921921921921999898, 0.0068145282900686846
-0.1896896896896999862, 0.0069745131917720816
-0.1871871871872000104, 0.0071407527485989122
-0.1846846846847000068, 0.0073135852528464287
-0.1821821821822000032, 0.0074933723262129558
-0.1796796796796999995, 0.0076805008806339892
-0.1771771771771999959, 0.0078753852742038596
-0.1746746746746999923, 0.0080784696846859169
-0.1721721721721999887, 0.0082902307260768644
-0.1696696696697000128, 0.0085111803370934644
-0.1671671671672000092, 0.0087418689743649844
-0.1646646646647000056, 0.0089828891476290227
-0.1621621621622000020, 0.0092348793394439362
-0.1596596596596999984, 0.0094985283579695212
-0.1571571571571999948, 0.0097745801783746152
-0.1546546546546999912, 0.0100638393365788757
-0.1521521521521999876, 0.0103671769485338822
-0.1496496496496000084, 0.0106855374393476157
-0.1471471471471000048, 0.0110199460795549920
-0.1446446446446000011, 0.0113715174411027319
-0.1421421421420999975, 0.0117414649035898020
-0.1396396396395999939, 0.0121311113625226091
-0.1371371371370999903, 0.0125419013164656395
-0.1346346346345999867, 0.0129754145397941306
-0.1321321321321000108, 0.0134333815832767111
-0.1296296296296000072, 0.0139177013871502556
-0.1271271271271000036, 0.0144304613422049054
-0.1246246246246000000, 0.0149739601955526554
-0.1221221221220999964, 0.0155507342715453297
-0.1196196196196000067, 0.0161635875676735194
-0.1171171171171000031, 0.0168156263939076116
-0.1146146146145999994, 0.0175102993565031326
-0.1121121121120999958, 0.0182514436497141358
-0.1096096096096000061, 0.0190433388187094543
-0.1071071071071000025, 0.0198907694039733782
-0.1046046046045999989, 0.0207990981841207311
-0.1021021021020999953, 0.0217743521166026757
-0.0995995995996000055, 0.0228233235554104255
-0.0970970970971000019, 0.0239536899293980726
-0.0945945945945900063, 0.0251741558309538718
-0.0920920920920900027, 0.0264946224412625810
-0.0895895895895899991, 0.0279263904706497541
-0.0870870870870899955, 0.0294824044085913103
-0.0845845845845799998, 0.0311775479776265282
-0.0820820820820799962, 0.0330290034326304743
-0.0795795795795800065, 0.0350566909682737057
-0.0770770770770800029, 0.0372838093088920103
-0.0745745745745699934, 0.0397375050009780365
-0.0720720720720700037, 0.0424497066410898377
-0.0695695695695700000, 0.0454581721593004459
-0.0670670670670699964, 0.0488078136602177678
-0.0645645645645600008, 0.0525523871416018543
-0.0620620620620599972, 0.0567566665578585761
-0.0595595595595600005, 0.0614992675433966782
-0.0570570570570599969, 0.0668763523619920475
-0.0545545545545500013, 0.0730065447464967043
-0.0520520520520499977, 0.0800375277919850581
-0.0495495495495500010, 0.0881550166944682634
-0.0470470470470499974, 0.0975951349264553014
-0.0445445445445400018, 0.1086617515786969523
-0.0420420420420399982, 0.1217511870139035557
-0.0395395395395400015, 0.1373880902482157995
-0.0370370370370399979, 0.1562786476633989396
-0.0345345345345300023, 0.1793913764084405504
-0.0320320320320299987, 0.2080831046413692542
-0.0295295295295299985, 0.2443014272142688958
-0.0270270270270299984, 0.2909215028397283409
-0.0245245245245199993, 0.3523291994048119991
-0.0220220220220199991, 0.4354791634762351649
-0.0195195195195199990, 0.5519241768716638408
-0.0170170170170199989, 0.7219764467666777152
-0.0145145145145099998, 0.9839687708761298834
-0.0120120120120099996, 1.4170870203307290858
-0.0095095095095099995, 2.2054993165999166038
-0.0070070070070070000, 3.8511526737926522479
-0.0045045045045049997, 8.0292593952043702643
-0.0020020020020019998, 20.7711452919890220414
0.0005005005005005000, 32.7764986562508653378
0.0030030030030029999, 13.9560083724905439340
0.0055055055055059999, 5.8292966796455143452
0.0080080080080079993, 3.0292029876918356024
0.0105105105105099995, 1.8272946893054344830
0.0130130130130099997, 1.2153635550325991854
0.0155155155155200005, 0.8646494467883447665
0.0180180180180199989, 0.6459043455419073432
0.0205205205205199991, 0.5006190853573555533
0.0230230230230199992, 0.3993441965301646190
0.0255255255255299983, 0.3259945664604753102
0.0280280280280299984, 0.2711979849236487716
0.0305305305305299986, 0.2292004208452629033
0.0330330330330299987, 0.1963134803090465508
0.0355355355355400013, 0.1700857788201340093
0.0380380380380399979, 0.1488371887296610629
0.0405405405405400016, 0.1313853046076476905
0.0430430430430399982, 0.1168786289271640244
0.0455455455455500008, 0.1046914596144489507
0.0480480480480499975, 0.0943557326946996011
0.0505505505505500011, 0.0855156954487673177
0.0530530530530499977, 0.0778970766973272194
0.0555555555555600003, 0.0712856908126634770
0.0580580580580599970, 0.0655123169457150212
0.0605605605605600006, 0.0604418360672011254
0.0630630630630600042, 0.0559653094252581737
0.0655655655655699998, 0.0519941225928588074
0.0680680680680700034, 0.0484556019769358387
0.0705705705705699932, 0.0452896955322251438
0.0730730730730699968, 0.0424464324419769057
0.0755755755755800063, 0.0398839597111035199
0.0780780780780799960, 0.0375670107036284798
0.0805805805805799996, 0.0354657003742630608
0.0830830830830800032, 0.0335545699325339453
0.0855855855855899988, 0.0318118236367871676
0.0880880880880900025, 0.0302187148071354356
0.0905905905905900061, 0.0287590486322654021
0.0930930930930899958, 0.0274187770598911390
0.0955955955956000053, 0.0261856667890546166
0.0980980980980999950, 0.0250490256727920468
0.1006006006005999986, 0.0239994760792162989
0.1031031031031000023, 0.0230287662240695537
0.1056056056056000059, 0.0221296123771733064
0.1081081081080999956, 0.0212955663034031864
0.1106106106105999992, 0.0205209034316444078
0.1131131131131000028, 0.0198005281307434798
0.1156156156156000064, 0.0191298931678536600
0.1181181181180999962, 0.0185049309752932448
0.1206206206205999998, 0.0179219947899188596
0.1231231231231000034, 0.0173778080789786099
0.1256256256256000070, 0.0168694209474852114
0.1281281281281000106, 0.0163941724489642983
0.1306306306305999865, 0.0159496579052900746
0.1331331331330999901, 0.0155337004910029511
0.1356356356355999937, 0.0151443264598709638
0.1381381381380999973, 0.0147797434918940790
0.1406406406406000009, 0.0144383217217048700
0.1431431431431000045, 0.0141185770777569903
0.1456456456456000081, 0.0138191566184921490
0.1481481481481000118, 0.0135388255989797694
0.1506506506506999910, 0.0132764560410482402
0.1531531531531999946, 0.0130310166130595539
0.1556556556556999982, 0.0128015636533389161
0.1581581581582000018, 0.0125872331947682707
0.1606606606607000054, 0.0123872338679289658
0.1631631631632000090, 0.0122008405770393600
0.1656656656657000126, 0.0120273888572758805
0.1681681681681999885, 0.0118662698343004452
0.1706706706706999921, 0.0117169257172802903
0.1731731731731999957, 0.0115788457656591705
0.1756756756756999993, 0.0114515626776532601
0.1781781781782000029, 0.0113346493550953546
0.1806806806807000065, 0.0112277160049985940
0.1831831831832000101, 0.0111304075431918545
0.1856856856857000138, 0.0110424012697075448
0.1881881881881999896, 0.0109634047893738713
0.1906906906906999932, 0.0108931541543608248
0.1931931931931999968, 0.0108314122083189301
0.1956956956957000004, 0.0107779671142927275
0.1981981981982000041, 0.0107326310508358592
0.2007007007007000077, 0.0106952390627444750
0.2032032032032000113, 0.0106656480545982875
0.2057057057056999871, 0.0106437359168840579
0.2082082082081999908, 0.0106294007759037135
0.2107107107106999944, 0.0106225603599621778
0.2132132132131999980, 0.0106231514755089577
0.2157157157157000016, 0.0106311295879922760
0.2182182182182000052, 0.0106464685031910991
0.2207207207207000088, 0.0106691601457335975
0.2232232232232000124, 0.0106992144324053740
0.2257257257256999883, 0.0107366592387079882
0.2282282282281999919, 0.0107815404579620598
0.2307307307306999955, 0.0108339221530690151
0.2332332332331999991, 0.0108938868018637596
0.2357357357357000027, 0.0109615356378181261
0.2382382382382000063, 0.0110369890887017479
0.2407407407407000099, 0.0111203873166872171
0.2432432432432000136, 0.0112118908643088645
0.2457457457456999894, 0.0113116814116648035
0.2482482482481999930, 0.0114199626513027067
0.2507507507508000000, 0.0115369612883659059
0.2532532532533000036, 0.0116629281748171498
0.2557557557558000072, 0.0117981395879177102
0.2582582582583000108, 0.0119428986646455352
0.2607607607608000144, 0.0120975370054085263
0.2632632632633000180, 0.0122624164622764358
0.2657657657658000216, 0.0124379311290518883
0.2682682682683000253, 0.0126245095528592956
0.2707707707707999734, 0.0128226171895986420
0.2732732732732999770, 0.0130327591286345090
0.2757757757757999806, 0.0132554831155283458
0.2782782782782999842, 0.0134913829055449963
0.2807807807807999878, 0.0137411019851457986
0.2832832832832999914, 0.0140053377038218789
0.2857857857857999950, 0.0142848458645270602
0.2882882882882999986, 0.0145804458277730663
0.2907907907908000023, 0.0148930261923092503
0.2932932932933000059, 0.0152235511244017564
0.2957957957958000095, 0.0155730674182836225
0.2982982982983000131, 0.0159427123826233266
0.3008008008008000167, 0.0163337226621745810
0.3033033033033000203, 0.0167474441205092243
0.3058058058058000239, 0.0171853429293486702
0.3083083083083000275, 0.0176490180330650323
0.3108108108107999756, 0.0181402151840879128
0.3133133133132999792, 0.0186608427770517914
0.3158158158157999829, 0.0192129897475646766
0.3183183183182999865, 0.0197989458466910975
0.3208208208207999901, 0.0204212246561558848
0.3233233233232999937, 0.0210825897737523180
0.3258258258257999973, 0.0217860846758084863
0.3283283283283000009, 0.0225350668567310120
0.3308308308308000045, 0.0233332469582068283
0.3333333333333000081, 0.0241847337371663557
0.3358358358358000118, 0.0250940858877973898
0.3383383383383000154, 0.0260663719360197041
0.3408408408408000190, 0.0271072396741086699
0.3433433433433000226, 0.0282229969103875156
0.3458458458458000262, 0.0294207056892900713
0.3483483483482999743, 0.0307082926102133502
0.3508508508509000090, 0.0320946784649504269
0.3533533533534000126, 0.0335899311564419600
0.3558558558559000162, 0.0352054467999436196
0.3583583583584000198, 0.0369541650995650409
0.3608608608609000235, 0.0388508266158377261
0.3633633633634000271, 0.0409122814974319932
0.3658658658658999752, 0.0431578617828592553
0.3683683683683999788, 0.0456098326774534921
0.3708708708708999824, 0.0482939425403884348
0.3733733733733999860, 0.0512400970407998271
0.3758758758758999896, 0.0544831905718635850
0.3783783783783999932, 0.0580641382682751742
0.3808808808808999968, 0.0620311658856643605
0.3833833833834000004, 0.0664414338562226287
0.3858858858859000041, 0.0713630982029256067
0.3883883883884000077, 0.0768779478829396956
0.3908908908909000113, 0.0830848103443303232
0.3933933933934000149, 0.0901039919203541761
0.3958958958959000185, 0.0980831284170625706
0.3983983983984000221, 0.1072049815385904825
0.4009009009009000257, 0.1176979568408387522
0.4034034034033999738, 0.1298504845952379583
0.4059059059058999774, 0.1440309725164346522
0.4084084084083999810, 0.1607159383279114229
0.4109109109108999847, 0.1805303863485407112
0.4134134134133999883, 0.2043069098752537116
0.4159159159158999919, 0.2331741260024798312
0.4184184184183999955, 0.2686923050298200000
0.4209209209208999991, 0.3130672626520185631
0.4234234234234000027, 0.3694985667635456994
0.4259259259259000063, 0.4427675024177067931
0.4284284284284000099, 0.5402729528448961815
0.4309309309309000136, 0.6739498946933184520
0.4334334334334000172, 0.8640406166974055058
0.4359359359359000208, 1.1470628648335172706
0.4384384384384000244, 1.5942151716236907522
0.4409409409408999725, 2.3589418842907465823
0.4434434434433999761, 3.8188563236930823663
0.4459459459458999797, 7.0833095758719384349
0.4484484484483999833, 16.1443898957761042823
0.4509509509510000180, 41.3318581066080668052
0.4534534534535000216, 35.7681267227735730785
0.4559559559560000253, 13.6557311674480388319
0.4584584584584999734, 6.2506155365926030498
0.4609609609609999770, 3.4701064395657850170
0.4634634634634999806, 2.1846743472855254531
0.4659659659659999842, 1.4957331923135339657
0.4684684684684999878, 1.0862892190269601844
0.4709709709709999914, 0.8240021787330595870
0.4734734734734999950, 0.6462106368009744584
0.4759759759759999986, 0.5202728148992089574
0.4784784784785000022, 0.4278724268048762491
0.4809809809810000059, 0.3581031586214923901
0.4834834834835000095, 0.3041488351904155230
0.4859859859860000131, 0.2615747878398464454
0.4884884884885000167, 0.2273962969203478512
0.4909909909910000203, 0.1995454853521919647
0.4934934934935000239, 0.1765533737324279095
0.4959959959960000275, 0.1573533846142660675
0.4984984984984999756, 0.1411560792240079132
0.5010010010009999792, 0.1273670973929348915
0.5035035035035000384, 0.1155320863253343489
0.5060060060059999865, 0.1052989373595068084
0.5085085085085000456, 0.0963913858270862567
0.5110110110109999937, 0.0885902301189632202
0.5135135135135000528, 0.0817197580019905084
0.5160160160160000009, 0.0756377939999789695
0.5185185185184999490, 0.0702283049806795290
0.5210210210210000081, 0.0653958394564371631
0.5235235235234999562, 0.0610612989295687345
0.5260260260260000154, 0.0571586888416095798
0.5285285285284999635, 0.0536325981904235000
0.5310310310310000226, 0.0504362269218973022
0.5335335335334999707, 0.0475298291841848367
0.5360360360360000298, 0.0448794752127806840
0.5385385385384999779, 0.0424560594551963988
0.5410410410410000370, 0.0402345005300641240
0.5435435435434999851, 0.0381930917711066978
0.5460460460460000442, 0.0363129708209230240
0.5485485485484999924, 0.0345776839775210967
0.5510510510510999715, 0.0329728264350150346
0.5535535535536000307, 0.0314857436789833661
0.5560560560560999788, 0.0301052824403152605
0.5585585585586000379, 0.0288215820272888293
0.5610610610610999860, 0.0276258987250593314
0.5635635635636000451, 0.0265104574076299587
0.5660660660660999932, 0.0254683256481639184
0.5685685685686000523, 0.0244933065125915346
0.5710710710711000004, 0.0235798469340172782
0.5735735735735999485, 0.0227229591331414293
0.5760760760761000077, 0.0219181530045145512
0.5785785785785999558, 0.0211613777542410501
0.5810810810811000149, 0.0204489713704535045
0.5835835835835999630, 0.0197776167479875933
0.5860860860861000221, 0.0191443034844821815
0.5885885885885999702, 0.0185462945254424305
0.5910910910911000293, 0.0179810969675821587
0.5935935935935999774, 0.0174464364384931819
0.5960960960961000366, 0.0169402345607310642
0.5985985985985999847, 0.0164605890832329425
0.6011011011011000438, 0.0160057563253738072
0.6036036036035999919, 0.0155741356311596933
0.6061061061061000510, 0.0151642555748531249
0.6086086086085999991, 0.0147747616961901654
0.6111111111110999472, 0.0144044055744674097
0.6136136136136000063, 0.0140520350771209356
0.6161161161160999544, 0.0137165856407819153
0.6186186186186000135, 0.0133970724618261670
0.6211211211210999616, 0.0130925834896759418
0.6236236236236000208, 0.0128022731300047286
0.6261261261260999689, 0.0125253565769083489
0.6286286286286000280, 0.0122611047033442805
0.6311311311310999761, 0.0120088394479607678
0.6336336336336000352, 0.0117679296440516400
0.6361361361360999833, 0.0115377872429600452
0.6386386386386000424, 0.0113178638899656923
0.6411411411410999905, 0.0111076478156510883
0.6436436436436000497, 0.0109066610100608044
0.6461461461460999978, 0.0107144566507333810
0.6486486486485999459, 0.0105306167589758626
0.6511511511512000361, 0.0103547500616303634
0.6536536536536999842, 0.0101864900381073639
0.6561561561562000433, 0.0100254931346778382
0.6586586586586999914, 0.0098714371299675890
0.6611611611612000505, 0.0097240196373163494
0.6636636636636999986, 0.0095829567311818183
0.6661661661661999467, 0.0094479816861102999
0.6686686686687000059, 0.0093188438179830531
0.6711711711711999540, 0.0091953074183008209
0.6736736736737000131, 0.0090771507732038473
0.6761761761761999612, 0.0089641652597562266
0.6786786786787000203, 0.0088561545127637947
0.6811811811811999684, 0.0087529336560550688
0.6836836836837000275, 0.0086543285927440650
0.6861861861861999756, 0.0085601753495210091
0.6886886886887000347, 0.0084703194704887005
0.6911911911911999828, 0.0083846154564852695
0.6936936936937000420, 0.0083029262462137113
0.6961961961961999901, 0.0082251227358396354
0.6986986986987000492, 0.0081510833340258087
0.7012012012011999973, 0.0080806935496484569
0.7037037037036999454, 0.0080138456096898771
0.7062062062062000045, 0.0079504381050272410
0.7087087087086999526, 0.0078903756620411786
0.7112112112112000117, 0.0078335686381523009
0.7137137137136999598, 0.0077799328395611019
0.7162162162162000190, 0.0077293892596185625
0.7187187187186999671, 0.0076818638363928419
0.7212212212212000262, 0.0076372872281231744
0.7237237237236999743, 0.0075955946053666767
0.7262262262262000334, 0.0075567254587484119
0.7287287287286999815, 0.0075206234213208226
0.7312312312312000406, 0.0074872361046262412
0.7337337337336999887, 0.0074565149476367434
0.7362362362362000479, 0.0074284150778195822
0.7387387387386999960, 0.0074028951836446425
0.7412412412412000551, 0.0073799173979133357
0.7437437437437000032, 0.0073594471913467057
0.7462462462461999513, 0.0073414532759246125
0.7487487487487000104, 0.0073259075175182891
0.7512512512512999896, 0.0073127848574056692
0.7537537537538000487, 0.0073020632423029348
0.7562562562562999968, 0.0072937235625873372
0.7587587587587999449, 0.0072877495984254685
0.7612612612613000040, 0.0072841279735584019
0.7637637637637999521, 0.0072828481165306200
0.7662662662663000113, 0.0072839022291835221
0.7687687687687999594, 0.0072872852622671985
0.7712712712713000185, 0.0072929948980557258
0.7737737737737999666, 0.0073010315398823189
0.7762762762763000257, 0.0073113983085408701
0.7787787787787999738, 0.0073241010455305233
0.7812812812813000329, 0.0073391483231495455
0.7837837837837999810, 0.0073565514614747154
0.7862862862863000402, 0.0073763245522923179
0.7887887887887999883, 0.0073984844900773644
0.7912912912913000474, 0.0074230510101486544
0.7937937937937999955, 0.0074500467341591554
0.7962962962963000546, 0.0074794972231141746
0.7987987987988000027, 0.0075114310381438863
0.8013013013012999508, 0.0075458798092926209
0.8038038038038000099, 0.0075828783126246704
0.8063063063062999580, 0.0076224645559860209
0.8088088088088000172, 0.0076646798738031711
0.8113113113112999653, 0.0077095690313447734
0.8138138138138000244, 0.0077571803389192839
0.8163163163162999725, 0.0078075657765326930
0.8188188188188000316, 0.0078607811295849754
0.8213213213212999797, 0.0079168861362427893
0.8238238238238000388, 0.0079759446471893911
0.8263263263262999869, 0.0080380247985215852
0.8288288288288000460, 0.0081031991986380090
0.8313313313312999941, 0.0081715451300442311
0.8338338338338000533, 0.0082431447670883624
0.8363363363363000014, 0.0083180854107372647
0.8388388388387999495, 0.0083964597416086358
0.8413413413413000086, 0.0084783660925896523
0.8438438438437999567, 0.0085639087424988387
0.8463463463463000158, 0.0086531982323868155
0.8488488488487999639, 0.0087463517062238115
0.8513513513514000541, 0.0088434932778894242
0.8538538538539000022, 0.0089447544265654766
0.8563563563563999503, 0.0090502744228361139
0.8588588588589000095, 0.0091602007880254594
0.8613613613613999576, 0.0092746897895519820
0.8638638638639000167, 0.0093939069753551964
0.8663663663663999648, 0.0095180277507567485
0.8688688688689000239, 0.0096472380014577218
0.8713713713713999720, 0.0097817347667526495
0.8738738738739000311, 0.0099217269674613130
0.8763763763763999792, 0.0100674361935486727
0.8788788788789000384, 0.0102190975569270252
0.8813813813813999865, 0.0103769606155189910
0.8838838838839000456, 0.0105412903753151575
0.8863863863863999937, 0.0107123683778929633
0.8888888888889000528, 0.0108904938816861731
0.8913913913914000009, 0.0110759851462187853
0.8938938938938999490, 0.0112691808295560560
0.8963963963964000081, 0.0114704415103974375
0.8988988988988999562, 0.0116801513475569448
0.9014014014014000153, 0.0118987198910695206
0.9039039039038999634, 0.0121265840608521594
0.9064064064064000226, 0.0123642103107621838
0.9089089089088999707, 0.0126120969980704749
0.9114114114114000298, 0.0128707769808380102
0.9139139139138999779, 0.0131408204685001754
0.9164164164164000370, 0.0134228381541757237
0.9189189189188999851, 0.0137174846608881067
0.9214214214214000442, 0.0140254623380921904
0.9239239239238999923, 0.0143475254497219696
0.9264264264264000515, 0.0146844848005184807
0.9289289289288999996, 0.0150372128537828442
0.9314314314313999477, 0.0154066494010658191
0.9339339339339000068, 0.0157938078528275135
0.9364364364363999549, 0.0161997822289746407
0.9389389389389000140, 0.0166257549396520501
0.9414414414413999621, 0.0170730054600180536
0.9439439439439000212, 0.0175429200183109292
0.9464464464463999693, 0.0180370024347403513
0.9489489489489000285, 0.0185568862701051863
0.9514514514515000076, 0.0191043484681637753
0.9539539539539999558, 0.0196813247053992599
0.9564564564565000149, 0.0202899266968278591
0.9589589589589999630, 0.0209324617480000259
0.9614614614615000221, 0.0216114548926809383
0.9639639639639999702, 0.0223296740145376774
0.9664664664665000293, 0.0230901584215542632
0.9689689689689999774, 0.0238962514263816699
0.9714714714715000365, 0.0247516375875896713
0.9739739739739999846, 0.0256603853897660675
0.9764764764765000438, 0.0266269962895928566
0.9789789789789999919, 0.0276564612366878224
0.9814814814815000510, 0.0287543260000726886
0.9839839839839999991, 0.0299267669037500891
0.9864864864864999472, 0.0311806789109626351
0.9889889889890000063, 0.0325237784129270430
0.9914914914914999544, 0.0339647235957023091
0.9939939939940000135, 0.0355132559063301018
0.9964964964964999616, 0.0371803669531006256
0.9989989989990000208, 0.0389784962028788470
1.0015015015019999023, 0.0409217661446951014
1.0040040040039999170, 0.0430262632583060939
1.0065065065070000205, 0.0453103752734338450
1.0090090090090000352, 0.0477951979844793567
1.0115115115119999167, 0.0505050285074969824
1.0140140140139999314, 0.0534679666210339938
1.0165165165170000350, 0.0567166521221920822
1.0190190190190000497, 0.0602891745169617799
1.0215215215219999312, 0.0642302026454086017
1.0240240240239999459, 0.0685923971545029237
1.0265265265270000494, 0.0734381897161762304
1.0290290290290000641, 0.0788420419445362286
1.0315315315319999456, 0.0848933376434371778
1.0340340340339999603, 0.0917001196353198766
1.0365365365370000639, 0.0993939650775781114
1.0390390390390000785, 0.1081364133620154322
1.0415415415419999601, 0.1181275380376950457
1.0440440440439999747, 0.1296175200550573059
1.0465465465470000783, 0.1429224850862508556
1.0490490490490000930, 0.1584464977220657045
1.0515515515519999745, 0.1767126046322916588
1.0540540540539999892, 0.1984074397326791028
1.0565565565570000928, 0.2244465998064140710
1.0590590590590001074, 0.2560726060640801105
1.0615615615619999890, 0.2950053868643595090
1.0640640640640000036, 0.3436800289531987684
1.0665665665670001072, 0.4056346378553249421
1.0690690690689998998, 0.4861668488833346125
1.0715715715720000034, 0.5934937543308546060
1.0740740740740000181, 0.7409073562591053097
1.0765765765769998996, 0.9510286977791777563
1.0790790790789999143, 1.2648407915789721123
1.0815815815820000179, 1.7626822113344005061
1.0840840840840000325, 2.6189272245887202928
1.0865865865869999141, 4.2667860684717453523
1.0890890890889999287, 7.9948517068243329931
1.0915915915920000323, 18.4845419849324201778
1.0940940940940000470, 46.4884356834300120909
1.0965965965969999285, 36.5555867627533785935
1.0990990990989999432, 13.9615992601816909513
1.1016016016020000468, 6.4827294184366728302
1.1041041041040000614, 3.6346932695517972789
1.1066066066069999430, 2.3038850942203996652
1.1091091091089999576, 1.5853686694947155544
1.1116116116120000612, 1.1561377427032015763
1.1141141141140000759, 0.8801462562454508420
1.1166166166169999574, 0.6925500944511824297
1.1191191191189999721, 0.5593979893380698343
1.1216216216220000756, 0.4615621654815896258
1.1241241241240000903, 0.3876161661745656239
1.1266266266269999718, 0.3303997460003318953
1.1291291291289999865, 0.2852440906512185292
1.1316316316320000901, 0.2490010803351183910
1.1341341341340001048, 0.2194862484129111446
1.1366366366369999863, 0.1951457863879629828
1.1391391391390000010, 0.1748503316565538923
1.1416416416420001045, 0.1577632790992123946
1.1441441441439998972, 0.1432543794181910524
1.1466466466470000007, 0.1308416764251948139
1.1491491491490000154, 0.1201516461688847820
1.1516516516519998969, 0.1108913027574846139
1.1541541541539999116, 0.1028283385355087953
1.1566566566570000152, 0.0957767620038201539
1.1591591591590000299, 0.0895863634343645743
1.1616616616619999114, 0.0841348880415308115
1.1641641641639999261, 0.0793221525723312171
1.1666666666670000296, 0.0750655759020673746
1.1691691691690000443, 0.0712967516203341367
1.1716716716719999258, 0.0679587978059415093
1.1741741741739999405, 0.0650042933001801632
1.1766766766770000441, 0.0623936617362754048
1.1791791791790000588, 0.0600939014924251474
1.1816816816819999403, 0.0580775863181475088
1.1841841841839999550, 0.0563220808032184467
1.1866866866870000585, 0.0548089292743053277
1.1891891891890000732, 0.0535233876151985297
1.1916916916919999547, 0.0524540759747835483
1.1941941941939999694, 0.0515927371275605312
1.1966966966970000730, 0.0509340909738002362
1.1991991991990000876, 0.0504757807869109093
1.2017017017019999692, 0.0502184117549107217
1.2042042042039999838, 0.0501656875353260964
1.2067067067070000874, 0.0503246564065890772
1.2092092092090001021, 0.0507060857157734107
1.2117117117119999836, 0.0513249924369150734
1.2142142142139999983, 0.0522013698088278702
1.2167167167170001019, 0.0533611667322656108
1.2192192192189998945, 0.0548376001394055151
1.2217217217219999981, 0.0566729143668945889
1.2242242242240000127, 0.0589207510661594602
1.2267267267269998943, 0.0616493669540643247
1.2292292292289999089, 0.0649460486617009503
1.2317317317320000125, 0.0689232471309066674
1.2342342342340000272, 0.0737272274917119552
1.2367367367369999087, 0.0795504719490774254
1.2392392392389999234, 0.0866498039136985310
1.2417417417420000270, 0.0953734438448988753
1.2442442442440000416, 0.1062023836215444939
1.2467467467469999232, 0.1198154098508709409
1.2492492492489999378, 0.1371945295235912354
1.2517517517520000414, 0.1598021418873404320
1.2542542542540000561, 0.1898914409295318628
1.2567567567569999376, 0.2310774935084455306
1.2592592592589999523, 0.2894509034522292357
1.2617617617620000559, 0.3759080464915723896
1.2642642642640000705, 0.5114687095933971861
1.2667667667669999521, 0.7408084553309401965
1.2692692692689999667, 1.1718452576555611344
1.2717717717720000703, 2.1139391510625884507
1.2742742742740000850, 4.6564183285742490881
1.2767767767769999665, 12.1270719132706155108
1.2792792792789999812, 12.7843692367806589516
1.2817817817820000847, 4.9481629100895005990
1.2842842842840000994, 2.2119548441832805885
1.2867867867869999809, 1.2133806982873460711
1.2892892892889999956, 0.7620969591994846137
1.2917917917920000992, 0.5240785993886454275
1.2942942942939998918, 0.3843104589746050848
1.2967967967969999954, 0.2956462362285381396
1.2992992992990000101, 0.2360676075835532184
1.3018018018019998916, 0.1942260179676323917
1.3043043043039999063, 0.1638074391388362194
1.3068068068070000098, 0.1410788142199856376
1.3093093093090000245, 0.1237215277731317509
1.3118118118119999060, 0.1102357747630460516
1.3143143143139999207, 0.0996179845573929856
1.3168168168170000243, 0.0911772844665898197
1.3193193193190000390, 0.0844266054659276038
1.3218218218219999205, 0.0790157135973734298
1.3243243243239999352, 0.0746887328234254189
1.3268268268270000387, 0.0712564767399671561
1.3293293293290000534, 0.0685780143270333931
1.3318318318319999349, 0.0665481572973402324
1.3343343343339999496, 0.0650888462352091912
1.3368368368370000532, 0.0641431711761566714
1.3393393393390000679, 0.0636712215516317126
1.3418418418419999494, 0.0636472466277118176
1.3443443443439999641, 0.0640577914845250895
1.3468468468470000676, 0.0649005962297105887
1.3493493493490000823, 0.0661841321442909469
1.3518518518519999638, 0.0679277133328670124
1.3543543543539999785, 0.0701621767057738766
1.3568568568570000821, 0.0729311747867281840
1.3593593593590000967, 0.0762931821919247272
1.3618618618619999783, 0.0803243856678972079
1.3643643643639999929, 0.0851227196677902531
1.3668668668670000965, 0.0908134395554925228
1.3693693693689998891, 0.0975568157508851924
1.3718718718719999927, 0.1055588216435029425
1.3743743743740000074, 0.1150861376506201461
1.3768768768770001110, 0.1264875088035980477
1.3793793793789999036, 0.1402246587211172513
1.3818818818820000072, 0.1569179129760809310
1.3843843843840000218, 0.1774150427360753901
1.3868868868869999034, 0.2028978078825076636
1.3893893893889999180, 0.2350516714880118152
1.3918918918920000216, 0.2763452365467329308
1.3943943943940000363, 0.3305082788522901160
1.3968968968969999178, 0.4033868573258387324
1.3993993993989999325, 0.5045558101769558323
1.4019019019020000361, 0.6505579791767691633
1.4044044044040000507, 0.8719327536443074456
1.4069069069069999323, 1.2299999787471631585
1.4094094094089999469, 1.8621129660078499235
1.4119119119120000505, 3.1242211943344999625
1.4144144144140000652, 6.1340505732293735264
1.4169169169169999467, 15.0521105726947279635
1.4194194194189999614, 32.6275971576088466009
1.4219219219220000650, 17.9265319971923346998
1.4244244244240000796, 7.0537108661058312009
1.4269269269269999612, 3.4677394356872062176
1.4294294294289999758, 2.0193305267462995367
1.4319319319320000794, 1.3126954658895746419
1.4344344344340000941, 0.9195420212822169592
1.4369369369369999756, 0.6795154839454246032
1.4394394394389999903, 0.5226197060089857738
1.4419419419420000938, 0.4145821686975719733
1.4444444444440001085, 0.3370811251109672724
1.4469469469469999900, 0.2796224928961262846
1.4494494494490000047, 0.2358527967777493406
1.4519519519520001083, 0.2017462919326944437
1.4544544544539999009, 0.1746533555987536124
1.4569569569570000045, 0.1527730383844202178
1.4594594594590000192, 0.1348469649647827395
1.4619619619619999007, 0.1199745678937839399
1.4644644644639999154, 0.1074977000783982339
1.4669669669670000189, 0.0969264004489526626
1.4694694694690000336, 0.0878898680065401949
1.4719719719719999151, 0.0801033222849202586
1.4744744744739999298, 0.0733451319249818351
1.4769769769770000334, 0.0674407320847743158
1.4794794794790000481, 0.0622511229119318138
1.4819819819819999296, 0.0576645169796390980
1.4844844844839999443, 0.0535901880107270412
1.4869869869870000478, 0.0499538822629717189
1.4894894894890000625, 0.0466943549864582835
1.4919919919919999440, 0.0437607274931376064
1.4944944944939999587, 0.0411104499964714612
1.4969969969970000623, 0.0387077166270582210
1.4994994994990000770, 0.0365222214802971568
1.5020020020019999585, 0.0345281743594467311
1.5045045045050000621, 0.0327035160626033203
1.5070070070070000767, 0.0310292882906010523
1.5095095095099999583, 0.0294891243160360673
1.5120120120119999729, 0.0280688346710098249
1.5145145145150000765, 0.0267560681229925268
1.5170170170170000912, 0.0255400326998713664
1.5195195195199999727, 0.0244112649090420450
1.5220220220219999874, 0.0233614378646411977
1.5245245245250000909, 0.0223832010022306377
1.5270270270270001056, 0.0214700455740521670
1.5295295295299999871, 0.0206161912918345763
1.5320320320320000018, 0.0198164904001552761
1.5345345345350001054, 0.0190663461825142308
1.5370370370369998980, 0.0183616434700898737
1.5395395395400000016, 0.0176986891739454449
1.5420420420420000163, 0.0170741612212185895
1.5445445445449998978, 0.0164850645643668803
1.5470470470469999125, 0.0159286931650857652
1.5495495495500000160, 0.0154025970427643377
1.5520520520520000307, 0.0149045536304224339
1.5545545545549999122, 0.0144325428060690427
1.5570570570569999269, 0.0139847250698942743
1.5595595595600000305, 0.0135594224220565857
1.5620620620620000452, 0.0131551015654986607
1.5645645645649999267, 0.0127703591159953854
1.5670670670669999414, 0.0124039085496990501
1.5695695695700000449, 0.0120545686585603346
1.5720720720720000596, 0.0117212533176036457
1.5745745745749999411, 0.0114029623962522714
1.5770770770769999558, 0.0110987736696764594
1.5795795795800000594, 0.0108078356062302743
1.5820820820820000741, 0.0105293609240632129
1.5845845845849999556, 0.0102626208244612025
1.5870870870869999703, 0.0100069398217900694
1.5895895895900000738, 0.0097616911004389448
1.5920920920920000885, 0.0095262923381712120
1.5945945945949999700, 0.0093002019430196287
1.5970970970969999847, 0.0090829156575160733
1.5995995996000000883, 0.0088739634897768670
1.6021021021020001029, 0.0086729069359194784
1.6046046046049999845, 0.0084793364625754125
1.6071071071069999991, 0.0082928692219832491
1.6096096096100001027, 0.0081131469753826894
1.6121121121119998953, 0.0079398342032460621
1.6146146146149999989, 0.0077726163833430981
1.6171171171170000136, 0.0076111984197841081
1.6196196196199998951, 0.0074553032080692753
1.6221221221219999098, 0.0073046703228233619
1.6246246246250000134, 0.0071590548163467400
1.6271271271270000280, 0.0070182261173915104
1.6296296296299999096, 0.0068819670206980389
1.6321321321319999242, 0.0067500727588223740
1.6346346346350000278, 0.0066223501486648425
1.6371371371370000425, 0.0064986168058898171
1.6396396396399999240, 0.0063787004211180694
1.6421421421419999387, 0.0062624380923873959
1.6446446446450000423, 0.0061496757089237360
1.6471471471470000569, 0.0060402673817517814
1.6496496496499999385, 0.0059340749171082983
1.6521521521519999531, 0.0058309673290091865
1.6546546546550000567, 0.0057308203876682024
1.6571571571570000714, 0.0056335162007757102
1.6596596596599999529, 0.0055389428249243578
1.6621621621619999676, 0.0054469939047183391
1.6646646646650000712, 0.0053575683373275444
1.6671671671670000858, 0.0052705699604498413
1.6696696696699999674, 0.0051859072618267166
1.6721721721719999820, 0.0051034931086214996
1.6746746746750000856, 0.0050232444951174848
1.6771771771770001003, 0.0049450823073269980
1.6796796796799999818, 0.0048689311032234861
1.6821821821819999965, 0.0047947189074182429
1.6846846846850001000, 0.0047223770192026141
1.6871871871869998927, 0.0046518398329666640
1.6896896896899999962, 0.0045830446700869734
1.6921921921920000109, 0.0045159316214506123
1.6946946946949998924, 0.0044504433998499172
1.6971971971969999071, 0.0043865252015442627
1.6996996997000000107, 0.0043241245763411072
1.7022022022020000254, 0.0042631913055997568
1.7047047047049999069, 0.0042036772876080141
1.7072072072069999216, 0.0041455364298245301
1.7097097097100000251, 0.0040887245475186972
1.7122122122120000398, 0.0040331992683756510
1.7147147147149999213, 0.0039789199426666097
1.7172172172169999360, 0.0039258475586147938
1.7197197197200000396, 0.0038739446626146175
1.7222222222220000543, 0.0038231752839871279
1.7247247247249999358, 0.0037735048639777813
1.7272272272269999505, 0.0037249001887240353
1.7297297297300000540, 0.0036773293259397739
1.7322322322320000687, 0.0036307615650816531
1.7347347347349999502, 0.0035851673607790891
1.7372372372369999649, 0.0035405182793249242
1.7397397397400000685, 0.0034967869480379285
1.7422422422420000832, 0.0034539470073213794
1.7447447447449999647, 0.0034119730652539815
1.7472472472469999794, 0.0033708406545605299
1.7497497497500000829, 0.0033305261918200550
1.7522522522520000976, 0.0032910069387786711
1.7547547547549999791, 0.0032522609656432241
1.7572572572569999938, 0.0032142671162399697
1.7597597597600000974, 0.0031770049749301377
1.7622622622619998900, 0.0031404548351812210
1.7647647647649999936, 0.0031045976696994263
1.7672672672670000082, 0.0030694151020346861
1.7697697697699998898, 0.0030348893795753579
1.7722722722719999044, 0.0030010033478549284
1.7747747747750000080, 0.0029677404260978909
1.7772772772770000227, 0.0029350845839365512
1.7797797797799999042, 0.0029030203192346761
1.7822822822819999189, 0.0028715326369578844
1.7847847847850000225, 0.0028406070290343047
1.7872872872870000371, 0.0028102294551524626
1.7897897897899999187, 0.0027803863244465492
1.7922922922919999333, 0.0027510644780221784
1.7947947947950000369, 0.0027222511722785471
1.7972972972970000516, 0.0026939340629854960
1.7997997997999999331, 0.0026661011900763884
1.8023023023019999478, 0.0026387409631200209
1.8048048048050000514, 0.0026118421474368701
1.8073073073070000660, 0.0025853938508270014
1.8098098098099999476, 0.0025593855108787993
1.8123123123119999622, 0.0025338068828294558
1.8148148148150000658, 0.0025086480279497463
1.8173173173170000805, 0.0024838993024272086
1.8198198198199999620, 0.0024595513467232204
1.8223223223219999767, 0.0024355950753808886
1.8248248248250000803, 0.0024120216672618502
1.8273273273270000949, 0.0023888225561913660
1.8298298298299999765, 0.0023659894219921255
1.8323323323319999911, 0.0023435141818882853
1.8348348348350000947, 0.0023213889822622357
1.8373373373370001094, 0.0022996061907475059
1.8398398398399999909, 0.0022781583886421404
1.8423423423420000056, 0.0022570383636276248
1.8448448448450001091, 0.0022362391027793099
1.8473473473469999018, 0.0022157537858549319
1.8498498498500000053, 0.0021955757788485685
1.8523523523520000200, 0.0021756986277980004
1.8548548548549999015, 0.0021561160528340566
1.8573573573569999162, 0.0021368219424611158
1.8598598598600000198, 0.0021178103480584652
1.8623623623620000345, 0.0020990754785927489
1.8648648648649999160, 0.0020806116955322095
1.8673673673669999307, 0.0020624135079539020
1.8698698698700000342, 0.0020444755678354814
1.8723723723720000489, 0.0020267926655235784
1.8748748748749999304, 0.0020093597253711759
1.8773773773769999451, 0.0019921718015367519
1.8798798798800000487, 0.0019752240739383145
1.8823823823820000634, 0.0019585118443557802
1.8848848848849999449, 0.0019420305326754439
1.8873873873869999596, 0.0019257756732706261
1.8898898898900000631, 0.0019097429115127965
1.8923923923920000778, 0.0018939280004078140
1.8948948948949999593, 0.0018783267973521067
1.8973973973969999740, 0.0018629352610039021
1.8998998999000000776, 0.0018477494482648201
1.9024024024020000923, 0.0018327655113673574
1.9049049049049999738, 0.0018179796950640054
1.9074074074069999885, 0.0018033883339139310
1.9099099099100000920, 0.0017889878496633270
1.9124124124120001067, 0.0017747747487157324
1.9149149149149999882, 0.0017607456196887614
1.9174174174170000029, 0.0017468971310538595
1.9199199199200001065, 0.0017332260288558565
1.9224224224219998991, 0.0017197291345091952
1.9249249249250000027, 0.0017064033426679025
1.9274274274270000173, 0.0016932456191664511
1.9299299299299998989, 0.0016802529990288077
1.9324324324319999135, 0.0016674225845430765
1.9349349349350000171, 0.0016547515433992530
1.9374374374370000318, 0.0016422371068877195
1.9399399399399999133, 0.0016298765681561865
1.9424424424419999280, 0.0016176672805229306
1.9449449449450000316, 0.0016056066558442169
1.9474474474470000462, 0.0015936921629339171
1.9499499499499999278, 0.0015819213260334008
1.9524524524519999424, 0.0015702917233298684
1.9549549549550000460, 0.0015588009855213604
1.9574574574570000607, 0.0015474467944267462
1.9599599599599999422, 0.0015362268816390880
1.9624624624619999569, 0.0015251390272208131
1.9649649649650000605, 0.0015141810584391974
1.9674674674670000751, 0.0015033508485407475
1.9699699699699999567, 0.0014926463155630876
1.9724724724719999713, 0.0014820654211830414
1.9749749749750000749, 0.0014716061695996389
1.9774774774770000896, 0.0014612666064508315
1.9799799799799999711, 0.0014510448177627460
1.9824824824819999858, 0.0014409389289303525
1.9849849849850000894, 0.0014309471037284665
1.9874874874870001040, 0.0014210675433520494
1.9899899899899999856, 0.0014112984854848102
1.9924924924920000002, 0.0014016382033951395
1.9949949949950001038, 0.0013920850050584683
1.9974974974969998964, 0.0013826372323051488
2.0000000000000000000, 0.0013732932599930157
