# Delta1: 0.46
# Delta2: 1.17
# Delta3: 1.34
# Dq: 0.08800000000000002
# Ds: -0.09000000000000001
# Dt: -0.01999999999999998
# k1_lab: [1, 0, 0]
# k2_lab: [-0.8660254037844387, 0.49999999999999994, 0.0]
# k1_cf: [-0.6123724356957946, -0.6123724356957946, -0.4999999999999998]
# k2_cf: [0.35355339059327395, 0.35355339059327395, 0.8660254037844385]
# pol1_lab: [(0, 1, 0), (0, 0, 1)]
# pol2_lab: [array([-0.5      , -0.8660254,  0.       ]), array([0., 0., 1.])]
# pol1_cf: [array([-0.35355339, -0.35355339,  0.8660254 ]), array([-0.70710678,  0.70710678,  0.        ])]
# pol2_cf: [array([ 0.61237244,  0.61237244, -0.5       ]), array([-0.70710678,  0.70710678,  0.        ])]
# cf: [array([-0.61237244, -0.35355339, -0.70710678]), array([-0.61237244, -0.35355339,  0.70710678]), array([-0.5      ,  0.8660254,  0.       ])]
# th: 120
-0.5000000000000000000, 0.0013375326899760431
-0.4974974974974999964, 0.0013476651542349404
-0.4949949949949999928, 0.0013579299416631246
-0.4924924924924999892, 0.0013683295463103420
-0.4899899899899999856, 0.0013788665235918256
-0.4874874874874999819, 0.0013895434921451766
-0.4849849849849999783, 0.0014003631357537849
-0.4824824824824999747, 0.0014113282053395538
-0.4799799799800000266, 0.0014224415210277960
-0.4774774774775000230, 0.0014337059742873339
-0.4749749749750000194, 0.0014451245301489624
-0.4724724724725000158, 0.0014567002295055786
-0.4699699699700000122, 0.0014684361914974575
-0.4674674674675000086, 0.0014803356159863120
-0.4649649649650000049, 0.0014924017861219490
-0.4624624624625000013, 0.0015046380710055170
-0.4599599599599999977, 0.0015170479284535550
-0.4574574574574999941, 0.0015296349078672321
-0.4549549549549999905, 0.0015424026532114090
-0.4524524524524999869, 0.0015553549061083610
-0.4499499499499000077, 0.0015684955090512730
-0.4474474474474000041, 0.0015818284087428421
-0.4449449449449000005, 0.0015953576595646129
-0.4424424424423999969, 0.0016090874271829656
-0.4399399399398999932, 0.0016230219922979460
-0.4374374374373999896, 0.0016371657545414915
-0.4349349349348999860, 0.0016515232365319041
-0.4324324324323999824, 0.0016660990880918059
-0.4299299299298999788, 0.0016808980906371880
-0.4274274274273999752, 0.0016959251617455471
-0.4249249249249000271, 0.0017111853599115563
-0.4224224224224000235, 0.0017266838894991420
-0.4199199199199000199, 0.0017424261058993371
-0.4174174174174000163, 0.0017584175209037650
-0.4149149149149000126, 0.0017746638083041631
-0.4124124124124000090, 0.0017911708097289110
-0.4099099099099000054, 0.0018079445407281447
-0.4074074074074000018, 0.0018249911971196663
-0.4049049049048999982, 0.0018423171616085421
-0.4024024024023999946, 0.0018599290106940105
-0.3998998998998999910, 0.0018778335218780895
-0.3973973973973999874, 0.0018960376811910855
-0.3948948948948999838, 0.0019145486910500601
-0.3923923923923999801, 0.0019333739784672774
-0.3898898898898999765, 0.0019525212036265935
-0.3873873873873999729, 0.0019719982688468124
-0.3848848848849000248, 0.0019918133279521661
-0.3823823823824000212, 0.0020119747960712325
-0.3798798798799000176, 0.0020324913598869041
-0.3773773773774000140, 0.0020533719883613463
-0.3748748748749000104, 0.0020746259439613445
-0.3723723723724000068, 0.0020962627944109660
-0.3698698698699000031, 0.0021182924250001140
-0.3673673673673999995, 0.0021407250514793048
-0.3648648648648999959, 0.0021635712335728698
-0.3623623623623999923, 0.0021868418891448091
-0.3598598598598999887, 0.0022105483090536357
-0.3573573573573999851, 0.0022347021727348883
-0.3548548548548999815, 0.0022593155645524209
-0.3523523523523999779, 0.0022844009909622183
-0.3498498498497999987, 0.0023099713985353224
-0.3473473473472999951, 0.0023360401928894632
-0.3448448448447999914, 0.0023626212585822603
-0.3423423423422999878, 0.0023897289800223231
-0.3398398398397999842, 0.0024173782634583385
-0.3373373373372999806, 0.0024455845601102579
-0.3348348348347999770, 0.0024743638905110037
-0.3323323323322999734, 0.0025037328701317894
-0.3298298298298000253, 0.0025337087363691410
-0.3273273273273000217, 0.0025643093769770840
-0.3248248248248000181, 0.0025955533600338114
-0.3223223223223000145, 0.0026274599655383268
-0.3198198198198000108, 0.0026600492187393967
-0.3173173173173000072, 0.0026933419253063850
-0.3148148148148000036, 0.0027273597084593662
-0.3123123123123000000, 0.0027621250481845256
-0.3098098098097999964, 0.0027976613226699002
-0.3073073073072999928, 0.0028339928521065637
-0.3048048048047999892, 0.0028711449450110845
-0.3023023023022999856, 0.0029091439472366523
-0.2997997997997999819, 0.0029480172938530654
-0.2972972972972999783, 0.0029877935640892682
-0.2947947947947999747, 0.0030285025395471437
-0.2922922922923000266, 0.0030701752659113178
-0.2897897897898000230, 0.0031128441183972760
-0.2872872872873000194, 0.0031565428711991987
-0.2847847847848000158, 0.0032013067712196386
-0.2822822822823000122, 0.0032471726163857302
-0.2797797797798000086, 0.0032941788388813819
-0.2772772772773000050, 0.0033423655936515384
-0.2747747747748000013, 0.0033917748525641523
-0.2722722722722999977, 0.0034424505046473566
-0.2697697697697999941, 0.0034944384628543710
-0.2672672672672999905, 0.0035477867778470652
-0.2647647647647999869, 0.0036025457593308607
-0.2622622622622999833, 0.0036587681055197472
-0.2597597597597999797, 0.0037165090413605285
-0.2572572572572999761, 0.0037758264662006774
-0.2547547547547999724, 0.0038367811116450752
-0.2522522522523000243, 0.0038994367104136151
-0.2497497497496999896, 0.0039638601770852818
-0.2472472472472000138, 0.0040301218016953388
-0.2447447447447000102, 0.0040982954572416127
-0.2422422422422000066, 0.0041684588222544814
-0.2397397397397000030, 0.0042406936196942259
-0.2372372372371999993, 0.0043150858735597729
-0.2347347347346999957, 0.0043917261847265625
-0.2322322322321999921, 0.0044707100276788654
-0.2297297297296999885, 0.0045521380699661863
-0.2272272272272000126, 0.0046361165163955175
-0.2247247247247000090, 0.0047227574801738878
-0.2222222222222000054, 0.0048121793834411987
-0.2197197197197000018, 0.0049045073898847571
-0.2172172172171999982, 0.0049998738724074208
-0.2147147147146999946, 0.0050984189191346264
-0.2122122122121999910, 0.0052002908813961329
-0.2097097097096999874, 0.0053056469677108496
-0.2072072072072000115, 0.0054146538882433905
-0.2047047047047000079, 0.0055274885546953605
-0.2022022022022000043, 0.0056443388411502367
-0.1996996996997000007, 0.0057654044120166673
-0.1971971971971999971, 0.0058908976239208238
-0.1946946946946999935, 0.0060210445091954824
-0.1921921921921999898, 0.0061560858495149744
-0.1896896896896999862, 0.0062962783492462055
-0.1871871871872000104, 0.0064418959192443009
-0.1846846846847000068, 0.0065932310831377768
-0.1821821821822000032, 0.0067505965196462637
-0.1796796796796999995, 0.0069143267561820130
-0.1771771771771999959, 0.0070847800309372629
-0.1746746746746999923, 0.0072623403428917904
-0.1721721721721999887, 0.0074474197117335838
-0.1696696696697000128, 0.0076404606726241456
-0.1671671671672000092, 0.0078419390341212467
-0.1646646646647000056, 0.0080523669314704997
-0.1621621621622000020, 0.0082722962119814274
-0.1596596596596999984, 0.0085023221944189199
-0.1571571571571999948, 0.0087430878503919271
-0.1546546546546999912, 0.0089952884627591267
-0.1521521521521999876, 0.0092596768242735952
-0.1496496496496000084, 0.0095370690492738771
-0.1471471471471000048, 0.0098283510824549794
-0.1446446446446000011, 0.0101344860019363797
-0.1421421421420999975, 0.0104565222293662875
-0.1396396396395999939, 0.0107956027781256018
-0.1371371371370999903, 0.0111529756923907600
-0.1346346346345999867, 0.0115300058555730355
-0.1321321321321000108, 0.0119281883773290874
-0.1296296296296000072, 0.0123491638049849813
-0.1271271271271000036, 0.0127947354491361708
-0.1246246246246000000, 0.0132668891660015428
-0.1221221221220999964, 0.0137678160028386412
-0.1196196196196000067, 0.0142999381899058323
-0.1171171171171000031, 0.0148659390562728040
-0.1146146146145999994, 0.0154687975612636409
-0.1121121121120999958, 0.0161118282735886811
-0.1096096096096000061, 0.0167987278028180961
-0.1071071071071000025, 0.0175336289011539803
-0.1046046046045999989, 0.0183211637182882948
-0.1021021021020999953, 0.0191665380225105042
-0.0995995995996000055, 0.0200756186154511726
-0.0970970970971000019, 0.0210550366899221499
-0.0945945945945900063, 0.0221123105419453250
-0.0920920920920900027, 0.0232559918914048251
-0.0895895895895899991, 0.0244958411472327303
-0.0870870870870899955, 0.0258430383487384743
-0.0845845845845799998, 0.0273104383280105417
-0.0820820820820799962, 0.0289128810108890341
-0.0795795795795800065, 0.0306675709015216541
-0.0770770770770800029, 0.0325945439507635548
-0.0745745745745699934, 0.0347172455756106363
-0.0720720720720700037, 0.0370632511212736562
-0.0695695695695700000, 0.0396651703237157760
-0.0670670670670699964, 0.0425617914783255960
-0.0645645645645600008, 0.0457995407266282087
-0.0620620620620599972, 0.0494343596361610793
-0.0595595595595600005, 0.0535341438439431994
-0.0570570570570599969, 0.0581819427502304753
-0.0545545545545500013, 0.0634802041058386002
-0.0520520520520499977, 0.0695564721292879218
-0.0495495495495500010, 0.0765711366038903107
-0.0470470470470499974, 0.0847281212736147316
-0.0445445445445400018, 0.0942898568342945553
-0.0420420420420399982, 0.1055986173954255869
-0.0395395395395400015, 0.1191075051437673754
-0.0370370370370399979, 0.1354264028060069291
-0.0345345345345300023, 0.1553917489842522870
-0.0320320320320299987, 0.1801753380508369917
-0.0295295295295299985, 0.2114591662736902689
-0.0270270270270299984, 0.2517262988248094580
-0.0245245245245199993, 0.3047644896132379877
-0.0220220220220199991, 0.3765799583045819632
-0.0195195195195199990, 0.4771499967321203295
-0.0170170170170199989, 0.6240167699176543126
-0.0145145145145099998, 0.8502855050999814646
-0.0120120120120099996, 1.2243432323522920324
-0.0095095095095099995, 1.9052424505887965989
-0.0070070070070070000, 3.3264779781358386757
-0.0045045045045049997, 6.9348078005296560633
-0.0020020020020019998, 17.9390456074502644412
0.0005005005005005000, 28.3071943629141244969
0.0030030030030029999, 12.0533232440170436917
0.0055055055055059999, 5.0348843995038556898
0.0080080080080079993, 2.6166548805932174915
0.0105105105105099995, 1.5786609506744531117
0.0130130130130099997, 1.0501871227198043002
0.0155155155155200005, 0.7473073843293970286
0.0180180180180199989, 0.5583997049681429514
0.0205205205205199991, 0.4329340124877226748
0.0230230230230199992, 0.3454769627594070913
0.0255255255255299983, 0.2821370266149073047
0.0280280280280299984, 0.2348201163198158914
0.0305305305305299986, 0.1985569001413793611
0.0330330330330299987, 0.1701619857199020425
0.0355355355355400013, 0.1475182950796414261
0.0380380380380399979, 0.1291748282979021112
0.0405405405405400016, 0.1141104317160316489
0.0430430430430399982, 0.1015897326549397156
0.0455455455455500008, 0.0910723615062518782
0.0480480480480499975, 0.0821540892289114311
0.0505505505505500011, 0.0745276818834872401
0.0530530530530499977, 0.0679562752722182584
0.0555555555555600003, 0.0622548967977728310
0.0580580580580599970, 0.0572774067653018942
0.0605605605605600006, 0.0529071168463832453
0.0630630630630600042, 0.0490499488288507132
0.0655655655655699998, 0.0456293772652199628
0.0680680680680700034, 0.0425826437785105025
0.0705705705705699932, 0.0398578904438651321
0.0730730730730699968, 0.0374119659069720306
0.0755755755755800063, 0.0352087297397121746
0.0780780780780799960, 0.0332177298347019548
0.0805805805805799996, 0.0314131619418927741
0.0830830830830800032, 0.0297730446220875536
0.0855855855855899988, 0.0282785601292750224
0.0880880880880900025, 0.0269135241627754297
0.0905905905905900061, 0.0256639564860513814
0.0930930930930899958, 0.0245177310718057949
0.0955955955956000053, 0.0234642893802016542
0.0980980980980999950, 0.0224944040822732116
0.1006006006005999986, 0.0215999833383443487
0.1031031031031000023, 0.0207739078701156474
0.1056056056056000059, 0.0200098946967956458
0.1081081081080999956, 0.0193023826649944344
0.1106106106105999992, 0.0186464358804407232
0.1131131131131000028, 0.0180376619143784549
0.1156156156156000064, 0.0174721422589155899
0.1181181181180999962, 0.0169463729812177610
0.1206206206205999998, 0.0164572139046099582
0.1231231231231000034, 0.0160018449468892696
0.1256256256256000070, 0.0155777284888989308
0.1281281281281000106, 0.0151825768423009197
0.1306306306305999865, 0.0148143240442717497
0.1331331331330999901, 0.0144711013361197398
0.1356356356355999937, 0.0141512157885058908
0.1381381381380999973, 0.0138531316226953791
0.1406406406406000009, 0.0135754538487406103
0.1431431431431000045, 0.0133169139006067295
0.1456456456456000081, 0.0130763569973099715
0.1481481481481000118, 0.0128527309999976799
0.1506506506506999910, 0.0126450765690406947
0.1531531531531999946, 0.0124525184538300145
0.1556556556556999982, 0.0122742577720386693
0.1581581581582000018, 0.0121095651554110340
0.1606606606607000054, 0.0119577746563169565
0.1631631631632000090, 0.0118182783238795636
0.1656656656657000126, 0.0116905213708837098
0.1681681681681999885, 0.0115739978632496444
0.1706706706706999921, 0.0114682468729065158
0.1731731731731999957, 0.0113728490426633598
0.1756756756756999993, 0.0112874235183538698
0.1781781781782000029, 0.0112116252092912903
0.1806806806807000065, 0.0111451423430524513
0.1831831831832000101, 0.0110876942849323160
0.1856856856857000138, 0.0110390295961707262
0.1881881881881999896, 0.0109989243083350591
0.1906906906906999932, 0.0109671803941166057
0.1931931931931999968, 0.0109436244173238949
0.1956956956957000004, 0.0109281063470848538
0.1981981981982000041, 0.0109204985232438361
0.2007007007007000077, 0.0109206947616975816
0.2032032032032000113, 0.0109286095899878838
0.2057057057056999871, 0.0109441776048859393
0.2082082082081999908, 0.0109673529449882835
0.2107107107106999944, 0.0109981088725189871
0.2132132132131999980, 0.0110364374596148770
0.2157157157157000016, 0.0110823493753784627
0.2182182182182000052, 0.0111358737709308288
0.2207207207207000088, 0.0111970582605985455
0.2232232232232000124, 0.0112659689982380455
0.2257257257256999883, 0.0113426908485484944
0.2282282282281999919, 0.0114273276540637694
0.2307307307306999955, 0.0115200025993551815
0.2332332332331999991, 0.0116208586748314541
0.2357357357357000027, 0.0117300592434028718
0.2382382382382000063, 0.0118477887141927897
0.2407407407407000099, 0.0119742533284471486
0.2432432432432000136, 0.0121096820638211724
0.2457457457456999894, 0.0122543276643296492
0.2482482482481999930, 0.0124084678044471715
0.2507507507508000000, 0.0125724063971550306
0.2532532532533000036, 0.0127464750571739324
0.2557557557558000072, 0.0129310347322147811
0.2582582582583000108, 0.0131264775168532695
0.2607607607608000144, 0.0133332286656133916
0.2632632632633000180, 0.0135517488240637501
0.2657657657658000216, 0.0137825364992304467
0.2682682682683000253, 0.0140261307934490612
0.2707707707707999734, 0.0142831144289743295
0.2732732732732999770, 0.0145541170942944022
0.2757757757757999806, 0.0148398191472269656
0.2782782782782999842, 0.0151409557145946033
0.2807807807807999878, 0.0154583212336723060
0.2832832832832999914, 0.0157927744867960400
0.2857857857857999950, 0.0161452441876415963
0.2882882882882999986, 0.0165167351858899331
0.2907907907908000023, 0.0169083353664796765
0.2932932932933000059, 0.0173212233306232893
0.2957957957958000095, 0.0177566769585093126
0.2982982982983000131, 0.0182160829684381402
0.3008008008008000167, 0.0187009476044281107
0.3033033033033000203, 0.0192129086045495605
0.3058058058058000239, 0.0197537486259377199
0.3083083083083000275, 0.0203254103302908662
0.3108108108107999756, 0.0209300133664804197
0.3133133133132999792, 0.0215698735256843258
0.3158158158157999829, 0.0222475243904260780
0.3183183183182999865, 0.0229657418535339844
0.3208208208207999901, 0.0237275719481827366
0.3233233233232999937, 0.0245363625080935940
0.3258258258257999973, 0.0253957992704635718
0.3283283283283000009, 0.0263099471467784993
0.3308308308308000045, 0.0272832975226863228
0.3333333333333000081, 0.0283208226130878052
0.3358358358358000118, 0.0294280380994279694
0.3383383383383000154, 0.0306110755216322597
0.3408408408408000190, 0.0318767661983745954
0.3433433433433000226, 0.0332327388206376181
0.3458458458458000262, 0.0346875333232037342
0.3483483483482999743, 0.0362507342104578800
0.3508508508509000090, 0.0379331272275317821
0.3533533533534000126, 0.0397468841656449176
0.3558558558559000162, 0.0417057817244667894
0.3583583583584000198, 0.0438254617946443603
0.3608608608609000235, 0.0461237423637656102
0.3633633633634000271, 0.0486209906145537024
0.3658658658658999752, 0.0513405728447820717
0.3683683683683999788, 0.0543093998256752863
0.3708708708708999824, 0.0575585914475618410
0.3733733733733999860, 0.0611242914191702097
0.3758758758758999896, 0.0650486720072775970
0.3783783783783999932, 0.0693811811981491083
0.3808808808808999968, 0.0741801014756716115
0.3833833833834000004, 0.0795145124392764996
0.3858858858859000041, 0.0854667813496521045
0.3883883883884000077, 0.0921357502683294444
0.3908908908909000113, 0.0996408515554101232
0.3933933933934000149, 0.1081274739313640432
0.3958958958959000185, 0.1177740327069015935
0.3983983983984000221, 0.1288013914880205557
0.4009009009009000257, 0.1414855727507516314
0.4034034034033999738, 0.1561751366046197076
0.4059059059058999774, 0.1733152929544982401
0.4084084084083999810, 0.1934818987043209482
0.4109109109108999847, 0.2174302514226476024
0.4134134134133999883, 0.2461665124638929836
0.4159159159158999919, 0.2810545772916375751
0.4184184184183999955, 0.3239799787760866412
0.4209209209208999991, 0.3776083682685884013
0.4234234234234000027, 0.4458063110906045901
0.4259259259259000063, 0.5343518211890803116
0.4284284284284000099, 0.6521861863513777058
0.4309309309309000136, 0.8137324011843726224
0.4334334334334000172, 1.0434525501837264017
0.4359359359359000208, 1.3854770265649531957
0.4384384384384000244, 1.9258467153613949563
0.4409409409408999725, 2.8499936311123854615
0.4434434434433999761, 4.6142499864909041207
0.4459459459458999797, 8.5592269484957164138
0.4484484484483999833, 19.5092205924970087949
0.4509509509510000180, 49.9473779363190928393
0.4534534534535000216, 43.2238087844498792833
0.4559559559560000253, 16.5017699490414990748
0.4584584584584999734, 7.5529535224058017562
0.4609609609609999770, 4.1928088270694630069
0.4634634634634999806, 2.6394112032810186363
0.4659659659659999842, 1.8068514835605309354
0.4684684684684999878, 1.3120540368891053795
0.4709709709709999914, 0.9950904001948265298
0.4734734734734999950, 0.7802364684913074555
0.4759759759759999986, 0.6280458191995414996
0.4784784784785000022, 0.5163838752608372884
0.4809809809810000059, 0.4320707464771521567
0.4834834834835000095, 0.3668693291919354338
0.4859859859860000131, 0.3154204852413398097
0.4884884884885000167, 0.2741172880307219395
0.4909909909910000203, 0.2404607824277144867
0.4934934934935000239, 0.2126757597154433077
0.4959959959960000275, 0.1894732995327352842
0.4984984984984999756, 0.1698993936709181918
0.5010010010009999792, 0.1532357794128096362
0.5035035035035000384, 0.1389333879162009122
0.5060060060059999865, 0.1265667086886547443
0.5085085085085000456, 0.1158018859607329171
0.5110110110109999937, 0.1063740225982439669
0.5135135135135000528, 0.0980707767910469208
0.5160160160160000009, 0.0907203346686888401
0.5185185185184999490, 0.0841824744165771688
0.5210210210210000081, 0.0783418463696019807
0.5235235235234999562, 0.0731028628342019343
0.5260260260260000154, 0.0683857717266889709
0.5285285285284999635, 0.0641236107806323202
0.5310310310310000226, 0.0602598237202342929
0.5335335335334999707, 0.0567463789887166503
0.5360360360360000298, 0.0535422735306553127
0.5385385385384999779, 0.0506123341460524359
0.5410410410410000370, 0.0479262506694339910
0.5435435435434999851, 0.0454577911253521427
0.5460460460460000442, 0.0431841607513092085
0.5485485485484999924, 0.0410854755259647889
0.5510510510510999715, 0.0391443274127008800
0.5535535535536000307, 0.0373454235063825080
0.5560560560560999788, 0.0356752850697521912
0.5585585585586000379, 0.0341219953654466959
0.5610610610610999860, 0.0326749874487682265
0.5635635635636000451, 0.0313248648457392712
0.5660660660660999932, 0.0300632494195692095
0.5685685685686000523, 0.0288826518151852445
0.5710710710711000004, 0.0277763607325724748
0.5735735735735999485, 0.0267383479657251760
0.5760760760761000077, 0.0257631866933833581
0.5785785785785999558, 0.0248459809497822773
0.5810810810811000149, 0.0239823045609922729
0.5835835835835999630, 0.0231681481225882793
0.5860860860861000221, 0.0223998728309990174
0.5885885885885999702, 0.0216741701746191173
0.5910910910911000293, 0.0209880266500164989
0.5935935935935999774, 0.0203386927999654257
0.5960960960961000366, 0.0197236559788480890
0.5985985985985999847, 0.0191406163413918654
0.6011011011011000438, 0.0185874656261066223
0.6036036036035999919, 0.0180622683678585937
0.6061061061061000510, 0.0175632452269440520
0.6086086086085999991, 0.0170887581665750618
0.6111111111110999472, 0.0166372972482952894
0.6136136136136000063, 0.0162074688466798192
0.6161161161160999544, 0.0157979851116964651
0.6186186186186000135, 0.0154076545301069529
0.6211211211210999616, 0.0150353734569126131
0.6236236236236000208, 0.0146801185046375095
0.6261261261260999689, 0.0143409396926380654
0.6286286286286000280, 0.0140169542710008813
0.6311311311310999761, 0.0137073411442486456
0.6336336336336000352, 0.0134113358292755475
0.6361361361360999833, 0.0131282258898941517
0.6386386386386000424, 0.0128573467972771596
0.6411411411410999905, 0.0125980781715729958
0.6436436436436000497, 0.0123498403651922089
0.6461461461460999978, 0.0121120913528126577
0.6486486486485999459, 0.0118843238971269565
0.6511511511512000361, 0.0116660629628359425
0.6536536536536999842, 0.0114568633544426483
0.6561561561562000433, 0.0112563075560813790
0.6586586586586999914, 0.0110640037539739139
0.6611611611612000505, 0.0108795840241825165
0.6636636636636999986, 0.0107027026701629370
0.6661661661661999467, 0.0105330346962416166
0.6686686686687000059, 0.0103702744045761058
0.6711711711711999540, 0.0102141341044302628
0.6736736736737000131, 0.0100643429237252894
0.6761761761761999612, 0.0099206457138322057
0.6786786786787000203, 0.0097828020394659203
0.6811811811811999684, 0.0096505852463383696
0.6836836836837000275, 0.0095237815999402904
0.6861861861861999756, 0.0094021894894577296
0.6886886886887000347, 0.0092856186913992250
0.6911911911911999828, 0.0091738896880201436
0.6936936936937000420, 0.0090668330360891107
0.6961961961961999901, 0.0089642887819532391
0.6986986986987000492, 0.0088661059192292092
0.7012012012011999973, 0.0087721418857810620
0.7037037037036999454, 0.0086822620969464262
0.7062062062062000045, 0.0085963395122445555
0.7087087087086999526, 0.0085142542330451827
0.7112112112112000117, 0.0084358931288995419
0.7137137137136999598, 0.0083611494904361743
0.7162162162162000190, 0.0082899227069070918
0.7187187187186999671, 0.0082221179666357412
0.7212212212212000262, 0.0081576459787692669
0.7237237237236999743, 0.0080964227148751546
0.7262262262262000334, 0.0080383691690476961
0.7287287287286999815, 0.0079834111353043920
0.7312312312312000406, 0.0079314790011570484
0.7337337337336999887, 0.0078825075563385208
0.7362362362362000479, 0.0078364358157539775
0.7387387387386999960, 0.0077932068558066621
0.7412412412412000551, 0.0077527676633226423
0.7437437437437000032, 0.0077150689963679155
0.7462462462461999513, 0.0076800652563148684
0.7487487487487000104, 0.0076477143705741390
0.7512512512512999896, 0.0076179776854627826
0.7537537537538000487, 0.0075908198687307787
0.7562562562562999968, 0.0075662088213157676
0.7587587587587999449, 0.0075441155979407530
0.7612612612613000040, 0.0075245143362117654
0.7637637637637999521, 0.0075073821939124616
0.7662662662663000113, 0.0074926992942305291
0.7687687687687999594, 0.0074804486786870144
0.7712712712713000185, 0.0074706162675743822
0.7737737737737999666, 0.0074631908277425617
0.7762762762763000257, 0.0074581639476047502
0.7787787787787999738, 0.0074555300192662996
0.7812812812813000329, 0.0074552862277111852
0.7837837837837999810, 0.0074574325470111716
0.7862862862863000402, 0.0074619717435533400
0.7887887887887999883, 0.0074689093863122020
0.7912912912913000474, 0.0074782538642233862
0.7937937937937999955, 0.0074900164107471372
0.7962962962963000546, 0.0075042111357417202
0.7987987987988000027, 0.0075208550647996265
0.8013013013012999508, 0.0075399681862332478
0.8038038038038000099, 0.0075615735059319632
0.8063063063062999580, 0.0075856971103492755
0.8088088088088000172, 0.0076123682379173243
0.8113113113112999653, 0.0076416193592268190
0.8138138138138000244, 0.0076734862663536876
0.8163163163162999725, 0.0077080081717597268
0.8188188188188000316, 0.0077452278172436464
0.8213213213212999797, 0.0077851915934716341
0.8238238238238000388, 0.0078279496706731653
0.8263263263262999869, 0.0078735561411489054
0.8288288288288000460, 0.0079220691743036101
0.8313313313312999941, 0.0079735511849885442
0.8338338338338000533, 0.0080280690160157327
0.8363363363363000014, 0.0080856941357910998
0.8388388388387999495, 0.0081465028521058580
0.8413413413413000086, 0.0082105765432266657
0.8438438438437999567, 0.0082780019075353196
0.8463463463463000158, 0.0083488712330902666
0.8488488488487999639, 0.0084232826886150164
0.8513513513514000541, 0.0085013406375650767
0.8538538538539000022, 0.0085831559770862022
0.8563563563563999503, 0.0086688465038543081
0.8588588588589000095, 0.0087585373089840591
0.8613613613613999576, 0.0088523612044098601
0.8638638638639000167, 0.0089504591833835297
0.8663663663663999648, 0.0090529809179993367
0.8688688688689000239, 0.0091600852969527316
0.8713713713713999720, 0.0092719410070680394
0.8738738738739000311, 0.0093887271624960925
0.8763763763763999792, 0.0095106339858904050
0.8788788788789000384, 0.0096378635463257208
0.8813813813813999865, 0.0097706305592302704
0.8838838838839000456, 0.0099091632541724664
0.8863863863863999937, 0.0100537043169788894
0.8888888888889000528, 0.0102045119133752464
0.8913913913914000009, 0.0103618608021445128
0.8938938938938999490, 0.0105260435466986713
0.8963963963964000081, 0.0106973718349781637
0.8988988988988999562, 0.0108761779187397239
0.9014014014014000153, 0.0110628161845898604
0.9039039039038999634, 0.0112576648705881473
0.9064064064064000226, 0.0114611279439063279
0.9089089089088999707, 0.0116736371569172541
0.9114114114114000298, 0.0118956543012328636
0.9139139139138999779, 0.0121276736816545889
0.9164164164164000370, 0.0123702248347886522
0.9189189189188999851, 0.0126238755202646366
0.9214214214214000442, 0.0128892350161469924
0.9239239239238999923, 0.0131669577543142950
0.9264264264264000515, 0.0134577473363941442
0.9289289289288999996, 0.0137623609763837616
0.9314314314313999477, 0.0140816144224810025
0.9339339339339000068, 0.0144163874180479445
0.9364364364363999549, 0.0147676297701993947
0.9389389389389000140, 0.0151363681044644448
0.9414414414413999621, 0.0155237133955593003
0.9439439439439000212, 0.0159308693778310549
0.9464464464463999693, 0.0163591419547524999
0.9489489489489000285, 0.0168099497453951530
0.9514514514515000076, 0.0172848359276152677
0.9539539539539999558, 0.0177854815633944896
0.9564564564565000149, 0.0183137206221607798
0.9589589589589999630, 0.0188715569539380616
0.9614614614615000221, 0.0194611835069961672
0.9639639639639999702, 0.0200850041357454046
0.9664664664665000293, 0.0207456584057195692
0.9689689689689999774, 0.0214460498758237000
0.9714714714715000365, 0.0221893784263466759
0.9739739739739999846, 0.0229791773079813591
0.9764764764765000438, 0.0238193557165820094
0.9789789789789999919, 0.0247142478560631665
0.9814814814815000510, 0.0256686696445963120
0.9839839839839999991, 0.0266879844558870760
0.9864864864864999472, 0.0277781795790313299
0.9889889889890000063, 0.0289459554417139178
0.9914914914914999544, 0.0301988300910032495
0.9939939939940000135, 0.0315452619879846088
0.9964964964964999616, 0.0329947948787519332
0.9989989989990000208, 0.0345582293966149728
1.0015015015019999023, 0.0362478271841750049
1.0040040040039999170, 0.0380775547729886379
1.0065065065070000205, 0.0400633763220595504
1.0090090090090000352, 0.0422236067285444022
1.0115115115119999167, 0.0445793397678140232
1.0140140140139999314, 0.0471549700470163605
1.0165165165170000350, 0.0499788330155594915
1.0190190190190000497, 0.0530839945561387069
1.0215215215219999312, 0.0565092314718764130
1.0240240240239999459, 0.0603002574755697740
1.0265265265270000494, 0.0645112675010517667
1.0290290290290000641, 0.0692068983764886625
1.0315315315319999456, 0.0744647392057694313
1.0340340340339999603, 0.0803785748158824531
1.0365365365370000639, 0.0870626173698913208
1.0390390390390000785, 0.0946570855648945220
1.0415415415419999601, 0.1033356447628813457
1.0440440440439999747, 0.1133154521567038692
1.0465465465470000783, 0.1248709029947769611
1.0490490490490000930, 0.1383527207436994200
1.0515515515519999745, 0.1542149014107657146
1.0540540540539999892, 0.1730534291770469968
1.0565565565570000928, 0.1956630200009062959
1.0590590590590001074, 0.2231221485845520935
1.0615615615619999890, 0.2569236617213838669
1.0640640640640000036, 0.2991811374141871704
1.0665665665670001072, 0.3529655330533515434
1.0690690690689998998, 0.4228750121550856056
1.0715715715720000034, 0.5160417172751160519
1.0740740740740000181, 0.6440026214166434393
1.0765765765769998996, 0.8263919528470731191
1.0790790790789999143, 1.0987814348319202562
1.0815815815820000179, 1.5309019274960200541
1.0840840840840000325, 2.2741037110936090926
1.0865865865869999141, 3.7043968801280264813
1.0890890890889999287, 6.9402313217420283920
1.0915915915920000323, 16.0449003456846739368
1.0940940940940000470, 40.3512348547421453304
1.0965965965969999285, 31.7299152886463033951
1.0990990990989999432, 12.1192077926698722479
1.1016016016020000468, 5.6278504236859294707
1.1041041041040000614, 3.1558820426592770758
1.1066066066069999430, 2.0008109089854966278
1.1091091091089999576, 1.3771867181120560630
1.1116116116120000612, 1.0046523326118790287
1.1141141141140000759, 0.7651249837244218366
1.1166166166169999574, 0.6023224943322531555
1.1191191191189999721, 0.4867765129695477144
1.1216216216220000756, 0.4018849229150844304
1.1241241241240000903, 0.3377300656575611959
1.1266266266269999718, 0.2880971983477302878
1.1291291291289999865, 0.2489340524461133852
1.1316316316320000901, 0.2175082718077939736
1.1341341341340001048, 0.1919239226317766001
1.1366366366369999863, 0.1708324672460812543
1.1391391391390000010, 0.1532537806304791195
1.1416416416420001045, 0.1384618509301239753
1.1441441441439998972, 0.1259097872879074986
1.1466466466470000007, 0.1151794249722327135
1.1491491491490000154, 0.1059467291974993119
1.1516516516519998969, 0.0979575857975448216
1.1541541541539999116, 0.0910105656640346622
1.1566566566570000152, 0.0849444613092384115
1.1591591591590000299, 0.0796291460636429915
1.1616616616619999114, 0.0749587837300490500
1.1641641641639999261, 0.0708467255222840347
1.1666666666670000296, 0.0672216348630366167
1.1691691691690000443, 0.0640245172487563519
1.1716716716719999258, 0.0612064254690013881
1.1741741741739999405, 0.0587266748203581629
1.1766766766770000441, 0.0565514480784594931
1.1791791791790000588, 0.0546527020705819475
1.1816816816819999403, 0.0530073108178605590
1.1841841841839999550, 0.0515963971402587512
1.1866866866870000585, 0.0504048172174792267
1.1891891891890000732, 0.0494207721817501860
1.1916916916919999547, 0.0486355283140901401
1.1941941941939999694, 0.0480432335078269795
1.1966966966970000730, 0.0476408228782328816
1.1991991991990000876, 0.0474280111695818962
1.2017017017019999692, 0.0474073743348831095
1.2042042042039999838, 0.0475845277395564314
1.2067067067070000874, 0.0479684143245587280
1.2092092092090001021, 0.0485717233286841743
1.2117117117119999836, 0.0494114695830527861
1.2142142142139999983, 0.0505097760393596329
1.2167167167170001019, 0.0518949196641808330
1.2192192192189998945, 0.0536027255023416027
1.2217217217219999981, 0.0556784292217847449
1.2242242242240000127, 0.0581791804773782104
1.2267267267269998943, 0.0611774369989926958
1.2292292292289999089, 0.0647656170617323945
1.2317317317320000125, 0.0690625601852010856
1.2342342342340000272, 0.0742226336234334816
1.2367367367369999087, 0.0804487868018411989
1.2392392392389999234, 0.0880116246389642115
1.2417417417420000270, 0.0972778776687198976
1.2442442442440000416, 0.1087539366706320038
1.2467467467469999232, 0.1231542686845328027
1.2492492492489999378, 0.1415123412479533938
1.2517517517520000414, 0.1653670327733783307
1.2542542542540000561, 0.1970892187656118899
1.2567567567569999376, 0.2404826228491325213
1.2592592592589999523, 0.3019555393578546854
1.2617617617620000559, 0.3929725482148326288
1.2642642642640000705, 0.5356493718925082748
1.2667667667669999521, 0.7769907031550294940
1.2692692692689999667, 1.2305405522221914971
1.2717717717720000703, 2.2217864512151854761
1.2742742742740000850, 4.8968449843334962424
1.2767767767769999665, 12.7569879717122951490
1.2792792792789999812, 13.4485812246177545148
1.2817817817820000847, 5.2038887957956614372
1.2842842842840000994, 2.3250622297462713028
1.2867867867869999809, 1.2744521107766970669
1.2892892892889999956, 0.7996605344661986692
1.2917917917920000992, 0.5492492321201003502
1.2942942942939998918, 0.4022070996406558185
1.2967967967969999954, 0.3089299800522319339
1.2992992992990000101, 0.2462516363691192034
1.3018018018019998916, 0.2022318124903106362
1.3043043043039999063, 0.1702272163490879398
1.3068068068070000098, 0.1463100550053619830
1.3093093093090000245, 0.1280406894719302580
1.3118118118119999060, 0.1138409498054090002
1.3143143143139999207, 0.1026547394851103495
1.3168168168170000243, 0.0937549270579892957
1.3193193193190000390, 0.0866287704428112676
1.3218218218219999205, 0.0809074516838112490
1.3243243243239999352, 0.0763213788714166980
1.3268268268270000387, 0.0726710676413394319
1.3293293293290000534, 0.0698077365218489759
1.3318318318319999349, 0.0676201306469234875
1.3343343343339999496, 0.0660254451198473841
1.3368368368370000532, 0.0649630171831794417
1.3393393393390000679, 0.0643899394024111948
1.3418418418419999494, 0.0642780469759200723
1.3443443443439999641, 0.0646119254966333462
1.3468468468470000676, 0.0653877141360472286
1.3493493493490000823, 0.0666125691723695179
1.3518518518519999638, 0.0683047203014968407
1.3543543543539999785, 0.0704941082282362352
1.3568568568570000821, 0.0732236449546247170
1.3593593593590000967, 0.0765511954262570737
1.3618618618619999783, 0.0805524488928857502
1.3643643643639999929, 0.0853249409342421716
1.3668668668670000965, 0.0909936176265073726
1.3693693693689998891, 0.0977185249294417468
1.3718718718719999927, 0.1057054962892602090
1.3743743743740000074, 0.1152211614889971369
1.3768768768770001110, 0.1266143154578018293
1.3793793793789999036, 0.1403468522392379847
1.3818818818820000072, 0.1570394210990625206
1.3843843843840000218, 0.1775403223853155299
1.3868868868869999034, 0.2030321339416782389
1.3893893893889999180, 0.2352015604722652031
1.3918918918920000216, 0.2765190943526753542
1.3943943943940000363, 0.3307174336555823158
1.3968968968969999178, 0.4036472831107671966
1.3993993993989999325, 0.5048911541765008781
1.4019019019020000361, 0.6510052101475591879
1.4044044044040000507, 0.8725534983615859108
1.4069069069069999323, 1.2309054432403869761
1.4094094094089999469, 1.8635254856992107264
1.4119119119120000505, 3.1266511796017399938
1.4144144144140000652, 6.1389131266436933743
1.4169169169169999467, 15.0641884458525545654
1.4194194194189999614, 32.6538983800696911430
1.4219219219220000650, 17.9409309385085862232
1.4244244244240000796, 7.0593065617542078982
1.4269269269269999612, 3.4704304316066139080
1.4294294294289999758, 2.0208473035120406713
1.4319319319320000794, 1.3136386752113446974
1.4344344344340000941, 0.9201656188072084852
1.4369369369369999756, 0.6799436104278968607
1.4394394394389999903, 0.5229198286836215237
1.4419419419420000938, 0.4147939987746427359
1.4444444444440001085, 0.3372295301905116616
1.4469469469469999900, 0.2797238340960880310
1.4494494494490000047, 0.2359182813070632712
1.4519519519520001083, 0.2017838581578972057
1.4544544544539999009, 0.1746687877588289084
1.4569569569570000045, 0.1527706542941168200
1.4594594594590000192, 0.1348300558828196549
1.4619619619619999007, 0.1199456887743263062
1.4644644644639999154, 0.1074588663694428237
1.4669669669670000189, 0.0968792247538078216
1.4694694694690000336, 0.0878356570176613560
1.4719719719719999151, 0.0800431468533064766
1.4744744744739999298, 0.0732798785802376840
1.4769769769770000334, 0.0673711415042951012
1.4794794794790000481, 0.0621778190502794287
1.4819819819819999296, 0.0575880294096784984
1.4844844844839999443, 0.0535109692607454862
1.4869869869870000478, 0.0498723214168360629
1.4894894894890000625, 0.0466107884594544261
1.4919919919919999440, 0.0436754476495064964
1.4944944944939999587, 0.0410237121005863903
1.4969969969970000623, 0.0386197444957125727
1.4994994994990000770, 0.0364332121134726405
1.5020020020019999585, 0.0344383017609734277
1.5045045045050000621, 0.0326129344133250509
1.5070070070070000767, 0.0309381346001987995
1.5095095095099999583, 0.0293975206521660710
1.5120120120119999729, 0.0279768900434964642
1.5145145145150000765, 0.0266638800847727175
1.5170170170170000912, 0.0254476887139872057
1.5195195195199999727, 0.0243188435213231545
1.5220220220219999874, 0.0232690097141483900
1.5245245245250000909, 0.0222908296955580815
1.5270270270270001056, 0.0213777884448409748
1.5295295295299999871, 0.0205241000630603521
1.5320320320320000018, 0.0197246117637069826
1.5345345345350001054, 0.0189747223081221938
1.5370370370369998980, 0.0182703124536630658
1.5395395395400000016, 0.0176076854337490138
1.5420420420420000163, 0.0169835158489862366
1.5445445445449998978, 0.0163948056373423787
1.5470470470469999125, 0.0158388460240780800
1.5495495495500000160, 0.0153131845405444535
1.5520520520520000307, 0.0148155963541599378
1.5545545545549999122, 0.0143440592769785887
1.5570570570569999269, 0.0138967319228185740
1.5595595595600000305, 0.0134719345673386583
1.5620620620620000452, 0.0130681323351795713
1.5645645645649999267, 0.0126839203961050494
1.5670670670669999414, 0.0123180109001786893
1.5695695695700000449, 0.0119692214221597606
1.5720720720720000596, 0.0116364647189289572
1.5745745745749999411, 0.0113187396319952872
1.5770770770769999558, 0.0110151229909333567
1.5795795795800000594, 0.0107247623937093608
1.5820820820820000741, 0.0104468697568888894
1.5845845845849999556, 0.0101807155432003891
1.5870870870869999703, 0.0099256235862569073
1.5895895895900000738, 0.0096809664427723319
1.5920920920920000885, 0.0094461612116257705
1.5945945945949999700, 0.0092206657668638062
1.5970970970969999847, 0.0090039753583893607
1.5995995996000000883, 0.0087956195398219590
1.6021021021020001029, 0.0085951593879725827
1.6046046046049999845, 0.0084021849826698518
1.6071071071069999991, 0.0082163131193958624
1.6096096096100001027, 0.0080371852304304235
1.6121121121119998953, 0.0078644654930200147
1.6146146146149999989, 0.0076978391055495931
1.6171171171170000136, 0.0075370107148465416
1.6196196196199998951, 0.0073817029796301838
1.6221221221219999098, 0.0072316552567736146
1.6246246246250000134, 0.0070866223984972455
1.6271271271270000280, 0.0069463736498926619
1.6296296296299999096, 0.0068106916373029099
1.6321321321319999242, 0.0066793714390813051
1.6346346346350000278, 0.0065522197311317027
1.6371371371370000425, 0.0064290540004133595
1.6396396396399999240, 0.0063097018202857014
1.6421421421419999387, 0.0061940001821831504
1.6446446446450000423, 0.0060817948786572170
1.6471471471470000569, 0.0059729399333102434
1.6496496496499999385, 0.0058672970735798857
1.6521521521519999531, 0.0057647352427216084
1.6546546546550000567, 0.0056651301476835919
1.6571571571570000714, 0.0055683638398793638
1.6596596596599999529, 0.0054743243261420969
1.6621621621619999676, 0.0053829052073946513
1.6646646646650000712, 0.0052940053427942488
1.6671671671670000858, 0.0052075285373128083
1.6696696696699999674, 0.0051233832508961507
1.6721721721719999820, 0.0050414823275094509
1.6746746746750000856, 0.0049617427425245253
1.6771771771770001003, 0.0048840853670384567
1.6796796796799999818, 0.0048084347478341803
1.6821821821819999965, 0.0047347189018032898
1.6846846846850001000, 0.0046628691237507319
1.6871871871869998927, 0.0045928198065911816
1.6896896896899999962, 0.0045245082730287619
1.6921921921920000109, 0.0044578746178861759
1.6946946946949998924, 0.0043928615603169704
1.6971971971969999071, 0.0043294143051963146
1.6996996997000000107, 0.0042674804130417932
1.7022022022020000254, 0.0042070096778669538
1.7047047047049999069, 0.0041479540124171243
1.7072072072069999216, 0.0040902673402796767
1.7097097097100000251, 0.0040339054944000521
1.7122122122120000398, 0.0039788261215705422
1.7147147147149999213, 0.0039249885924916000
1.7172172172169999360, 0.0038723539170354444
1.7197197197200000396, 0.0038208846643692342
1.7222222222220000543, 0.0037705448876203876
1.7247247247249999358, 0.0037213000527897737
1.7272272272269999505, 0.0036731169716399037
1.7297297297300000540, 0.0036259637383048160
1.7322322322320000687, 0.0035798096693864540
1.7347347347349999502, 0.0035346252473189739
1.7372372372369999649, 0.0034903820667977455
1.7397397397400000685, 0.0034470527840839748
1.7422422422420000832, 0.0034046110690089649
1.7447447447449999647, 0.0033630315595140278
1.7472472472469999794, 0.0033222898185733124
1.7497497497500000829, 0.0032823622933570397
1.7522522522520000976, 0.0032432262765022236
1.7547547547549999791, 0.0032048598693668025
1.7572572572569999938, 0.0031672419471512566
1.7597597597600000974, 0.0031303521257794202
1.7622622622619998900, 0.0030941707304372049
1.7647647647649999936, 0.0030586787656745090
1.7672672672670000082, 0.0030238578869816479
1.7697697697699998898, 0.0029896903737572696
1.7722722722719999044, 0.0029561591035899837
1.7747747747750000080, 0.0029232475277807908
1.7772772772770000227, 0.0028909396480379405
1.7797797797799999042, 0.0028592199942800841
1.7822822822819999189, 0.0028280736034874982
1.7847847847850000225, 0.0027974859995448598
1.7872872872870000371, 0.0027674431740224497
1.7897897897899999187, 0.0027379315678458518
1.7922922922919999333, 0.0027089380538072236
1.7947947947950000369, 0.0026804499198739657
1.7972972972970000516, 0.0026524548532532374
1.7997997997999999331, 0.0026249409251731868
1.8023023023019999478, 0.0025978965763440495
1.8048048048050000514, 0.0025713106030643817
1.8073073073070000660, 0.0025451721439396953
1.8098098098099999476, 0.0025194706671826392
1.8123123123119999622, 0.0024941959584655702
1.8148148148150000658, 0.0024693381092980764
1.8173173173170000805, 0.0024448875059034656
1.8198198198199999620, 0.0024208348185697274
1.8223223223219999767, 0.0023971709914518157
1.8248248248250000803, 0.0023738872328033589
1.8273273273270000949, 0.0023509750056171104
1.8298298298299999765, 0.0023284260186545577
1.8323323323319999911, 0.0023062322178461795
1.8348348348350000947, 0.0022843857780448186
1.8373373373370001094, 0.0022628790951155688
1.8398398398399999909, 0.0022417047783464582
1.8423423423420000056, 0.0022208556431650350
1.8448448448450001091, 0.0022003247041467349
1.8473473473469999018, 0.0021801051683016468
1.8498498498500000053, 0.0021601904286269796
1.8523523523520000200, 0.0021405740579131878
1.8548548548549999015, 0.0021212498027923269
1.8573573573569999162, 0.0021022115780177817
1.8598598598600000198, 0.0020834534609650694
1.8623623623620000345, 0.0020649696863439303
1.8648648648649999160, 0.0020467546411123945
1.8673673673669999307, 0.0020288028595839987
1.8698698698700000342, 0.0020111090187197350
1.8723723723720000489, 0.0019936679335967500
1.8748748748749999304, 0.0019764745530461807
1.8773773773769999451, 0.0019595239554528908
1.8798798798800000487, 0.0019428113447102330
1.8823823823820000634, 0.0019263320463232560
1.8848848848849999449, 0.0019100815036541339
1.8873873873869999596, 0.0018940552743038496
1.8898898898900000631, 0.0018782490266244720
1.8923923923920000778, 0.0018626585363566231
1.8948948948949999593, 0.0018472796833869745
1.8973973973969999740, 0.0018321084486208651
1.8998998999000000776, 0.0018171409109653536
1.9024024024020000923, 0.0018023732444182310
1.9049049049049999738, 0.0017878017152587204
1.9074074074069999885, 0.0017734226793357970
1.9099099099100000920, 0.0017592325794502347
1.9124124124120001067, 0.0017452279428266568
1.9149149149149999882, 0.0017314053786720476
1.9174174174170000029, 0.0017177615758173310
1.9199199199200001065, 0.0017042933004387669
1.9224224224219998991, 0.0016909973938560772
1.9249249249250000027, 0.0016778707704043210
1.9274274274270000173, 0.0016649104153767004
1.9299299299299998989, 0.0016521133830355713
1.9324324324319999135, 0.0016394767946890645
1.9349349349350000171, 0.0016269978368308471
1.9374374374370000318, 0.0016146737593406221
1.9399399399399999133, 0.0016025018737431070
1.9424424424419999280, 0.0015904795515233059
1.9449449449450000316, 0.0015786042224959801
1.9474474474470000462, 0.0015668733732273170
1.9499499499499999278, 0.0015552845455068876
1.9524524524519999424, 0.0015438353348680366
1.9549549549550000460, 0.0015325233891549566
1.9574574574570000607, 0.0015213464071347463
1.9599599599599999422, 0.0015103021371528369
1.9624624624619999569, 0.0014993883758302215
1.9649649649650000605, 0.0014886029668010055
1.9674674674670000751, 0.0014779437994888365
1.9699699699699999567, 0.0014674088079208447
1.9724724724719999713, 0.0014569959695777627
1.9749749749750000749, 0.0014467033042789700
1.9774774774770000896, 0.0014365288731012309
1.9799799799799999711, 0.0014264707773299693
1.9824824824819999858, 0.0014165271574419392
1.9849849849850000894, 0.0014066961921182278
1.9874874874870001040, 0.0013969760972865376
1.9899899899899999856, 0.0013873651251917615
1.9924924924920000002, 0.0013778615634938798
1.9949949949950001038, 0.0013684637343922632
1.9974974974969998964, 0.0013591699937754915
2.0000000000000000000, 0.0013499787303958319
