# Delta1: 0.46
# Delta2: 1.17
# Delta3: 1.34
# Dq: 0.08800000000000002
# Ds: -0.09000000000000001
# Dt: -0.01999999999999998
# k1_lab: [1, 0, 0]
# k2_lab: [-0.8660254037844387, 0.49999999999999994, 0.0]
# k1_cf: [-0.4545194776720438, -0.4545194776720438, -0.7660444431189779]
# k2_cf: [0.12278780396897304, 0.12278780396897304, 0.9848077530122079]
# pol1_lab: [(0, 1, 0), (0, 0, 1)]
# pol2_lab: "[array([-0.5      , -0.8660254,  0.       ]), array([0., 0., 1.])]"
# pol1_cf: "[array([-0.54167522, -0.54167522,  0.64278761]), array([-0.70710678,  0.70710678,  0.        ])]"
# pol2_cf: "[array([ 0.69636424,  0.69636424, -0.17364818]), array([-0.70710678,  0.70710678,  0.        ])]"
# cf: "[array([-0.45451948, -0.54167522, -0.70710678]), array([-0.45451948, -0.54167522,  0.70710678]), array([-0.76604444,  0.64278761,  0.        ])]"
# th: 140
-0.5000000000000000000, 0.0012538913889040058
-0.4974974974974999964, 0.0012628728050607559
-0.4949949949949999928, 0.0012719661395383256
-0.4924924924924999892, 0.0012811734367447918
-0.4899899899899999856, 0.0012904967904666265
-0.4874874874874999819, 0.0012999383453475525
-0.4849849849849999783, 0.0013095002984201099
-0.4824824824824999747, 0.0013191849006920905
-0.4799799799800000266, 0.0013289944587901404
-0.4774774774775000230, 0.0013389313366628948
-0.4749749749750000194, 0.0013489979573461466
-0.4724724724725000158, 0.0013591968047926765
-0.4699699699700000122, 0.0013695304257694591
-0.4674674674675000086, 0.0013800014318251449
-0.4649649649650000049, 0.0013906125013308109
-0.4624624624625000013, 0.0014013663815971404
-0.4599599599599999977, 0.0014122658910713545
-0.4574574574574999941, 0.0014233139216173565
-0.4549549549549999905, 0.0014345134408827419
-0.4524524524524999869, 0.0014458674947565051
-0.4499499499499000077, 0.0014573792099214595
-0.4474474474474000041, 0.0014690517965055914
-0.4449449449449000005, 0.0014808885508367825
-0.4424424424423999969, 0.0014928928583055755
-0.4399399399398999932, 0.0015050681963408551
-0.4374374374373999896, 0.0015174181375036296
-0.4349349349348999860, 0.0015299463527043036
-0.4324324324323999824, 0.0015426566145491606
-0.4299299299298999788, 0.0015555528008220454
-0.4274274274273999752, 0.0015686388981075690
-0.4249249249249000271, 0.0015819190055624799
-0.4224224224224000235, 0.0015953973388422116
-0.4199199199199000199, 0.0016090782341899846
-0.4174174174174000163, 0.0016229661526962454
-0.4149149149149000126, 0.0016370656847366450
-0.4124124124124000090, 0.0016513815545971949
-0.4099099099099000054, 0.0016659186252957470
-0.4074074074074000018, 0.0016806819036094115
-0.4049049049048999982, 0.0016956765453180840
-0.4024024024023999946, 0.0017109078606748194
-0.3998998998998999910, 0.0017263813201143945
-0.3973973973973999874, 0.0017421025602120431
-0.3948948948948999838, 0.0017580773899050211
-0.3923923923923999801, 0.0017743117969904250
-0.3898898898898999765, 0.0017908119549134064
-0.3873873873873999729, 0.0018075842298607995
-0.3848848848849000248, 0.0018246351881760253
-0.3823823823824000212, 0.0018419716041120876
-0.3798798798799000176, 0.0018596004679404731
-0.3773773773774000140, 0.0018775289944348273
-0.3748748748749000104, 0.0018957646317494161
-0.3723723723724000068, 0.0019143150707135930
-0.3698698698699000031, 0.0019331882545647995
-0.3673673673673999995, 0.0019523923891439795
-0.3648648648648999959, 0.0019719359535788081
-0.3623623623623999923, 0.0019918277114816651
-0.3598598598598999887, 0.0020120767226910396
-0.3573573573573999851, 0.0020326923555867766
-0.3548548548548999815, 0.0020536843000116042
-0.3523523523523999779, 0.0020750625808333813
-0.3498498498497999987, 0.0020968375721847781
-0.3473473473472999951, 0.0021190200124194484
-0.3448448448447999914, 0.0021416210198263626
-0.3423423423422999878, 0.0021646521091466396
-0.3398398398397999842, 0.0021881252089402553
-0.3373373373372999806, 0.0022120526798530878
-0.3348348348347999770, 0.0022364473338382321
-0.3323323323322999734, 0.0022613224543891319
-0.3298298298298000253, 0.0022866918178460530
-0.3273273273273000217, 0.0023125697158416286
-0.3248248248248000181, 0.0023389709789558445
-0.3223223223223000145, 0.0023659110016556496
-0.3198198198198000108, 0.0023934057685998261
-0.3173173173173000072, 0.0024214718823953756
-0.3148148148148000036, 0.0024501265928979364
-0.3123123123123000000, 0.0024793878281554218
-0.3098098098097999964, 0.0025092742271012737
-0.3073073073072999928, 0.0025398051741115954
-0.3048048048047999892, 0.0025710008355488870
-0.3023023023022999856, 0.0026028821984242180
-0.2997997997997999819, 0.0026354711113197268
-0.2972972972972999783, 0.0026687903277239941
-0.2947947947947999747, 0.0027028635519446261
-0.2922922922923000266, 0.0027377154877750633
-0.2897897897898000230, 0.0027733718901063915
-0.2872872872873000194, 0.0028098596196900250
-0.2847847847848000158, 0.0028472067012734058
-0.2822822822823000122, 0.0028854423853486616
-0.2797797797798000086, 0.0029245972137736179
-0.2772772772773000050, 0.0029647030895455775
-0.2747747747748000013, 0.0030057933510315308
-0.2722722722722999977, 0.0030479028509834997
-0.2697697697697999941, 0.0030910680406953874
-0.2672672672672999905, 0.0031353270596878374
-0.2647647647647999869, 0.0031807198313405696
-0.2622622622622999833, 0.0032272881649278839
-0.2597597597597999797, 0.0032750758645526826
-0.2572572572572999761, 0.0033241288455178831
-0.2547547547547999724, 0.0033744952587220082
-0.2522522522523000243, 0.0034262256237182790
-0.2497497497496999896, 0.0034793729711344911
-0.2472472472472000138, 0.0035339929952147497
-0.2447447447447000102, 0.0035901442173144832
-0.2422422422422000066, 0.0036478881612578124
-0.2397397397397000030, 0.0037072895415521494
-0.2372372372371999993, 0.0037684164655497733
-0.2347347347346999957, 0.0038313406507512549
-0.2322322322321999921, 0.0038961376585619260
-0.2297297297296999885, 0.0039628871459418541
-0.2272272272272000126, 0.0040316731365332243
-0.2247247247247000090, 0.0041025843130085586
-0.2222222222222000054, 0.0041757143325608006
-0.2197197197197000018, 0.0042511621676541936
-0.2172172172171999982, 0.0043290324743757349
-0.2147147147146999946, 0.0044094359909736900
-0.2122122122121999910, 0.0044924899694456094
-0.2097097097096999874, 0.0045783186433473377
-0.2072072072072000115, 0.0046670537353411066
-0.2047047047047000079, 0.0047588350083900234
-0.2022022022022000043, 0.0048538108649438198
-0.1996996996997000007, 0.0049521389989535813
-0.1971971971971999971, 0.0050539871061087687
-0.1946946946946999935, 0.0051595336583174006
-0.1921921921921999898, 0.0052689687491598563
-0.1896896896896999862, 0.0053824950178506855
-0.1871871871872000104, 0.0055003286601546832
-0.1846846846847000068, 0.0056227005357397898
-0.1821821821822000032, 0.0057498573826288250
-0.1796796796796999995, 0.0058820631507567871
-0.1771771771771999959, 0.0060196004681763726
-0.1746746746746999923, 0.0061627722552115814
-0.1721721721721999887, 0.0063119035038736856
-0.1696696696697000128, 0.0064673432421671530
-0.1671671671672000092, 0.0066294667055750919
-0.1646646646647000056, 0.0067986777410829775
-0.1621621621622000020, 0.0069754114726453742
-0.1596596596596999984, 0.0071601372611061215
-0.1571571571571999948, 0.0073533619963460587
-0.1546546546546999912, 0.0075556337649730215
-0.1521521521521999876, 0.0077675459433259762
-0.1496496496496000084, 0.0079897417731114515
-0.1471471471471000048, 0.0082229194858281403
-0.1446446446446000011, 0.0084678380525142274
-0.1421421421420999975, 0.0087253236475720881
-0.1396396396395999939, 0.0089962769298505257
-0.1371371371370999903, 0.0092816812612449683
-0.1346346346345999867, 0.0095826120033541407
-0.1321321321321000108, 0.0099002470568826662
-0.1296296296296000072, 0.0102358788373296313
-0.1271271271271000036, 0.0105909279150795659
-0.1246246246246000000, 0.0109669585895914492
-0.1221221221220999964, 0.0113656967175520957
-0.1196196196196000067, 0.0117890501756193651
-0.1171171171171000031, 0.0122391324122370256
-0.1146146146145999994, 0.0127182896331301098
-0.1121121121120999958, 0.0132291322755187703
-0.1096096096096000061, 0.0137745715619656400
-0.1071071071071000025, 0.0143578620926958118
-0.1046046046045999989, 0.0149826516437163611
-0.1021021021020999953, 0.0156530395981521325
-0.0995995995996000055, 0.0163736457643115334
-0.0970970970971000019, 0.0171496917449998759
-0.0945945945945900063, 0.0179870975434682986
-0.0920920920920900027, 0.0188925967553089692
-0.0895895895895899991, 0.0198738745470003787
-0.0870870870870899955, 0.0209397337205734987
-0.0845845845845799998, 0.0221002955914070230
-0.0820820820820799962, 0.0233672442739693599
-0.0795795795795800065, 0.0247541254324645105
-0.0770770770770800029, 0.0262767138245644793
-0.0745745745745699934, 0.0279534683489834936
-0.0720720720720700037, 0.0298060992312582165
-0.0695695695695700000, 0.0318602800641911710
-0.0670670670670699964, 0.0341465485573289457
-0.0645645645645600008, 0.0367014553636061877
-0.0620620620620599972, 0.0395690422079236354
-0.0595595595595600005, 0.0428027617138877770
-0.0570570570570599969, 0.0464679963685262973
-0.0545545545545500013, 0.0506454000810132587
-0.0520520520520499977, 0.0554353840348873264
-0.0495495495495500010, 0.0609642171772332570
-0.0470470470470499974, 0.0673924406751150451
-0.0445445445445400018, 0.0749266554259234163
-0.0420420420420399982, 0.0838363192191785844
-0.0395395395395400015, 0.0944781394591797802
-0.0370370370370399979, 0.1073322493091211360
-0.0345345345345300023, 0.1230571384262820062
-0.0320320320320299987, 0.1425753058379163885
-0.0295295295295299985, 0.1672109078075397770
-0.0270270270270299984, 0.1989187433089621981
-0.0245245245245199993, 0.2406807294685644749
-0.0220220220220199991, 0.2972252738447885845
-0.0195195195195199990, 0.3764070163570879535
-0.0170170170170199989, 0.4920360543293609279
-0.0145145145145099998, 0.6701745283507793971
-0.0120120120120099996, 0.9646602292959265412
-0.0095095095095099995, 1.5007074693484685479
-0.0070070070070070000, 2.6195856729424669140
-0.0045045045045049997, 5.4602571559377715005
-0.0020020020020019998, 14.1233680245373101059
0.0005005005005005000, 22.2857169776180867871
0.0030030030030029999, 9.4898425050709480644
0.0055055055055059999, 3.9645756298346697122
0.0080080080080079993, 2.0608303194986286044
0.0105105105105099995, 1.2436776208035453806
0.0130130130130099997, 0.8276455174775292356
0.0155155155155200005, 0.5892128512509788862
0.0180180180180199989, 0.4405050216482333525
0.0205205205205199991, 0.3417421604999063001
0.0230230230230199992, 0.2729018350281101624
0.0255255255255299983, 0.2230479230270356328
0.0280280280280299984, 0.1858083465350360564
0.0305305305305299986, 0.1572709963824223955
0.0330330330330299987, 0.1349281723734010452
0.0355355355355400013, 0.1171132064870086531
0.0380380380380399979, 0.1026838017509235923
0.0405405405405400016, 0.0908360584302940616
0.0430430430430399982, 0.0809910584302881431
0.0455455455455500008, 0.0727234002621383602
0.0480480480480499975, 0.0657148594583672335
0.0505505505505500011, 0.0597235712546224096
0.0530530530530499977, 0.0545630697430678352
0.0555555555555600003, 0.0500877409357367576
0.0580580580580599970, 0.0461825422927268914
0.0605605605605600006, 0.0427556171017089356
0.0630630630630600042, 0.0397329087014894264
0.0655655655655699998, 0.0370541790826620573
0.0680680680680700034, 0.0346700286027422436
0.0705705705705699932, 0.0325396392454322253
0.0730730730730699968, 0.0306290474933082965
0.0755755755755800063, 0.0289098094389077312
0.0780780780780799960, 0.0273579595716728144
0.0805805805805799996, 0.0259531916821088560
0.0830830830830800032, 0.0246782093537194110
0.0855855855855899988, 0.0235182070831688600
0.0880880880880900025, 0.0224604528539447956
0.0905905905905900061, 0.0214939501180340491
0.0930930930930899958, 0.0206091623854017872
0.0955955955956000053, 0.0197977875157655178
0.0980980980980999950, 0.0190525717241094086
0.1006006006005999986, 0.0183671555139169607
0.1031031031031000023, 0.0177359454280389302
0.1056056056056000059, 0.0171540067916855984
0.1081081081080999956, 0.0166169736134547941
0.1106106106105999992, 0.0161209725805119899
0.1131131131131000028, 0.0156625586861282723
0.1156156156156000064, 0.0152386605012515691
0.1181181181180999962, 0.0148465334762230613
0.1206206206205999998, 0.0144837199564702545
0.1231231231231000034, 0.0141480148339512488
0.1256256256256000070, 0.0138374359472331187
0.1281281281281000106, 0.0135501984973045615
0.1306306306305999865, 0.0132846928712343944
0.1331331331330999901, 0.0130394653675645171
0.1356356356355999937, 0.0128132014005323397
0.1381381381380999973, 0.0126047108285146717
0.1406406406406000009, 0.0124129151083609904
0.1431431431431000045, 0.0122368360238266430
0.1456456456456000081, 0.0120755857749476701
0.1481481481481000118, 0.0119283582473747093
0.1506506506506999910, 0.0117944213075721650
0.1531531531531999946, 0.0116731099923325678
0.1556556556556999982, 0.0115638204800166053
0.1581581581582000018, 0.0114660047469254452
0.1606606606607000054, 0.0113791658257474202
0.1631631631632000090, 0.0113028535945089506
0.1656656656657000126, 0.0112366610342369486
0.1681681681681999885, 0.0111802209018865735
0.1706706706706999921, 0.0111332027722330050
0.1731731731731999957, 0.0110953104085602938
0.1756756756756999993, 0.0110662794272621615
0.1781781781782000029, 0.0110458752260313396
0.1806806806807000065, 0.0110338911492657808
0.1831831831832000101, 0.0110301468677547407
0.1856856856857000138, 0.0110344869527031399
0.1881881881881999896, 0.0110467796267746492
0.1906906906906999932, 0.0110669156771386092
0.1931931931931999968, 0.0110948075175402172
0.1956956956957000004, 0.0111303883882182819
0.1981981981982000041, 0.0111736116841048769
0.2007007007007000077, 0.0112244504031863371
0.2032032032032000113, 0.0112828967082112801
0.2057057057056999871, 0.0113489615961212334
0.2082082082081999908, 0.0114226746706731115
0.2107107107106999944, 0.0115040840147378372
0.2132132132131999980, 0.0115932561597113619
0.2157157157157000016, 0.0116902761503784140
0.2182182182182000052, 0.0117952477044377842
0.2207207207207000088, 0.0119082934667437378
0.2232232232232000124, 0.0120295553591532704
0.2257257257256999883, 0.0121591950277037588
0.2282282282281999919, 0.0122973943896929252
0.2307307307306999955, 0.0124443562841024206
0.2332332332331999991, 0.0126003052297111243
0.2357357357357000027, 0.0127654882961953028
0.2382382382382000063, 0.0129401760945230017
0.2407407407407000099, 0.0131246638940348409
0.2432432432432000136, 0.0133192728747750060
0.2457457457456999894, 0.0135243515249142028
0.2482482482481999930, 0.0137402771945075407
0.2507507507508000000, 0.0139674578183749953
0.2532532532533000036, 0.0142063338226067117
0.2557557557558000072, 0.0144573802311017685
0.2582582582583000108, 0.0147211089906831086
0.2607607607608000144, 0.0149980715357239877
0.2632632632633000180, 0.0152888616159139474
0.2657657657658000216, 0.0155941184138345297
0.2682682682683000253, 0.0159145299824543299
0.2707707707707999734, 0.0162508370365605295
0.2732732732732999770, 0.0166038371365862837
0.2757757757757999806, 0.0169743893083588344
0.2782782782782999842, 0.0173634191480851845
0.2807807807807999878, 0.0177719244685214314
0.2832832832832999914, 0.0182009815498870436
0.2857857857857999950, 0.0186517520678432733
0.2882882882882999986, 0.0191254907809527974
0.2907907907908000023, 0.0196235540717106666
0.2932932932933000059, 0.0201474094487509650
0.2957957957958000095, 0.0206986461335279467
0.2982982982983000131, 0.0212789868730299536
0.3008008008008000167, 0.0218903011413820597
0.3033033033033000203, 0.0225346199181025511
0.3058058058058000239, 0.0232141522599712616
0.3083083083083000275, 0.0239313039177872777
0.3108108108107999756, 0.0246886982897352968
0.3133133133132999792, 0.0254892000508715362
0.3158158158157999829, 0.0263359418548880890
0.3183183183182999865, 0.0272323545716397254
0.3208208208207999901, 0.0281822016041990732
0.3233233233232999937, 0.0291896179252236244
0.3258258258257999973, 0.0302591545876384621
0.3283283283283000009, 0.0313958296033817683
0.3308308308308000045, 0.0326051862515946908
0.3333333333333000081, 0.0338933600809545044
0.3358358358358000118, 0.0352671561183497476
0.3383383383383000154, 0.0367341380986016819
0.3408408408408000190, 0.0383027319011871800
0.3433433433433000226, 0.0399823458374818710
0.3458458458458000262, 0.0417835109985483996
0.3483483483482999743, 0.0437180455781192370
0.3508508508509000090, 0.0457992479661624499
0.3533533533534000126, 0.0480421245149072473
0.3558558558559000162, 0.0504636592767276904
0.3583583583584000198, 0.0530831347883439636
0.3608608608609000235, 0.0559225152436007913
0.3633633633634000271, 0.0590069063123826315
0.3658658658658999752, 0.0623651096352627679
0.3683683683683999788, 0.0660302949374589193
0.3708708708708999824, 0.0700408191536469327
0.3733733733733999860, 0.0744412304805626979
0.3758758758758999896, 0.0792835066375616737
0.3783783783783999932, 0.0846285918907283413
0.3808808808808999968, 0.0905483181172778706
0.3833833833834000004, 0.0971278235672223961
0.3858858858859000041, 0.1044686222500247480
0.3883883883884000077, 0.1126925318125748254
0.3908908908909000113, 0.1219467455378608484
0.3933933933934000149, 0.1324104455552295723
0.3958958958959000185, 0.1443035162898374801
0.3983983983984000221, 0.1578981559011921332
0.4009009009009000257, 0.1735345409682695628
0.4034034034033999738, 0.1916422443123033670
0.4059059059058999774, 0.2127699511491436268
0.4084084084083999810, 0.2376273576984879732
0.4109109109108999847, 0.2671453051493218878
0.4134134134133999883, 0.3025638024673147908
0.4159159159158999919, 0.3455637348052885693
0.4184184184183999955, 0.3984688601093541727
0.4209209209208999991, 0.4645643646350571809
0.4234234234234000027, 0.5486154569062557940
0.4259259259259000063, 0.6577430400755652773
0.4284284284284000099, 0.8029664779683881592
0.4309309309309000136, 1.0020608627193419160
0.4334334334334000172, 1.2851735942734623386
0.4359359359359000208, 1.7066915577260024506
0.4384384384384000244, 2.3726526855534824101
0.4409409409408999725, 3.5115858598864120310
0.4434434434433999761, 5.6858809694358942721
0.4459459459458999797, 10.5477250454104023447
0.4484484484483999833, 24.0426447265181870705
0.4509509509510000180, 61.5550364022227967098
0.4534534534535000216, 53.2688220526462785642
0.4559559559560000253, 20.3362276266101460465
0.4584584584584999734, 9.3075887441007836287
0.4609609609609999770, 5.1665031197426367626
0.4634634634634999806, 3.2520765119988603864
0.4659659659659999842, 2.2260200234348417325
0.4684684684684999878, 1.6162261531570969453
0.4709709709709999914, 1.2255969374106143732
0.4734734734734999950, 0.9608089830481489901
0.4759759759759999986, 0.7732479950966570925
0.4784784784785000022, 0.6356350271708022248
0.4809809809810000059, 0.5317270080078648764
0.4834834834835000095, 0.4513724221648766077
0.4859859859860000131, 0.3879665971007473790
0.4884884884885000167, 0.3370643090712852064
0.4909909909910000203, 0.2955858130549452456
0.4934934934935000239, 0.2613433186963037280
0.4959959959960000275, 0.2327483438360055390
0.4984984984984999756, 0.2086251564654418023
0.5010010010009999792, 0.1880885604154651503
0.5035035035035000384, 0.1704618762596333270
0.5060060060059999865, 0.1552206994864805123
0.5085085085085000456, 0.1419535820459944531
0.5110110110109999937, 0.1303340613895856426
0.5135135135135000528, 0.1201004448115318979
0.5160160160160000009, 0.1110409867408108375
0.5185185185184999490, 0.1029828760392682702
0.5210210210210000081, 0.0957839542998314281
0.5235235235234999562, 0.0893264179954299659
0.5260260260260000154, 0.0835119795787839792
0.5285285285284999635, 0.0782581138071789945
0.5310310310310000226, 0.0734951198829001395
0.5335335335334999707, 0.0691638029491126460
0.5360360360360000298, 0.0652136301313176181
0.5385385385384999779, 0.0616012533101423093
0.5410410410410000370, 0.0582893175983436249
0.5435435435434999851, 0.0552454940879213499
0.5460460460460000442, 0.0524416899013234877
0.5485485485484999924, 0.0498533993604538608
0.5510510510510999715, 0.0474591681868748658
0.5535535535536000307, 0.0452401487812593081
0.5560560560560999788, 0.0431797293115912667
0.5585585585586000379, 0.0412632229377085241
0.5610610610610999860, 0.0394776062839773678
0.5635635635636000451, 0.0378112984401950888
0.5660660660660999932, 0.0362539734698194699
0.5685685685686000523, 0.0347964007436706163
0.5710710710711000004, 0.0334303084784732599
0.5735735735735999485, 0.0321482667051126991
0.5760760760761000077, 0.0309435865685314185
0.5785785785785999558, 0.0298102334059857019
0.5810810810811000149, 0.0287427514907846043
0.5835835835835999630, 0.0277361986862322205
0.5860860860861000221, 0.0267860895460971526
0.5885885885885999702, 0.0258883456366918036
0.5910910910911000293, 0.0250392520519049089
0.5935935935935999774, 0.0242354192544676009
0.5960960960961000366, 0.0234737495108348557
0.5985985985985999847, 0.0227514072985042816
0.6011011011011000438, 0.0220657931575150117
0.6036036036035999919, 0.0214145205355994461
0.6061061061061000510, 0.0207953952416893989
0.6086086086085999991, 0.0202063971773796397
0.6111111111110999472, 0.0196456640622985380
0.6136136136136000063, 0.0191114769085696731
0.6161161161160999544, 0.0186022470328531010
0.6186186186186000135, 0.0181165044228009317
0.6211211211210999616, 0.0176528872989494476
0.6236236236236000208, 0.0172101327337604963
0.6261261261260999689, 0.0167870682072661197
0.6286286286286000280, 0.0163826039940188732
0.6311311311310999761, 0.0159957262891853996
0.6336336336336000352, 0.0156254909929605876
0.6361361361360999833, 0.0152710180822903316
0.6386386386386000424, 0.0149314865073964295
0.6411411411410999905, 0.0146061295579852819
0.6436436436436000497, 0.0142942306504536040
0.6461461461460999978, 0.0139951194930119701
0.6486486486485999459, 0.0137081685905471422
0.6511511511512000361, 0.0134327900553322822
0.6536536536536999842, 0.0131684326934543780
0.6561561561562000433, 0.0129145793401305303
0.6586586586586999914, 0.0126707444199902538
0.6611611611612000505, 0.0124364717109607340
0.6636636636636999986, 0.0122113322926519306
0.6661661661661999467, 0.0119949226621354106
0.6686686686687000059, 0.0117868630017793092
0.6711711711711999540, 0.0115867955853691858
0.6736736736737000131, 0.0113943833101368738
0.6761761761761999612, 0.0112093083435566999
0.6786786786787000203, 0.0110312708748706960
0.6811811811811999684, 0.0108599879622865800
0.6836836836837000275, 0.0106951924676697008
0.6861861861861999756, 0.0105366320713339238
0.6886886886887000347, 0.0103840683602383962
0.6911911911911999828, 0.0102372759835258897
0.6936936936937000420, 0.0100960418699029119
0.6961961961961999901, 0.0099601645018685282
0.6986986986987000492, 0.0098294532422550304
0.7012012012011999973, 0.0097037277089540783
0.7037037037036999454, 0.0095828171940721373
0.7062062062062000045, 0.0094665601240933525
0.7087087087086999526, 0.0093548035579296800
0.7112112112112000117, 0.0092474027200115314
0.7137137137136999598, 0.0091442205658194171
0.7162162162162000190, 0.0090451273774815634
0.7187187187186999671, 0.0089500003872659776
0.7212212212212000262, 0.0088587234269807448
0.7237237237236999743, 0.0087711866014645867
0.7262262262262000334, 0.0086872859845033221
0.7287287287286999815, 0.0086069233356476683
0.7312312312312000406, 0.0085300058365358894
0.7337337337336999887, 0.0084564458454415188
0.7362362362362000479, 0.0083861606688735504
0.7387387387386999960, 0.0083190723491547471
0.7412412412412000551, 0.0082551074669937989
0.7437437437437000032, 0.0081941969581501746
0.7462462462461999513, 0.0081362759433669767
0.7487487487487000104, 0.0080812835708176829
0.7512512512512999896, 0.0080291628703781075
0.7537537537538000487, 0.0079798606190954573
0.7562562562562999968, 0.0079333272172827304
0.7587587587587999449, 0.0078895165747191638
0.7612612612613000040, 0.0078483860064865532
0.7637637637637999521, 0.0078098961380172176
0.7662662662663000113, 0.0077740108189727191
0.7687687687687999594, 0.0077406970456132236
0.7712712712713000185, 0.0077099248913562284
0.7737737737737999666, 0.0076816674452601591
0.7762762762763000257, 0.0076559007582037179
0.7787787787787999738, 0.0076326037965657369
0.7812812812813000329, 0.0076117584032431521
0.7837837837837999810, 0.0075933492658765214
0.7862862862863000402, 0.0075773638921838599
0.7887887887887999883, 0.0075637925923341268
0.7912912912913000474, 0.0075526284683222668
0.7937937937937999955, 0.0075438674103379642
0.7962962962963000546, 0.0075375081001508200
0.7987987987988000027, 0.0075335520215654419
0.8013013013012999508, 0.0075320034780312160
0.8038038038038000099, 0.0075328696175237572
0.8063063063062999580, 0.0075361604648479267
0.8088088088088000172, 0.0075418889615467459
0.8113113113112999653, 0.0075500710136361445
0.8138138138138000244, 0.0075607255474229897
0.8163163163162999725, 0.0075738745737033188
0.8188188188188000316, 0.0075895432606793971
0.8213213213212999797, 0.0076077600159786801
0.8238238238238000388, 0.0076285565782051165
0.8263263263262999869, 0.0076519681185040246
0.8288288288288000460, 0.0076780333526763282
0.8313313313312999941, 0.0077067946644368314
0.8338338338338000533, 0.0077382982404748755
0.8363363363363000014, 0.0077725942180447349
0.8388388388387999495, 0.0078097368458881680
0.8413413413413000086, 0.0078497846593734051
0.8438438438437999567, 0.0078928006708239296
0.8463463463463000158, 0.0079388525761083257
0.8488488488487999639, 0.0079880129786693947
0.8513513513514000541, 0.0080403596322882256
0.8538538538539000022, 0.0080959757040084020
0.8563563563563999503, 0.0081549500587875454
0.8588588588589000095, 0.0082173775676008653
0.8613613613613999576, 0.0082833594408945853
0.8638638638639000167, 0.0083530035894792617
0.8663663663663999648, 0.0084264250151657293
0.8688688688689000239, 0.0085037462336821374
0.8713713713713999720, 0.0085850977326730402
0.8738738738739000311, 0.0086706184678728062
0.8763763763763999792, 0.0087604564008705900
0.8788788788789000384, 0.0088547690822465153
0.8813813813813999865, 0.0089537242842631301
0.8838838838839000456, 0.0090575006877492599
0.8863863863863999937, 0.0091662886283199897
0.8888888888889000528, 0.0092802909076452177
0.8913913913914000009, 0.0093997236761181012
0.8938938938938999490, 0.0095248173939922586
0.8963963963964000081, 0.0096558178788666831
0.8988988988988999562, 0.0097929874483090595
0.9014014014014000153, 0.0099366061674397953
0.9039039039038999634, 0.0100869732124658600
0.9064064064064000226, 0.0102444083624752200
0.9089089089088999707, 0.0104092536333043901
0.9114114114114000298, 0.0105818750689975188
0.9139139139138999779, 0.0107626647083194013
0.9164164164164000370, 0.0109520427460026437
0.9189189189188999851, 0.0111504599109429302
0.9214214214214000442, 0.0113584000864595594
0.9239239239238999923, 0.0115763832010667440
0.9264264264264000515, 0.0118049684220280331
0.9289289289288999996, 0.0120447576883735488
0.9314314314313999477, 0.0122963996251439223
0.9339339339339000068, 0.0125605938865071855
0.9364364364363999549, 0.0128380959822092088
0.9389389389389000140, 0.0131297226497340894
0.9414414414413999621, 0.0134363578437665075
0.9439439439439000212, 0.0137589594252990662
0.9464464464463999693, 0.0140985666453063221
0.9489489489489000285, 0.0144563085326539185
0.9514514514515000076, 0.0148334133132502106
0.9539539539539999558, 0.0152312190078869817
0.9564564564565000149, 0.0156511853803734252
0.9589589589589999630, 0.0160949074362085331
0.9614614614615000221, 0.0165641307060846628
0.9639639639639999702, 0.0170607685891211551
0.9664664664665000293, 0.0175869220793056086
0.9689689689689999774, 0.0181449022569238859
0.9714714714715000365, 0.0187372559969835387
0.9739739739739999846, 0.0193667954315015073
0.9764764764765000438, 0.0200366318054774270
0.9789789789789999919, 0.0207502144917334728
0.9814814814815000510, 0.0215113760830506970
0.9839839839839999991, 0.0223243846681624517
0.9864864864864999472, 0.0231940046300949179
0.9889889889890000063, 0.0241255675925693032
0.9914914914914999544, 0.0251250554975473613
0.9939939939940000135, 0.0261991982438114987
0.9964964964964999616, 0.0273555888779955098
0.9989989989990000208, 0.0286028200389332396
1.0015015015019999023, 0.0299506462576142121
1.0040040040039999170, 0.0314101778671116716
1.0065065065070000205, 0.0329941137584334465
1.0090090090090000352, 0.0347170221360143805
1.0115115115119999167, 0.0365956809259975480
1.0140140140139999314, 0.0386494927716086872
1.0165165165170000350, 0.0409009938902961112
1.0190190190190000497, 0.0433764818553989545
1.0215215215219999312, 0.0461067951501406420
1.0240240240239999459, 0.0491282879082260288
1.0265265265270000494, 0.0524840577362681235
1.0290290290290000641, 0.0562255045641424367
1.0315315315319999456, 0.0604143265394623194
1.0340340340339999603, 0.0651250987439089407
1.0365365365370000639, 0.0704486375469742382
1.0390390390390000785, 0.0764964363514877704
1.0415415415419999601, 0.0834065808652426771
1.0440440440439999747, 0.0913517354928532754
1.0465465465470000783, 0.1005500722349314396
1.0490490490490000930, 0.1112804482558635427
1.0515515515519999745, 0.1239038278570310514
1.0540540540539999892, 0.1388940631623597766
1.0565565565570000928, 0.1568830078354991608
1.0590590590590001074, 0.1787281173158186687
1.0615615615619999890, 0.2056162922314494768
1.0640640640640000036, 0.2392279430273088481
1.0665665665670001072, 0.2820046401149924886
1.0690690690689998998, 0.3376021512087787890
1.0715715715720000034, 0.4116908700368029361
1.0740740740740000181, 0.5134432253488938613
1.0765765765769998996, 0.6584693206595088055
1.0790790790789999143, 0.8750502687177412753
1.0815815815820000179, 1.2186251958426694841
1.0840840840840000325, 1.8095242481288544845
1.0865865865869999141, 2.9466919763946597399
1.0890890890889999287, 5.5193451206630399497
1.0915915915920000323, 12.7579800568153167717
1.0940940940940000470, 32.0826065463150271739
1.0965965965969999285, 25.2283056995241459219
1.0990990990989999432, 9.6369604833859376924
1.1016016016020000468, 4.4760750698043274554
1.1041041041040000614, 2.5107814217729851336
1.1066066066069999430, 1.5924801638221852684
1.1091091091089999576, 1.0967039337675923427
1.1116116116120000612, 0.8005565917093871997
1.1141141141140000759, 0.6101572424708449072
1.1166166166169999574, 0.4807591775414062907
1.1191191191189999721, 0.3889338625392062543
1.1216216216220000756, 0.3214819915088067415
1.1241241241240000903, 0.2705187042491436489
1.1266266266269999718, 0.2311031300740127858
1.1291291291289999865, 0.2000136703103174429
1.1316316316320000901, 0.1750781256596828372
1.1341341341340001048, 0.1547893015623129642
1.1366366366369999863, 0.1380752209801413277
1.1391391391390000010, 0.1241568261452553612
1.1416416416420001045, 0.1124571071051630178
1.1441441441439998972, 0.1025414815260156237
1.1466466466470000007, 0.0940777306733271285
1.1491491491490000154, 0.0868084963341252402
1.1516516516519998969, 0.0805320360764926191
1.1541541541539999116, 0.0750885233461294072
1.1566566566570000152, 0.0703501420635437857
1.1591591591590000299, 0.0662138233907989676
1.1616616616619999114, 0.0625958518350230031
1.1641641641639999261, 0.0594278135478544522
1.1666666666670000296, 0.0566535216896940919
1.1691691691690000443, 0.0542266623847936155
1.1716716716719999258, 0.0521089788295826598
1.1741741741739999405, 0.0502688623223156300
1.1766766766770000441, 0.0486802549102007265
1.1791791791790000588, 0.0473217939208864027
1.1816816816819999403, 0.0461761471157840567
1.1841841841839999550, 0.0452295007646912259
1.1866866866870000585, 0.0444711730948344902
1.1891891891890000732, 0.0438933333609278845
1.1916916916919999547, 0.0434908129681685213
1.1941941941939999694, 0.0432610002177150274
1.1966966966970000730, 0.0432038147759372312
1.1991991991990000876, 0.0433217622722568974
1.2017017017019999692, 0.0436200738641726177
1.2042042042039999838, 0.0441069405541816284
1.2067067067070000874, 0.0447938579551550586
1.2092092092090001021, 0.0456961046635974144
1.2117117117119999836, 0.0468333872161965023
1.2142142142139999983, 0.0482306979190502069
1.2167167167170001019, 0.0499194503333320674
1.2192192192189998945, 0.0519389834045322074
1.2217217217219999981, 0.0543385630103458833
1.2242242242240000127, 0.0571800651258920489
1.2267267267269998943, 0.0605416074905538032
1.2292292292289999089, 0.0645225222247101382
1.2317317317320000125, 0.0692502561555053409
1.2342342342340000272, 0.0748900924991155875
1.2367367367369999087, 0.0816590831289164959
1.2392392392389999234, 0.0898464007387382163
1.2417417417420000270, 0.0998437144185352621
1.2442442442440000416, 0.1121916347941170067
1.2467467467469999232, 0.1276527010221105707
1.2492492492489999378, 0.1473297132472183024
1.2517517517520000414, 0.1728645899819864495
1.2542542542540000561, 0.2067867586106905409
1.2567567567569999376, 0.2531541193313186500
1.2592592592589999523, 0.3188029897383315436
1.2617617617620000559, 0.4159634891922467936
1.2642642642640000705, 0.5682278900777854025
1.2667667667669999521, 0.8257389137764337139
1.2692692692689999667, 1.3096205086675039020
1.2717717717720000703, 2.3670887256444332891
1.2742742742740000850, 5.2207709413661840259
1.2767767767769999665, 13.6056715814244988394
1.2792792792789999812, 14.3434716149923566775
1.2817817817820000847, 5.5484273495686462496
1.2842842842840000994, 2.4774513980754822029
1.2867867867869999809, 1.3567334022382100400
1.2892892892889999956, 0.8502698025161119499
1.2917917917920000992, 0.5831615338605014021
1.2942942942939998918, 0.4263191783826623116
1.2967967967969999954, 0.3268271196910284560
1.2992992992990000101, 0.2599725412344890962
1.3018018018019998916, 0.2130179902722393048
1.3043043043039999063, 0.1788765587864949991
1.3068068068070000098, 0.1533580866493576556
1.3093093093090000245, 0.1338598802868068149
1.3118118118119999060, 0.1186981890003155349
1.3143143143139999207, 0.1067461483312582976
1.3168168168170000243, 0.0972277755267287880
1.3193193193190000390, 0.0895957392900052496
1.3218218218219999205, 0.0834561835129108143
1.3243243243239999352, 0.0785210369414219428
1.3268268268270000387, 0.0745769408070436762
1.3293293293290000534, 0.0714645367529946340
1.3318318318319999349, 0.0690643964338298888
1.3343343343339999496, 0.0672873213835284145
1.3368368368370000532, 0.0660675927203747959
1.3393393393390000679, 0.0653582653432786542
1.3418418418419999494, 0.0651279219860035063
1.3443443443439999641, 0.0653585082315127075
1.3468468468470000676, 0.0660440063158720531
1.3493493493490000823, 0.0671898008187896689
1.3518518518519999638, 0.0688126604162673655
1.3543543543539999785, 0.0709413183586705132
1.3568568568570000821, 0.0736176889458761419
1.3593593593590000967, 0.0768988157165019226
1.3618618618619999783, 0.0808597176446997773
1.3643643643639999929, 0.0855973929095053820
1.3668668668670000965, 0.0912363708848987209
1.3693693693689998891, 0.0979363951163375601
1.3718718718719999927, 0.1059031105049120514
1.3743743743740000074, 0.1154030786143293574
1.3768768768770001110, 0.1267851616008474624
1.3793793793789999036, 0.1405114831208533199
1.3818818818820000072, 0.1572031285503063258
1.3843843843840000218, 0.1777091112001433215
1.3868868868869999034, 0.2032131109516367717
1.3893893893889999180, 0.2354035053544694944
1.3918918918920000216, 0.2767533323409874235
1.3943943943940000363, 0.3309992271597849700
1.3968968968969999178, 0.4039981538216728119
1.3993993993989999325, 0.5053429619249226734
1.4019019019020000361, 0.6516077628045748860
1.4044044044040000507, 0.8733898254568904784
1.4069069069069999323, 1.2321253722521983143
1.4094094094089999469, 1.8654285683316045308
1.4119119119120000505, 3.1299250898966386458
1.4144144144140000652, 6.1454644271386094090
1.4169169169169999467, 15.0804609203451942534
1.4194194194189999614, 32.6893339212343931877
1.4219219219220000650, 17.9603305796561159013
1.4244244244240000796, 7.0668456221040454324
1.4269269269269999612, 3.4740560006000245075
1.4294294294289999758, 2.0228908513199086450
1.4319319319320000794, 1.3149094576926321221
1.4344344344340000941, 0.9210057894796759292
1.4369369369369999756, 0.6805204236772581794
1.4394394394389999903, 0.5233241828692465347
1.4419419419420000938, 0.4150793966653844591
1.4444444444440001085, 0.3374294758132607708
1.4469469469469999900, 0.2798603707254160300
1.4494494494490000047, 0.2360065083747186210
1.4519519519520001083, 0.2018344709961806538
1.4544544544539999009, 0.1746895794518404377
1.4569569569570000045, 0.1527674422179297054
1.4594594594590000192, 0.1348072743383098848
1.4619619619619999007, 0.1199067800419283958
1.4644644644639999154, 0.1074065458548967705
1.4669669669670000189, 0.0968156651116735545
1.4694694694690000336, 0.0877626187499210841
1.4719719719719999151, 0.0799620727136085147
1.4744744744739999298, 0.0731919629866869120
1.4769769769770000334, 0.0672773823688467831
1.4794794794790000481, 0.0620790570246404702
1.4819819819819999296, 0.0574849779854397225
1.4844844844839999443, 0.0534042381276189637
1.4869869869870000478, 0.0497624347860974800
1.4894894894890000625, 0.0464981995821923746
1.4919919919919999440, 0.0435605504269971910
1.4944944944939999587, 0.0409068504495895546
1.4969969969970000623, 0.0385012199637782132
1.4994994994990000770, 0.0363132901179581066
1.5020020020019999585, 0.0343172167366047748
1.5045045045050000621, 0.0324908940873912255
1.5070070070070000767, 0.0308153235653435900
1.5095095095099999583, 0.0292741033696978410
1.5120120120119999729, 0.0278530133819543044
1.5145145145150000765, 0.0265396754768729738
1.5170170170170000912, 0.0253232739983677048
1.5195195195199999727, 0.0241943245224938847
1.5220220220219999874, 0.0231444816038585029
1.5245245245250000909, 0.0221663781707400961
1.5270270270270001056, 0.0212534907509005777
1.5295295295299999871, 0.0204000258861740530
1.5320320320320000018, 0.0196008240116866406
1.5345345345350001054, 0.0188512777960917408
1.5370370370369998980, 0.0181472625081018149
1.5395395395400000016, 0.0174850764262601717
1.5420420420420000163, 0.0168613896693492749
1.5445445445449998978, 0.0162732001139255268
1.5470470470469999125, 0.0157177952984608772
1.5495495495500000160, 0.0151927194021819548
1.5520520520520000307, 0.0146957445400707019
1.5545545545549999122, 0.0142248457407276128
1.5570570570569999269, 0.0137781790764688016
1.5595595595600000305, 0.0133540624995409120
1.5620620620620000452, 0.0129509590081441882
1.5645645645649999267, 0.0125674618238367976
1.5670670670669999414, 0.0122022813100478786
1.5695695695700000449, 0.0118542334016191950
1.5720720720720000596, 0.0115222293489604371
1.5745745745749999411, 0.0112052666086754713
1.5770770770769999558, 0.0109024207363413415
1.5795795795800000594, 0.0106128381572538309
1.5820820820820000741, 0.0103357297080074739
1.5845845845849999556, 0.0100703648562748896
1.5870870870869999703, 0.0098160665184934149
1.5895895895900000738, 0.0095722064057123402
1.5920920920920000885, 0.0093382008368821223
1.5945945945949999700, 0.0091135069666116852
1.5970970970969999847, 0.0088976193810868069
1.5995995996000000883, 0.0086900670215850784
1.6021021021020001029, 0.0084904103999874289
1.6046046046049999845, 0.0082982390749843232
1.6071071071069999991, 0.0081131693614011624
1.6096096096100001027, 0.0079348422483112857
1.6121121121119998953, 0.0077629215044260971
1.6146146146149999989, 0.0075970919517164785
1.6171171171170000136, 0.0074370578903734386
1.6196196196199998951, 0.0072825416601023235
1.6221221221219999098, 0.0071332823244001971
1.6246246246250000134, 0.0069890344659204757
1.6271271271270000280, 0.0068495670823096010
1.6296296296299999096, 0.0067146625730295133
1.6321321321319999242, 0.0065841158086767538
1.6346346346350000278, 0.0064577332751911496
1.6371371371370000425, 0.0063353322861280240
1.6396396396399999240, 0.0062167402568610083
1.6421421421419999387, 0.0061017940351982001
1.6446446446450000423, 0.0059903392834419998
1.6471471471470000569, 0.0058822299074109321
1.6496496496499999385, 0.0057773275283769087
1.6521521521519999531, 0.0056755009942601039
1.6546546546550000567, 0.0055766259267712301
1.6571571571570000714, 0.0054805843015022322
1.6596596596599999529, 0.0053872640582455240
1.6621621621619999676, 0.0052965587390722659
1.6646646646650000712, 0.0052083671519253501
1.6671671671670000858, 0.0051225930576851431
1.6696696696699999674, 0.0050391448788484668
1.6721721721719999820, 0.0049579354281257043
1.6746746746750000856, 0.0048788816554093083
1.6771771771770001003, 0.0048019044117011142
1.6796796796799999818, 0.0047269282287071132
1.6821821821819999965, 0.0046538811129181812
1.6846846846850001000, 0.0045826943530947531
1.6871871871869998927, 0.0045133023401637152
1.6896896896899999962, 0.0044456423986177895
1.6921921921920000109, 0.0043796546285821405
1.6946946946949998924, 0.0043152817577807485
1.6971971971969999071, 0.0042524690026968116
1.6996996997000000107, 0.0041911639382776278
1.7022022022020000254, 0.0041313163755857642
1.7047047047049999069, 0.0040728782468451123
1.7072072072069999216, 0.0040158034973732173
1.7097097097100000251, 0.0039600479839303915
1.7122122122120000398, 0.0039055693790519307
1.7147147147149999213, 0.0038523270809625210
1.7172172172169999360, 0.0038002821287019973
1.7197197197200000396, 0.0037493971221191549
1.7222222222220000543, 0.0036996361464156492
1.7247247247249999358, 0.0036509647009452281
1.7272272272269999505, 0.0036033496319949404
1.7297297297300000540, 0.0035567590692946040
1.7322322322320000687, 0.0035111623660189122
1.7347347347349999502, 0.0034665300420632416
1.7372372372369999649, 0.0034228337303895849
1.7397397397400000685, 0.0033800461262531918
1.7422422422420000832, 0.0033381409391336253
1.7447447447449999647, 0.0032970928472059904
1.7472472472469999794, 0.0032568774541992776
1.7497497497500000829, 0.0032174712484991054
1.7522522522520000976, 0.0031788515643616849
1.7547547547549999791, 0.0031409965451147082
1.7572572572569999938, 0.0031038851082290332
1.7597597597600000974, 0.0030674969121526783
1.7622622622619998900, 0.0030318123248056590
1.7647647647649999936, 0.0029968123936407716
1.7672672672670000082, 0.0029624788171814893
1.7697697697699998898, 0.0029287939179538061
1.7722722722719999044, 0.0028957406167340848
1.7747747747750000080, 0.0028633024080398834
1.7772772772770000227, 0.0028314633367952590
1.7797797797799999042, 0.0028002079761062864
1.7822822822819999189, 0.0027695214060864783
1.7847847847850000225, 0.0027393891936754533
1.7872872872870000371, 0.0027097973733976590
1.7897897897899999187, 0.0026807324290111117
1.7922922922919999333, 0.0026521812759991324
1.7947947947950000369, 0.0026241312448608486
1.7972972972970000516, 0.0025965700651588040
1.7997997997999999331, 0.0025694858502844950
1.8023023023019999478, 0.0025428670829049050
1.8048048048050000514, 0.0025167026010552425
1.8073073073070000660, 0.0024909815848450922
1.8098098098099999476, 0.0024656935437470506
1.8123123123119999622, 0.0024408283044386712
1.8148148148150000658, 0.0024163759991701807
1.8173173173170000805, 0.0023923270546319713
1.8198198198199999620, 0.0023686721812973153
1.8223223223219999767, 0.0023454023632171047
1.8248248248250000803, 0.0023225088482446885
1.8273273273270000949, 0.0022999831386700739
1.8298298298299999765, 0.0022778169822438884
1.8323323323319999911, 0.0022560023635725336
1.8348348348350000947, 0.0022345314958669912
1.8373373373370001094, 0.0022133968130286334
1.8398398398399999909, 0.0021925909620562974
1.8423423423420000056, 0.0021721067957596960
1.8448448448450001091, 0.0021519373657650324
1.8473473473469999018, 0.0021320759157993897
1.8498498498500000053, 0.0021125158752411952
1.8523523523520000200, 0.0020932508529246867
1.8548548548549999015, 0.0020742746311869210
1.8573573573569999162, 0.0020555811601464754
1.8598598598600000198, 0.0020371645522034958
1.8623623623620000345, 0.0020190190767512988
1.8648648648649999160, 0.0020011391550902140
1.8673673673669999307, 0.0019835193555347956
1.8698698698700000342, 0.0019661543887059974
1.8723723723720000489, 0.0019490391030002993
1.8748748748749999304, 0.0019321684802281645
1.8773773773769999451, 0.0019155376314145816
1.8798798798800000487, 0.0018991417927547920
1.8823823823820000634, 0.0018829763217186350
1.8848848848849999449, 0.0018670366932972454
1.8873873873869999596, 0.0018513184963861536
1.8898898898900000631, 0.0018358174302991065
1.8923923923920000778, 0.0018205293014071904
1.8948948948949999593, 0.0018054500198980972
1.8973973973969999740, 0.0017905755966506186
1.8998998999000000776, 0.0017759021402196625
1.9024024024020000923, 0.0017614258539273195
1.9049049049049999738, 0.0017471430330557006
1.9074074074069999885, 0.0017330500621374643
1.9099099099100000920, 0.0017191434123401419
1.9124124124120001067, 0.0017054196389405280
1.9149149149149999882, 0.0016918753788855933
1.9174174174170000029, 0.0016785073484365076
1.9199199199200001065, 0.0016653123408925390
1.9224224224219998991, 0.0016522872243917145
1.9249249249250000027, 0.0016394289397852790
1.9274274274270000173, 0.0016267344985831096
1.9299299299299998989, 0.0016142009809673710
1.9324324324319999135, 0.0016018255338718116
1.9349349349350000171, 0.0015896053691242112
1.9374374374370000318, 0.0015775377616495995
1.9399399399399999133, 0.0015656200477319701
1.9424424424419999280, 0.0015538496233322909
1.9449449449450000316, 0.0015422239424607376
1.9474474474470000462, 0.0015307405156011326
1.9499499499499999278, 0.0015193969081856717
1.9524524524519999424, 0.0015081907391180966
1.9549549549550000460, 0.0014971196793435500
1.9574574574570000607, 0.0014861814504634175
1.9599599599599999422, 0.0014753738233935329
1.9624624624619999569, 0.0014646946170641876
1.9649649649650000605, 0.0014541416971604565
1.9674674674670000751, 0.0014437129749013920
1.9699699699699999567, 0.0014334064058567244
1.9724724724719999713, 0.0014232199887997373
1.9749749749750000749, 0.0014131517645950475
1.9774774774770000896, 0.0014031998151200781
1.9799799799799999711, 0.0013933622622190472
1.9824824824819999858, 0.0013836372666883420
1.9849849849850000894, 0.0013740230272922148
1.9874874874870001040, 0.0013645177798077362
1.9899899899899999856, 0.0013551197960980305
1.9924924924920000002, 0.0013458273832128119
1.9949949949950001038, 0.0013366388825153161
1.9974974974969998964, 0.0013275526688347199
2.0000000000000000000, 0.0013185671496432085
