# Delta1: 0.46
# Delta2: 1.17
# Delta3: 1.34
# Dq: 0.08800000000000002
# Ds: -0.09000000000000001
# Dt: -0.01999999999999998
# k1_lab: [1, 0, 0]
# k2_lab: [-0.8660254037844387, 0.49999999999999994, 0.0]
# k1_cf: [-0.35355339059327373, -0.35355339059327373, -0.8660254037844387]
# k2_cf: [0.0, 0.0, 1.0]
# pol1_lab: [(0, 1, 0), (0, 0, 1)]
# pol2_lab: "[array([-0.5      , -0.8660254,  0.       ]), array([0., 0., 1.])]"
# pol1_cf: "[array([-0.61237244, -0.61237244,  0.5       ]), array([-0.70710678,  0.70710678,  0.        ])]"
# pol2_cf: "[array([0.70710678, 0.70710678, 0.        ]), array([-0.70710678,  0.70710678,  0.        ])]"
# cf: "[array([-0.35355339, -0.61237244, -0.70710678]), array([-0.35355339, -0.61237244,  0.70710678]), array([-0.8660254,  0.5      ,  0.       ])]"
# th: 150
-0.5000000000000000000, 0.0012424193117681790
-0.4974974974974999964, 0.0012512428524202959
-0.4949949949949999928, 0.0012601755127041570
-0.4924924924924999892, 0.0012692192753558690
-0.4899899899899999856, 0.0012783761708458044
-0.4874874874874999819, 0.0012876482788056159
-0.4849849849849999783, 0.0012970377295060480
-0.4824824824824999747, 0.0013065467053876519
-0.4799799799800000266, 0.0013161774426466021
-0.4774774774775000230, 0.0013259322328778970
-0.4749749749750000194, 0.0013358134247783561
-0.4724724724725000158, 0.0013458234259119441
-0.4699699699700000122, 0.0013559647045400334
-0.4674674674675000086, 0.0013662397915194080
-0.4649649649650000049, 0.0013766512822708755
-0.4624624624625000013, 0.0013872018388215589
-0.4599599599599999977, 0.0013978941919240342
-0.4574574574574999941, 0.0014087311432556785
-0.4549549549549999905, 0.0014197155677017374
-0.4524524524524999869, 0.0014308504157257902
-0.4499499499499000077, 0.0014421387158314995
-0.4474474474474000041, 0.0014535835771197067
-0.4449449449449000005, 0.0014651881919451374
-0.4424424424423999969, 0.0014769558386772260
-0.4399399399398999932, 0.0014888898845697594
-0.4374374374373999896, 0.0015009937887443150
-0.4349349349348999860, 0.0015132711052927095
-0.4324324324323999824, 0.0015257254865039499
-0.4299299299298999788, 0.0015383606862214654
-0.4274274274273999752, 0.0015511805633367055
-0.4249249249249000271, 0.0015641890854255049
-0.4224224224224000235, 0.0015773903325339766
-0.4199199199199000199, 0.0015907885011210224
-0.4174174174174000163, 0.0016043879081649726
-0.4149149149149000126, 0.0016181929954422469
-0.4124124124124000090, 0.0016322083339863650
-0.4099099099099000054, 0.0016464386287361075
-0.4074074074074000018, 0.0016608887233820896
-0.4049049049048999982, 0.0016755636054215529
-0.4024024024023999946, 0.0016904684114317039
-0.3998998998998999910, 0.0017056084325725366
-0.3973973973973999874, 0.0017209891203306656
-0.3948948948948999838, 0.0017366160925163865
-0.3923923923923999801, 0.0017524951395268590
-0.3898898898898999765, 0.0017686322308890655
-0.3873873873873999729, 0.0017850335220969860
-0.3848848848849000248, 0.0018017053617582798
-0.3823823823824000212, 0.0018186542990666688
-0.3798798798799000176, 0.0018358870916171731
-0.3773773773774000140, 0.0018534107135823735
-0.3748748748749000104, 0.0018712323642689815
-0.3723723723724000068, 0.0018893594770751469
-0.3698698698699000031, 0.0019077997288701955
-0.3673673673673999995, 0.0019265610498198095
-0.3648648648648999959, 0.0019456516336810985
-0.3623623623623999923, 0.0019650799485935086
-0.3598598598598999887, 0.0019848547483931863
-0.3573573573573999851, 0.0020049850844801034
-0.3548548548548999815, 0.0020254803182691568
-0.3523523523523999779, 0.0020463501342584366
-0.3498498498497999987, 0.0020676045537499988
-0.3473473473472999951, 0.0020892539492607799
-0.3448448448447999914, 0.0021113090596637544
-0.3423423423422999878, 0.0021337810061020689
-0.3398398398397999842, 0.0021566813087217414
-0.3373373373372999806, 0.0021800219042715603
-0.3348348348347999770, 0.0022038151646220920
-0.3323323323322999734, 0.0022280739162592322
-0.3298298298298000253, 0.0022528114608115421
-0.3273273273273000217, 0.0022780415966746864
-0.3248248248248000181, 0.0023037786418007113
-0.3223223223223000145, 0.0023300374577245953
-0.3198198198198000108, 0.0023568334749057072
-0.3173173173173000072, 0.0023841827194672422
-0.3148148148148000036, 0.0024121018414227325
-0.3123123123123000000, 0.0024406081444851482
-0.3098098098097999964, 0.0024697196175610470
-0.3073073073072999928, 0.0024994549680398119
-0.3048048048047999892, 0.0025298336569961584
-0.3023023023022999856, 0.0025608759364328586
-0.2997997997997999819, 0.0025926028887003384
-0.2972972972972999783, 0.0026250364682400334
-0.2947947947947999747, 0.0026581995458097628
-0.2922922922923000266, 0.0026921159553615864
-0.2897897897898000230, 0.0027268105437558525
-0.2872872872873000194, 0.0027623092235096978
-0.2847847847848000158, 0.0027986390287939090
-0.2822822822823000122, 0.0028358281749091977
-0.2797797797798000086, 0.0028739061214917102
-0.2772772772773000050, 0.0029129036397177637
-0.2747747747748000013, 0.0029528528838002549
-0.2722722722722999977, 0.0029937874670932624
-0.2697697697697999941, 0.0030357425431480163
-0.2672672672672999905, 0.0030787548920924307
-0.2647647647647999869, 0.0031228630127381231
-0.2622622622622999833, 0.0031681072208537379
-0.2597597597597999797, 0.0032145297540815852
-0.2572572572572999761, 0.0032621748840164859
-0.2547547547547999724, 0.0033110890360119084
-0.2522522522523000243, 0.0033613209173289915
-0.2497497497496999896, 0.0034129216542999642
-0.2472472472472000138, 0.0034659449392387869
-0.2447447447447000102, 0.0035204471878996649
-0.2422422422422000066, 0.0035764877083588296
-0.2397397397397000030, 0.0036341288822775925
-0.2372372372371999993, 0.0036934363595960452
-0.2347347347346999957, 0.0037544792678080264
-0.2322322322321999921, 0.0038173304370799359
-0.2297297297296999885, 0.0038820666426005205
-0.2272272272272000126, 0.0039487688656868192
-0.2247247247247000090, 0.0040175225753251043
-0.2222222222222000054, 0.0040884180319966682
-0.2197197197197000018, 0.0041615506158288653
-0.2172172172171999982, 0.0042370211813244811
-0.2147147147146999946, 0.0043149364411600799
-0.2122122122121999910, 0.0043954093818096805
-0.2097097097096999874, 0.0044785597140477367
-0.2072072072072000115, 0.0045645143617191386
-0.2047047047047000079, 0.0046534079925387361
-0.2022022022022000043, 0.0047453835951042390
-0.1996996996997000007, 0.0048405931067809233
-0.1971971971971999971, 0.0049391980976515940
-0.1946946946946999935, 0.0050413705163295016
-0.1921921921921999898, 0.0051472935041152754
-0.1896896896896999862, 0.0052571622847529973
-0.1871871871872000104, 0.0053711851379186406
-0.1846846846847000068, 0.0054895844655720189
-0.1821821821822000032, 0.0056125979614390434
-0.1796796796796999995, 0.0057404798951860864
-0.1771771771771999959, 0.0058735025243271000
-0.1746746746746999923, 0.0060119576485963624
-0.1721721721721999887, 0.0061561583234593532
-0.1696696696697000128, 0.0063064407516619132
-0.1671671671672000092, 0.0064631663742810916
-0.1646646646647000056, 0.0066267241856965619
-0.1621621621622000020, 0.0067975333003160096
-0.1596596596596999984, 0.0069760458028413587
-0.1571571571571999948, 0.0071627499184499926
-0.1546546546546999912, 0.0073581735446001002
-0.1521521521521999876, 0.0075628881923873251
-0.1496496496496000084, 0.0077775133926463874
-0.1471471471471000048, 0.0080027216305013846
-0.1446446446446000011, 0.0082392438820627564
-0.1421421421420999975, 0.0084878758387356631
-0.1396396396395999939, 0.0087494849184956720
-0.1371371371370999903, 0.0090250181799346376
-0.1346346346345999867, 0.0093155112744061838
-0.1321321321321000108, 0.0096220985948559795
-0.1296296296296000072, 0.0099460248077031382
-0.1271271271271000036, 0.0102886579874340526
-0.1246246246246000000, 0.0106515046136076603
-0.1221221221220999964, 0.0110362267382826604
-0.1196196196196000067, 0.0114446616903838543
-0.1171171171171000031, 0.0118788447546438452
-0.1146146146145999994, 0.0123410353495425722
-0.1121121121120999958, 0.0128337473350032538
-0.1096096096096000061, 0.0133597842114438897
-0.1071071071071000025, 0.0139222801334832908
-0.1046046046045999989, 0.0145247478623607255
-0.1021021021020999953, 0.0151711350315775016
-0.0995995995996000055, 0.0158658904142788132
-0.0970970970971000019, 0.0166140422766638020
-0.0945945945945900063, 0.0174212914032756648
-0.0920920920920900027, 0.0182941220193374721
-0.0895895895895899991, 0.0192399346551348563
-0.0870870870870899955, 0.0202672060554868749
-0.0845845845845799998, 0.0213856826119708764
-0.0820820820820799962, 0.0226066155941447161
-0.0795795795795800065, 0.0239430488268875044
-0.0770770770770800029, 0.0254101726109550868
-0.0745745745745699934, 0.0270257619039747862
-0.0720720720720700037, 0.0288107224831491288
-0.0695695695695700000, 0.0307897765934614827
-0.0670670670670699964, 0.0329923303102540658
-0.0645645645645600008, 0.0354535797837766675
-0.0620620620620599972, 0.0382159345798066957
-0.0595595595595600005, 0.0413308663465017101
-0.0570570570570599969, 0.0448613344116521248
-0.0545545545545500013, 0.0488850034837716788
-0.0520520520520499977, 0.0534985632324310109
-0.0495495495495500010, 0.0588236026576059792
-0.0470470470470499974, 0.0650147126570293638
-0.0445445445445400018, 0.0722708366222183374
-0.0420420420420399982, 0.0808514449987757927
-0.0395395395395400015, 0.0911000238713214894
-0.0370370370370399979, 0.1034789102068922884
-0.0345345345345300023, 0.1186221865338115827
-0.0320320320320299987, 0.1374181590177720180
-0.0295295295295299985, 0.1611419032877185742
-0.0270270270270299984, 0.1916757623597443450
-0.0245245245245199993, 0.2318911263644625187
-0.0220220220220199991, 0.2863411406528816872
-0.0195195195195199990, 0.3625893063628264357
-0.0170170170170199989, 0.4739338377178877737
-0.0145145145145099998, 0.6454708593284884666
-0.0120120120120099996, 0.9290426168993632938
-0.0095095095095099995, 1.4452222431569694550
-0.0070070070070070000, 2.5226297080307706899
-0.0045045045045049997, 5.2580106758059823591
-0.0020020020020019998, 13.6000171560592235664
0.0005005005005005000, 21.4598229258715242906
0.0030030030030029999, 9.1382405046663919279
0.0055055055055059999, 3.8177741740058852571
0.0080080080080079993, 1.9845945106681366354
0.0105105105105099995, 1.1977319629737577245
0.0130130130130099997, 0.7971221465047271248
0.0155155155155200005, 0.5675289145476763997
0.0180180180180199989, 0.4243348176507496516
0.0205205205205199991, 0.3292344645798956360
0.0230230230230199992, 0.2629475725668071195
0.0255255255255299983, 0.2149433772397442710
0.0280280280280299984, 0.1790859881268359322
0.0305305305305299986, 0.1516083026357387398
0.0330330330330299987, 0.1300955715013475122
0.0355355355355400013, 0.1129429040504654064
0.0380380380380399979, 0.0990503444031898272
0.0405405405405400016, 0.0876437909476053684
0.0430430430430399982, 0.0781657845934132928
0.0455455455455500008, 0.0702066926540931696
0.0480480480480499975, 0.0634600868811345947
0.0505505505505500011, 0.0576930684182855660
0.0530530530530499977, 0.0527260838885067334
0.0555555555555600003, 0.0484189176536514027
0.0580580580580599970, 0.0446607923987203115
0.0605605605605600006, 0.0413632572672421456
0.0630630630630600042, 0.0384550017147647361
0.0655655655655699998, 0.0358780216850075745
0.0680680680680700034, 0.0335847497933611933
0.0705705705705699932, 0.0315358822357763718
0.0730730730730699968, 0.0296987156805527189
0.0755755755755800063, 0.0280458618599355863
0.0780780780780799960, 0.0265542449522910735
0.0805805805805799996, 0.0252043128486049914
0.0830830830830800032, 0.0239794117209240938
0.0855855855855899988, 0.0228652863772645792
0.0880880880880900025, 0.0218496783096529465
0.0905905905905900061, 0.0209220002069537489
0.0930930930930899958, 0.0200730707549943085
0.0955955955956000053, 0.0192948972968383370
0.0980980980980999950, 0.0185804967348951675
0.1006006006005999986, 0.0179237471774452185
0.1031031031031000023, 0.0173192644459815373
0.1056056056056000059, 0.0167622987967264436
0.1081081081080999956, 0.0162486481643566022
0.1106106106105999992, 0.0157745849776274594
0.1131131131131000028, 0.0153367941763608504
0.1156156156156000064, 0.0149323205151803383
0.1181181181180999962, 0.0145585235999370465
0.1206206206205999998, 0.0142130393894540855
0.1231231231231000034, 0.0138937471243417328
0.1256256256256000070, 0.0135987408286612332
0.1281281281281000106, 0.0133263046787169635
0.1306306306305999865, 0.0130748916536357097
0.1331331331330999901, 0.0128431049803971065
0.1356356356355999937, 0.0126296819661029357
0.1381381381380999973, 0.0124334798760396843
0.1406406406406000009, 0.0122534635702801070
0.1431431431431000045, 0.0120886946563884441
0.1456456456456000081, 0.0119383219529948272
0.1481481481481000118, 0.0118015730899891959
0.1506506506506999910, 0.0116777470969790173
0.1531531531531999946, 0.0115662078533651999
0.1556556556556999982, 0.0114663782916505329
0.1581581581582000018, 0.0113777352610006446
0.1606606606607000054, 0.0112998049711135803
0.1631631631632000090, 0.0112321589475191993
0.1656656656657000126, 0.0111744104388472598
0.1681681681681999885, 0.0111262112246437901
0.1706706706706999921, 0.0110872487791988938
0.1731731731731999957, 0.0110572437527599737
0.1756756756756999993, 0.0110359477365947790
0.1781781781782000029, 0.0110231412827659150
0.1806806806807000065, 0.0110186321532887606
0.1831831831832000101, 0.0110222537766578310
0.1856856856857000138, 0.0110338638926169193
0.1881881881881999896, 0.0110533433685800139
0.1906906906906999932, 0.0110805951733364202
0.1931931931931999968, 0.0111155434956406174
0.1956956956957000004, 0.0111581329970339670
0.1981981981982000041, 0.0112083281898057354
0.2007007007007000077, 0.0112661129324026672
0.2032032032032000113, 0.0113314900358663859
0.2057057057056999871, 0.0114044809760362360
0.2082082082081999908, 0.0114851257073228172
0.2107107107106999944, 0.0115734825748505209
0.2132132132131999980, 0.0116696283227015266
0.2157157157157000016, 0.0117736581968835539
0.2182182182182000052, 0.0118856861425012447
0.2207207207207000088, 0.0120058450954491774
0.2232232232232000124, 0.0121342873697749855
0.2257257257256999883, 0.0122711851426941191
0.2282282282281999919, 0.0124167310400860650
0.2307307307306999955, 0.0125711388261754951
0.2332332332331999991, 0.0127346442020129652
0.2357357357357000027, 0.0129075057183308979
0.2382382382382000063, 0.0130900058093736376
0.2407407407407000099, 0.0132824519554009951
0.2432432432432000136, 0.0134851779827563651
0.2457457457456999894, 0.0136985455116914630
0.2482482482481999930, 0.0139229455635689059
0.2507507507508000000, 0.0141588003406404647
0.2532532532533000036, 0.0144065651933507274
0.2557557557558000072, 0.0146667307920654438
0.2582582582583000108, 0.0149398255223072117
0.2607607607608000144, 0.0152264181250303908
0.2632632632633000180, 0.0155271206062252472
0.2657657657658000216, 0.0158425914432571389
0.2682682682683000253, 0.0161735391188719199
0.2707707707707999734, 0.0165207260178032861
0.2732732732732999770, 0.0168849727254717537
0.2757757757757999806, 0.0172671627734590598
0.2782782782782999842, 0.0176682478823801323
0.2807807807807999878, 0.0180892537595739519
0.2832832832832999914, 0.0185312865168440026
0.2857857857857999950, 0.0189955397824614347
0.2882882882882999986, 0.0194833025920019692
0.2907907907908000023, 0.0199959681545599649
0.2932932932933000059, 0.0205350436047459090
0.2957957957958000095, 0.0211021608669726898
0.2982982982983000131, 0.0216990887772657015
0.3008008008008000167, 0.0223277466296805047
0.3033033033033000203, 0.0229902193399626475
0.3058058058058000239, 0.0236887744490325604
0.3083083083083000275, 0.0244258812240839979
0.3108108108107999756, 0.0252042321565713739
0.3133133133132999792, 0.0260267672053893263
0.3158158158157999829, 0.0268967011916587534
0.3183183183182999865, 0.0278175548206013486
0.3208208208207999901, 0.0287931898883407901
0.3233233233232999937, 0.0298278493299702560
0.3258258258257999973, 0.0309262028834264048
0.3283283283283000009, 0.0320933992860397976
0.3308308308308000045, 0.0333351260926041740
0.3333333333333000081, 0.0346576784123805090
0.3358358358358000118, 0.0360680381163545546
0.3383383383383000154, 0.0375739653763961720
0.3408408408408000190, 0.0391841047788206998
0.3433433433433000226, 0.0409081087242535238
0.3458458458458000262, 0.0427567814068552099
0.3483483483482999743, 0.0447422473888168179
0.3508508508509000090, 0.0468781496895540398
0.3533533533534000126, 0.0491798834441357149
0.3558558558559000162, 0.0516648726191548877
0.3583583583584000198, 0.0543528990952209801
0.3608608608609000235, 0.0572664957517129633
0.3633633633634000271, 0.0604314181801394457
0.3658658658658999752, 0.0638772135220528059
0.3683683683683999788, 0.0676379099685493756
0.3708708708708999824, 0.0717528570731419263
0.3733733733733999860, 0.0762677557756902408
0.3758758758758999896, 0.0812359286922326174
0.3783783783783999932, 0.0867198968960905953
0.3808808808808999968, 0.0927933506727467161
0.3833833833834000004, 0.0995436308452937874
0.3858858858859000041, 0.1070748775537784525
0.3883883883884000077, 0.1155120597314064357
0.3908908908909000113, 0.1250061782950096512
0.3933933933934000149, 0.1357410504117494421
0.3958958958959000185, 0.1479422483293484358
0.3983983983984000221, 0.1618890111541907428
0.4009009009009000257, 0.1779303147164385257
0.4034034034033999738, 0.1965068433822880212
0.4059059059058999774, 0.2181814748387015390
0.4084084084083999810, 0.2436822624439504426
0.4109109109108999847, 0.2739641246063878599
0.4134134134133999883, 0.3102991443723123743
0.4159159159158999919, 0.3544116845798452875
0.4184184184183999955, 0.4086856092687301545
0.4209209209208999991, 0.4764910788892974258
0.4234234234234000027, 0.5627165581080406653
0.4259259259259000063, 0.6746671381324638173
0.4284284284284000099, 0.8236472076297202127
0.4309309309309000136, 1.0278916258699530850
0.4334334334334000172, 1.3183275795368192274
0.4359359359359000208, 1.7507487140757556077
0.4384384384384000244, 2.4339357178484584132
0.4409409409408999725, 3.6023285549865189381
0.4434434434433999761, 5.8328637774494982438
0.4459459459458999797, 10.8204635521032983547
0.4484484484483999833, 24.6644403070297926206
0.4509509509510000180, 63.1471201166119442405
0.4534534534535000216, 54.6465764104385911537
0.4559559559560000253, 20.8621543361115655557
0.4584584584584999734, 9.5482510765914732076
0.4609609609609999770, 5.3000531230198202337
0.4634634634634999806, 3.3361084865135857136
0.4659659659659999842, 2.2835123598849200732
0.4684684684684999878, 1.6579458052389388634
0.4709709709709999914, 1.2572127628624039097
0.4734734734734999950, 0.9855759556927294884
0.4759759759759999986, 0.7931636413244491646
0.4784784784785000022, 0.6519912817449662334
0.4809809809810000059, 0.5453956657725829160
0.4834834834835000095, 0.4629627009909709212
0.4859859859860000131, 0.3979168798018654640
0.4884884884885000167, 0.3456979992649180100
0.4909909909910000203, 0.3031466543542241099
0.4934934934935000239, 0.2680184658244000317
0.4959959959960000275, 0.2386838642062133753
0.4984984984984999756, 0.2139367062886589066
0.5010010010009999792, 0.1928688996370710174
0.5035035035035000384, 0.1747862620070595174
0.5060060060059999865, 0.1591508247770831996
0.5085085085085000456, 0.1455404974918053096
0.5110110110109999937, 0.1336203734109051577
0.5135135135135000528, 0.1231219909564221365
0.5160160160160000009, 0.1138281276034457390
0.5185185185184999490, 0.1055615023259924151
0.5210210210210000081, 0.0981762796824171280
0.5235235235234999562, 0.0915516090654105719
0.5260260260260000154, 0.0855866606397879259
0.5285285285284999635, 0.0801967745754705030
0.5310310310310000226, 0.0753104471978462836
0.5335335335334999707, 0.0708669525136958467
0.5360360360360000298, 0.0668144505571895142
0.5385385385384999779, 0.0631084719530147081
0.5410410410410000370, 0.0597106955736798062
0.5435435435434999851, 0.0565879562678497997
0.5460460460460000442, 0.0537114344788823667
0.5485485485484999924, 0.0510559906312871500
0.5510510510510999715, 0.0485996154720186174
0.5535535535536000307, 0.0463229738468521404
0.5560560560560999788, 0.0442090241946274665
0.5585585585586000379, 0.0422426997333046200
0.5610610610610999860, 0.0404106401679909383
0.5635635635636000451, 0.0387009649754868970
0.5660660660660999932, 0.0371030810628489235
0.5685685685686000523, 0.0356075189711489853
0.5710710710711000004, 0.0342057928842823059
0.5735735735735999485, 0.0328902805700499734
0.5760760760761000077, 0.0316541200753090654
0.5785785785785999558, 0.0304911205558671614
0.5810810810811000149, 0.0293956850735917798
0.5835835835835999630, 0.0283627435600544847
0.5860860860861000221, 0.0273876944451738533
0.5885885885885999702, 0.0264663536942565114
0.5910910910911000293, 0.0255949101981726573
0.5935935935935999774, 0.0247698866275275938
0.5960960960961000366, 0.0239881049992614268
0.5985985985985999847, 0.0232466563184314974
0.6011011011011000438, 0.0225428737532561256
0.6036036036035999919, 0.0218743088812394203
0.6061061061061000510, 0.0212387106111120716
0.6086086086085999991, 0.0206340064416452654
0.6111111111110999472, 0.0200582857659399282
0.6136136136136000063, 0.0195097849700426665
0.6161161161160999544, 0.0189868741089058990
0.6186186186186000135, 0.0184880449717889847
0.6211211211210999616, 0.0180119003740102472
0.6236236236236000208, 0.0175571445331854856
0.6261261261260999689, 0.0171225744062885980
0.6286286286286000280, 0.0167070718795130427
0.6311311311310999761, 0.0163095967163873826
0.6336336336336000352, 0.0159291801812315968
0.6361361361360999833, 0.0155649192651050178
0.6386386386386000424, 0.0152159714501221496
0.6411411411410999905, 0.0148815499555924220
0.6436436436436000497, 0.0145609194160369118
0.6461461461460999978, 0.0142533919468886255
0.6486486486485999459, 0.0139583235587090633
0.6511511511512000361, 0.0136751108851532917
0.6536536536536999842, 0.0134031881937730427
0.6561561561562000433, 0.0131420246521349888
0.6586586586586999914, 0.0128911218247121737
0.6611611611612000505, 0.0126500113786324093
0.6636636636636999986, 0.0124182529786858696
0.6661661661661999467, 0.0121954323540427196
0.6686686686687000059, 0.0119811595209458489
0.6711711711711999540, 0.0117750671472517110
0.6736736736737000131, 0.0115768090461204169
0.6761761761761999612, 0.0113860587874257332
0.6786786786787000203, 0.0112025084165860295
0.6811811811811999684, 0.0110258672715251513
0.6836836836837000275, 0.0108558608893716962
0.6861861861861999756, 0.0106922299953098980
0.6886886886887000347, 0.0105347295667146210
0.6911911911911999828, 0.0103831279663486337
0.6936936936937000420, 0.0102372061389788375
0.6961961961961999901, 0.0100967568662882617
0.6986986986987000492, 0.0099615840754283848
0.7012012012011999973, 0.0098315021969774749
0.7037037037036999454, 0.0097063355684503284
0.7062062062062000045, 0.0095859178798475830
0.7087087087086999526, 0.0094700916580423653
0.7112112112112000117, 0.0093587077870822544
0.7137137137136999598, 0.0092516250617382528
0.7162162162162000190, 0.0091487097718624330
0.7187187187186999671, 0.0090498353153249771
0.7212212212212000262, 0.0089548818374907482
0.7237237237236999743, 0.0088637358953685963
0.7262262262262000334, 0.0087762901447235916
0.7287287287286999815, 0.0086924430485860339
0.7312312312312000406, 0.0086120986057220059
0.7337337337336999887, 0.0085351660977499785
0.7362362362362000479, 0.0084615598536978299
0.7387387387386999960, 0.0083911990308949969
0.7412412412412000551, 0.0083240074111870684
0.7437437437437000032, 0.0082599132115447477
0.7462462462461999513, 0.0081988489082177596
0.7487487487487000104, 0.0081407510736561765
0.7512512512512999896, 0.0080855602254885812
0.7537537537538000487, 0.0080332206869084058
0.7562562562562999968, 0.0079836804578772343
0.7587587587587999449, 0.0079368910966073729
0.7612612612613000040, 0.0078928076108361195
0.7637637637637999521, 0.0078513883584508445
0.7662662662663000113, 0.0078125949570681218
0.7687687687687999594, 0.0077763922022115435
0.7712712712713000185, 0.0077427479937722532
0.7737737737737999666, 0.0077116332704734803
0.7762762762763000257, 0.0076830219520961085
0.7787787787787999738, 0.0076568908892565186
0.7812812812813000329, 0.0076332198205610151
0.7837837837837999810, 0.0076119913369931749
0.7862862862863000402, 0.0075931908534218277
0.7887887887887999883, 0.0075768065871480404
0.7912912912913000474, 0.0075628295434398861
0.7937937937937999955, 0.0075512535080340931
0.7962962962963000546, 0.0075420750466138262
0.7987987987988000027, 0.0075352935113024823
0.8013013013012999508, 0.0075309110542443429
0.8038038038038000099, 0.0075289326483746078
0.8063063063062999580, 0.0075293661155138520
0.8088088088088000172, 0.0075322221619556857
0.8113113113112999653, 0.0075375144217513824
0.8138138138138000244, 0.0075452595079319399
0.8163163163162999725, 0.0075554770719465916
0.8188188188188000316, 0.0075681898716375090
0.8213213213212999797, 0.0075834238481137586
0.8238238238238000388, 0.0076012082119336086
0.8263263263262999869, 0.0076215755390537480
0.8288288288288000460, 0.0076445618770568718
0.8313313313312999941, 0.0076702068622263222
0.8338338338338000533, 0.0076985538480980834
0.8363363363363000014, 0.0077296500461874222
0.8388388388387999495, 0.0077635466796600518
0.8413413413413000086, 0.0078002991507969697
0.8438438438437999567, 0.0078399672231882576
0.8463463463463000158, 0.0078826152196858849
0.8488488488487999639, 0.0079283122372487830
0.8513513513514000541, 0.0079771323799271900
0.8538538538539000022, 0.0080291550113581502
0.8563563563563999503, 0.0080844650282814352
0.8588588588589000095, 0.0081431531567370801
0.8613613613613999576, 0.0082053162727730479
0.8638638638639000167, 0.0082710577496770046
0.8663663663663999648, 0.0083404878339515733
0.8688688688689000239, 0.0084137240524799050
0.8713713713713999720, 0.0084908916535818280
0.8738738738739000311, 0.0085721240849419116
0.8763763763763999792, 0.0086575635117044497
0.8788788788789000384, 0.0087473613783799822
0.8813813813813999865, 0.0088416790185983345
0.8838838838839000456, 0.0089406883171802010
0.8863863863863999937, 0.0090445724294881246
0.8888888888889000528, 0.0091535265635664890
0.8913913913914000009, 0.0092677588311964060
0.8938938938938999490, 0.0093874911746838728
0.8963963963964000081, 0.0095129603769807704
0.8988988988988999562, 0.0096444191636183042
0.9014014014014000153, 0.0097821374059273263
0.9039039039038999634, 0.0099264034361458593
0.9064064064064000226, 0.0100775254862890892
0.9089089089088999707, 0.0102358332641058550
0.9114114114114000298, 0.0104016796810913227
0.9139139139138999779, 0.0105754427494008790
0.9164164164164000370, 0.0107575276666497712
0.9189189189188999851, 0.0109483691100272923
0.9214214214214000442, 0.0111484337639549472
0.9239239239238999923, 0.0113582231087287697
0.9264264264264000515, 0.0115782765012776533
0.9289289289288999996, 0.0118091745834211642
0.9314314314313999477, 0.0120515430579148097
0.9339339339339000068, 0.0123060568782452744
0.9364364364363999549, 0.0125734449047116385
0.9389389389389000140, 0.0128544950869645645
0.9414414414413999621, 0.0131500602420655758
0.9439439439439000212, 0.0134610645074992562
0.9464464464463999693, 0.0137885105607054408
0.9489489489489000285, 0.0141334877109239830
0.9514514514515000076, 0.0144971809858705485
0.9539539539539999558, 0.0148808813554787873
0.9564564564565000149, 0.0152859972582476879
0.9589589589589999630, 0.0157140676233614822
0.9614614614615000221, 0.0161667766145933631
0.9639639639639999702, 0.0166459703611749887
0.9664664664665000293, 0.0171536759876748657
0.9689689689689999774, 0.0176921233111711901
0.9714714714715000365, 0.0182637696417452915
0.9739739739739999846, 0.0188713282041880481
0.9764764764765000438, 0.0195178007981217858
0.9789789789789999919, 0.0202065154346680043
0.9814814814815000510, 0.0209411698356219735
0.9839839839839999991, 0.0217258818625741465
0.9864864864864999472, 0.0225652481671479027
0.9889889889890000063, 0.0234644126305920964
0.9914914914914999544, 0.0244291465056988080
0.9939939939940000135, 0.0254659426050284632
0.9964964964964999616, 0.0265821264210951945
0.9989989989990000208, 0.0277859877485324737
1.0015015015019999023, 0.0290869372478085413
1.0040040040039999170, 0.0304956935014033953
1.0065065065070000205, 0.0320245075425579784
1.0090090090090000352, 0.0336874336866671703
1.0115115115119999167, 0.0355006579064417738
1.0140140140139999314, 0.0374828981571072375
1.0165165165170000350, 0.0396558952448076707
1.0190190190190000497, 0.0420450184148191686
1.0215215215219999312, 0.0446800173459462671
1.0240240240239999459, 0.0475959624303459242
1.0265265265270000494, 0.0508344291869515241
1.0290290290290000641, 0.0544450019985788791
1.0315315315319999456, 0.0584871994403835041
1.0340340340339999603, 0.0630329618229812927
1.0365365365370000639, 0.0681698965946127555
1.0390390390390000785, 0.0740055572529723232
1.0415415415419999601, 0.0806731494701270896
1.0440440440439999747, 0.0883392351069467036
1.0465465465470000783, 0.0972142746934255564
1.0490490490490000930, 0.1075672683526095880
1.0515515515519999745, 0.1197464203391969129
1.0540540540539999892, 0.1342088313832164870
1.0565565565570000928, 0.1515640172747606818
1.0590590590590001074, 0.1726391188837305413
1.0615615615619999890, 0.1985790738610869188
1.0640640640640000036, 0.2310048802373905474
1.0665665665670001072, 0.2722717829381860466
1.0690690690689998998, 0.3259062925142011125
1.0715715715720000034, 0.3973783120856009821
1.0740740740740000181, 0.4955359541407731161
1.0765765765769998996, 0.6354373811198686939
1.0790790790789999143, 0.8443637399041652447
1.0815815815820000179, 1.1757939305785349848
1.0840840840840000325, 1.7458034383549032587
1.0865865865869999141, 2.8427666549276331409
1.0890890890889999287, 5.3244591505608971360
1.0915915915920000323, 12.3071525038005340491
1.0940940940940000470, 30.9484976725164280253
1.0965965965969999285, 24.3365576545106279127
1.0990990990989999432, 9.2965003011877325179
1.1016016016020000468, 4.3180998167473880756
1.1041041041040000614, 2.4223006833301345964
1.1066066066069999430, 1.5364743180808866363
1.1091091091089999576, 1.0582334640830113326
1.1116116116120000612, 0.7725632193835509920
1.1141141141140000759, 0.5889021704138637237
1.1166166166169999574, 0.4640857909580192731
1.1191191191189999721, 0.3755139561230697587
1.1216216216220000756, 0.3104540828175605949
1.1241241241240000903, 0.2613001254776672888
1.1266266266269999718, 0.2232859352295950839
1.1291291291289999865, 0.1933038464531697809
1.1316316316320000901, 0.1692584898666389670
1.1341341341340001048, 0.1496959896236126075
1.1366366366369999863, 0.1335823012012329891
1.1391391391390000010, 0.1201659448223467291
1.1416416416420001045, 0.1088903473437328601
1.1441441441439998972, 0.0993363304487606680
1.1466466466470000007, 0.0911834635876773575
1.1491491491490000154, 0.0841835337756999397
1.1516516516519998969, 0.0781419817854677318
1.1541541541539999116, 0.0729046871875596303
1.1566566566570000152, 0.0683484138026775601
1.1591591591590000299, 0.0643738039921008670
1.1616616616619999114, 0.0609001762954641118
1.1641641641639999261, 0.0578616179327830216
1.1666666666670000296, 0.0552040199728289424
1.1691691691690000443, 0.0528828077899418866
1.1716716716719999258, 0.0508611908558325859
1.1741741741739999405, 0.0491088053153789228
1.1766766766770000441, 0.0476006574622903911
1.1791791791790000588, 0.0463163009085700572
1.1816816816819999403, 0.0452391980737049740
1.1841841841839999550, 0.0443562297203607611
1.1866866866870000585, 0.0436573260814683561
1.1891891891890000732, 0.0431352006716547720
1.1916916916919999547, 0.0427851738815711036
1.1941941941939999694, 0.0426050784603712526
1.1966966966970000730, 0.0425952434296116914
1.1991991991990000876, 0.0427585572110581458
1.2017017017019999692, 0.0431006151448596886
1.2042042042039999838, 0.0436299615028535592
1.2067067067070000874, 0.0443584420173940702
1.2092092092090001021, 0.0453016904362208428
1.2117117117119999836, 0.0464797824850886332
1.2142142142139999983, 0.0479181040251287771
1.2167167167170001019, 0.0496484988266902155
1.2192192192189998945, 0.0517107877950001571
1.2217217217219999981, 0.0541547895834348161
1.2242242242240000127, 0.0570430284199474752
1.2267267267269998943, 0.0604543983597470719
1.2292292292289999089, 0.0644891798126973476
1.2317317317320000125, 0.0692760001673969339
1.2342342342340000272, 0.0749816398520224414
1.2367367367369999087, 0.0818250850041081917
1.2392392392389999234, 0.0900980550371986016
1.2417417417420000270, 0.1001956395647795595
1.2442442442440000416, 0.1126631427397951912
1.2467467467469999232, 0.1282696971963160348
1.2492492492489999378, 0.1481276126037325558
1.2517517517520000414, 0.1738929402530251522
1.2542542542540000561, 0.2081168541939086292
1.2567567567569999376, 0.2548921169856691593
1.2592592592589999523, 0.3211137530553729302
1.2617617617620000559, 0.4191168816543151543
1.2642642642640000705, 0.5726962958629907563
1.2667667667669999521, 0.8324251229256731666
1.2692692692689999667, 1.3204669607026850997
1.2717717717720000703, 2.3870181011909252788
1.2742742742740000850, 5.2651999915810945296
1.2767767767769999665, 13.7220753641219097574
1.2792792792789999812, 14.4662130292808939203
1.2817817817820000847, 5.5956835832056386337
1.2842842842840000994, 2.4983527981175015498
1.2867867867869999809, 1.3680189431179603510
1.2892892892889999956, 0.8572112706594329223
1.2917917917920000992, 0.5878128787873924121
1.2942942942939998918, 0.4296263439060159506
1.2967967967969999954, 0.3292818563320860092
1.2992992992990000101, 0.2618544736885709545
1.3018018018019998916, 0.2144974013039810390
1.3043043043039999063, 0.1800628856650163812
1.3068068068070000098, 0.1543247808738549831
1.3093093093090000245, 0.1346580291085109904
1.3118118118119999060, 0.1193643984207454489
1.3143143143139999207, 0.1073073179600862459
1.3168168168170000243, 0.0977041046249593204
1.3193193193190000390, 0.0900026829295516584
1.3218218218219999205, 0.0838057625817111296
1.3243243243239999352, 0.0788227377367006765
1.3268268268270000387, 0.0748383466399020619
1.3293293293290000534, 0.0716917802296834772
1.3318318318319999349, 0.0692624891021610956
1.3343343343339999496, 0.0674603978618626560
1.3368368368370000532, 0.0662190941389641657
1.3393393393390000679, 0.0654910790339301718
1.3418418418419999494, 0.0652444891788441506
1.3443443443439999641, 0.0654609080580703107
1.3468468468470000676, 0.0661340220666327971
1.3493493493490000823, 0.0672689727815414529
1.3518518518519999638, 0.0688823284881690812
1.3543543543539999785, 0.0710026568247933143
1.3568568568570000821, 0.0736717352484158594
1.3593593593590000967, 0.0769464946350811585
1.3618618618619999783, 0.0809018620252517917
1.3643643643639999929, 0.0856347618891359352
1.3668668668670000965, 0.0912696664466552676
1.3693693693689998891, 0.0979662777647137967
1.3718718718719999927, 0.1059302148839213614
1.3743743743740000074, 0.1154280300111558966
1.3768768768770001110, 0.1268085945234138090
1.3793793793789999036, 0.1405340635703275776
1.3818818818820000072, 0.1572255823438782896
1.3843843843840000218, 0.1777322619435981188
1.3868868868869999034, 0.2032379334040785024
1.3893893893889999180, 0.2354312037192258511
1.3918918918920000216, 0.2767854599649668956
1.3943943943940000363, 0.3310378774052386563
1.3968968968969999178, 0.4040462785615859254
1.3993993993989999325, 0.5054049309913268839
1.4019019019020000361, 0.6516904077475729196
1.4044044044040000507, 0.8735045344442526893
1.4069069069069999323, 1.2322926953275625817
1.4094094094089999469, 1.8656895914203561748
1.4119119119120000505, 3.1303741330243015639
1.4144144144140000652, 6.1463629906908785472
1.4169169169169999467, 15.0826928210945361286
1.4194194194189999614, 32.6941941906990365396
1.4219219219220000650, 17.9629913964636322987
1.4244244244240000796, 7.0678796648648676282
1.4269269269269999612, 3.4745532765465476643
1.4294294294289999758, 2.0231711403372321101
1.4319319319320000794, 1.3150837557303565184
1.4344344344340000941, 0.9211210256445740985
1.4369369369369999756, 0.6805995382534947291
1.4394394394389999903, 0.5233796432978696789
1.4419419419420000938, 0.4151185412814449305
1.4444444444440001085, 0.3374568999635066402
1.4469469469469999900, 0.2798790978222400749
1.4494494494490000047, 0.2360186094266243373
1.4519519519520001083, 0.2018414129540113400
1.4544544544539999009, 0.1746924311997573032
1.4569569569570000045, 0.1527670016558480004
1.4594594594590000192, 0.1348041496662581717
1.4619619619619999007, 0.1199014433963531273
1.4644644644639999154, 0.1073993696755341509
1.4669669669670000189, 0.0968069473955703030
1.4694694694690000336, 0.0877526009640831051
1.4719719719719999151, 0.0799509527433021616
1.4744744744739999298, 0.0731799046559614974
1.4769769769770000334, 0.0672645225493527926
1.4794794794790000481, 0.0620655110185205430
1.4819819819819999296, 0.0574708436538038797
1.4844844844839999443, 0.0533895990943147047
1.4869869869870000478, 0.0497473629509173065
1.4894894894890000625, 0.0464827571121683922
1.4919919919919999440, 0.0435447913488574215
1.4944944944939999587, 0.0408908219342835957
1.4969969969970000623, 0.0384849633709777733
1.4994994994990000770, 0.0362968418517883792
1.5020020020019999585, 0.0343006089516739235
1.5045045045050000621, 0.0324741552751675877
1.5070070070070000767, 0.0307984790441928717
1.5095095095099999583, 0.0292571756968111850
1.5120120120119999729, 0.0278360227015330419
1.5145145145150000765, 0.0265226398159712287
1.5170170170170000912, 0.0253062095195023783
1.5195195195199999727, 0.0241772457403476200
1.5220220220219999874, 0.0231274015720021389
1.5245245245250000909, 0.0221493086431971409
1.5270270270270001056, 0.0212364423224996844
1.5295295295299999871, 0.0203830081149347815
1.5320320320320000018, 0.0195838455259213298
1.5345345345350001054, 0.0188343463884515817
1.5370370370369998980, 0.0181303852184262551
1.5395395395400000016, 0.0174682596147875263
1.5420420420420000163, 0.0168446390815997077
1.5445445445449998978, 0.0162565209383639733
1.5470470470469999125, 0.0157011922178795643
1.5495495495500000160, 0.0151761966396022682
1.5520520520520000307, 0.0146793058998478162
1.5545545545549999122, 0.0142084946454436537
1.5570570570569999269, 0.0137619186001184633
1.5595595595600000305, 0.0133378953974442067
1.5620620620620000452, 0.0129348877439627412
1.5645645645649999267, 0.0125514885940201520
1.5670670670669999414, 0.0121864080659942961
1.5695695695700000449, 0.0118384618697990624
1.5720720720720000596, 0.0115065610492195297
1.5745745745749999411, 0.0111897028709086847
1.5770770770769999558, 0.0108869627157045581
1.5795795795800000594, 0.0105974868480617577
1.5820820820820000741, 0.0103204859564480986
1.5845845845849999556, 0.0100552293720562926
1.5870870870869999703, 0.0098010398855256503
1.5895895895900000738, 0.0095572890919157598
1.5920920920920000885, 0.0093233932032035956
1.5945945945949999700, 0.0090988092753214161
1.5970970970969999847, 0.0088830318034208572
1.5995995996000000883, 0.0086755896447918875
1.6021021021020001029, 0.0084760432338307351
1.6046046046049999845, 0.0082839820577495799
1.6071071071069999991, 0.0080990223654478864
1.6096096096100001027, 0.0079208050852096652
1.6121121121119998953, 0.0077489939297124485
1.6146146146149999989, 0.0075832736692989008
1.6171171171170000136, 0.0074233485566160612
1.6196196196199998951, 0.0072689408876139465
1.6221221221219999098, 0.0071197896855507365
1.6246246246250000134, 0.0069756494961065669
1.6271271271270000280, 0.0068362892829887875
1.6296296296299999096, 0.0067014914145407702
1.6321321321319999242, 0.0065710507328635426
1.6346346346350000278, 0.0064447736978418425
1.6371371371370000425, 0.0063224775992472421
1.6396396396399999240, 0.0062039898307843554
1.6421421421419999387, 0.0060891472205617725
1.6446446446450000423, 0.0059777954130171814
1.6471471471470000569, 0.0058697882978141075
1.6496496496499999385, 0.0057649874816629769
1.6521521521519999531, 0.0056632617994079662
1.6546546546550000567, 0.0055644868610687792
1.6571571571570000714, 0.0054685446318378222
1.6596596596599999529, 0.0053753230423123285
1.6621621621619999676, 0.0052847156264914773
1.6646646646650000712, 0.0051966211852937025
1.6671671671670000858, 0.0051109434735518572
1.6696696696699999674, 0.0050275909086263349
1.6721721721719999820, 0.0049464762989406717
1.6746746746750000856, 0.0048675165908926201
1.6771771771770001003, 0.0047906326327277907
1.6796796796799999818, 0.0047157489540842513
1.6821821821819999965, 0.0046427935600263370
1.6846846846850001000, 0.0045716977384854252
1.6871871871869998927, 0.0045023958801157660
1.6896896896899999962, 0.0044348253096553984
1.6921921921920000109, 0.0043689261279567628
1.6946946946949998924, 0.0043046410639193452
1.6971971971969999071, 0.0042419153356184763
1.6996996997000000107, 0.0041806965199806048
1.7022022022020000254, 0.0041209344304067100
1.7047047047049999069, 0.0040625810017923250
1.7072072072069999216, 0.0040055901824354607
1.7097097097100000251, 0.0039499178323628339
1.7122122122120000398, 0.0038955216276405969
1.7147147147149999213, 0.0038423609702686085
1.7172172172169999360, 0.0037903969032872745
1.7197197197200000396, 0.0037395920307536261
1.7222222222220000543, 0.0036899104422685554
1.7247247247249999358, 0.0036413176417604285
1.7272272272269999505, 0.0035937804802516102
1.7297297297300000540, 0.0035472670923541666
1.7322322322320000687, 0.0035017468362590373
1.7347347347349999502, 0.0034571902369997074
1.7372372372369999649, 0.0034135689327867451
1.7397397397400000685, 0.0033708556242237442
1.7422422422420000832, 0.0033290240262283484
1.7447447447449999647, 0.0032880488224940494
1.7472472472469999794, 0.0032479056223396925
1.7497497497500000829, 0.0032085709198039192
1.7522522522520000976, 0.0031700220548513489
1.7547547547549999791, 0.0031322371765661614
1.7572572572569999938, 0.0030951952082169396
1.7597597597600000974, 0.0030588758140842327
1.7622622622619998900, 0.0030232593679493844
1.7647647647649999936, 0.0029883269231496669
1.7672672672670000082, 0.0029540601841108989
1.7697697697699998898, 0.0029204414792743352
1.7722722722719999044, 0.0028874537353398870
1.7747747747750000080, 0.0028550804527526104
1.7772772772770000227, 0.0028233056823639578
1.7797797797799999042, 0.0027921140032035078
1.7822822822819999189, 0.0027614905013008417
1.7847847847850000225, 0.0027314207495009110
1.7872872872870000371, 0.0027018907882196725
1.7897897897899999187, 0.0026728871070899538
1.7922922922919999333, 0.0026443966274505137
1.7947947947950000369, 0.0026164066856340477
1.7972972972970000516, 0.0025889050170124807
1.7997997997999999331, 0.0025618797407603515
1.8023023023019999478, 0.0025353193452993502
1.8048048048050000514, 0.0025092126743892005
1.8073073073070000660, 0.0024835489138321058
1.8098098098099999476, 0.0024583175787597968
1.8123123123119999622, 0.0024335085014740203
1.8148148148150000658, 0.0024091118198129066
1.8173173173170000805, 0.0023851179660172358
1.8198198198199999620, 0.0023615176560720132
1.8223223223219999767, 0.0023383018795001820
1.8248248248250000803, 0.0023154618895865091
1.8273273273270000949, 0.0022929891940109389
1.8298298298299999765, 0.0022708755458717700
1.8323323323319999911, 0.0022491129350801194
1.8348348348350000947, 0.0022276935801080963
1.8373373373370001094, 0.0022066099200740534
1.8398398398399999909, 0.0021858546071491683
1.8423423423420000056, 0.0021654204992704209
1.8448448448450001091, 0.0021453006531458223
1.8473473473469999018, 0.0021254883175384877
1.8498498498500000053, 0.0021059769268168224
1.8523523523520000200, 0.0020867600947587564
1.8548548548549999015, 0.0020678316085985765
1.8573573573569999162, 0.0020491854233054812
1.8598598598600000198, 0.0020308156560835226
1.8623623623620000345, 0.0020127165810831524
1.8648648648649999160, 0.0019948826243150210
1.8673673673669999307, 0.0019773083587571955
1.8698698698700000342, 0.0019599884996473645
1.8723723723720000489, 0.0019429178999520228
1.8748748748749999304, 0.0019260915460050129
1.8773773773769999451, 0.0019095045533081790
1.8798798798800000487, 0.0018931521624872280
1.8823823823820000634, 0.0018770297353962245
1.8848848848849999449, 0.0018611327513644704
1.8873873873869999596, 0.0018454568035797970
1.8898898898900000631, 0.0018299975956025929
1.8923923923920000778, 0.0018147509380051579
1.8948948948949999593, 0.0017997127451312141
1.8973973973969999740, 0.0017848790319706532
1.8998998999000000776, 0.0017702459111448229
1.9024024024020000923, 0.0017558095899978796
1.9049049049049999738, 0.0017415663677899109
1.9074074074069999885, 0.0017275126329877749
1.9099099099100000920, 0.0017136448606497310
1.9124124124120001067, 0.0016999596099001556
1.9149149149149999882, 0.0016864535214907808
1.9174174174170000029, 0.0016731233154450549
1.9199199199200001065, 0.0016599657887823860
1.9224224224219998991, 0.0016469778133191464
1.9249249249250000027, 0.0016341563335434889
1.9274274274270000173, 0.0016214983645611201
1.9299299299299998989, 0.0016090009901093129
1.9324324324319999135, 0.0015966613606365771
1.9349349349350000171, 0.0015844766914454671
1.9374374374370000318, 0.0015724442608961841
1.9399399399399999133, 0.0015605614086686523
1.9424424424419999280, 0.0015488255340809173
1.9449449449450000316, 0.0015372340944617494
1.9474474474470000462, 0.0015257846035754670
1.9499499499499999278, 0.0015144746300970421
1.9524524524519999424, 0.0015033017961356542
1.9549549549550000460, 0.0014922637758049276
1.9574574574570000607, 0.0014813582938381536
1.9599599599599999422, 0.0014705831242468783
1.9624624624619999569, 0.0014599360890212927
1.9649649649650000605, 0.0014494150568709397
1.9674674674670000751, 0.0014390179420042865
1.9699699699699999567, 0.0014287427029458046
1.9724724724719999713, 0.0014185873413892218
1.9749749749750000749, 0.0014085499010856788
1.9774774774770000896, 0.0013986284667655766
1.9799799799799999711, 0.0013888211630929358
1.9824824824819999858, 0.0013791261536511472
1.9849849849850000894, 0.0013695416399590286
1.9874874874870001040, 0.0013600658605161524
1.9899899899899999856, 0.0013506970898764397
1.9924924924920000002, 0.0013414336377490644
1.9949949949950001038, 0.0013322738481257388
1.9974974974969998964, 0.0013232160984334958
2.0000000000000000000, 0.0013142587987121080
