# Delta1: 0.46
# Delta2: 1.17
# Delta3: 1.34
# Dq: 0.08800000000000002
# Ds: -0.09000000000000001
# Dt: -0.01999999999999998
# k1_lab: [1, 0, 0]
# k2_lab: [-0.8660254037844387, 0.49999999999999994, 0.0]
# k1_cf: [-0.6123724356957946, -0.6123724356957946, 0.5000000000000001]
# k2_cf: [0.7071067811865476, 0.7071067811865476, 0.0]
# pol1_lab: [(0, 1, 0), (0, 0, 1)]
# pol2_lab: [array([-0.5      , -0.8660254,  0.       ]), array([0., 0., 1.])]
# pol1_cf: [array([0.35355339, 0.35355339, 0.8660254 ]), array([-0.70710678,  0.70710678,  0.        ])]
# pol2_cf: [array([ 0.,  0., -1.]), array([-0.70710678,  0.70710678,  0.        ])]
# cf: [array([-0.61237244,  0.35355339, -0.70710678]), array([-0.61237244,  0.35355339,  0.70710678]), array([0.5      , 0.8660254, 0.       ])]
# th: 60
-0.5000000000000000000, 0.0016228728245996295
-0.4974974974974999964, 0.0016369320596788665
-0.4949949949949999928, 0.0016511932285400205
-0.4924924924924999892, 0.0016656603591737550
-0.4899899899899999856, 0.0016803375818298810
-0.4874874874874999819, 0.0016952291321638484
-0.4849849849849999783, 0.0017103393544969890
-0.4824824824824999747, 0.0017256727051952526
-0.4799799799800000266, 0.0017412337561713686
-0.4774774774775000230, 0.0017570271985156390
-0.4749749749750000194, 0.0017730578462607735
-0.4724724724725000158, 0.0017893306402864731
-0.4699699699700000122, 0.0018058506523697189
-0.4674674674675000086, 0.0018226230893870164
-0.4649649649650000049, 0.0018396532976751598
-0.4624624624625000013, 0.0018569467675573826
-0.4599599599599999977, 0.0018745091380421085
-0.4574574574574999941, 0.0018923462017018829
-0.4549549549549999905, 0.0019104639097404115
-0.4524524524524999869, 0.0019288683772560626
-0.4499499499499000077, 0.0019475658887105835
-0.4474474474474000041, 0.0019665629036122391
-0.4449449449449000005, 0.0019858660624230309
-0.4424424424423999969, 0.0020054821927001725
-0.4399399399398999932, 0.0020254183154824949
-0.4374374374373999896, 0.0020456816519330108
-0.4349349349348999860, 0.0020662796302494753
-0.4324324324323999824, 0.0020872198928553630
-0.4299299299298999788, 0.0021085103038843457
-0.4274274274273999752, 0.0021301589569720633
-0.4249249249249000271, 0.0021521741833696981
-0.4224224224224000235, 0.0021745645603946265
-0.4199199199199000199, 0.0021973389202342708
-0.4174174174174000163, 0.0022205063591201318
-0.4149149149149000126, 0.0022440762468899002
-0.4124124124124000090, 0.0022680582369565346
-0.4099099099099000054, 0.0022924622767042440
-0.4074074074074000018, 0.0023172986183323850
-0.4049049049048999982, 0.0023425778301694980
-0.4024024024023999946, 0.0023683108084809157
-0.3998998998998999910, 0.0023945087897947357
-0.3973973973973999874, 0.0024211833637723325
-0.3948948948948999838, 0.0024483464866510681
-0.3923923923923999801, 0.0024760104952885210
-0.3898898898898999765, 0.0025041881218391638
-0.3873873873873999729, 0.0025328925090962783
-0.3848848848849000248, 0.0025621372265338107
-0.3823823823824000212, 0.0025919362870849083
-0.3798798798799000176, 0.0026223041646960821
-0.3773773773774000140, 0.0026532558126982518
-0.3748748748749000104, 0.0026848066830384210
-0.3723723723724000068, 0.0027169727464184104
-0.3698698698699000031, 0.0027497705133898561
-0.3673673673673999995, 0.0027832170564577709
-0.3648648648648999959, 0.0028173300332481679
-0.3623623623623999923, 0.0028521277107986945
-0.3598598598598999887, 0.0028876289910349665
-0.3573573573573999851, 0.0029238534374992249
-0.3548548548548999815, 0.0029608213034021951
-0.3523523523523999779, 0.0029985535610735472
-0.3498498498497999987, 0.0030370719328912765
-0.3473473473472999951, 0.0030763989237754938
-0.3448448448447999914, 0.0031165578553377575
-0.3423423423422999878, 0.0031575729017830657
-0.3398398398397999842, 0.0031994691276681126
-0.3373373373372999806, 0.0032422725276263320
-0.3348348348347999770, 0.0032860100681777167
-0.3323323323322999734, 0.0033307097317494400
-0.3298298298298000253, 0.0033764005630419185
-0.3273273273273000217, 0.0034231127178842584
-0.3248248248248000181, 0.0034708775147330936
-0.3223223223223000145, 0.0035197274889794943
-0.3198198198198000108, 0.0035696964502404437
-0.3173173173173000072, 0.0036208195428237911
-0.3148148148148000036, 0.0036731333095692438
-0.3123123123123000000, 0.0037266757592826338
-0.3098098098097999964, 0.0037814864379964348
-0.3073073073072999928, 0.0038376065043067963
-0.3048048048047999892, 0.0038950788090558403
-0.3023023023022999856, 0.0039539479796480105
-0.2997997997997999819, 0.0040142605093112195
-0.2972972972972999783, 0.0040760648516369475
-0.2947947947947999747, 0.0041394115207592577
-0.2922922922923000266, 0.0042043531975604845
-0.2897897897898000230, 0.0042709448423215194
-0.2872872872873000194, 0.0043392438142676737
-0.2847847847848000158, 0.0044093099984967993
-0.2822822822823000122, 0.0044812059408152975
-0.2797797797798000086, 0.0045549969910503706
-0.2772772772773000050, 0.0046307514554528324
-0.2747747747748000013, 0.0047085407588558148
-0.2722722722722999977, 0.0047884396173096064
-0.2697697697697999941, 0.0048705262219734041
-0.2672672672672999905, 0.0049548824351109376
-0.2647647647647999869, 0.0050415939991090390
-0.2622622622622999833, 0.0051307507595177394
-0.2597597597597999797, 0.0052224469031973246
-0.2572572572572999761, 0.0053167812127532139
-0.2547547547547999724, 0.0054138573385445416
-0.2522522522523000243, 0.0055137840896674496
-0.2497497497496999896, 0.0056166757454411973
-0.2472472472472000138, 0.0057226523890649625
-0.2447447447447000102, 0.0058318402652674161
-0.2422422422422000066, 0.0059443721639413968
-0.2397397397397000030, 0.0060603878319440817
-0.2372372372371999993, 0.0061800344154509090
-0.2347347347346999957, 0.0063034669354821264
-0.2322322322321999921, 0.0064308487994756110
-0.2297297297296999885, 0.0065623523520631387
-0.2272272272272000126, 0.0066981594685215674
-0.2247247247247000090, 0.0068384621947201940
-0.2222222222222000054, 0.0069834634377747423
-0.2197197197197000018, 0.0071333777120523873
-0.2172172172171999982, 0.0072884319456561902
-0.2147147147146999946, 0.0074488663530582113
-0.2122122122121999910, 0.0076149353801554338
-0.2097097097096999874, 0.0077869087287001336
-0.2072072072072000115, 0.0079650724678160898
-0.2047047047047000079, 0.0081497302411651790
-0.2022022022022000043, 0.0083412045792881709
-0.1996996996997000007, 0.0085398383277238352
-0.1971971971971999971, 0.0087459962027284441
-0.1946946946946999935, 0.0089600664877933570
-0.1921921921921999898, 0.0091824628857140080
-0.1896896896896999862, 0.0094136265427257650
-0.1871871871872000104, 0.0096540282632212072
-0.1846846846847000068, 0.0099041709358349758
-0.1821821821822000032, 0.0101645921942678484
-0.1796796796796999995, 0.0104358673391697181
-0.1771771771771999959, 0.0107186125507676734
-0.1746746746746999923, 0.0110134884257779963
-0.1721721721721999887, 0.0113212038765561854
-0.1696696696697000128, 0.0116425204355107559
-0.1671671671672000092, 0.0119782570136416303
-0.1646646646647000056, 0.0123292951687922064
-0.1621621621622000020, 0.0126965849469775852
-0.1596596596596999984, 0.0130811513691515106
-0.1571571571571999948, 0.0134841016462176090
-0.1546546546546999912, 0.0139066332172360901
-0.1521521521521999876, 0.0143500427199322843
-0.1496496496496000084, 0.0148157360191562299
-0.1471471471471000048, 0.0153052394383156442
-0.1446446446446000011, 0.0158202123615571247
-0.1421421421420999975, 0.0163624614012580459
-0.1396396396395999939, 0.0169339563570152646
-0.1371371371370999903, 0.0175368482297589903
-0.1346346346345999867, 0.0181734895990734446
-0.1321321321321000108, 0.0188464577247482654
-0.1296296296296000072, 0.0195585807968303438
-0.1271271271271000036, 0.0203129678342423604
-0.1246246246246000000, 0.0211130428231830237
-0.1221221221220999964, 0.0219625837965064102
-0.1196196196196000067, 0.0228657676884715874
-0.1171171171171000031, 0.0238272219611595018
-0.1146146146145999994, 0.0248520841964266215
-0.1121121121120999958, 0.0259460710893447445
-0.1096096096096000061, 0.0271155585769404898
-0.1071071071071000025, 0.0283676752041658181
-0.1046046046045999989, 0.0297104112860707668
-0.1021021021020999953, 0.0311527469953092676
-0.0995995995996000055, 0.0327048032189680010
-0.0970970970971000019, 0.0343780199296969333
-0.0945945945945900063, 0.0361853679579540038
-0.0920920920920900027, 0.0381416015076065651
-0.0895895895895899991, 0.0402635606235260332
-0.0870870870870899955, 0.0425705352284929534
-0.0845845845845799998, 0.0450847054761291388
-0.0820820820820799962, 0.0478316772611215718
-0.0795795795795800065, 0.0508411371254236730
-0.0770770770770800029, 0.0541476579701885008
-0.0745745745745699934, 0.0577916965905177354
-0.0720720720720700037, 0.0618208370356467252
-0.0695695695695700000, 0.0662913515144781251
-0.0670670670670699964, 0.0712701749825396663
-0.0645645645645600008, 0.0768374235551822354
-0.0620620620620599972, 0.0830896348052235917
-0.0595595595595600005, 0.0901439763362669733
-0.0570570570570599969, 0.0981437677659647567
-0.0545545545545500013, 0.1072658059720385387
-0.0520520520520499977, 0.1177301988198577176
-0.0495495495495500010, 0.1298137384427422436
-0.0470470470470499974, 0.1438683471233697386
-0.0445445445445400018, 0.1603469174705220990
-0.0420420420420399982, 0.1798401345853735123
-0.0395395395395400015, 0.2031299489611036457
-0.0370370370370399979, 0.2312688806033494915
-0.0345345345345300023, 0.2657004363355726650
-0.0320320320320299987, 0.3084468751500302197
-0.0295295295295299985, 0.3624109552316029936
-0.0270270270270299984, 0.4318779082200021602
-0.0245245245245199993, 0.5233845793595612861
-0.0220220220220199991, 0.6472964112596795161
-0.0195195195195199990, 0.8208320678399982917
-0.0170170170170199989, 1.0742655665169498214
-0.0145145145145099998, 1.4647294424144581271
-0.0120120120120099996, 2.1102450787110758057
-0.0095095095095099995, 3.2853030728842789188
-0.0070070070070070000, 5.7380227884510670577
-0.0045045045045049997, 11.9651991747007819811
-0.0020020020020019998, 30.9561309616237565479
0.0005005005005005000, 48.8493086740410120683
0.0030030030030029999, 20.7985714620683239673
0.0055055055055059999, 8.6862150759975307324
0.0080080080080079993, 4.5128359903683579191
0.0105105105105099995, 2.7214479137764850947
0.0130130130130099997, 1.8093820513650014092
0.0155155155155200005, 1.2866427936745354899
0.0180180180180199989, 0.9605943669203075297
0.0205205205205199991, 0.7440326562111927444
0.0230230230230199992, 0.5930651333371983469
0.0255255255255299983, 0.4837179747403894670
0.0280280280280299984, 0.4020225008987500237
0.0305305305305299986, 0.3394026926582965897
0.0330330330330299987, 0.2903612283755618861
0.0355355355355400013, 0.2512444681671661684
0.0380380380380399979, 0.2195482799820360764
0.0405405405405400016, 0.1935103540213078954
0.0430430430430399982, 0.1718615768395168608
0.0455455455455500008, 0.1536693680627262415
0.0480480480480499975, 0.1382360962722402609
0.0505505505505500011, 0.1250315222790908953
0.0530530530530499977, 0.1136468494233515009
0.0555555555555600003, 0.1037628342301359224
0.0580580580580599970, 0.0951272498650455878
0.0605605605605600006, 0.0875386955838055869
0.0630630630630600042, 0.0808347901711077288
0.0655655655655699998, 0.0748834440058563228
0.0680680680680700034, 0.0695763257339576807
0.0705705705705699932, 0.0648239150681307053
0.0730730730730699968, 0.0605517165862293899
0.0755755755755800063, 0.0566973333790413772
0.0780780780780799960, 0.0532081844819340677
0.0805805805805799996, 0.0500397092217556641
0.0830830830830800032, 0.0471539433255774645
0.0855855855855899988, 0.0445183813853058732
0.0880880880880900025, 0.0421050617221424700
0.0905905905905900061, 0.0398898253233439387
0.0930930930930899958, 0.0378517120222399139
0.0955955955956000053, 0.0359724656302913073
0.0980980980980999950, 0.0342361261244070458
0.1006006006005999986, 0.0326286918210414931
0.1031031031031000023, 0.0311378381425177347
0.1056056056056000059, 0.0297526823970030163
0.1081081081080999956, 0.0284635861669077089
0.1106106106105999992, 0.0272619885888803273
0.1131131131131000028, 0.0261402651284310741
0.1156156156156000064, 0.0250916074901211747
0.1181181181180999962, 0.0241099211250597294
0.1206206206205999998, 0.0231897374500774425
0.1231231231231000034, 0.0223261384145317585
0.1256256256256000070, 0.0215146914696119074
0.1281281281281000106, 0.0207513933330526791
0.1306306306305999865, 0.0200326212161797759
0.1331331331330999901, 0.0193550904032875476
0.1356356356355999937, 0.0187158172557146743
0.1381381381380999973, 0.0181120868626624132
0.1406406406406000009, 0.0175414246841220783
0.1431431431431000045, 0.0170015716332615474
0.1456456456456000081, 0.0164904621302553595
0.1481481481481000118, 0.0160062047300231144
0.1506506506506999910, 0.0155470649852257059
0.1531531531531999946, 0.0151114502552244546
0.1556556556556999982, 0.0146978962132030596
0.1581581581582000018, 0.0143050548386422158
0.1606606606607000054, 0.0139316837119270905
0.1631631631632000090, 0.0135766364529606651
0.1656656656657000126, 0.0132388541669930648
0.1681681681681999885, 0.0129173577790672352
0.1706706706706999921, 0.0126112411540294147
0.1731731731731999957, 0.0123196649123735406
0.1756756756756999993, 0.0120418508636311802
0.1781781781782000029, 0.0117770769888674610
0.1806806806807000065, 0.0115246729123435650
0.1831831831832000101, 0.0112840158097558298
0.1856856856857000138, 0.0110545267068322094
0.1881881881881999896, 0.0108356671276003090
0.1906906906906999932, 0.0106269360564572590
0.1931931931931999968, 0.0104278671823738213
0.1956956956957000004, 0.0102380263972376238
0.1981981981982000041, 0.0100570095235582684
0.2007007007007000077, 0.0098844402495824411
0.2032032032032000113, 0.0097199682523525181
0.2057057057056999871, 0.0095632674914351897
0.2082082082081999908, 0.0094140346579848419
0.2107107107106999944, 0.0092719877655245524
0.2132132132131999980, 0.0091368648703550916
0.2157157157157000016, 0.0090084229108633642
0.2182182182182000052, 0.0088864366562197480
0.2207207207207000088, 0.0087706977560468476
0.2232232232232000124, 0.0086610138836274303
0.2257257257256999883, 0.0085572079661118284
0.2282282282281999919, 0.0084591174959971031
0.2307307307306999955, 0.0083665939188944452
0.2332332332331999991, 0.0082795020932871742
0.2357357357357000027, 0.0081977198186190484
0.2382382382382000063, 0.0081211374286505166
0.2407407407407000099, 0.0080496574475858659
0.2432432432432000136, 0.0079831943070158666
0.2457457457456999894, 0.0079216741222445028
0.2482482482481999930, 0.0078650345270822528
0.2507507507508000000, 0.0078132245666990546
0.2532532532533000036, 0.0077662046486439065
0.2557557557558000072, 0.0077239465526631086
0.2582582582583000108, 0.0076864335004918141
0.2607607607608000144, 0.0076536602873627504
0.2632632632633000180, 0.0076256334775796604
0.2657657657658000216, 0.0076023716671508338
0.2682682682683000253, 0.0075839058171808778
0.2707707707707999734, 0.0075702796624879248
0.2732732732732999770, 0.0075615502007627781
0.2757757757757999806, 0.0075577882685312079
0.2782782782782999842, 0.0075590792112385542
0.2807807807807999878, 0.0075655236559678636
0.2832832832832999914, 0.0075772383966527385
0.2857857857857999950, 0.0075943574031826326
0.2882882882882999986, 0.0076170329675544404
0.2907907907908000023, 0.0076454370022394818
0.2932932932933000059, 0.0076797625082560255
0.2957957957958000095, 0.0077202252331199138
0.2982982982983000131, 0.0077670655419561398
0.3008008008008000167, 0.0078205505286717339
0.3033033033033000203, 0.0078809763983111424
0.3058058058058000239, 0.0079486711566540136
0.3083083083083000275, 0.0080239976489124235
0.3108108108107999756, 0.0081073569962084330
0.3133133133132999792, 0.0081991924865703648
0.3158158158157999829, 0.0082999939867291449
0.3183183183182999865, 0.0084103029523329084
0.3208208208207999901, 0.0085307181277098337
0.3233233233232999937, 0.0086619020424647392
0.3258258258257999973, 0.0088045884315764364
0.3283283283283000009, 0.0089595907289959156
0.3308308308308000045, 0.0091278118129341189
0.3333333333333000081, 0.0093102552152113469
0.3358358358358000118, 0.0095080380486497300
0.3383383383383000154, 0.0097224059573423720
0.3408408408408000190, 0.0099547504570380290
0.3433433433433000226, 0.0102066291097917955
0.3458458458458000262, 0.0104797890722515864
0.3483483483482999743, 0.0107761946753832071
0.3508508508509000090, 0.0110980598414676234
0.3533533533534000126, 0.0114478863301749993
0.3558558558559000162, 0.0118285090404050882
0.3583583583584000198, 0.0122431498929177311
0.3608608608609000235, 0.0126954821999266387
0.3633633633634000271, 0.0131897079178002630
0.3658658658658999752, 0.0137306508129735223
0.3683683683683999788, 0.0143238693970570569
0.3708708708708999824, 0.0149757945708265464
0.3733733733733999860, 0.0156938983496147585
0.3758758758758999896, 0.0164869019524184618
0.3783783783783999932, 0.0173650341043303305
0.3808808808808999968, 0.0183403538844526190
0.3833833833834000004, 0.0194271572212324425
0.3858858858859000041, 0.0206424927372806169
0.3883883883884000077, 0.0220068218791084555
0.3908908908909000113, 0.0235448713366212259
0.3933933933934000149, 0.0252867444902187335
0.3958958958959000185, 0.0272693858395753191
0.3983983983984000221, 0.0295385324895239207
0.4009009009009000257, 0.0321513468537096558
0.4034034034033999738, 0.0351800162716334811
0.4059059059058999774, 0.0387167473019101455
0.4084084084083999810, 0.0428808074854619484
0.4109109109108999847, 0.0478286318714570419
0.4134134134133999883, 0.0537686167386768471
0.4159159159158999919, 0.0609832554270592353
0.4184184184183999955, 0.0698630872982108631
0.4209209209208999991, 0.0809602364065403340
0.4234234234234000027, 0.0950755700383835861
0.4259259259259000063, 0.1134058703590621747
0.4284284284284000099, 0.1378031225165036178
0.4309309309309000136, 0.1712547271278438143
0.4334334334334000172, 0.2188274621248018081
0.4359359359359000208, 0.2896619640330068135
0.4384384384384000244, 0.4015797079010804960
0.4409409409408999725, 0.5929888594913215183
0.4434434434433999761, 0.9584086136178165960
0.4459459459458999797, 1.7755171376805809480
0.4484484484483999833, 4.0435614489183651088
0.4509509509510000180, 10.3481513954845318892
0.4534534534535000216, 8.9555059064442250616
0.4559559559560000253, 3.4206167878157769380
0.4584584584584999734, 1.5670608598426265523
0.4609609609609999770, 0.8710759392161535608
0.4634634634634999806, 0.5493193535819964612
0.4659659659659999842, 0.3768688545867259210
0.4684684684684999878, 0.2743787318392129637
0.4709709709709999914, 0.2087233121917885792
0.4734734734734999950, 0.1642180068868619447
0.4759759759759999986, 0.1326923528246662654
0.4784784784785000022, 0.1095616558083550851
0.4809809809810000059, 0.0920959885907877834
0.4834834834835000095, 0.0785892137947621500
0.4859859859860000131, 0.0679313015597184794
0.4884884884885000167, 0.0593751543280912689
0.4909909909910000203, 0.0524031666481562797
0.4934934934935000239, 0.0466476413885490715
0.4959959959960000275, 0.0418416055122770927
0.4984984984984999756, 0.0377874558176790054
0.5010010010009999792, 0.0343364187400085202
0.5035035035035000384, 0.0313747656436105110
0.5060060060059999865, 0.0288143604233565831
0.5085085085085000456, 0.0265860513675048871
0.5110110110109999937, 0.0246349701602509713
0.5135135135135000528, 0.0229171342949130892
0.5160160160160000009, 0.0213969558644107778
0.5185185185184999490, 0.0200453906883248517
0.5210210210210000081, 0.0188385464311505851
0.5235235235234999562, 0.0177566241405706371
0.5260260260260000154, 0.0167831049873873525
0.5285285285284999635, 0.0159041193961135217
0.5310310310310000226, 0.0151079532873944905
0.5335335335334999707, 0.0143846584137756750
0.5360360360360000298, 0.0137257424510496065
0.5385385385384999779, 0.0131239207251627674
0.5410410410410000370, 0.0125729159566939329
0.5435435435434999851, 0.0120672956978567832
0.5460460460460000442, 0.0116023395685875448
0.5485485485484999924, 0.0111739302099957451
0.5510510510510999715, 0.0107784632347458220
0.5535535535536000307, 0.0104127724849718984
0.5560560560560999788, 0.0100740676951247901
0.5585585585586000379, 0.0097598822618714127
0.5610610610610999860, 0.0094680292910987261
0.5635635635636000451, 0.0091965644564951377
0.5660660660660999932, 0.0089437544897289084
0.5685685685686000523, 0.0087080503472929394
0.5710710710711000004, 0.0084880642774419722
0.5735735735735999485, 0.0082825501527498367
0.5760760760761000077, 0.0080903865476053306
0.5785785785785999558, 0.0079105621315267681
0.5810810810811000149, 0.0077421630231929595
0.5835835835835999630, 0.0075843618101889190
0.5860860860861000221, 0.0074364079884738088
0.5885885885885999702, 0.0072976196157062551
0.5910910910911000293, 0.0071673760055473807
0.5935935935935999774, 0.0070451113172783335
0.5960960960961000366, 0.0069303089176075373
0.5985985985985999847, 0.0068224964102724332
0.6011011011011000438, 0.0067212412446576147
0.6036036036035999919, 0.0066261468277156350
0.6061061061061000510, 0.0065368490744395647
0.6086086086085999991, 0.0064530133413640252
0.6111111111110999472, 0.0063743316953609802
0.6136136136136000063, 0.0063005204765909191
0.6161161161160999544, 0.0062313181200677869
0.6186186186186000135, 0.0061664832050605167
0.6211211211210999616, 0.0061057927056193759
0.6236236236236000208, 0.0060490404189932692
0.6261261261260999689, 0.0059960355516861718
0.6286286286286000280, 0.0059466014454641128
0.6311311311310999761, 0.0059005744278321556
0.6336336336336000352, 0.0058578027734071374
0.6361361361360999833, 0.0058181457642613021
0.6386386386386000424, 0.0057814728387419363
0.6411411411410999905, 0.0057476628195144630
0.6436436436436000497, 0.0057166032126578798
0.6461461461460999978, 0.0056881895705845308
0.6486486486485999459, 0.0056623249123804297
0.6511511511512000361, 0.0056389191958836817
0.6536536536536999842, 0.0056178888364512847
0.6561561561562000433, 0.0055991562679203639
0.6586586586586999914, 0.0055826495417589583
0.6611611611612000505, 0.0055683019608326612
0.6636636636636999986, 0.0055560517445940030
0.6661661661661999467, 0.0055458417228381584
0.6686686686687000059, 0.0055376190554667134
0.6711711711711999540, 0.0055313349759657689
0.6736736736737000131, 0.0055269445565397559
0.6761761761761999612, 0.0055244064930514815
0.6786786786787000203, 0.0055236829081054522
0.6811811811811999684, 0.0055247391707779151
0.6836836836837000275, 0.0055275437316459394
0.6861861861861999756, 0.0055320679719011046
0.6886886886887000347, 0.0055382860654529277
0.6911911911911999828, 0.0055461748530345484
0.6936936936937000420, 0.0055557137274198096
0.6961961961961999901, 0.0055668845289480601
0.6986986986987000492, 0.0055796714506315681
0.7012012012011999973, 0.0055940609521917210
0.7037037037036999454, 0.0056100416824346275
0.7062062062062000045, 0.0056276044094353706
0.7087087087086999526, 0.0056467419580535413
0.7112112112112000117, 0.0056674491543513006
0.7137137137136999598, 0.0056897227765298503
0.7162162162162000190, 0.0057135615120409763
0.7187187187186999671, 0.0057389659205679417
0.7212212212212000262, 0.0057659384026047273
0.7237237237236999743, 0.0057944831733947348
0.7262262262262000334, 0.0058246062420199383
0.7287287287286999815, 0.0058563153954593831
0.7312312312312000406, 0.0058896201874620961
0.7337337337336999887, 0.0059245319321040643
0.7362362362362000479, 0.0059610637019223527
0.7387387387386999960, 0.0059992303305415745
0.7412412412412000551, 0.0060390484197292895
0.7437437437437000032, 0.0060805363508373471
0.7462462462461999513, 0.0061237143006061152
0.7487487487487000104, 0.0061686042613279535
0.7512512512512999896, 0.0062152300653853191
0.7537537537538000487, 0.0062636174141978227
0.7562562562562999968, 0.0063137939116312989
0.7587587587587999449, 0.0063657891019408240
0.7612612612613000040, 0.0064196345123386416
0.7637637637637999521, 0.0064753637002972460
0.7662662662663000113, 0.0065330123057176868
0.7687687687687999594, 0.0065926181081133661
0.7712712712713000185, 0.0066542210889807057
0.7737737737737999666, 0.0067178634995497463
0.7762762762763000257, 0.0067835899341306127
0.7787787787787999738, 0.0068514474092955732
0.7812812812813000329, 0.0069214854491616339
0.7837837837837999810, 0.0069937561770650981
0.7862862862863000402, 0.0070683144139478075
0.7887887887887999883, 0.0071452177838046260
0.7912912912913000474, 0.0072245268265738304
0.7937937937937999955, 0.0073063051188862072
0.7962962962963000546, 0.0073906194031253432
0.7987987987988000027, 0.0074775397252910009
0.8013013013012999508, 0.0075671395821999025
0.8038038038038000099, 0.0076594960786039688
0.8063063063062999580, 0.0077546900948554870
0.8088088088088000172, 0.0078528064658021819
0.8113113113112999653, 0.0079539341716530695
0.8138138138138000244, 0.0080581665416188716
0.8163163163162999725, 0.0081656014711990726
0.8188188188188000316, 0.0082763416540619951
0.8213213213212999797, 0.0083904948295452017
0.8238238238238000388, 0.0085081740468917755
0.8263263263262999869, 0.0086294979474343236
0.8288288288288000460, 0.0087545910660437702
0.8313313313312999941, 0.0088835841532751494
0.8338338338338000533, 0.0090166145197686232
0.8363363363363000014, 0.0091538264046020813
0.8388388388387999495, 0.0092953713694432123
0.8413413413413000086, 0.0094414087205156871
0.8438438438437999567, 0.0095921059605764414
0.8463463463463000158, 0.0097476392733033407
0.8488488488487999639, 0.0099081940427136507
0.8513513513514000541, 0.0100739654104786761
0.8538538538539000022, 0.0102451588742702993
0.8563563563563999503, 0.0104219909305728713
0.8588588588589000095, 0.0106046897657249353
0.8613613613613999576, 0.0107934959993202500
0.8638638638639000167, 0.0109886634845030341
0.8663663663663999648, 0.0111904601701425591
0.8688688688689000239, 0.0113991690303711455
0.8713713713713999720, 0.0116150890675266200
0.8738738738739000311, 0.0118385363951585658
0.8763763763763999792, 0.0120698454084481998
0.8788788788789000384, 0.0123093700501628652
0.8813813813813999865, 0.0125574851811260154
0.8838838838839000456, 0.0128145880651491847
0.8863863863863999937, 0.0130810999794511093
0.8888888888889000528, 0.0133574679628014441
0.8913913913914000009, 0.0136441667149887653
0.8938938938938999490, 0.0139417006627430146
0.8963963963964000081, 0.0142506062089702706
0.8988988988988999562, 0.0145714541841039033
0.9014014014014000153, 0.0149048525205773847
0.9039039039038999634, 0.0152514491739149539
0.9064064064064000226, 0.0156119353167579848
0.9089089089088999707, 0.0159870488353513751
0.9114114114114000298, 0.0163775781616573995
0.9139139139138999779, 0.0167843664784156493
0.9164164164164000370, 0.0172083163392052207
0.9189189189188999851, 0.0176503947509765932
0.9214214214214000442, 0.0181116387727230377
0.9239239239238999923, 0.0185931616910708156
0.9264264264264000515, 0.0190961598417435444
0.9289289289288999996, 0.0196219201552714773
0.9314314314313999477, 0.0201718285161795255
0.9339339339339000068, 0.0207473790374558854
0.9364364364363999549, 0.0213501843666625765
0.9389389389389000140, 0.0219819871569640092
0.9414414414413999621, 0.0226446728560403994
0.9439439439439000212, 0.0233402839888263852
0.9464464464463999693, 0.0240710361368935977
0.9489489489489000285, 0.0248393358488086004
0.9514514514515000076, 0.0256478007528493507
0.9539539539539999558, 0.0264992821871415200
0.9564564564565000149, 0.0273968907138999948
0.9589589589589999630, 0.0283440249456677271
0.9614614614615000221, 0.0293444041842045346
0.9639639639639999702, 0.0304021054594565895
0.9664664664665000293, 0.0315216056598536104
0.9689689689689999774, 0.0327078295697811466
0.9714714714715000365, 0.0339662047801507633
0.9739739739739999846, 0.0353027246193612226
0.9764764764765000438, 0.0367240204719626318
0.9789789789789999919, 0.0382374451202485977
0.9814814814815000510, 0.0398511690715192823
0.9839839839839999991, 0.0415742922358258091
0.9864864864864999472, 0.0434169738146815559
0.9889889889890000063, 0.0453905838750793614
0.9914914914914999544, 0.0475078808469165392
0.9939939939940000135, 0.0497832201368530458
0.9964964964964999616, 0.0522328002517221390
0.9989989989990000208, 0.0548749543408625085
1.0015015015019999023, 0.0577304969932743717
1.0040040040039999170, 0.0608231385877444075
1.0065065065070000205, 0.0641799826605643220
1.0090090090090000352, 0.0678321258541761674
1.0115115115119999167, 0.0718153853519308549
1.0140140140139999314, 0.0761711857167439027
1.0165165165170000350, 0.0809476463278151342
1.0190190190190000497, 0.0862009229800975163
1.0215215215219999312, 0.0919968738496671629
1.0240240240239999459, 0.0984131426112416496
1.0265265265270000494, 0.1055417824433528690
1.0290290290290000641, 0.1134925875102185122
1.0315315315319999456, 0.1223973585019277055
1.0340340340339999603, 0.1324154137945866838
1.0365365365370000639, 0.1437407796957276829
1.0390390390390000785, 0.1566116705006623810
1.0415415415419999601, 0.1713231306411454047
1.0440440440439999747, 0.1882441033059770175
1.0465465465470000783, 0.2078407878988331459
1.0490490490490000930, 0.2307090779169712891
1.0515515515519999745, 0.2576203446254748952
1.0540540540539999892, 0.2895872225585421900
1.0565565565570000928, 0.3279600281793476624
1.0590590590590001074, 0.3745712376870226623
1.0615615615619999890, 0.4319574253022820387
1.0640640640640000036, 0.5037099089445868927
1.0665665665670001072, 0.5950467833988609678
1.0690690690689998998, 0.7137811710777569596
1.0715715715720000034, 0.8720319328436860751
1.0740740740740000181, 1.0894026232442908242
1.0765765765769998996, 1.3992556680287409065
1.0790790790789999143, 1.8620345196152698897
1.0815815815820000179, 2.5962259182486198128
1.0840840840840000325, 3.8590045293099901613
1.0865865865869999141, 6.2892875557297731604
1.0890890890889999287, 11.7875478352868352516
1.0915915915920000323, 27.2581438713415238340
1.0940940940940000470, 68.5594464014262996443
1.0965965965969999285, 53.9099881910439364674
1.0990990990989999432, 20.5873302671128257657
1.1016016016020000468, 9.5571022445003332990
1.1041041041040000614, 5.3566261206461662780
1.1066066066069999430, 3.3938206816990437176
1.1091091091089999576, 2.3340464801990234989
1.1116116116120000612, 1.7009196722967581117
1.1141141141140000759, 1.2937934236560253431
1.1166166166169999574, 1.0170326044549042876
1.1191191191189999721, 0.8205641835089436675
1.1216216216220000756, 0.6761774432076270713
1.1241241241240000903, 0.5670198861972206572
1.1266266266269999718, 0.4825309877021184413
1.1291291291289999865, 0.4158246704249297654
1.1316316316320000901, 0.3622576176312472529
1.1341341341340001048, 0.3186077216562585024
1.1366366366369999863, 0.2825829653806176678
1.1391391391390000010, 0.2525172880548692822
1.1416416416420001045, 0.2271763616892911453
1.1441441441439998972, 0.2056301578053426615
1.1466466466470000007, 0.1871673091258940214
1.1491491491490000154, 0.1712363154628933071
1.1516516516519998969, 0.1574043978337724137
1.1541541541539999116, 0.1453282010934566770
1.1566566566570000152, 0.1347326038289182459
1.1591591591590000299, 0.1253951722782667977
1.1616616616619999114, 0.1171346060338016581
1.1641641641639999261, 0.1098020482907850481
1.1666666666670000296, 0.1032744795336577592
1.1691691691690000443, 0.0974496456251982002
1.1716716716719999258, 0.0922421293085063654
1.1741741741739999405, 0.0875802833352946619
1.1766766766770000441, 0.0834038199269656749
1.1791791791790000588, 0.0796619055566166329
1.1816816816819999403, 0.0763116490503264466
1.1841841841839999550, 0.0733168993999519791
1.1866866866870000585, 0.0706472906255111999
1.1891891891890000732, 0.0682774867120358731
1.1916916916919999547, 0.0661865916116468334
1.1941941941939999694, 0.0643576986501938481
1.1966966966970000730, 0.0627775612240962788
1.1991991991990000876, 0.0614363730451530712
1.2017017017019999692, 0.0603276519049534415
1.2042042042039999838, 0.0594482264496652563
1.2067067067070000874, 0.0587983312460530344
1.2092092092090001021, 0.0583818220060746546
1.2117117117119999836, 0.0582065308769459111
1.2142142142139999983, 0.0582847920820530746
1.2167167167170001019, 0.0586341821766538096
1.2192192192189998945, 0.0592785386243672927
1.2217217217219999981, 0.0602493481368361478
1.2242242242240000127, 0.0615876366496723796
1.2267267267269998943, 0.0633465529167319269
1.2292292292289999089, 0.0655949288088404359
1.2317317317320000125, 0.0684222402386169826
1.2342342342340000272, 0.0719456149376707654
1.2367367367369999087, 0.0763198921950452303
1.2392392392389999234, 0.0817523334442672306
1.2417417417420000270, 0.0885245919805485726
1.2442442442440000416, 0.0970263184631518089
1.2467467467469999232, 0.1078079831491952634
1.2492492492489999378, 0.1216665271806316034
1.2517517517520000414, 0.1397893103344589050
1.2542542542540000561, 0.1640063124807499551
1.2567567567569999376, 0.1972541404395615205
1.2592592592589999523, 0.2444808982653565166
1.2617617617620000559, 0.3145395478964707614
1.2642642642640000705, 0.4245085999811997191
1.2667667667669999521, 0.6106874438433437247
1.2692692692689999667, 0.9607613267811998536
1.2717717717720000703, 1.7260915012891269171
1.2742742742740000850, 3.7917799625941501773
1.2767767767769999665, 9.8617257944916296708
1.2792792792789999812, 10.3956858106203338110
1.2817817817820000847, 4.0285044335619888400
1.2842842842840000994, 1.8051905246313380005
1.2867867867869999809, 0.9937516137523874082
1.2892892892889999956, 0.6270083258862382269
1.2917917917920000992, 0.4335582921180786142
1.2942942942939998918, 0.3199493668444861605
1.2967967967969999954, 0.2478743512126109771
1.2992992992990000101, 0.1994431244107228440
1.3018018018019998916, 0.1654350460492699515
1.3043043043039999063, 0.1407202084012806331
1.3068068068070000098, 0.1222658773998658854
1.3093093093090000245, 0.1081886705621746964
1.3118118118119999060, 0.0972706039593891764
1.3143143143139999207, 0.0886970040601742504
1.3168168168170000243, 0.0819073943570721719
1.3193193193190000390, 0.0765070329825841833
1.3218218218219999205, 0.0722125189901066389
1.3243243243239999352, 0.0688173022755604880
1.3268268268270000387, 0.0661692306456478779
1.3293293293290000534, 0.0641556053983423635
1.3318318318319999349, 0.0626930552812079295
1.3343343343339999496, 0.0617205868937991745
1.3368368368370000532, 0.0611947863158231603
1.3393393393390000679, 0.0610865205078524320
1.3418418418419999494, 0.0613787203671462139
1.3443443443439999641, 0.0620649778123210372
1.3468468468470000676, 0.0631487903442893156
1.3493493493490000823, 0.0646433583448526167
1.3518518518519999638, 0.0665718957414791895
1.3543543543539999785, 0.0689684624385641654
1.3568568568570000821, 0.0718793740732505682
1.3593593593590000967, 0.0753652977997843893
1.3618618618619999783, 0.0795042094957874035
1.3643643643639999929, 0.0843954780695607837
1.3668668668670000965, 0.0901654711660636876
1.3693693693689998891, 0.0969752664236259720
1.3718718718719999927, 0.1050313405052773347
1.3743743743740000074, 0.1146005559225216908
1.3768768768770001110, 0.1260314782609673889
1.3793793793789999036, 0.1397852182459711212
1.3818818818820000072, 0.1564809373646177670
1.3843843843840000218, 0.1769645037104710661
1.3868868868869999034, 0.2024147355544822779
1.3893893893889999180, 0.2345126307313897818
1.3918918918920000216, 0.2757199975158095007
1.3943943943940000363, 0.3297561024066258950
1.3968968968969999178, 0.4024502967583293844
1.3993993993989999325, 0.5033498237320492841
1.4019019019020000361, 0.6489496173475592933
1.4044044044040000507, 0.8697003901136536319
1.4069069069069999323, 1.2267436869789767329
1.4094094094089999469, 1.8570331685359997564
1.4119119119120000505, 3.1154823193345499988
1.4144144144140000652, 6.1165635345034630177
1.4169169169169999467, 15.0086753201308731320
1.4194194194189999614, 32.5330109481827349782
1.4219219219220000650, 17.8747495646376961531
1.4244244244240000796, 7.0335872524203422174
1.4269269269269999612, 3.4580618967861025403
1.4294294294289999758, 2.0138757930361350645
1.4319319319320000794, 1.3093034336541300444
1.4344344344340000941, 0.9172993982950019554
1.4369369369369999756, 0.6779758269510325341
1.4394394394389999903, 0.5215403848408277643
1.4419419419420000938, 0.4138203712542011248
1.4444444444440001085, 0.3365474208715001914
1.4469469469469999900, 0.2792580429176114154
1.4494494494490000047, 0.2356172969483637525
1.4519519519520001083, 0.2016111937695417300
1.4544544544539999009, 0.1745978574360330937
1.4569569569570000045, 0.1527816122089142858
1.4594594594590000192, 0.1349077745324964439
1.4619619619619999007, 0.1200784249082394867
1.4644644644639999154, 0.1076373564511632352
1.4669669669670000189, 0.0970960568285157699
1.4694694694690000336, 0.0880848251783917374
1.4719719719719999151, 0.0803197291833158550
1.4744744744739999298, 0.0735798003530629685
1.4769769769770000334, 0.0676909983691192096
1.4794794794790000481, 0.0625147431455534697
1.4819819819819999296, 0.0579395866772999743
1.4844844844839999443, 0.0538750797600356726
1.4869869869870000478, 0.0502471968145903336
1.4894894894890000625, 0.0469948825013107377
1.4919919919919999440, 0.0440674165514520627
1.4944944944939999587, 0.0414223825994932265
1.4969969969970000623, 0.0390240878699155691
1.4994994994990000770, 0.0368423228985241269
1.5020020020019999585, 0.0348513801888707189
1.5045045045050000621, 0.0330292718277963096
1.5070070070070000767, 0.0313571012682155453
1.5095095095099999583, 0.0298185555182297474
1.5120120120119999729, 0.0283994920693858011
1.5145145145150000765, 0.0270876008911763201
1.5170170170170000912, 0.0258721262974408658
1.5195195195199999727, 0.0247436368642489947
1.5220220220219999874, 0.0236938341405864214
1.5245245245250000909, 0.0227153928526402440
1.5270270270270001056, 0.0218018268118641868
1.5295295295299999871, 0.0209473759074364323
1.5320320320320000018, 0.0201469104770633754
1.5345345345350001054, 0.0193958500671334716
1.5370370370369998980, 0.0186900941593729775
1.5395395395400000016, 0.0180259628906329697
1.5420420420420000163, 0.0174001461511453376
1.5445445445449998978, 0.0168096597342771367
1.5470470470469999125, 0.0162518074426731933
1.5495495495500000160, 0.0157241482433705879
1.5520520520520000307, 0.0152244677170959141
1.5545545545549999122, 0.0147507531715830083
1.5570570570569999269, 0.0143011718909185279
1.5595595595600000305, 0.0138740520770216525
1.5620620620620000452, 0.0134678661088297319
1.5645645645649999267, 0.0130812158023594118
1.5670670670669999414, 0.0127128194027315306
1.5695695695700000449, 0.0123615000792415518
1.5720720720720000596, 0.0120261757280569499
1.5745745745749999411, 0.0117058499152548033
1.5770770770769999558, 0.0113996038166194712
1.5795795795800000594, 0.0111065890306518960
1.5820820820820000741, 0.0108260211582110032
1.5845845845849999556, 0.0105571740566324148
1.5870870870869999703, 0.0102993746884504356
1.5895895895900000738, 0.0100519984953418122
1.5920920920920000885, 0.0098144652368920733
1.5945945945949999700, 0.0095862352414907374
1.5970970970969999847, 0.0093668060232946562
1.5995995996000000883, 0.0091557092249119516
1.6021021021020001029, 0.0089525078503979207
1.6046046046049999845, 0.0087567937574304800
1.6071071071069999991, 0.0085681853812396049
1.6096096096100001027, 0.0083863256660925058
1.6121121121119998953, 0.0082108801829425208
1.6146146146149999989, 0.0080415354143014966
1.6171171171170000136, 0.0078779971895378033
1.6196196196199998951, 0.0077199892556787204
1.6221221221219999098, 0.0075672519704420753
1.6246246246250000134, 0.0074195411056691210
1.6271271271270000280, 0.0072766267506041270
1.6296296296299999096, 0.0071382923055891842
1.6321321321319999242, 0.0070043335577344443
1.6346346346350000278, 0.0068745578310011393
1.6371371371370000425, 0.0067487832039115755
1.6396396396399999240, 0.0066268377887896013
1.6421421421419999387, 0.0065085590670471496
1.6446446446450000423, 0.0063937932755771957
1.6471471471470000569, 0.0062823948397985252
1.6496496496499999385, 0.0061742258493304916
1.6521521521519999531, 0.0060691555726624154
1.6546546546550000567, 0.0059670600075279129
1.6571571571570000714, 0.0058678214640038723
1.6596596596599999529, 0.0057713281776312856
1.6621621621619999676, 0.0056774739501040620
1.6646646646650000712, 0.0055861578152957810
1.6671671671670000858, 0.0054972837285955549
1.6696696696699999674, 0.0054107602777054929
1.6721721721719999820, 0.0053265004132156887
1.6746746746750000856, 0.0052444211974201392
1.6771771771770001003, 0.0051644435699703551
1.6796796796799999818, 0.0050864921290838683
1.6821821821819999965, 0.0050104949271340543
1.6846846846850001000, 0.0049363832795465594
1.6871871871869998927, 0.0048640915860173363
1.6896896896899999962, 0.0047935571631487622
1.6921921921920000109, 0.0047247200876743278
1.6946946946949998924, 0.0046575230495097620
1.6971971971969999071, 0.0045919112139297478
1.6996996997000000107, 0.0045278320922252716
1.7022022022020000254, 0.0044652354202476038
1.7047047047049999069, 0.0044040730442914417
1.7072072072069999216, 0.0043442988138122467
1.7097097097100000251, 0.0042858684805116331
1.7122122122120000398, 0.0042287396033603040
1.7147147147149999213, 0.0041728714591605029
1.7172172172169999360, 0.0041182249582798792
1.7197197197200000396, 0.0040647625652159899
1.7222222222220000543, 0.0040124482236758123
1.7247247247249999358, 0.0039612472858777418
1.7272272272269999505, 0.0039111264458047169
1.7297297297300000540, 0.0038620536761566956
1.7322322322320000687, 0.0038139981687686370
1.7347347347349999502, 0.0037669302782767067
1.7372372372369999649, 0.0037208214688306809
1.7397397397400000685, 0.0036756442636646054
1.7422422422420000832, 0.0036313721973507511
1.7447447447449999647, 0.0035879797705739005
1.7472472472469999794, 0.0035454424072741122
1.7497497497500000829, 0.0035037364140163415
1.7522522522520000976, 0.0034628389414547898
1.7547547547549999791, 0.0034227279477686673
1.7572572572569999938, 0.0033833821639541531
1.7597597597600000974, 0.0033447810608649257
1.7622622622619998900, 0.0033069048179006091
1.7647647647649999936, 0.0032697342932489805
1.7672672672670000082, 0.0032332509955938409
1.7697697697699998898, 0.0031974370572060190
1.7722722722719999044, 0.0031622752083402218
1.7747747747750000080, 0.0031277487528652802
1.7772772772770000227, 0.0030938415450598388
1.7797797797799999042, 0.0030605379675097627
1.7822822822819999189, 0.0030278229100474180
1.7847847847850000225, 0.0029956817496766593
1.7872872872870000371, 0.0029641003314307343
1.7897897897899999187, 0.0029330649501134991
1.7922922922919999333, 0.0029025623328773056
1.7947947947950000369, 0.0028725796225936738
1.7972972972970000516, 0.0028431043619754630
1.7997997997999999331, 0.0028141244784116474
1.8023023023019999478, 0.0027856282694781048
1.8048048048050000514, 0.0027576043890898795
1.8073073073070000660, 0.0027300418342624225
1.8098098098099999476, 0.0027029299324511213
1.8123123123119999622, 0.0026762583294401773
1.8148148148150000658, 0.0026500169777535451
1.8173173173170000805, 0.0026241961255621150
1.8198198198199999620, 0.0025987863060628279
1.8223223223219999767, 0.0025737783273066762
1.8248248248250000803, 0.0025491632624538695
1.8273273273270000949, 0.0025249324404355870
1.8298298298299999765, 0.0025010774370028827
1.8323323323319999911, 0.0024775900661443214
1.8348348348350000947, 0.0024544623718549484
1.8373373373370001094, 0.0024316866202400774
1.8398398398399999909, 0.0024092552919382894
1.8423423423420000056, 0.0023871610748488399
1.8448448448450001091, 0.0023653968571494366
1.8473473473469999018, 0.0023439557205910885
1.8498498498500000053, 0.0023228309340574166
1.8523523523520000200, 0.0023020159473764496
1.8548548548549999015, 0.0022815043853735440
1.8573573573569999162, 0.0022612900421546500
1.8598598598600000198, 0.0022413668756096758
1.8623623623620000345, 0.0022217290021262302
1.8648648648649999160, 0.0022023706915044825
1.8673673673669999307, 0.0021832863620643746
1.8698698698700000342, 0.0021644705759368121
1.8723723723720000489, 0.0021459180345308991
1.8748748748749999304, 0.0021276235741696488
1.8773773773769999451, 0.0021095821618869934
1.8798798798800000487, 0.0020917888913792168
1.8823823823820000634, 0.0020742389791043206
1.8848848848849999449, 0.0020569277605230929
1.8873873873869999596, 0.0020398506864759756
1.8898898898900000631, 0.0020230033196900797
1.8923923923920000778, 0.0020063813314109909
1.8948948948949999593, 0.0019899804981542268
1.8973973973969999740, 0.0019737966985714731
1.8998998999000000776, 0.0019578259104269177
1.9024024024020000923, 0.0019420642076792580
1.9049049049049999738, 0.0019265077576651206
1.9074074074069999885, 0.0019111528183798361
1.9099099099100000920, 0.0018959957358517195
1.9124124124120001067, 0.0018810329416061328
1.9149149149149999882, 0.0018662609502158221
1.9174174174170000029, 0.0018516763569341305
1.9199199199200001065, 0.0018372758354078830
1.9224224224219998991, 0.0018230561354668419
1.9249249249250000027, 0.0018090140809867900
1.9274274274270000173, 0.0017951465678234181
1.9299299299299998989, 0.0017814505618143190
1.9324324324319999135, 0.0017679230968465046
1.9349349349350000171, 0.0017545612729869635
1.9374374374370000318, 0.0017413622546739104
1.9399399399399999133, 0.0017283232689664454
1.9424424424419999280, 0.0017154416038504491
1.9449449449450000316, 0.0017027146065986480
1.9474474474470000462, 0.0016901396821828434
1.9499499499499999278, 0.0016777142917364010
1.9524524524519999424, 0.0016654359510651605
1.9549549549550000460, 0.0016533022292050201
1.9574574574570000607, 0.0016413107470245026
1.9599599599599999422, 0.0016294591758706910
1.9624624624619999569, 0.0016177452362569830
1.9649649649650000605, 0.0016061666965911776
1.9674674674670000751, 0.0015947213719424641
1.9699699699699999567, 0.0015834071228459431
1.9724724724719999713, 0.0015722218541433654
1.9749749749750000749, 0.0015611635138588226
1.9774774774770000896, 0.0015502300921081741
1.9799799799799999711, 0.0015394196200410487
1.9824824824819999858, 0.0015287301688142940
1.9849849849850000894, 0.0015181598485958035
1.9874874874870001040, 0.0015077068075976725
1.9899899899899999856, 0.0014973692311377059
1.9924924924920000002, 0.0014871453407283050
1.9949949949950001038, 0.0014770333931918155
1.9974974974969998964, 0.0014670316798014590
2.0000000000000000000, 0.0014571385254469841
