# Delta1: 0.46
# Delta2: 1.17
# Delta3: 1.34
# Dq: 0.08800000000000002
# Ds: -0.09000000000000001
# Dt: -0.01999999999999998
# k1_lab: [1, 0, 0]
# k2_lab: [-0.8660254037844387, 0.49999999999999994, 0.0]
# k1_cf: [0.0, 0.0, 1.0]
# k2_cf: [0.35355339059327373, 0.35355339059327373, -0.8660254037844387]
# pol1_lab: [(0, 1, 0), (0, 0, 1)]
# pol2_lab: "[array([-0.5      , -0.8660254,  0.       ]), array([0., 0., 1.])]"
# pol1_cf: "[array([0.70710678, 0.70710678, 0.        ]), array([-0.70710678,  0.70710678,  0.        ])]"
# pol2_cf: "[array([-0.61237244, -0.61237244, -0.5       ]), array([-0.70710678,  0.70710678,  0.        ])]"
# cf: "[array([ 0.        ,  0.70710678, -0.70710678]), array([0.        , 0.70710678, 0.70710678]), array([1., 0., 0.])]"
# th: 0
-0.5000000000000000000, 0.0012793955062684215
-0.4974974974974999964, 0.0012886981358445325
-0.4949949949949999928, 0.0012981179049183535
-0.4924924924924999892, 0.0013076569670627185
-0.4899899899899999856, 0.0013173175280559830
-0.4874874874874999819, 0.0013271018474486662
-0.4849849849849999783, 0.0013370122401859894
-0.4824824824824999747, 0.0013470510782886153
-0.4799799799800000266, 0.0013572207925940014
-0.4774774774775000230, 0.0013675238745609001
-0.4749749749750000194, 0.0013779628781396475
-0.4724724724725000158, 0.0013885404217110300
-0.4699699699700000122, 0.0013992591900966176
-0.4674674674675000086, 0.0014101219366436260
-0.4649649649650000049, 0.0014211314853874995
-0.4624624624625000013, 0.0014322907332955629
-0.4599599599599999977, 0.0014436026525952534
-0.4574574574574999941, 0.0014550702931906368
-0.4549549549549999905, 0.0014666967851710518
-0.4524524524524999869, 0.0014784853414159731
-0.4499499499499000077, 0.0014904392603003361
-0.4474474474474000041, 0.0015025619285048170
-0.4449449449449000005, 0.0015148568239357740
-0.4424424424423999969, 0.0015273275187597901
-0.4399399399398999932, 0.0015399776825580228
-0.4374374374373999896, 0.0015528110856058315
-0.4349349349348999860, 0.0015658316022834230
-0.4324324324323999824, 0.0015790432146235770
-0.4299299299298999788, 0.0015924500160028104
-0.4274274274273999752, 0.0016060562149826951
-0.4249249249249000271, 0.0016198661393083645
-0.4224224224224000235, 0.0016338842400716769
-0.4199199199199000199, 0.0016481150960468414
-0.4174174174174000163, 0.0016625634182067740
-0.4149149149149000126, 0.0016772340544288940
-0.4124124124124000090, 0.0016921319943995310
-0.4099099099099000054, 0.0017072623747266410
-0.4074074074074000018, 0.0017226304842710410
-0.4049049049048999982, 0.0017382417697069594
-0.4024024024023999946, 0.0017541018413233011
-0.3998998998998999910, 0.0017702164790776550
-0.3973973973973999874, 0.0017865916389157789
-0.3948948948948999838, 0.0018032334593699926
-0.3923923923923999801, 0.0018201482684507119
-0.3898898898898999765, 0.0018373425908461670
-0.3873873873873999729, 0.0018548231554462076
-0.3848848848849000248, 0.0018725969032070693
-0.3823823823824000212, 0.0018906709953749237
-0.3798798798799000176, 0.0019090528220871345
-0.3773773773774000140, 0.0019277500113712501
-0.3748748748749000104, 0.0019467704385629590
-0.3723723723724000068, 0.0019661222361655626
-0.3698698698699000031, 0.0019858138041748451
-0.3673673673673999995, 0.0020058538208947139
-0.3648648648648999959, 0.0020262512542705670
-0.3623623623623999923, 0.0020470153737689764
-0.3598598598598999887, 0.0020681557628341243
-0.3573573573573999851, 0.0020896823319533080
-0.3548548548548999815, 0.0021116053323659068
-0.3523523523523999779, 0.0021339353704524161
-0.3498498498497999987, 0.0021566834228424698
-0.3473473473472999951, 0.0021798608522833715
-0.3448448448447999914, 0.0022034794243133145
-0.3423423423422999878, 0.0022275513247864069
-0.3398398398397999842, 0.0022520891782997527
-0.3373373373372999806, 0.0022771060675761982
-0.3348348348347999770, 0.0023026155538599701
-0.3323323323322999734, 0.0023286316983863052
-0.3298298298298000253, 0.0023551690849903900
-0.3273273273273000217, 0.0023822428439253937
-0.3248248248248000181, 0.0024098686769642719
-0.3223223223223000145, 0.0024380628838652045
-0.3198198198198000108, 0.0024668423902862221
-0.3173173173173000072, 0.0024962247772406265
-0.3148148148148000036, 0.0025262283121914074
-0.3123123123123000000, 0.0025568719818899574
-0.3098098098097999964, 0.0025881755270720386
-0.3073073073072999928, 0.0026201594791323180
-0.3048048048047999892, 0.0026528451989077328
-0.3023023023022999856, 0.0026862549177096764
-0.2997997997997999819, 0.0027204117807556241
-0.2972972972972999783, 0.0027553398931621457
-0.2947947947947999747, 0.0027910643686737918
-0.2922922922923000266, 0.0028276113813157661
-0.2897897897898000230, 0.0028650082201729090
-0.2872872872873000194, 0.0029032833475136064
-0.2847847847848000158, 0.0029424664604944064
-0.2822822822823000122, 0.0029825885567001035
-0.2797797797798000086, 0.0030236820037947108
-0.2772772772773000050, 0.0030657806135809670
-0.2747747747748000013, 0.0031089197207908150
-0.2722722722722999977, 0.0031531362669558177
-0.2697697697697999941, 0.0031984688897358287
-0.2672672672672999905, 0.0032449580181163062
-0.2647647647647999869, 0.0032926459739195790
-0.2622622622622999833, 0.0033415770801138514
-0.2597597597597999797, 0.0033917977764458991
-0.2572572572572999761, 0.0034433567429694909
-0.2547547547547999724, 0.0034963050320926019
-0.2522522522523000243, 0.0035506962098220949
-0.2497497497496999896, 0.0036065865069462391
-0.2472472472472000138, 0.0036640349809630331
-0.2447447447447000102, 0.0037231036896370629
-0.2422422422422000066, 0.0037838578771500521
-0.2397397397397000030, 0.0038463661739013529
-0.2372372372371999993, 0.0039107008111153377
-0.2347347347346999957, 0.0039769378515243023
-0.2322322322321999921, 0.0040451574375189401
-0.2297297297296999885, 0.0041154440582957382
-0.2272272272272000126, 0.0041878868376829118
-0.2247247247247000090, 0.0042625798444958576
-0.2222222222222000054, 0.0043396224274616819
-0.2197197197197000018, 0.0044191195769624717
-0.2172172172171999982, 0.0045011823160814547
-0.2147147147146999946, 0.0045859281236980912
-0.2122122122121999910, 0.0046734813926711753
-0.2097097097096999874, 0.0047639739264771141
-0.2072072072072000115, 0.0048575454780385536
-0.2047047047047000079, 0.0049543443348917145
-0.2022022022022000043, 0.0050545279553054576
-0.1996996996997000007, 0.0051582636604882177
-0.1971971971971999971, 0.0052657293886089838
-0.1946946946946999935, 0.0053771145170246424
-0.1921921921921999898, 0.0054926207598594810
-0.1896896896896999862, 0.0056124631489361219
-0.1871871871872000104, 0.0057368711070253375
-0.1846846846847000068, 0.0058660896234824268
-0.1821821821822000032, 0.0060003805435900476
-0.1796796796796999995, 0.0061400239843552020
-0.1771771771771999959, 0.0062853198911385667
-0.1746746746746999923, 0.0064365897513602799
-0.1721721721721999887, 0.0065941784836647897
-0.1696696696697000128, 0.0067584565233835114
-0.1671671671672000092, 0.0069298221279603771
-0.1646646646647000056, 0.0071087039292637771
-0.1621621621622000020, 0.0072955637634733051
-0.1596596596596999984, 0.0074908998135887229
-0.1571571571571999948, 0.0076952501046663882
-0.1546546546546999912, 0.0079091963977704141
-0.1521521521521999876, 0.0081333685354821397
-0.1496496496496000084, 0.0083684492998229078
-0.1471471471471000048, 0.0086151798528283311
-0.1446446446446000011, 0.0088743658410317672
-0.1421421421420999975, 0.0091468842580882930
-0.1396396396395999939, 0.0094336911750867031
-0.1371371371370999903, 0.0097358304662310078
-0.1346346346345999867, 0.0100544436791025985
-0.1321321321321000108, 0.0103907812243552340
-0.1296296296296000072, 0.0107462150903263470
-0.1271271271271000036, 0.0111222533247578286
-0.1246246246246000000, 0.0115205565699648647
-0.1221221221220999964, 0.0119429569910579104
-0.1196196196196000067, 0.0123914800013314418
-0.1171171171171000031, 0.0128683692673473606
-0.1146146146145999994, 0.0133761155719293416
-0.1121121121120999958, 0.0139174902305284898
-0.1096096096096000061, 0.0144955839006822990
-0.1071071071071000025, 0.0151138518025758610
-0.1046046046045999989, 0.0157761665900676522
-0.1021021021020999953, 0.0164868803876822116
-0.0995995995996000055, 0.0172508978552923312
-0.0970970970971000019, 0.0180737625785804615
-0.0945945945945900063, 0.0189617596363818863
-0.0920920920920900027, 0.0199220379009060269
-0.0895895895895899991, 0.0209627565307641921
-0.0870870870870899955, 0.0220932612833042649
-0.0845845845845799998, 0.0233242977883829743
-0.0820820820820799962, 0.0246682709087785515
-0.0795795795795800065, 0.0261395619265240506
-0.0770770770770800029, 0.0277549187675342687
-0.0745745745745699934, 0.0295339391299194558
-0.0720720720720700037, 0.0314996726705336835
-0.0695695695695700000, 0.0336793769851430197
-0.0670670670670699964, 0.0361054739428331578
-0.0645645645645600008, 0.0388167694063865226
-0.0620620620620599972, 0.0418600225757681452
-0.0595595595595600005, 0.0452919842869041328
-0.0570570570570599969, 0.0491820714211584423
-0.0545545545545500013, 0.0536159146709858925
-0.0520520520520499977, 0.0587001212132791522
-0.0495495495495500010, 0.0645687516587179350
-0.0470470470470499974, 0.0713922537629924636
-0.0445445445445400018, 0.0793899773426717387
-0.0420420420420399982, 0.0888480079874880424
-0.0395395395395400015, 0.1001450650545761406
-0.0370370370370399979, 0.1137909102376467307
-0.0345345345345300023, 0.1304846680707133222
-0.0320320320320299987, 0.1512057644319972638
-0.0295295295295299985, 0.1773600686426225759
-0.0270270270270299984, 0.2110230096054755144
-0.0245245245245199993, 0.2553605176974198532
-0.0220220220220199991, 0.3153927894223816364
-0.0195195195195199990, 0.3994591730427606291
-0.0170170170170199989, 0.5222219847477593824
-0.0145145145145099998, 0.7113516560428809754
-0.0120120120120099996, 1.0240083006232862939
-0.0095095095095099995, 1.5931331897072045223
-0.0070070070070070000, 2.7810554407605705407
-0.0045045045045049997, 5.7970225913080826174
-0.0020020020020019998, 14.9947310986437223335
0.0005005005005005000, 23.6607757524804505067
0.0030030030030029999, 10.0752675887920606357
0.0055055055055059999, 4.2090352070092063030
0.0080080080080079993, 2.1878080316746659761
0.0105105105105099995, 1.3202269384006533048
0.0130130130130099997, 0.8785195119083746285
0.0155155155155200005, 0.6253711288265999535
0.0180180180180199989, 0.4674844567471955203
0.0205205205205199991, 0.3626248157929434224
0.0230230230230199992, 0.2895341904435033697
0.0255255255255299983, 0.2366015908666134759
0.0280280280280299984, 0.1970617180725886819
0.0305305305305299986, 0.1667610462165121377
0.0330330330330299987, 0.1430371243093938038
0.0355355355355400013, 0.1241204335035588496
0.0380380380380399979, 0.1087981848454795258
0.0405405405405400016, 0.0962168690420949074
0.0430430430430399982, 0.0857618419994474468
0.0455455455455500008, 0.0769814496889849598
0.0480480480480499975, 0.0695378289514323872
0.0505505505505500011, 0.0631741884444178697
0.0530530530530499977, 0.0576925543032700550
0.0555555555555600003, 0.0529383255133257236
0.0580580580580599970, 0.0487893590300499391
0.0605605605605600006, 0.0451481283913289372
0.0630630630630600042, 0.0419360055838854107
0.0655655655655699998, 0.0390890339506520801
0.0680680680680700034, 0.0365547639912080433
0.0705705705705699932, 0.0342898573560888043
0.0730730730730699968, 0.0322582531368165934
0.0755755755755800063, 0.0304297505992287241
0.0780780780780799960, 0.0287789037152736751
0.0805805805805799996, 0.0272841515187522282
0.0830830830830800032, 0.0259271285139762303
0.0855855855855899988, 0.0246921137736004909
0.0880880880880900025, 0.0235655877505258765
0.0905905905905900061, 0.0225358733979564539
0.0930930930930899958, 0.0215928437606549423
0.0955955955956000053, 0.0207276823354836867
0.0980980980980999950, 0.0199326855962767210
0.1006006006005999986, 0.0192010994165385598
0.1031031031031000023, 0.0185269829028254264
0.1056056056056000059, 0.0179050945155076122
0.1081081081080999956, 0.0173307964062132946
0.1106106106105999992, 0.0167999737189882190
0.1131131131131000028, 0.0163089662414489384
0.1156156156156000064, 0.0158545102948940420
0.1181181181180999962, 0.0154336891498801261
0.1206206206205999998, 0.0150438905698597903
0.1231231231231000034, 0.0146827703381051233
0.1256256256256000070, 0.0143482208260401773
0.1281281281281000106, 0.0140383438248392611
0.1306306306305999865, 0.0137514269948725495
0.1331331331330999901, 0.0134859233956367321
0.1356356356355999937, 0.0132404336471482892
0.1381381381380999973, 0.0130136903462872988
0.1406406406406000009, 0.0128045444213263759
0.1431431431431000045, 0.0126119531572929135
0.1456456456456000081, 0.0124349696658257354
0.1481481481481000118, 0.0122727336073467502
0.1506506506506999910, 0.0121244630019139866
0.1531531531531999946, 0.0119894469890551494
0.1556556556556999982, 0.0118670394170087498
0.1581581581582000018, 0.0117566531587804841
0.1606606606607000054, 0.0116577550667903464
0.1631631631632000090, 0.0115698614900792748
0.1656656656657000126, 0.0114925342884216151
0.1681681681681999885, 0.0114253772865472551
0.1706706706706999921, 0.0113680331192591647
0.1731731731731999957, 0.0113201804247401207
0.1756756756756999993, 0.0112815313489456337
0.1781781781782000029, 0.0112518293288174850
0.1806806806807000065, 0.0112308471262423104
0.1831831831832000101, 0.0112183850883196597
0.1856856856857000138, 0.0112142696126772308
0.1881881881881999896, 0.0112183517993471905
0.1906906906906999932, 0.0112305062731555758
0.1931931931931999968, 0.0112506301627277594
0.1956956956957000004, 0.0112786422241186735
0.1981981981982000041, 0.0113144820987748952
0.2007007007007000077, 0.0113581096970573527
0.2032032032032000113, 0.0114095046999270582
0.2057057057056999871, 0.0114686661726442415
0.2082082082081999908, 0.0115356122854761711
0.2107107107106999944, 0.0116103801374681861
0.2132132132131999980, 0.0116930256803232831
0.2157157157157000016, 0.0117836237403727770
0.2182182182182000052, 0.0118822681375182725
0.2207207207207000088, 0.0119890719008956086
0.2232232232232000124, 0.0121041675818676017
0.2257257257256999883, 0.0122277076658052590
0.2282282282281999919, 0.0123598650849787994
0.2307307307306999955, 0.0125008338357615167
0.2332332332331999991, 0.0126508297042628951
0.2357357357357000027, 0.0128100911054654862
0.2382382382382000063, 0.0129788800419542577
0.2407407407407000099, 0.0131574831894134894
0.2432432432432000136, 0.0133462131172375400
0.2457457457456999894, 0.0135454096538764456
0.2482482482481999930, 0.0137554414079329376
0.2507507507508000000, 0.0139767074575642934
0.2532532532533000036, 0.0142096392224453794
0.2557557557558000072, 0.0144547025344425820
0.2582582582583000108, 0.0147123999252645292
0.2607607607608000144, 0.0149832731517278300
0.2632632632633000180, 0.0152679059819443505
0.2657657657658000216, 0.0155669272687490520
0.2682682682683000253, 0.0158810143400939761
0.2707707707707999734, 0.0162108967400010767
0.2732732732732999770, 0.0165573603580635303
0.2757757757757999806, 0.0169212519904976093
0.2782782782782999842, 0.0173034843814771737
0.2807807807807999878, 0.0177050418000417181
0.2832832832832999914, 0.0181269862154012987
0.2857857857857999950, 0.0185704641421241302
0.2882882882882999986, 0.0190367142366810460
0.2907907907908000023, 0.0195270757383646035
0.2932932932933000059, 0.0200429978609671725
0.2957957957958000095, 0.0205860502571229426
0.2982982982983000131, 0.0211579346952762010
0.3008008008008000167, 0.0217604981103006606
0.3033033033033000203, 0.0223957472134262356
0.3058058058058000239, 0.0230658648759998336
0.3083083083083000275, 0.0237732285355436897
0.3108108108107999756, 0.0245204309125673994
0.3133133133132999792, 0.0253103033738499086
0.3158158158157999829, 0.0261459423339246433
0.3183183183182999865, 0.0270307391530775348
0.3208208208207999901, 0.0279684140695548311
0.3233233233232999937, 0.0289630547986261741
0.3258258258257999973, 0.0300191605450860627
0.3283283283283000009, 0.0311416923129730593
0.3308308308308000045, 0.0323361305620551778
0.3333333333333000081, 0.0336085414616798181
0.3358358358358000118, 0.0349656532373307030
0.3383383383383000154, 0.0364149444043688833
0.3408408408408000190, 0.0379647460505477888
0.3433433433433000226, 0.0396243607813603904
0.3458458458458000262, 0.0414042015024668267
0.3483483483482999743, 0.0433159539102266899
0.3508508508509000090, 0.0453727674322839530
0.3533533533534000126, 0.0475894804543101485
0.3558558558559000162, 0.0499828870509634315
0.3583583583584000198, 0.0525720541943982614
0.3608608608609000235, 0.0553787006561936163
0.3633633633634000271, 0.0584276517013809227
0.3658658658658999752, 0.0617473874032551454
0.3683683683683999788, 0.0653707072668757855
0.3708708708708999824, 0.0693355402252860825
0.3733733733733999860, 0.0736859375028605379
0.3758758758758999896, 0.0784732970768073912
0.3783783783783999932, 0.0837578835730521248
0.3808808808808999968, 0.0896107279229844123
0.3833833833834000004, 0.0961160191715259571
0.3858858858859000041, 0.1033741396601255275
0.3883883883884000077, 0.1115055491347062000
0.3908908908909000113, 0.1206558002250847500
0.3933933933934000149, 0.1310020779618706888
0.3958958958959000185, 0.1427618161290427901
0.3983983983984000221, 0.1562041793125603650
0.4009009009009000257, 0.1716655530291492093
0.4034034034033999738, 0.1895707228839963454
0.4059059059058999774, 0.2104622595875043078
0.4084084084083999810, 0.2350419506765004385
0.4109109109108999847, 0.2642302643901467407
0.4134134134133999883, 0.2992533916148846229
0.4159159159158999919, 0.3417734866319066533
0.4184184184183999955, 0.3940884128198645087
0.4209209209208999991, 0.4594467484199711294
0.4234234234234000027, 0.5425606016611204119
0.4259259259259000063, 0.6504715252649286850
0.4284284284284000099, 0.7940760910281110529
0.4309309309309000136, 0.9909513181488165401
0.4334334334334000172, 1.2709086656556460859
0.4359359359359000208, 1.6877289705647151585
0.4384384384384000244, 2.3462685556224065486
0.4409409409408999725, 3.4725097432930374097
0.4434434434433999761, 5.6225755586923140683
0.4459459459458999797, 10.4302422636828637792
0.4484484484483999833, 23.7747838774662696437
0.4509509509510000180, 60.8691642781921871119
0.4534534534535000216, 52.6752849844115189626
0.4559559559560000253, 20.1096669311078812825
0.4584584584584999734, 9.2039227030016164122
0.4609609609609999770, 5.1089818664586985619
0.4634634634634999806, 3.2158877906073120023
0.4659659659659999842, 2.2012644946526780387
0.4684684684684999878, 1.5982652997125137428
0.4709709709709999914, 1.2119885580551577053
0.4734734734734999950, 0.9501508043248282354
0.4759759759759999986, 0.7646794657158485498
0.4784784784785000022, 0.6285995724288072628
0.4809809809810000059, 0.5258490540367322108
0.4834834834835000095, 0.4463895160756556901
0.4859859859860000131, 0.3836898835541540098
0.4884884884885000167, 0.3333544669577757080
0.4909909909910000203, 0.2923378395990047784
0.4934934934935000239, 0.2584765901678683919
0.4959959959960000275, 0.2301999373009507854
0.4984984984984999756, 0.2063452504029859025
0.5010010010009999792, 0.1860371972027753951
0.5035035035035000384, 0.1686066386174527587
0.5060060060059999865, 0.1535350136426545664
0.5085085085085000456, 0.1404154590351510412
0.5110110110109999937, 0.1289251500407659068
0.5135135135135000528, 0.1188053100043458543
0.5160160160160000009, 0.1098465528350085346
0.5185185185184999490, 0.1018779930217955099
0.5210210210210000081, 0.0947590562170978618
0.5235235235234999562, 0.0883732515642054739
0.5260260260260000154, 0.0826233867182417508
0.5285285285284999635, 0.0774278559991312676
0.5310310310310000226, 0.0727177352693751805
0.5335335335334999707, 0.0684344892656303799
0.5360360360360000298, 0.0645281481878768326
0.5385385385384999779, 0.0609558469333365133
0.5410410410410000370, 0.0576806468509290168
0.5435435435434999851, 0.0546705792667376358
0.5460460460460000442, 0.0518978643378234794
0.5485485485484999924, 0.0493382694513311848
0.5510510510510999715, 0.0469705793952558404
0.5535535535536000307, 0.0447761565935418174
0.5560560560560999788, 0.0427385743274630789
0.5585585585586000379, 0.0408433094232326863
0.5610610610610999860, 0.0390774836389633229
0.5635635635636000451, 0.0374296451282416023
0.5660660660660999932, 0.0358895830376518565
0.5685685685686000523, 0.0344481696197090140
0.5710710710711000004, 0.0330972252920577262
0.5735735735735999485, 0.0318294029098782835
0.5760760760761000077, 0.0306380881879489558
0.5785785785785999558, 0.0295173137475362585
0.5810810810811000149, 0.0284616846987795977
0.5835835835835999630, 0.0274663140228512404
0.5860860860861000221, 0.0265267663065254442
0.5885885885885999702, 0.0256390086178891613
0.5910910910911000293, 0.0247993675060004456
0.5935935935935999774, 0.0240044912674329536
0.5960960960961000366, 0.0232513167552523305
0.5985985985985999847, 0.0225370401161685656
0.6011011011011000438, 0.0218590909334934989
0.6036036036035999919, 0.0212151093303969696
0.6061061061061000510, 0.0206029256524565794
0.6086086086085999991, 0.0200205424027860221
0.6111111111110999472, 0.0194661181488570284
0.6136136136136000063, 0.0189379531589270941
0.6161161161160999544, 0.0184344765589186249
0.6186186186186000135, 0.0179542348286255912
0.6211211211210999616, 0.0174958814800414975
0.6236236236236000208, 0.0170581677810626477
0.6261261261260999689, 0.0166399344053641714
0.6286286286286000280, 0.0162401039043248360
0.6311311311310999761, 0.0158576739098653732
0.6336336336336000352, 0.0154917109882787042
0.6361361361360999833, 0.0151413450748315269
0.6386386386386000424, 0.0148057644273275509
0.6411411411410999905, 0.0144842110441288224
0.6436436436436000497, 0.0141759764984908110
0.6461461461460999978, 0.0138803981466128282
0.6486486486485999459, 0.0135968556716502403
0.6511511511512000361, 0.0133247679301757623
0.6536536536536999842, 0.0130635900712952925
0.6561561561562000433, 0.0128128109018892551
0.6586586586586999914, 0.0125719504743235910
0.6611611611612000505, 0.0123405578755060308
0.6636636636636999986, 0.0121182091983976815
0.6661661661661999467, 0.0119045056790650985
0.6686686686687000059, 0.0116990719841065620
0.6711711711711999540, 0.0115015546348365347
0.6736736736737000131, 0.0113116205559887027
0.6761761761761999612, 0.0111289557379219573
0.6786786786787000203, 0.0109532640024033387
0.6811811811811999684, 0.0107842658630134362
0.6836836836837000275, 0.0106216974720872472
0.6861861861861999756, 0.0104653096468787961
0.6886886886887000347, 0.0103148669683316742
0.6911911911911999828, 0.0101701469464599327
0.6936936936937000420, 0.0100309392469014533
0.6961961961961999901, 0.0098970449737076326
0.6986986986987000492, 0.0097682760038839099
0.7012012012011999973, 0.0096444543696019951
0.7037037037036999454, 0.0095254116843706375
0.7062062062062000045, 0.0094109886097823378
0.7087087087086999526, 0.0093010343597520993
0.7112112112112000117, 0.0091954062394344078
0.7137137137136999598, 0.0090939692162495429
0.7162162162162000190, 0.0089965955206720346
0.7187187187186999671, 0.0089031642746358833
0.7212212212212000262, 0.0088135611455939129
0.7237237237236999743, 0.0087276780244356904
0.7262262262262000334, 0.0086454127256199546
0.7287287287286999815, 0.0085666687080163742
0.7312312312312000406, 0.0084913548150776577
0.7337337337336999887, 0.0084193850330791086
0.7362362362362000479, 0.0083506782662685526
0.7387387387386999960, 0.0082851581278668950
0.7412412412412000551, 0.0082227527459490853
0.7437437437437000032, 0.0081633945833171628
0.7462462462461999513, 0.0081070202705533813
0.7487487487487000104, 0.0080535704515110763
0.7512512512512999896, 0.0080029896405659703
0.7537537537538000487, 0.0079552260910108023
0.7562562562562999968, 0.0079102316740320734
0.7587587587587999449, 0.0078679617677599387
0.7612612612613000040, 0.0078283751559310721
0.7637637637637999521, 0.0077914339357502060
0.7662662662663000113, 0.0077571034345791257
0.7687687687687999594, 0.0077253521351227233
0.7712712712713000185, 0.0076961516088204333
0.7737737737737999666, 0.0076694764571882774
0.7762762762763000257, 0.0076453042608921155
0.7787787787787999738, 0.0076236155363667985
0.7812812812813000329, 0.0076043936998288729
0.7837837837837999810, 0.0075876250385626849
0.7862862862863000402, 0.0075732986893912056
0.7887887887887999883, 0.0075614066242740054
0.7912912912913000474, 0.0075519436430056246
0.7937937937937999955, 0.0075449073730185197
0.7962962962963000546, 0.0075402982763256923
0.7987987987988000027, 0.0075381196636696152
0.8013013013012999508, 0.0075383777159761037
0.8038038038038000099, 0.0075410815132446315
0.8063063063062999580, 0.0075462430710405764
0.8088088088088000172, 0.0075538773847900935
0.8113113113112999653, 0.0075640024821151657
0.8138138138138000244, 0.0075766394834849791
0.8163163163162999725, 0.0075918126715006050
0.8188188188188000316, 0.0076095495691731099
0.8213213213212999797, 0.0076298810276012761
0.8238238238238000388, 0.0076528413235042256
0.8263263263262999869, 0.0076784682671169543
0.8288288288288000460, 0.0077068033210134926
0.8313313313312999941, 0.0077378917304836261
0.8338338338338000533, 0.0077717826661553389
0.8363363363363000014, 0.0078085293796269989
0.8388388388387999495, 0.0078481893729515188
0.8413413413413000086, 0.0078908245828999482
0.8438438438437999567, 0.0079365015810249091
0.8463463463463000158, 0.0079852917906463265
0.8488488488487999639, 0.0080372717219934411
0.8513513513514000541, 0.0080925232268597696
0.8538538538539000022, 0.0081511337742626450
0.8563563563563999503, 0.0082131967487473704
0.8588588588589000095, 0.0082788117731403352
0.8613613613613999576, 0.0083480850577362774
0.8638638638639000167, 0.0084211297781055187
0.8663663663663999648, 0.0084980664839291974
0.8688688688689000239, 0.0085790235415166803
0.8713713713713999720, 0.0086641376129334736
0.8738738738739000311, 0.0087535541749723667
0.8763763763763999792, 0.0088474280815398747
0.8788788788789000384, 0.0089459241734087553
0.8813813813813999865, 0.0090492179397097944
0.8838838838839000456, 0.0091574962360094613
0.8863863863863999937, 0.0092709580643492596
0.8888888888889000528, 0.0093898154212168697
0.8913913913914000009, 0.0095142942200866151
0.8938938938938999490, 0.0096446352959166856
0.8963963963964000081, 0.0097810954998366392
0.8988988988988999562, 0.0099239488932119022
0.9014014014014000153, 0.0100734880513493920
0.9039039039038999634, 0.0102300254883279131
0.9064064064064000226, 0.0103938952158179540
0.9089089089088999707, 0.0105654544503246302
0.9114114114114000298, 0.0107450854850703083
0.9139139139138999779, 0.0109331977447644883
0.9164164164164000370, 0.0111302300438263155
0.9189189189188999851, 0.0113366530712725837
0.9214214214214000442, 0.0115529721285179063
0.9239239239238999923, 0.0117797301498116687
0.9264264264264000515, 0.0120175110390354223
0.9289289289288999996, 0.0122669433611897367
0.9314314314313999477, 0.0125287044322126839
0.9339339339339000068, 0.0128035248569188138
0.9364364364363999549, 0.0130921935719683583
0.9389389389389000140, 0.0133955634590484825
0.9414414414413999621, 0.0137145576030783846
0.9439439439439000212, 0.0140501762814847012
0.9464464464463999693, 0.0144035047837383773
0.9489489489489000285, 0.0147757221757542044
0.9514514514515000076, 0.0151681111418732733
0.9539539539539999558, 0.0155820690585075257
0.9564564564565000149, 0.0160191204787698965
0.9589589589589999630, 0.0164809312373432812
0.9614614614615000221, 0.0169693244204211571
0.9639639639639999702, 0.0174862984879857464
0.9664664664665000293, 0.0180340478864542998
0.9689689689689999774, 0.0186149865506510109
0.9714714714715000365, 0.0192317747674453365
0.9739739739739999846, 0.0198873499620828634
0.9764764764765000438, 0.0205849620758173438
0.9789789789789999919, 0.0213282143344536886
0.9814814814815000510, 0.0221211103675564291
0.9839839839839999991, 0.0229681088346746116
0.9864864864864999472, 0.0238741869573003175
0.9889889889890000063, 0.0248449146554277148
0.9914914914914999544, 0.0258865413610278317
0.9939939939940000135, 0.0270060980476712134
0.9964964964964999616, 0.0282115176023233251
0.9989989989990000208, 0.0295117774067159382
1.0015015015019999023, 0.0309170689376831002
1.0040040040039999170, 0.0324390003997724885
1.0065065065070000205, 0.0340908399517001609
1.0090090090090000352, 0.0358878090922879409
1.0115115115119999167, 0.0378474383834285361
1.0140140140139999314, 0.0399900011164379121
1.0165165165170000350, 0.0423390450638456844
1.0190190190190000497, 0.0449220485072386044
1.0215215215219999312, 0.0477712348671456635
1.0240240240239999459, 0.0509245913029452019
1.0265265265270000494, 0.0544271517833899779
1.0290290290290000641, 0.0583326260815435899
1.0315315315319999456, 0.0627054854812225532
1.0340340340339999603, 0.0676236575329209888
1.0365365365370000639, 0.0731820418018279684
1.0390390390390000785, 0.0794971452217613228
1.0415415415419999601, 0.0867132635561144866
1.0440440440439999747, 0.0950108271827672518
1.0465465465470000783, 0.1046178218040809543
1.0490490490490000930, 0.1158256490229543217
1.0515515515519999745, 0.1290115123336937342
1.0540540540539999892, 0.1446705829842725999
1.0565565565570000928, 0.1634631438830777828
1.0590590590590001074, 0.1862852319597479989
1.0615615615619999890, 0.2143771547141420375
1.0640640640640000036, 0.2494949380487903046
1.0665665665670001072, 0.2941900211682662580
1.0690690690689998998, 0.3522826814407801765
1.0715715715720000034, 0.4296984839089825758
1.0740740740740000181, 0.5360226265216957442
1.0765765765769998996, 0.6875676892493431946
1.0790790790789999143, 0.9138874804891107262
1.0815815815820000179, 1.2729159842514354839
1.0840840840840000325, 1.8903984237288837811
1.0865865865869999141, 3.0787324158974298527
1.0890890890889999287, 5.7671511431227324707
1.0915915915920000323, 13.3315294834513586864
1.0940940940940000470, 33.5257918631076421434
1.0965965965969999285, 26.3630245201262738419
1.0990990990989999432, 10.0700291702146724759
1.1016016016020000468, 4.6768838592936976539
1.1041041041040000614, 2.6231376669769792542
1.1066066066069999430, 1.6635001512050686667
1.1091091091089999576, 1.1454017150807069836
1.1116116116120000612, 0.8359154505115204969
1.1141141141140000759, 0.6369356241791527262
1.1166166166169999574, 0.5017018199873696238
1.1191191191189999721, 0.4057311529560939656
1.1216216216220000756, 0.3352302997403310836
1.1241241241240000903, 0.2819595412442311155
1.1266266266269999718, 0.2407556311826066220
1.1291291291289999865, 0.2082519637864982953
1.1316316316320000901, 0.1821785554273018526
1.1341341341340001048, 0.1609603512741372422
1.1366366366369999863, 0.1434770969729484702
1.1391391391390000010, 0.1289146364313922266
1.1416416416420001045, 0.1166699506705306533
1.1441441441439998972, 0.1062888542617482085
1.1466466466470000007, 0.0974241279616633038
1.1491491491490000154, 0.0898067775031221455
1.1516516516519998969, 0.0832259223047279728
1.1541541541539999116, 0.0775144784762458322
1.1566566566570000152, 0.0725388070036262489
1.1591591591590000299, 0.0681911229119325640
1.1616616616619999114, 0.0643838577782468585
1.1641641641639999261, 0.0610454247119951443
1.1666666666670000296, 0.0581170042166348003
1.1691691691690000443, 0.0555500828887413381
1.1716716716719999258, 0.0533045542726820407
1.1741741741739999405, 0.0513472446916455674
1.1766766766770000441, 0.0496507644114042787
1.1791791791790000588, 0.0481926112029489040
1.1816816816819999403, 0.0469544726572124968
1.1841841841839999550, 0.0459216877586979613
1.1866866866870000585, 0.0450828388115401130
1.1891891891890000732, 0.0444294529250722908
1.1916916916919999547, 0.0439557986900153269
1.1941941941939999694, 0.0436587689936587531
1.1966966966970000730, 0.0435378455904798373
1.1991991991990000876, 0.0435951454525546692
1.2017017017019999692, 0.0438355534385410223
1.2042042042039999838, 0.0442669508290975608
1.2067067067070000874, 0.0449005552382342188
1.2092092092090001021, 0.0457513949129951247
1.2117117117119999836, 0.0468389502828183146
1.2142142142139999983, 0.0481880089620177546
1.2167167167170001019, 0.0498297989284559456
1.2192192192189998945, 0.0518034908291798712
1.2217217217219999981, 0.0541581981773402998
1.2242242242240000127, 0.0569556596580287067
1.2267267267269998943, 0.0602738704840388370
1.2292292292289999089, 0.0642120553583998138
1.2317317317320000125, 0.0688975699870461589
1.2342342342340000272, 0.0744956250888680477
1.2367367367369999087, 0.0812232226156356651
1.2392392392389999234, 0.0893695142745817572
1.2417417417420000270, 0.0993261871630454346
1.2442442442440000416, 0.1116339248476854729
1.2467467467469999232, 0.1270554199690585584
1.2492492492489999378, 0.1466937487949435126
1.2517517517520000414, 0.1721912999469357441
1.2542542542540000561, 0.2060782905524327635
1.2567567567569999376, 0.2524139620734274780
1.2592592592589999523, 0.3180369779150496456
1.2617617617620000559, 0.4151817566767802559
1.2642642642640000705, 0.5674489899606007803
1.2667667667669999521, 0.8249994533030818866
1.2692692692689999667, 1.3090009192673404126
1.2717717717720000703, 2.3667953644816863701
1.2742742742740000850, 5.2214540096891468579
1.2767767767769999665, 13.6093375505882363541
1.2792792792789999812, 14.3473406723546901276
1.2817817817820000847, 5.5490345909746707775
1.2842842842840000994, 2.4768726390001356563
1.2867867867869999809, 1.3556736244588010187
1.2892892892889999956, 0.8489484871652517306
1.2917917917920000992, 0.5816616864686777744
1.2942942942939998918, 0.4246765714344195031
1.2967967967969999954, 0.3250579233632030496
1.2992992992990000101, 0.2580835277119171156
1.3018018018019998916, 0.2110108395430885520
1.3043043043039999063, 0.1767498615601967860
1.3068068068070000098, 0.1511083404082149417
1.3093093093090000245, 0.1314820020159022385
1.3118118118119999060, 0.1161857760316361010
1.3143143143139999207, 0.1040915970857514139
1.3168168168170000243, 0.0944223130111529335
1.3193193193190000390, 0.0866293955884011729
1.3218218218219999205, 0.0803177197237901763
1.3243243243239999352, 0.0751978353443159969
1.3268268268270000387, 0.0710548593967798986
1.3293293293290000534, 0.0677277271331419434
1.3318318318319999349, 0.0650950816092147611
1.3343343343339999496, 0.0630655277717729335
1.3368368368370000532, 0.0615708284076159906
1.3393393393390000679, 0.0605611339965484718
1.3418418418419999494, 0.0600016586692020126
1.3443443443439999641, 0.0598704193865211912
1.3468468468470000676, 0.0601567910286433319
1.3493493493490000823, 0.0608607237422557207
1.3518518518519999638, 0.0619925377450480097
1.3543543543539999785, 0.0635732661643099162
1.3568568568570000821, 0.0656355667190738623
1.3593593593590000967, 0.0682252752750568264
1.3618618618619999783, 0.0714037359120049675
1.3643643643639999929, 0.0752511223249272831
1.3668668668670000965, 0.0798710770694742583
1.3693693693689998891, 0.0853971580768042443
1.3718718718719999927, 0.0920018275699600596
1.3743743743740000074, 0.0999090993117888460
1.3768768768770001110, 0.1094125652113413227
1.3793793793789999036, 0.1209015081945435388
1.3818818818820000072, 0.1348994575348291258
1.3843843843840000218, 0.1521223824012994941
1.3868868868869999034, 0.1735687662306386880
1.3893893893889999180, 0.2006630998117891196
1.3918918918920000216, 0.2354921549999842156
1.3943943943940000363, 0.2812091883995722075
1.3968968968969999178, 0.3427569943508895767
1.3993993993989999325, 0.4282313868723292560
1.4019019019020000361, 0.5516202058880578241
1.4044044044040000507, 0.7387464845170821359
1.4069069069069999323, 1.0414605252220394682
1.4094094094089999469, 1.5759047842558051578
1.4119119119120000505, 2.6430615574530884615
1.4144144144140000652, 5.1880535172803643462
1.4169169169169999467, 12.7289100473285827775
1.4194194194189999614, 27.5902868239092029512
1.4219219219220000650, 15.1593679403219283586
1.4244244244240000796, 5.9655250082087700747
1.4269269269269999612, 2.9332740244166473076
1.4294294294289999758, 1.7084979137502029900
1.4319319319320000794, 1.1109502547953244989
1.4344344344340000941, 0.7784770235945751571
1.4369369369369999756, 0.5754859150453184302
1.4394394394389999903, 0.4427897208066384205
1.4419419419420000938, 0.3514083064586809302
1.4444444444440001085, 0.2858491446953653758
1.4469469469469999900, 0.2372386049210868653
1.4494494494490000047, 0.2002042630309589510
1.4519519519520001083, 0.1713419747822614858
1.4544544544539999009, 0.1484112175131358513
1.4569569569570000045, 0.1298890914394164597
1.4594594594590000192, 0.1147114888607583261
1.4619619619619999007, 0.1021168598507484759
1.4644644644639999154, 0.0915486429543515418
1.4669669669670000189, 0.0825924940949230579
1.4694694694690000336, 0.0749348311213687002
1.4719719719719999151, 0.0683348115590471511
1.4744744744739999298, 0.0626049928572556397
1.4769769769770000334, 0.0575977331359023154
1.4794794794790000481, 0.0531954655881233945
1.4819819819819999296, 0.0493036355878882018
1.4844844844839999443, 0.0458454991689555488
1.4869869869870000478, 0.0427582428658785513
1.4894894894890000625, 0.0399900549007493264
1.4919919919919999440, 0.0374978902704935432
1.4944944944939999587, 0.0352457480683224800
1.4969969969970000623, 0.0332033311629205338
1.4994994994990000770, 0.0313449942538990556
1.5020020020019999585, 0.0296489115264763591
1.5045045045050000621, 0.0280964130420966185
1.5070070070070000767, 0.0266714518786015722
1.5095095095099999583, 0.0253601733884079444
1.5120120120119999729, 0.0241505648070674470
1.5145145145150000765, 0.0230321685280713284
1.5170170170170000912, 0.0219958461578457949
1.5195195195199999727, 0.0210335833261753209
1.5220220220219999874, 0.0201383273998103282
1.5245245245250000909, 0.0193038519087813387
1.5270270270270001056, 0.0185246427750074202
1.5295295295299999871, 0.0177958024253996767
1.5320320320320000018, 0.0171129686462465902
1.5345345345350001054, 0.0164722456437872873
1.5370370370369998980, 0.0158701452560231770
1.5395395395400000016, 0.0153035366420188317
1.5420420420420000163, 0.0147696030791642265
1.5445445445449998978, 0.0142658047428654532
1.5470470470469999125, 0.0137898465397757498
1.5495495495500000160, 0.0133396502248672531
1.5520520520520000307, 0.0129133301620927062
1.5545545545549999122, 0.0125091721940883572
1.5570570570569999269, 0.0121256151730252774
1.5595595595600000305, 0.0117612347760468819
1.5620620620620000452, 0.0114147292876497011
1.5645645645649999267, 0.0110849070802190273
1.5670670670669999414, 0.0107706755645761258
1.5695695695700000449, 0.0104710314163175208
1.5720720720720000596, 0.0101850519121427195
1.5745745745749999411, 0.0099118872342299699
1.5770770770769999558, 0.0096507536208295039
1.5795795795800000594, 0.0094009272582368433
1.5820820820820000741, 0.0091617388237036392
1.5845845845849999556, 0.0089325686010808571
1.5870870870869999703, 0.0087128421014077036
1.5895895895900000738, 0.0085020261295614703
1.5920920920920000885, 0.0082996252457043004
1.5945945945949999700, 0.0081051785768005268
1.5970970970969999847, 0.0079182569391061629
1.5995995996000000883, 0.0077384602373798579
1.6021021021020001029, 0.0075654151107554064
1.6046046046049999845, 0.0073987727988445596
1.6071071071069999991, 0.0072382072047846120
1.6096096096100001027, 0.0070834131346840168
1.6121121121119998953, 0.0069341046953007067
1.6146146146149999989, 0.0067900138338689879
1.6171171171170000136, 0.0066508890058088474
1.6196196196199998951, 0.0065164939576445764
1.6221221221219999098, 0.0063866066138568729
1.6246246246250000134, 0.0062610180576209134
1.6271271271270000280, 0.0061395315964640632
1.6296296296299999096, 0.0060219619048302413
1.6321321321319999242, 0.0059081342363799883
1.6346346346350000278, 0.0057978836995999363
1.6371371371370000425, 0.0056910545909551278
1.6396396396399999240, 0.0055874997804028197
1.6421421421419999387, 0.0054870801446063296
1.6446446446450000423, 0.0053896640436500503
1.6471471471470000569, 0.0052951268374687201
1.6496496496499999385, 0.0052033504385716797
1.6521521521519999531, 0.0051142228979710620
1.6546546546550000567, 0.0050276380215165456
1.6571571571570000714, 0.0049434950141021379
1.6596596596599999529, 0.0048616981494461857
1.6621621621619999676, 0.0047821564633574237
1.6646646646650000712, 0.0047047834685899036
1.6671671671670000858, 0.0046294968895607934
1.6696696696699999674, 0.0045562184153590439
1.6721721721719999820, 0.0044848734696118428
1.6746746746750000856, 0.0044153909959011835
1.6771771771770001003, 0.0043477032575361509
1.6796796796799999818, 0.0042817456505890184
1.6821821821819999965, 0.0042174565291960460
1.6846846846850001000, 0.0041547770422079282
1.6871871871869998927, 0.0040936509803512090
1.6896896896899999962, 0.0040340246331311436
1.6921921921920000109, 0.0039758466547695813
1.6946946946949998924, 0.0039190679385286212
1.6971971971969999071, 0.0038636414988230225
1.6996996997000000107, 0.0038095223605718472
1.7022022022020000254, 0.0037566674552832031
1.7047047047049999069, 0.0037050355234055114
1.7072072072069999216, 0.0036545870225149278
1.7097097097100000251, 0.0036052840409415768
1.7122122122120000398, 0.0035570902164675745
1.7147147147149999213, 0.0035099706597574915
1.7172172172169999360, 0.0034638918822073629
1.7197197197200000396, 0.0034188217279216213
1.7222222222220000543, 0.0033747293095487685
1.7247247247249999358, 0.0033315849477262138
1.7272272272269999505, 0.0032893601139028245
1.7297297297300000540, 0.0032480273763243342
1.7322322322320000687, 0.0032075603489820580
1.7347347347349999502, 0.0031679336433394966
1.7372372372369999649, 0.0031291228226643735
1.7397397397400000685, 0.0030911043588056726
1.7422422422420000832, 0.0030538555912663001
1.7447447447449999647, 0.0030173546884322325
1.7472472472469999794, 0.0029815806108284540
1.7497497497500000829, 0.0029465130762807326
1.7522522522520000976, 0.0029121325268703932
1.7547547547549999791, 0.0028784200975767067
1.7572572572569999938, 0.0028453575865084891
1.7597597597600000974, 0.0028129274266329185
1.7622622622619998900, 0.0027811126589155633
1.7647647647649999936, 0.0027498969067911447
1.7672672672670000082, 0.0027192643518897178
1.7697697697699998898, 0.0026891997109477405
1.7722722722719999044, 0.0026596882138379065
1.7747747747750000080, 0.0026307155826558277
1.7772772772770000227, 0.0026022680118054338
1.7797797797799999042, 0.0025743321490285763
1.7822822822819999189, 0.0025468950773276633
1.7847847847850000225, 0.0025199442977332500
1.7872872872870000371, 0.0024934677128714386
1.7897897897899999187, 0.0024674536112886192
1.7922922922919999333, 0.0024418906524936498
1.7947947947950000369, 0.0024167678526799009
1.7972972972970000516, 0.0023920745710918258
1.7997997997999999331, 0.0023678004970027686
1.8023023023019999478, 0.0023439356372726545
1.8048048048050000514, 0.0023204703044560149
1.8073073073070000660, 0.0022973951054324942
1.8098098098099999476, 0.0022747009305335571
1.8123123123119999622, 0.0022523789431406274
1.8148148148150000658, 0.0022304205697312369
1.8173173173170000805, 0.0022088174903511166
1.8198198198199999620, 0.0021875616294913464
1.8223223223219999767, 0.0021666451473508611
1.8248248248250000803, 0.0021460604314656523
1.8273273273270000949, 0.0021258000886870652
1.8298298298299999765, 0.0021058569374924983
1.8323323323319999911, 0.0020862240006127401
1.8348348348350000947, 0.0020668944979609976
1.8373373373370001094, 0.0020478618398494857
1.8398398398399999909, 0.0020291196204801649
1.8423423423420000056, 0.0020106616116969439
1.8448448448450001091, 0.0019924817569873100
1.8473473473469999018, 0.0019745741657219672
1.8498498498500000053, 0.0019569331076216747
1.8523523523520000200, 0.0019395530074409984
1.8548548548549999015, 0.0019224284398592427
1.8573573573569999162, 0.0019055541245692914
1.8598598598600000198, 0.0018889249215555855
1.8623623623620000345, 0.0018725358265528750
1.8648648648649999160, 0.0018563819666778129
1.8673673673669999307, 0.0018404585962258509
1.8698698698700000342, 0.0018247610926262574
1.8723723723720000489, 0.0018092849525484468
1.8748748748749999304, 0.0017940257881531099
1.8773773773769999451, 0.0017789793234819901
1.8798798798800000487, 0.0017641413909804100
1.8823823823820000634, 0.0017495079281469495
1.8848848848849999449, 0.0017350749743049484
1.8873873873869999596, 0.0017208386674907464
1.8898898898900000631, 0.0017067952414538130
1.8923923923920000778, 0.0016929410227641624
1.8948948948949999593, 0.0016792724280226411
1.8973973973969999740, 0.0016657859611698888
1.8998998999000000776, 0.0016524782108899754
1.9024024024020000923, 0.0016393458481048825
1.9049049049049999738, 0.0016263856235561856
1.9074074074069999885, 0.0016135943654704520
1.9099099099100000920, 0.0016009689773050250
1.9124124124120001067, 0.0015885064355710241
1.9149149149149999882, 0.0015762037877305136
1.9174174174170000029, 0.0015640581501649479
1.9199199199200001065, 0.0015520667062121165
1.9224224224219998991, 0.0015402267042689305
1.9249249249250000027, 0.0015285354559575260
1.9274274274270000173, 0.0015169903343522466
1.9299299299299998989, 0.0015055887722651880
1.9324324324319999135, 0.0014943282605880911
1.9349349349350000171, 0.0014832063466884385
1.9374374374370000318, 0.0014722206328577356
1.9399399399399999133, 0.0014613687748100158
1.9424424424419999280, 0.0014506484802287135
1.9449449449450000316, 0.0014400575073600943
1.9474474474470000462, 0.0014295936636515559
1.9499499499499999278, 0.0014192548044331275
1.9524524524519999424, 0.0014090388316406177
1.9549549549550000460, 0.0013989436925788792
1.9574574574570000607, 0.0013889673787237536
1.9599599599599999422, 0.0013791079245613043
1.9624624624619999569, 0.0013693634064629963
1.9649649649650000605, 0.0013597319415955570
1.9674674674670000751, 0.0013502116868642740
1.9699699699699999567, 0.0013408008378885620
1.9724724724719999713, 0.0013314976280086612
1.9749749749750000749, 0.0013223003273223817
1.9774774774770000896, 0.0013132072417508444
1.9799799799799999711, 0.0013042167121322251
1.9824824824819999858, 0.0012953271133425218
1.9849849849850000894, 0.0012865368534424333
1.9874874874870001040, 0.0012778443728494507
1.9899899899899999856, 0.0012692481435343022
1.9924924924920000002, 0.0012607466682409334
1.9949949949950001038, 0.0012523384797292272
1.9974974974969998964, 0.0012440221400397038
2.0000000000000000000, 0.0012357962397794580
