# Delta1: 0.46
# Delta2: 1.17
# Delta3: 1.34
# Dq: 0.08800000000000002
# Ds: -0.09000000000000001
# Dt: -0.01999999999999998
# k1_lab: [1, 0, 0]
# k2_lab: [-0.8660254037844387, 0.49999999999999994, 0.0]
# k1_cf: [-0.696364240320019, -0.696364240320019, 0.17364817766693041]
# k2_cf: [0.6644630243886748, 0.6644630243886748, 0.3420201433256686]
# pol1_lab: [(0, 1, 0), (0, 0, 1)]
# pol2_lab: [array([-0.5      , -0.8660254,  0.       ]), array([0., 0., 1.])]
# pol1_cf: [array([0.1227878 , 0.1227878 , 0.98480775]), array([-0.70710678,  0.70710678,  0.        ])]
# pol2_cf: [array([ 0.24184476,  0.24184476, -0.93969262]), array([-0.70710678,  0.70710678,  0.        ])]
# cf: [array([-0.69636424,  0.1227878 , -0.70710678]), array([-0.69636424,  0.1227878 ,  0.70710678]), array([0.17364818, 0.98480775, 0.        ])]
# th: 80
-0.5000000000000000000, 0.0087647384685912242
-0.4974974974974999964, 0.0088458569957209250
-0.4949949949949999928, 0.0089281689843713902
-0.4924924924924999892, 0.0090116984354078541
-0.4899899899899999856, 0.0090964699606991967
-0.4874874874874999819, 0.0091825088019368232
-0.4849849849849999783, 0.0092698408501341572
-0.4824824824824999747, 0.0093584926658350290
-0.4799799799800000266, 0.0094484915000606073
-0.4774774774775000230, 0.0095398653160259170
-0.4749749749750000194, 0.0096326428116583797
-0.4724724724725000158, 0.0097268534429524930
-0.4699699699700000122, 0.0098225274481963457
-0.4674674674675000086, 0.0099196958731073079
-0.4649649649650000049, 0.0100183905969161886
-0.4624624624625000013, 0.0101186443594410008
-0.4599599599599999977, 0.0102204907891934801
-0.4574574574574999941, 0.0103239644325636322
-0.4549549549549999905, 0.0104291007841299174
-0.4524524524524999869, 0.0105359363181449176
-0.4499499499499000077, 0.0106445085212489247
-0.4474474474474000041, 0.0107548559264665361
-0.4449449449449000005, 0.0108670181485441154
-0.4424424424423999969, 0.0109810359206888621
-0.4399399399398999932, 0.0110969511327735082
-0.4374374374373999896, 0.0112148068710738614
-0.4349349349348999860, 0.0113346474596098170
-0.4324324324323999824, 0.0114565185031644100
-0.4299299299298999788, 0.0115804669320590768
-0.4274274274273999752, 0.0117065410487677407
-0.4249249249249000271, 0.0118347905764563735
-0.4224224224224000235, 0.0119652667095397729
-0.4199199199199000199, 0.0120980221663516373
-0.4174174174174000163, 0.0122331112440299192
-0.4149149149149000126, 0.0123705898757243034
-0.4124124124124000090, 0.0125105156902389717
-0.4099099099099000054, 0.0126529480742299909
-0.4074074074074000018, 0.0127979482370829106
-0.4049049049048999982, 0.0129455792786037395
-0.4024024024023999946, 0.0130959062596634548
-0.3998998998998999910, 0.0132489962759443983
-0.3973973973973999874, 0.0134049185349451698
-0.3948948948948999838, 0.0135637444364097651
-0.3923923923923999801, 0.0137255476563560228
-0.3898898898898999765, 0.0138904042348888725
-0.3873873873873999729, 0.0140583926679943710
-0.3848848848849000248, 0.0142295940035223230
-0.3823823823824000212, 0.0144040919415772493
-0.3798798798799000176, 0.0145819729395508888
-0.3773773773774000140, 0.0147633263220430522
-0.3748748748749000104, 0.0149482443959326645
-0.3723723723724000068, 0.0151368225708768279
-0.3698698698699000031, 0.0153291594855324356
-0.3673673673673999995, 0.0155253571398132392
-0.3648648648648999959, 0.0157255210335144925
-0.3623623623623999923, 0.0159297603116581449
-0.3598598598598999887, 0.0161381879169334580
-0.3573573573573999851, 0.0163509207496319968
-0.3548548548548999815, 0.0165680798355009873
-0.3523523523523999779, 0.0167897905019664881
-0.3498498498497999987, 0.0170161825632068157
-0.3473473473472999951, 0.0172473905145879916
-0.3448448448447999914, 0.0174835537370065519
-0.3423423423422999878, 0.0177248167117209469
-0.3398398398397999842, 0.0179713292462915369
-0.3373373373372999806, 0.0182232467122905896
-0.3348348348347999770, 0.0184807302954885337
-0.3323323323322999734, 0.0187439472592704250
-0.3298298298298000253, 0.0190130712220886872
-0.3273273273273000217, 0.0192882824498133848
-0.3248248248248000181, 0.0195697681639016158
-0.3223223223223000145, 0.0198577228663719130
-0.3198198198198000108, 0.0201523486826394871
-0.3173173173173000072, 0.0204538557233431943
-0.3148148148148000036, 0.0207624624663763219
-0.3123123123123000000, 0.0210783961604213005
-0.3098098098097999964, 0.0214018932513826317
-0.3073073073072999928, 0.0217331998332157654
-0.3048048048047999892, 0.0220725721247603084
-0.3023023023022999856, 0.0224202769743057709
-0.2997997997997999819, 0.0227765923937497151
-0.2972972972972999783, 0.0231418081243479311
-0.2947947947947999747, 0.0235162262362109825
-0.2922922922923000266, 0.0239001617638677603
-0.2897897897898000230, 0.0242939433803969762
-0.2872872872873000194, 0.0246979141128258611
-0.2847847847848000158, 0.0251124321017083992
-0.2822822822823000122, 0.0255378714080290239
-0.2797797797798000086, 0.0259746228708329502
-0.2772772772773000050, 0.0264230950192599762
-0.2747747747748000013, 0.0268837150429631598
-0.2722722722722999977, 0.0273569298252231002
-0.2697697697697999941, 0.0278432070434303167
-0.2672672672672999905, 0.0283430363420045656
-0.2647647647647999869, 0.0288569305832514916
-0.2622622622622999833, 0.0293854271821327173
-0.2597597597597999797, 0.0299290895314454630
-0.2572572572572999761, 0.0304885085244785831
-0.2547547547547999724, 0.0310643041828407782
-0.2522522522523000243, 0.0316571273978455622
-0.2497497497496999896, 0.0322676617945980709
-0.2472472472472000138, 0.0328966257287655120
-0.2447447447447000102, 0.0335447744269359652
-0.2422422422422000066, 0.0342129022824887025
-0.2397397397397000030, 0.0349018453200252016
-0.2372372372371999993, 0.0356124838426539608
-0.2347347347346999957, 0.0363457452778018289
-0.2322322322321999921, 0.0371026072387502515
-0.2297297297296999885, 0.0378841008207907448
-0.2272272272272000126, 0.0386913141527755675
-0.2247247247247000090, 0.0395253962269323730
-0.2222222222222000054, 0.0403875610321414377
-0.2197197197197000018, 0.0412790920184706034
-0.2172172172171999982, 0.0422013469236597605
-0.2147147147146999946, 0.0431557629954836958
-0.2122122122121999910, 0.0441438626475423104
-0.2097097097096999874, 0.0451672595900811866
-0.2072072072072000115, 0.0462276654819934463
-0.2047047047047000079, 0.0473268971552585627
-0.2022022022022000043, 0.0484668844688158559
-0.1996996996997000007, 0.0496496788553345905
-0.1971971971971999971, 0.0508774626316327652
-0.1946946946946999935, 0.0521525591517285128
-0.1921921921921999898, 0.0534774438908184047
-0.1896896896896999862, 0.0548547565590229921
-0.1871871871872000104, 0.0562873143557033190
-0.1846846846847000068, 0.0577781264887476873
-0.1821821821822000032, 0.0593304100987010613
-0.1796796796796999995, 0.0609476077452524301
-0.1771771771771999959, 0.0626334066337430190
-0.1746746746746999923, 0.0643917597824161109
-0.1721721721721999887, 0.0662269093575516554
-0.1696696696697000128, 0.0681434124339824199
-0.1671671671672000092, 0.0701461694734095975
-0.1646646646647000056, 0.0722404558532019347
-0.1621621621622000020, 0.0744319568248835023
-0.1596596596596999984, 0.0767268063353801488
-0.1571571571571999948, 0.0791316302065901839
-0.1546546546546999912, 0.0816535942415354404
-0.1521521521521999876, 0.0843004579100612994
-0.1496496496496000084, 0.0870806343660593535
-0.1471471471471000048, 0.0900032576641298238
-0.1446446446446000011, 0.0930782581797657549
-0.1421421421420999975, 0.0963164473974589264
-0.1396396396395999939, 0.0997296134203849022
-0.1371371371370999903, 0.1033306287794050066
-0.1346346346345999867, 0.1071335723851648269
-0.1321321321321000108, 0.1111538677839102596
-0.1296296296296000072, 0.1154084402561518646
-0.1271271271271000036, 0.1199158957509272594
-0.1246246246246000000, 0.1246967251939097299
-0.1221221221220999964, 0.1297735383658253361
-0.1196196196196000067, 0.1351713323447638060
-0.1171171171171000031, 0.1409178004749297441
-0.1146146146145999994, 0.1470436890067939872
-0.1121121121120999958, 0.1535832100023805102
-0.1096096096096000061, 0.1605745208820562875
-0.1071071071071000025, 0.1680602831922677065
-0.1046046046045999989, 0.1760883159089164651
-0.1021021021020999953, 0.1847123620033079838
-0.0995995995996000055, 0.1939929912758271424
-0.0970970970971000019, 0.2039986678546479304
-0.0945945945945900063, 0.2148070175903302736
-0.0920920920920900027, 0.2265063392874732406
-0.0895895895895899991, 0.2391974148844221437
-0.0870870870870899955, 0.2529956881072710773
-0.0845845845845799998, 0.2680338998529452343
-0.0820820820820799962, 0.2844652930608196906
-0.0795795795795800065, 0.3024675321343124335
-0.0770770770770800029, 0.3222475248906435108
-0.0745745745745699934, 0.3440473925140040690
-0.0720720720720700037, 0.3681519107020130299
-0.0695695695695700000, 0.3948978512281556830
-0.0670670670670699964, 0.4246857992664785919
-0.0645645645645600008, 0.4579952253571891729
-0.0620620620620599972, 0.4954038776394102395
-0.0595595595595600005, 0.5376129689305029213
-0.0570570570570599969, 0.5854802241795705742
-0.0545545545545500013, 0.6400637199208800698
-0.0520520520520499977, 0.7026807362553798564
-0.0495495495495500010, 0.7749877920195239467
-0.0470470470470499974, 0.8590910379873842873
-0.0445445445445400018, 0.9577009027666718577
-0.0420420420420399982, 1.0743524626886804541
-0.0395395395395400015, 1.2137254614649450879
-0.0370370370370399979, 1.3821189221420859816
-0.0345345345345300023, 1.5881718094381660489
-0.0320320320320299987, 1.8439867504252187569
-0.0295295295295299985, 2.1669359021716503300
-0.0270270270270299984, 2.5826651208179924879
-0.0245245245245199993, 3.1302955110540864325
-0.0220220220220199991, 3.8718612124857285650
-0.0195195195195199990, 4.9104108889181823372
-0.0170170170170199989, 6.4271256747083658212
-0.0145145145145099998, 8.7639270736868155609
-0.0120120120120099996, 12.6271385288700876970
-0.0095095095095099995, 19.6595059473194453403
-0.0070070070070070000, 34.3383048156483070557
-0.0045045045045049997, 71.6061223364752379439
-0.0020020020020019998, 185.2612812811936180424
0.0005005005005005000, 292.3467021637219431796
0.0030030030030029999, 124.4712356505735613155
0.0055055055055059999, 51.9823162257747810600
0.0080080080080079993, 27.0058522225012218598
0.0105105105105099995, 16.2849071360176473888
0.0130130130130099997, 10.8264480371497526789
0.0155155155155200005, 7.6979946098508218455
0.0180180180180199989, 5.7466781234895787378
0.0205205205205199991, 4.4506074692880224219
0.0230230230230199992, 3.5470987090668217867
0.0255255255255299983, 2.8926755226058760151
0.0280280280280299984, 2.4037394486607350785
0.0305305305305299986, 2.0289655200785681188
0.0330330330330299987, 1.7354538732805071533
0.0355355355355400013, 1.5013385404200174644
0.0380380380380399979, 1.3116330215710831908
0.0405405405405400016, 1.1557904058364270039
0.0430430430430399982, 1.0262154180997027364
0.0455455455455500008, 0.9173268351274852517
0.0480480480480499975, 0.8249495343585901974
0.0505505505505500011, 0.7459101866691937310
0.0530530530530499977, 0.6777622608583158126
0.0555555555555600003, 0.6185951752533211945
0.0580580580580599970, 0.5668994230830007863
0.0605605605605600006, 0.5214696767686625156
0.0630630630630600042, 0.4813341291075753925
0.0655655655655699998, 0.4457022591343747786
0.0680680680680700034, 0.4139257320662531048
0.0705705705705699932, 0.3854687917540591813
0.0730730730730699968, 0.3598856013695854172
0.0755755755755800063, 0.3368027300401786883
0.0780780780780799960, 0.3159054923411097615
0.0805805805805799996, 0.2969272018330698648
0.0830830830830800032, 0.2796406494853014846
0.0855855855855899988, 0.2638512958546063158
0.0880880880880900025, 0.2493917942621443062
0.0905905905905900061, 0.2361175557417795334
0.0930930930930899958, 0.2239031353489203680
0.0955955955956000053, 0.2126392705151834428
0.0980980980980999950, 0.2022304404030339786
0.1006006006005999986, 0.1925928441105427269
0.1031031031031000023, 0.1836527175637528986
0.1056056056056000059, 0.1753449257869696964
0.1081081081080999956, 0.1676117802481234820
0.1106106106105999992, 0.1604020410809359476
0.1131131131131000028, 0.1536700718846008007
0.1156156156156000064, 0.1473751210132380196
0.1181181181180999962, 0.1414807081796609634
0.1206206206205999998, 0.1359540991037715141
0.1231231231231000034, 0.1307658540574396511
0.1256256256256000070, 0.1258894386647921859
0.1281281281281000106, 0.1213008873399103182
0.1306306306305999865, 0.1169785113838259089
0.1331331331330999901, 0.1129026450977591300
0.1356356356355999937, 0.1090554243609394153
0.1381381381380999973, 0.1054205930171323163
0.1406406406406000009, 0.1019833331520398206
0.1431431431431000045, 0.0987301159540756312
0.1456456456456000081, 0.0956485703575304796
0.1481481481481000118, 0.0927273670889391111
0.1506506506506999910, 0.0899561160898661727
0.1531531531531999946, 0.0873252755847032242
0.1556556556556999982, 0.0848260713103957537
0.1581581581582000018, 0.0824504246344217040
0.1606606606607000054, 0.0801908884644252917
0.1631631631632000090, 0.0780405900030762406
0.1656656656657000126, 0.0759931795294152834
0.1681681681681999885, 0.0740427844968026272
0.1706706706706999921, 0.0721839683306284147
0.1731731731731999957, 0.0704116933886554663
0.1756756756756999993, 0.0687212876153368152
0.1781781781782000029, 0.0671084144803798244
0.1806806806807000065, 0.0655690458426909373
0.1831831831832000101, 0.0640994374248049087
0.1856856856857000138, 0.0626961066210169338
0.1881881881881999896, 0.0613558123955370710
0.1906906906906999932, 0.0600755370557923760
0.1931931931931999968, 0.0588524697111328168
0.1956956956957000004, 0.0576839912491573445
0.1981981981982000041, 0.0565676606811112564
0.2007007007007000077, 0.0555012027246922432
0.2032032032032000113, 0.0544824965074507256
0.2057057057056999871, 0.0535095652870651028
0.2082082082081999908, 0.0525805670963416377
0.2107107107106999944, 0.0516937862310348287
0.2132132132131999980, 0.0508476255076881004
0.2157157157157000016, 0.0500405992267968225
0.2182182182182000052, 0.0492713267838378044
0.2207207207207000088, 0.0485385268771984513
0.2232232232232000124, 0.0478410122678762512
0.2257257257256999883, 0.0471776850510969362
0.2282282282281999919, 0.0465475324047856381
0.2307307307306999955, 0.0459496227841997562
0.2332332332331999991, 0.0453831025360464449
0.2357357357357000027, 0.0448471929091230487
0.2382382382382000063, 0.0443411874419838287
0.2407407407407000099, 0.0438644497113954979
0.2432432432432000136, 0.0434164114284446012
0.2457457457456999894, 0.0429965708721388520
0.2482482482481999930, 0.0426044916532423296
0.2507507507508000000, 0.0422398018039423159
0.2532532532533000036, 0.0419021931917953894
0.2557557557558000072, 0.0415914212592908353
0.2582582582583000108, 0.0413073050933303113
0.2607607607608000144, 0.0410497278320058681
0.2632632632633000180, 0.0408186374193048387
0.2657657657658000216, 0.0406140477218306928
0.2682682682683000253, 0.0404360400253615596
0.2707707707707999734, 0.0402847649331316629
0.2732732732732999770, 0.0401604446921885599
0.2757757757757999806, 0.0400633759791303445
0.2782782782782999842, 0.0399939331820530902
0.2807807807807999878, 0.0399525722217500198
0.2832832832832999914, 0.0399398349622221982
0.2857857857857999950, 0.0399563542685336670
0.2882882882882999986, 0.0400028597791443827
0.2907907907908000023, 0.0400801844702845383
0.2932932932933000059, 0.0401892721019351112
0.2957957957958000095, 0.0403311856488389256
0.2982982982983000131, 0.0405071168360270420
0.3008008008008000167, 0.0407183969170149124
0.3033033033033000203, 0.0409665088545982867
0.3058058058058000239, 0.0412531010896503431
0.3083083083083000275, 0.0415800031132113126
0.3108108108107999756, 0.0419492430923415760
0.3133133133132999792, 0.0423630678417388218
0.3158158158157999829, 0.0428239654823031612
0.3183183183182999865, 0.0433346911862552003
0.3208208208207999901, 0.0438982964780371063
0.3233233233232999937, 0.0445181626434694375
0.3258258258257999973, 0.0451980388994967786
0.3283283283283000009, 0.0459420860970719130
0.3308308308308000045, 0.0467549268749564984
0.3333333333333000081, 0.0476417033583275834
0.3358358358358000118, 0.0486081437104432384
0.3383383383383000154, 0.0496606391076012538
0.3408408408408000190, 0.0508063330291195978
0.3433433433433000226, 0.0520532251502934390
0.3458458458458000262, 0.0534102926168218556
0.3483483483482999743, 0.0548876320893228603
0.3508508508509000090, 0.0564966267091559782
0.3533533533534000126, 0.0582501430948243401
0.3558558558559000162, 0.0601627646882630929
0.3583583583584000198, 0.0622510693072236415
0.3608608608609000235, 0.0645339607234901025
0.3633633633634000271, 0.0670330666107974704
0.3658658658658999752, 0.0697732184722252707
0.3683683683683999788, 0.0727830334114505650
0.3708708708708999824, 0.0760956231950048606
0.3733733733733999860, 0.0797494634340802783
0.3758758758758999896, 0.0837894655528836074
0.3783783783783999932, 0.0882683074361967912
0.3808808808808999968, 0.0932480965894486452
0.3833833833834000004, 0.0988024642165590689
0.3858858858859000041, 0.1050192226219198582
0.3883883883884000077, 0.1120037659094054450
0.3908908908909000113, 0.1198834612794788951
0.3933933933934000149, 0.1288133747302027399
0.3958958958959000185, 0.1389838151747040951
0.3983983983984000221, 0.1506303876762810634
0.4009009009009000257, 0.1640475560366891905
0.4034034034033999738, 0.1796071865234385445
0.4059059059058999774, 0.1977842763934954950
0.4084084084083999810, 0.2191932301370436154
0.4109109109108999847, 0.2446399241137305614
0.4134134134133999883, 0.2751979176845713582
0.4159159159158999919, 0.3123224878638914404
0.4184184184183999955, 0.3580255203337507353
0.4209209209208999991, 0.4151513185580656962
0.4234234234234000027, 0.4878256085732299852
0.4259259259259000063, 0.5822137065278623069
0.4284284284284000099, 0.7078562639067742523
0.4309309309309000136, 0.8801431239415392627
0.4334334334334000172, 1.1251762232027395783
0.4359359359359000208, 1.4900443354794692397
0.4384384384384000244, 2.0665563298029194783
0.4409409409408999725, 3.0525752040844524871
0.4434434434433999761, 4.9350248054184771007
0.4459459459458999797, 9.1443883668109418039
0.4484484484483999833, 20.8283738347734868057
0.4509509509510000180, 53.3069750396950468030
0.4534534534535000216, 46.1325997418461426491
0.4559559559560000253, 17.6190937804056062532
0.4584584584584999734, 8.0702962718153692379
0.4609609609609999770, 4.4848266735871389344
0.4634634634634999806, 2.8272268573195740160
0.4659659659659999842, 1.9387902336161422223
0.4684684684684999878, 1.4107604474398183214
0.4709709709709999914, 1.0724876961109515161
0.4734734734734999950, 0.8431714436961273984
0.4759759759759999986, 0.6807208275422992338
0.4784784784785000022, 0.5615173859961026803
0.4809809809810000059, 0.4714976509598415300
0.4834834834835000095, 0.4018722970385922855
0.4859859859860000131, 0.3469228986216448818
0.4884884884885000167, 0.3028007074452442882
0.4909909909910000203, 0.2668392237840463976
0.4934934934935000239, 0.2371442136402141798
0.4959959959960000275, 0.2123403319120236443
0.4984984984984999756, 0.1914095981906841770
0.5010010010009999792, 0.1735855821326203752
0.5035035035035000384, 0.1582823903300654422
0.5060060060059999865, 0.1450459714502036201
0.5085085085085000456, 0.1335200738347844251
0.5110110110109999937, 0.1234220278959538286
0.5135135135135000528, 0.1145252431454625297
0.5160160160160000009, 0.1066463745054008760
0.5185185185184999490, 0.0996357873685485562
0.5210210210210000081, 0.0933703871917687389
0.5235235235234999562, 0.0877481667315989644
0.5260260260260000154, 0.0826840164574647596
0.5285285285284999635, 0.0781064745661649573
0.5310310310310000226, 0.0739551833397994185
0.5335335335334999707, 0.0701788817495248851
0.5360360360360000298, 0.0667338089270102797
0.5385385385384999779, 0.0635824251567230214
0.5410410410410000370, 0.0606923802347860489
0.5435435435434999851, 0.0580356760040155670
0.5460460460460000442, 0.0555879824013925800
0.5485485485484999924, 0.0533280756874382755
0.5510510510510999715, 0.0512373745397662617
0.5535535535536000307, 0.0492995550045492240
0.5560560560560999788, 0.0475002293528884040
0.5585585585586000379, 0.0458266770043480390
0.5610610610610999860, 0.0442676180905089423
0.5635635635636000451, 0.0428130221087399745
0.5660660660660999932, 0.0414539455874047766
0.5685685685686000523, 0.0401823938430840091
0.5710710710711000004, 0.0389912028292129023
0.5735735735735999485, 0.0378739378075832189
0.5760760760761000077, 0.0368248061603603516
0.5785785785785999558, 0.0358385821319547188
0.5810810810811000149, 0.0349105416713933470
0.5835835835835999630, 0.0340364058554511392
0.5860860860861000221, 0.0332122916252754891
0.5885885885885999702, 0.0324346687759582211
0.5910910910911000293, 0.0317003223084348570
0.5935935935935999774, 0.0310063193932983913
0.5960960960961000366, 0.0303499803122219275
0.5985985985985999847, 0.0297288528391720791
0.6011011011011000438, 0.0291406896040464353
0.6036036036035999919, 0.0285834280486698608
0.6061061061061000510, 0.0280551726415598918
0.6086086086085999991, 0.0275541790654072125
0.6111111111110999472, 0.0270788401313449417
0.6136136136136000063, 0.0266276732080510427
0.6161161161160999544, 0.0261993089825641318
0.6186186186186000135, 0.0257924813942364585
0.6211211211210999616, 0.0254060186041902350
0.6236236236236000208, 0.0250388348805584832
0.6261261261260999689, 0.0246899232951530885
0.6286286286286000280, 0.0243583491404057752
0.6311311311310999761, 0.0240432439868013340
0.6336336336336000352, 0.0237438003108415355
0.6361361361360999833, 0.0234592666320731745
0.6386386386386000424, 0.0231889431050791434
0.6411411411410999905, 0.0229321775187291757
0.6436436436436000497, 0.0226883616605565545
0.6461461461460999978, 0.0224569280089833914
0.6486486486485999459, 0.0222373467203611300
0.6511511511512000361, 0.0220291228815066194
0.6536536536536999842, 0.0218317940016716401
0.6561561561562000433, 0.0216449277207439693
0.6586586586586999914, 0.0214681197129954517
0.6611611611612000505, 0.0213009917679105043
0.6636636636636999986, 0.0211431900315868053
0.6661661661661999467, 0.0209943833939307163
0.6686686686687000059, 0.0208542620084030822
0.6711711711711999540, 0.0207225359324303693
0.6736736736737000131, 0.0205989338778031980
0.6761761761761999612, 0.0204832020614584692
0.6786786786787000203, 0.0203751031479973040
0.6811811811811999684, 0.0202744152761445695
0.6836836836837000275, 0.0201809311621174749
0.6861861861861999756, 0.0200944572735526246
0.6886886886887000347, 0.0200148130682513206
0.6911911911911999828, 0.0199418302925506753
0.6936936936937000420, 0.0198753523346200493
0.6961961961961999901, 0.0198152336284247339
0.6986986986987000492, 0.0197613391044973996
0.7012012012011999973, 0.0197135436840174191
0.7037037037036999454, 0.0196717318130228899
0.7062062062062000045, 0.0196357970338740043
0.7087087087086999526, 0.0196056415913527168
0.7112112112112000117, 0.0195811760710252782
0.7137137137136999598, 0.0195623190677138362
0.7162162162162000190, 0.0195489968821233664
0.7187187187186999671, 0.0195411432438527995
0.7212212212212000262, 0.0195386990591859613
0.7237237237236999743, 0.0195416121822108262
0.7262262262262000334, 0.0195498372079561458
0.7287287287286999815, 0.0195633352863633404
0.7312312312312000406, 0.0195820739560312838
0.7337337337336999887, 0.0196060269967815448
0.7362362362362000479, 0.0196351743001944579
0.7387387387386999960, 0.0196695017573617834
0.7412412412412000551, 0.0197090011631909784
0.7437437437437000032, 0.0197536701366800641
0.7462462462461999513, 0.0198035120566610913
0.7487487487487000104, 0.0198585360125852102
0.7512512512512999896, 0.0199187567699936341
0.7537537537538000487, 0.0199841947503871728
0.7562562562562999968, 0.0200548760252728664
0.7587587587587999449, 0.0201308323242298109
0.7612612612613000040, 0.0202121010568986834
0.7637637637637999521, 0.0202987253488602498
0.7662662662663000113, 0.0203907540914282370
0.7687687687687999594, 0.0204882420054422199
0.7712712712713000185, 0.0205912497192056385
0.7737737737737999666, 0.0206998438607746658
0.7762762762763000257, 0.0208140971648647956
0.7787787787787999738, 0.0209340885947044489
0.7812812812813000329, 0.0210599034792290606
0.7837837837837999810, 0.0211916336660751409
0.7862862862863000402, 0.0213293776909028107
0.7887887887887999883, 0.0214732409636466393
0.7912912912913000474, 0.0216233359723701953
0.7937937937937999955, 0.0217797825054783650
0.7962962962963000546, 0.0219427078931257145
0.7987987987988000027, 0.0221122472687475952
0.8013013013012999508, 0.0222885438517353048
0.8038038038038000099, 0.0224717492523778366
0.8063063063062999580, 0.0226620238003006833
0.8088088088088000172, 0.0228595368977485454
0.8113113113112999653, 0.0230644673991837745
0.8138138138138000244, 0.0232770040188075081
0.8163163163162999725, 0.0234973457677562260
0.8188188188188000316, 0.0237257024228846765
0.8213213213212999797, 0.0239622950292174598
0.8238238238238000388, 0.0242073564383382435
0.8263263263262999869, 0.0244611318851879374
0.8288288288288000460, 0.0247238796059650323
0.8313313313312999941, 0.0249958715000619773
0.8338338338338000533, 0.0252773938392357907
0.8363363363363000014, 0.0255687480274995188
0.8388388388387999495, 0.0258702514155375457
0.8413413413413000086, 0.0261822381737950444
0.8438438438437999567, 0.0265050602287720677
0.8463463463463000158, 0.0268390882674730026
0.8488488488487999639, 0.0271847128154221358
0.8513513513514000541, 0.0275423453941649674
0.8538538538539000022, 0.0279124197647356818
0.8563563563563999503, 0.0282953932641892905
0.8588588588589000095, 0.0286917482429833240
0.8613613613613999576, 0.0291019936117502612
0.8638638638639000167, 0.0295266665068423667
0.8663663663663999648, 0.0299663340849627945
0.8688688688689000239, 0.0304215954582301544
0.8713713713713999720, 0.0308930837821765822
0.8738738738739000311, 0.0313814685104591984
0.8763763763763999792, 0.0318874578314934168
0.8788788788789000384, 0.0324118013038117020
0.8813813813813999865, 0.0329552927087305575
0.8838838838839000456, 0.0335187731409043801
0.8863863863863999937, 0.0341031343595760775
0.8888888888889000528, 0.0347093224258403013
0.8913913913914000009, 0.0353383416540506631
0.8938938938938999490, 0.0359912589086659671
0.8963963963964000081, 0.0366692082814009182
0.8988988988988999562, 0.0373733961875683529
0.9014014014014000153, 0.0381051069250476979
0.9039039039038999634, 0.0388657087444615745
0.9064064064064000226, 0.0396566604849701854
0.9089089089088999707, 0.0404795188367176734
0.9114114114114000298, 0.0413359462984887530
0.9139139139138999779, 0.0422277199077076351
0.9164164164164000370, 0.0431567408296953600
0.9189189189188999851, 0.0441250449042760173
0.9214214214214000442, 0.0451348142606298325
0.9239239239238999923, 0.0461883901259710697
0.9264264264264000515, 0.0472882869705093523
0.9289289289288999996, 0.0484372081505925478
0.9314314314313999477, 0.0496380632343553438
0.9339339339339000068, 0.0508939872201441268
0.9364364364363999549, 0.0522083618880428077
0.9389389389389000140, 0.0535848395597412000
0.9414414414413999621, 0.0550273695826318174
0.9439439439439000212, 0.0565402279014395465
0.9464464464463999693, 0.0581280501361668422
0.9489489489489000285, 0.0597958686501762898
0.9514514514515000076, 0.0615491541687034766
0.9539539539539999558, 0.0633938625982368442
0.9564564564565000149, 0.0653364878037413221
0.9589589589589999630, 0.0673841212270158835
0.9614614614615000221, 0.0695445193796304234
0.9639639639639999702, 0.0718261804229628209
0.9664664664665000293, 0.0742384312620948672
0.9689689689689999774, 0.0767915268374421700
0.9714714714715000365, 0.0794967636076792522
0.9739739739739999846, 0.0823666095917753999
0.9764764764765000438, 0.0854148537919580397
0.9789789789789999919, 0.0886567783722413683
0.9814814814815000510, 0.0921093576429612010
0.9839839839839999991, 0.0957914887313795760
0.9864864864864999472, 0.0997242598411825498
0.9889889889890000063, 0.1039312632702908828
0.9914914914914999544, 0.1084389619322998766
0.9939939939940000135, 0.1132771200971787878
0.9964964964964999616, 0.1184793115430229221
0.9989989989990000208, 0.1240835214391200064
1.0015015015019999023, 0.1301328622555821546
1.0040040040039999170, 0.1366764290750783484
1.0065065065070000205, 0.1437703262154972350
1.0090090090090000352, 0.1514789055290729491
1.0115115115119999167, 0.1598762677651088537
1.0140140140139999314, 0.1690480928521642667
1.0165165165170000350, 0.1790938840950167810
1.0190190190190000497, 0.1901297368050568204
1.0215215215219999312, 0.2022917762118725260
1.0240240240239999459, 0.2157404560979871433
1.0265265265270000494, 0.2306659734541956774
1.0290290290290000641, 0.2472951428696310017
1.0315315315319999456, 0.2659001981490269340
1.0340340340339999603, 0.2868101639826904359
1.0365365365370000639, 0.3104256920094107253
1.0390390390390000785, 0.3372386213404668931
1.0415415415419999601, 0.3678580632608067780
1.0440440440439999747, 0.4030456188096755987
1.0465465465470000783, 0.4437635717206184216
1.0490490490490000930, 0.4912418163849311403
1.0515515515519999745, 0.5470723212609797104
1.0540540540539999892, 0.6133448606076421505
1.0565565565570000928, 0.6928459493461550656
1.0590590590590001074, 0.7893569347391466984
1.0615615615619999890, 0.9081119063636040600
1.0640640640640000036, 1.0565211581320073098
1.0665665665670001072, 1.2453514219613515124
1.0690690690689998998, 1.4907235863652030794
1.0715715715720000034, 1.8176422749317295846
1.0740740740740000181, 2.2665547386902882288
1.0765765765769998996, 2.9062958783261212403
1.0790790790789999143, 3.8615748072868236740
1.0815815815820000179, 5.3768568629236961343
1.0840840840840000325, 7.9827513713689342012
1.0865865865869999141, 12.9974871872694190955
1.0890890890889999287, 24.3421621166973025652
1.0915915915920000323, 56.2619992210775023977
1.0940940940940000470, 141.4763337809773133813
1.0965965965969999285, 111.2518720282807862532
1.0990990990989999432, 42.5004906629342045221
1.1016016016020000468, 19.7433615721999871084
1.1041041041040000614, 11.0775548137955777150
1.1066066066069999430, 7.0285910989783246805
1.1091091091089999576, 4.8428154599393380408
1.1116116116120000612, 3.5373445748852971882
1.1141141141140000759, 2.6982018404062402261
1.1166166166169999574, 2.1280732502037005283
1.1191191191189999721, 1.7236497011002160917
1.1216216216220000756, 1.4267291035173899072
1.1241241241240000903, 1.2025441304424808742
1.1266266266269999718, 1.0293094494967274244
1.1291291291289999865, 0.8928212151641077288
1.1316316316320000901, 0.7835032111997178861
1.1341341341340001048, 0.6947118412871235993
1.1366366366369999863, 0.6217228803223918687
1.1391391391390000010, 0.5611040206382164053
1.1416416416420001045, 0.5103141935819965891
1.1441441441439998972, 0.4674407007406068404
1.1466466466470000007, 0.4310225846877454026
1.1491491491490000154, 0.3999293937049990255
1.1516516516519998969, 0.3732763685045832336
1.1541541541539999116, 0.3503640864569640412
1.1566566566570000152, 0.3306348461846521647
1.1591591591590000299, 0.3136407125739388846
1.1616616616619999114, 0.2990198159644771314
1.1641641641639999261, 0.2864785830111782894
1.1666666666670000296, 0.2757782915161315351
1.1691691691690000443, 0.2667248211614400288
1.1716716716719999258, 0.2591607991611373230
1.1741741741739999405, 0.2529595664129923871
1.1766766766770000441, 0.2480205491162773557
1.1791791791790000588, 0.2442657347793641964
1.1816816816819999403, 0.2416370345050629087
1.1841841841839999550, 0.2400943751688026095
1.1866866866870000585, 0.2396144123349750188
1.1891891891890000732, 0.2401897922785325434
1.1916916916919999547, 0.2418289228335462060
1.1941941941939999694, 0.2445562407557305140
1.1966966966970000730, 0.2484129902311021376
1.1991991991990000876, 0.2534585553361098920
1.2017017017019999692, 0.2597724210509553822
1.2042042042039999838, 0.2674568756817363724
1.2067067067070000874, 0.2766406158962684825
1.2092092092090001021, 0.2874834789655130729
1.2117117117119999836, 0.3001826122071477032
1.2142142142139999983, 0.3149805071802849743
1.2167167167170001019, 0.3321754908992043953
1.2192192192189998945, 0.3521355008961003508
1.2217217217219999981, 0.3753163102069737578
1.2242242242240000127, 0.4022858667411836064
1.2267267267269998943, 0.4337571557127958277
1.2292292292289999089, 0.4706331245337608826
1.2317317317320000125, 0.5140689598534854410
1.2342342342340000272, 0.5655597711879412071
1.2367367367369999087, 0.6270662006402019095
1.2392392392389999234, 0.7011978672219648656
1.2417417417420000270, 0.7914871165257794106
1.2442442442440000416, 0.9028075556207867391
1.2467467467469999232, 1.0420317345717473589
1.2492492492489999378, 1.2190974051220413443
1.2517517517520000414, 1.4487993415391433594
1.2542542542540000561, 1.7539285223309695194
1.2567567567569999376, 2.1710475377083624515
1.2592592592589999523, 2.7617532097757164777
1.2617617617620000559, 3.6362425000412548215
1.2642642642640000705, 5.0070903156757360364
1.2667667667669999521, 7.3261036138699280329
1.2692692692689999667, 11.6846648624053575105
1.2717717717720000703, 21.2113584334357341277
1.2742742742740000850, 46.9226609607130029644
1.2767767767769999665, 122.4728197811254517546
1.2792792792789999812, 129.1185920584671862343
1.2817817817820000847, 49.8684759715740426600
1.2842842842840000994, 22.1948612860062546304
1.2867867867869999809, 12.0938203843692200223
1.2892892892889999956, 7.5272806682925885724
1.2917917917920000992, 5.1171993401431246085
1.2942942942939998918, 3.7003995061405348110
1.2967967967969999954, 2.8000663086819672642
1.2992992992990000101, 2.1935040204428197796
1.3018018018019998916, 1.7659184787371184910
1.3043043043039999063, 1.4534270010686745067
1.3068068068070000098, 1.2182449449553329757
1.3093093093090000245, 1.0368880154614947831
1.3118118118119999060, 0.8941480501847606233
1.3143143143139999207, 0.7798301432005418921
1.3168168168170000243, 0.6868957781781618310
1.3193193193190000390, 0.6103606917369149842
1.3218218218219999205, 0.5466165744708313401
1.3243243243239999352, 0.4930002616317272213
1.3268268268270000387, 0.4475124501392929721
1.3293293293290000534, 0.4086295101937047480
1.3318318318319999349, 0.3751748256766431755
1.3343343343339999496, 0.3462291218577204233
1.3368368368370000532, 0.3210668859735206215
1.3393393393390000679, 0.2991106002779057582
1.3418418418419999494, 0.2798973609434990961
1.3443443443439999641, 0.2630542618738501148
1.3468468468470000676, 0.2482800896190367479
1.3493493493490000823, 0.2353316457642018467
1.3518518518519999638, 0.2240135323765081732
1.3543543543539999785, 0.2141705947637356777
1.3568568568570000821, 0.2056824714794628362
1.3593593593590000967, 0.1984598922423081446
1.3618618618619999783, 0.1924425168743962855
1.3643643643639999929, 0.1875982431304623610
1.3668668668670000965, 0.1839240470086360990
1.3693693693689998891, 0.1814485762255297618
1.3718718718719999927, 0.1802369228571732152
1.3743743743740000074, 0.1803982949841970163
1.3768768768770001110, 0.1820977552167906410
1.3793793793789999036, 0.1855739092106677424
1.3818818818820000072, 0.1911656121696263533
1.3843843843840000218, 0.1993527920320930791
1.3868868868869999034, 0.2108200897555266851
1.3893893893889999180, 0.2265586445947221084
1.3918918918920000216, 0.2480340555866763774
1.3943943943940000363, 0.2774740521123061354
1.3968968968969999178, 0.3183833954492870655
1.3993993993989999325, 0.3765151320830982251
1.4019019019020000361, 0.4618219548064615987
1.4044044044040000507, 0.5926905874631365201
1.4069069069069999323, 0.8060536198477046277
1.4094094094089999469, 1.1846534682525731164
1.4119119119120000505, 1.9429336332803508469
1.4144144144140000652, 3.7542946064428606157
1.4169169169169999467, 9.1253581701247785674
1.4194194194189999614, 19.7124566395461435775
1.4219219219220000650, 10.8536225162370154607
1.4244244244240000796, 4.3013180485672055653
1.4269269269269999612, 2.1392833871781888888
1.4294294294289999758, 1.2651636866291333661
1.4319319319320000794, 0.8380175780471971203
1.4344344344340000941, 0.5998026784458723171
1.4369369369369999756, 0.4539043125328505179
1.4394394394389999903, 0.3581474589428128019
1.4419419419420000938, 0.2918801921373187502
1.4444444444440001085, 0.2440608791324107019
1.4469469469469999900, 0.2083641364738154089
1.4494494494490000047, 0.1809594269998358873
1.4519519519520001083, 0.1594188176823501668
1.4544544544539999009, 0.1421436373079189852
1.4569569569570000045, 0.1280466840403769457
1.4594594594590000192, 0.1163677932511605478
1.4619619619619999007, 0.1065625075254596210
1.4644644644639999154, 0.0982325471203573108
1.4669669669670000189, 0.0910810754411695428
1.4694694694690000336, 0.0848831529770157217
1.4719719719719999151, 0.0794657632962922356
1.4744744744739999298, 0.0746940260996866306
1.4769769769770000334, 0.0704615010601038483
1.4794794794790000481, 0.0666832522441629522
1.4819819819819999296, 0.0632908102461909594
1.4844844844839999443, 0.0602284610278397067
1.4869869869870000478, 0.0574504766577741063
1.4894894894890000625, 0.0549190242721345201
1.4919919919919999440, 0.0526025697885656660
1.4944944944939999587, 0.0504746469033370143
1.4969969969970000623, 0.0485128988051404600
1.4994994994990000770, 0.0466983256174948874
1.5020020020019999585, 0.0450146885426161991
1.5045045045050000621, 0.0434480344455882156
1.5070070070070000767, 0.0419863137945929096
1.5095095095099999583, 0.0406190715401672162
1.5120120120119999729, 0.0393371954086665990
1.5145145145150000765, 0.0381327097085834288
1.5170170170170000912, 0.0369986054558265470
1.5195195195199999727, 0.0359286996639150841
1.5220220220219999874, 0.0349175181940214116
1.5245245245250000909, 0.0339601977447494680
1.5270270270270001056, 0.0330524034744333201
1.5295295295299999871, 0.0321902594567444952
1.5320320320320000018, 0.0313702897229736766
1.5345345345350001054, 0.0305893680782639774
1.5370370370369998980, 0.0298446752217328207
1.5395395395400000016, 0.0291336619725334721
1.5420420420420000163, 0.0284540176211248580
1.5445445445449998978, 0.0278036425992775338
1.5470470470469999125, 0.0271806248028343342
1.5495495495500000160, 0.0265832190150050371
1.5520520520520000307, 0.0260098289705196946
1.5545545545549999122, 0.0254589916765613905
1.5570570570569999269, 0.0249293636683971739
1.5595595595600000305, 0.0244197089286871810
1.5620620620620000452, 0.0239288882416435165
1.5645645645649999267, 0.0234558497882162396
1.5670670670669999414, 0.0229996208176228949
1.5695695695700000449, 0.0225593002548700877
1.5720720720720000596, 0.0221340521243145530
1.5745745745749999411, 0.0217230996864483938
1.5770770770769999558, 0.0213257201995482142
1.5795795795800000594, 0.0209412402300514187
1.5820820820820000741, 0.0205690314458831583
1.5845845845849999556, 0.0202085068357764561
1.5870870870869999703, 0.0198591173051386703
1.5895895895900000738, 0.0195203486054431850
1.5920920920920000885, 0.0191917185596312163
1.5945945945949999700, 0.0188727745507350844
1.5970970970969999847, 0.0185630912450106891
1.5995995996000000883, 0.0182622685243785006
1.6021021021020001029, 0.0179699296060141754
1.6046046046049999845, 0.0176857193295661408
1.6071071071069999991, 0.0174093025947643608
1.6096096096100001027, 0.0171403629341813010
1.6121121121119998953, 0.0168786012076410814
1.6146146146149999989, 0.0166237344062939406
1.6171171171170000136, 0.0163754945557024398
1.6196196196199998951, 0.0161336277084529814
1.6221221221219999098, 0.0158978930178312675
1.6246246246250000134, 0.0156680618850031060
1.6271271271270000280, 0.0154439171729378599
1.6296296296299999096, 0.0152252524810146898
1.6321321321319999242, 0.0150118714748740164
1.6346346346350000278, 0.0148035872666274562
1.6371371371370000425, 0.0146002218410288924
1.6396396396399999240, 0.0144016055236439195
1.6421421421419999387, 0.0142075764874421365
1.6446446446450000423, 0.0140179802945814974
1.6471471471470000569, 0.0138326694704623155
1.6496496496499999385, 0.0136515031074034409
1.6521521521519999531, 0.0134743464955399753
1.6546546546550000567, 0.0133010707787625838
1.6571571571570000714, 0.0131315526337168354
1.6596596596599999529, 0.0129656739700592816
1.6621621621619999676, 0.0128033216503271301
1.6646646646650000712, 0.0126443872279230572
1.6671671671670000858, 0.0124887667018467301
1.6696696696699999674, 0.0123363602869224955
1.6721721721719999820, 0.0121870721983788587
1.6746746746750000856, 0.0120408104497317283
1.6771771771770001003, 0.0118974866630105949
1.6796796796799999818, 0.0117570158904459522
1.6821821821819999965, 0.0116193164468079806
1.6846846846850001000, 0.0114843097516519280
1.6871871871869998927, 0.0113519201807849666
1.6896896896899999962, 0.0112220749263233707
1.6921921921920000109, 0.0110947038647582295
1.6946946946949998924, 0.0109697394324928549
1.6971971971969999071, 0.0108471165083562533
1.6996996997000000107, 0.0107267723026344287
1.7022022022020000254, 0.0106086462521959128
1.7047047047049999069, 0.0104926799213191334
1.7072072072069999216, 0.0103788169078583899
1.7097097097100000251, 0.0102670027544114265
1.7122122122120000398, 0.0101571848641761227
1.7147147147149999213, 0.0100493124212060539
1.7172172172169999360, 0.0099433363147952321
1.7197197197200000396, 0.0098392090677413661
1.7222222222220000543, 0.0097368847682542583
1.7247247247249999358, 0.0096363190052921495
1.7272272272269999505, 0.0095374688071236252
1.7297297297300000540, 0.0094402925829262570
1.7322322322320000687, 0.0093447500672460982
1.7347347347349999502, 0.0092508022671534546
1.7372372372369999649, 0.0091584114119415520
1.7397397397400000685, 0.0090675409052244776
1.7422422422420000832, 0.0089781552793001436
1.7447447447449999647, 0.0088902201516527848
1.7472472472469999794, 0.0088037021834771051
1.7497497497500000829, 0.0087185690401140967
1.7522522522520000976, 0.0086347893532950134
1.7547547547549999791, 0.0085523326850966887
1.7572572572569999938, 0.0084711694935171444
1.7597597597600000974, 0.0083912710995861298
1.7622622622619998900, 0.0083126096559302826
1.7647647647649999936, 0.0082351581167175100
1.7672672672670000082, 0.0081588902089096103
1.7697697697699998898, 0.0080837804047563817
1.7722722722719999044, 0.0080098038954683065
1.7747747747750000080, 0.0079369365660087177
1.7772772772770000227, 0.0078651549709495248
1.7797797797799999042, 0.0077944363113379780
1.7822822822819999189, 0.0077247584125248224
1.7847847847850000225, 0.0076560997029070030
1.7872872872870000371, 0.0075884391935407648
1.7897897897899999187, 0.0075217564585833259
1.7922922922919999333, 0.0074560316165237081
1.7947947947950000369, 0.0073912453121654014
1.7972972972970000516, 0.0073273786993256016
1.7997997997999999331, 0.0072644134242176367
1.8023023023019999478, 0.0072023316094849636
1.8048048048050000514, 0.0071411158388568485
1.8073073073070000660, 0.0070807491423973759
1.8098098098099999476, 0.0070212149823209056
1.8123123123119999622, 0.0069624972393485546
1.8148148148150000658, 0.0069045801995815063
1.8173173173170000805, 0.0068474485418682576
1.8198198198199999620, 0.0067910873256440555
1.8223223223219999767, 0.0067354819792218613
1.8248248248250000803, 0.0066806182885152249
1.8273273273270000949, 0.0066264823861744426
1.8298298298299999765, 0.0065730607411182782
1.8323323323319999911, 0.0065203401484444003
1.8348348348350000947, 0.0064683077197025124
1.8373373373370001094, 0.0064169508735149360
1.8398398398399999909, 0.0063662573265301399
1.8423423423420000056, 0.0063162150846953801
1.8448448448450001091, 0.0062668124348353241
1.8473473473469999018, 0.0062180379365240927
1.8498498498500000053, 0.0061698804142387960
1.8523523523520000200, 0.0061223289497831634
1.8548548548549999015, 0.0060753728749703860
1.8573573573569999162, 0.0060290017645548699
1.8598598598600000198, 0.0059832054294029352
1.8623623623620000345, 0.0059379739098930906
1.8648648648649999160, 0.0058932974695368439
1.8673673673669999307, 0.0058491665888114356
1.8698698698700000342, 0.0058055719591963064
1.8723723723720000489, 0.0057625044774054180
1.8748748748749999304, 0.0057199552398079310
1.8773773773769999451, 0.0056779155370300571
1.8798798798800000487, 0.0056363768487312348
1.8823823823820000634, 0.0055953308385480321
1.8848848848849999449, 0.0055547693491995341
1.8873873873869999596, 0.0055146843977481597
1.8898898898900000631, 0.0054750681710101865
1.8923923923920000778, 0.0054359130211104429
1.8948948948949999593, 0.0053972114611758994
1.8973973973969999740, 0.0053589561611631026
1.8998998999000000776, 0.0053211399438146002
1.9024024024020000923, 0.0052837557807396962
1.9049049049049999738, 0.0052467967886151113
1.9074074074069999885, 0.0052102562255012357
1.9099099099100000920, 0.0051741274872699212
1.9124124124120001067, 0.0051384041041398296
1.9149149149149999882, 0.0051030797373156087
1.9174174174170000029, 0.0050681481757272485
1.9199199199200001065, 0.0050336033328661472
1.9224224224219998991, 0.0049994392437145308
1.9249249249250000027, 0.0049656500617650612
1.9274274274270000173, 0.0049322300561275003
1.9299299299299998989, 0.0048991736087194981
1.9324324324319999135, 0.0048664752115386515
1.9349349349350000171, 0.0048341294640131052
1.9374374374370000318, 0.0048021310704280482
1.9399399399399999133, 0.0047704748374255805
1.9424424424419999280, 0.0047391556715755401
1.9449449449450000316, 0.0047081685770149016
1.9474474474470000462, 0.0046775086531535490
1.9499499499499999278, 0.0046471710924441958
1.9524524524519999424, 0.0046171511782144292
1.9549549549550000460, 0.0045874442825588032
1.9574574574570000607, 0.0045580458642890918
1.9599599599599999422, 0.0045289514669408209
1.9624624624619999569, 0.0045001567168342820
1.9649649649650000605, 0.0044716573211882951
1.9674674674670000751, 0.0044434490662850681
1.9699699699699999567, 0.0044155278156845171
1.9724724724719999713, 0.0043878895084865305
1.9749749749750000749, 0.0043605301576396527
1.9774774774770000896, 0.0043334458482947747
1.9799799799799999711, 0.0043066327362024075
1.9824824824819999858, 0.0042800870461522384
1.9849849849850000894, 0.0042538050704536258
1.9874874874870001040, 0.0042277831674558466
1.9899899899899999856, 0.0042020177601068192
1.9924924924920000002, 0.0041765053345492031
1.9949949949950001038, 0.0041512424387527124
1.9974974974969998964, 0.0041262256811815650
2.0000000000000000000, 0.0041014517294960312
