# Delta1: 0.46
# Delta2: 1.17
# Delta3: 1.34
# Dq: 0.08800000000000002
# Ds: -0.09000000000000001
# Dt: -0.01999999999999998
# k1_lab: [1, 0, 0]
# k2_lab: [-0.8660254037844387, 0.49999999999999994, 0.0]
# k1_cf: [-0.7071067811865476, -0.7071067811865476, 0.0]
# k2_cf: [0.6123724356957946, 0.6123724356957946, 0.49999999999999994]
# pol1_lab: [(0, 1, 0), (0, 0, 1)]
# pol2_lab: [array([-0.5      , -0.8660254,  0.       ]), array([0., 0., 1.])]
# pol1_cf: [array([0., 0., 1.]), array([-0.70710678,  0.70710678,  0.        ])]
# pol2_cf: [array([ 0.35355339,  0.35355339, -0.8660254 ]), array([-0.70710678,  0.70710678,  0.        ])]
# cf: [array([-0.70710678,  0.        , -0.70710678]), array([-0.70710678,  0.        ,  0.70710678]), array([0., 1., 0.])]
# th: 90
-0.5000000000000000000, 0.0082502934125104465
-0.4974974974974999964, 0.0083256239512292645
-0.4949949949949999928, 0.0084020564943113277
-0.4924924924924999892, 0.0084796131502441977
-0.4899899899899999856, 0.0085583165897485606
-0.4874874874874999819, 0.0086381900630864931
-0.4849849849849999783, 0.0087192574179955299
-0.4824824824824999747, 0.0088015431182746108
-0.4799799799800000266, 0.0088850722630491319
-0.4774774774775000230, 0.0089698706067435456
-0.4749749749750000194, 0.0090559645797915079
-0.4724724724725000158, 0.0091433813101148165
-0.4699699699700000122, 0.0092321486454039498
-0.4674674674675000086, 0.0093222951762346479
-0.4649649649650000049, 0.0094138502600565298
-0.4624624624625000013, 0.0095068440460916656
-0.4599599599599999977, 0.0096013075011827081
-0.4574574574574999941, 0.0096972724366322666
-0.4549549549549999905, 0.0097947715360772406
-0.4524524524524999869, 0.0098938383844439561
-0.4499499499499000077, 0.0099945074980323546
-0.4474474474474000041, 0.0100968143557798144
-0.4449449449449000005, 0.0102007954317578295
-0.4424424424423999969, 0.0103064882289574250
-0.4399399399398999932, 0.0104139313144221025
-0.4374374374373999896, 0.0105231643557901298
-0.4349349349348999860, 0.0106342281593111571
-0.4324324324323999824, 0.0107471647094056558
-0.4299299299298999788, 0.0108620172098390852
-0.4274274274273999752, 0.0109788301265866320
-0.4249249249249000271, 0.0110976492324684657
-0.4224224224224000235, 0.0112185216536394346
-0.4199199199199000199, 0.0113414959180219467
-0.4174174174174000163, 0.0114666220057754974
-0.4149149149149000126, 0.0115939514019012223
-0.4124124124124000090, 0.0117235371510854922
-0.4099099099099000054, 0.0118554339148921883
-0.4074074074074000018, 0.0119896980314192249
-0.4049049049048999982, 0.0121263875775416436
-0.4024024024023999946, 0.0122655624338702009
-0.3998998998998999910, 0.0124072843525618159
-0.3973973973973999874, 0.0125516170281258447
-0.3948948948948999838, 0.0126986261713785426
-0.3923923923923999801, 0.0128483795867067527
-0.3898898898898999765, 0.0130009472528111666
-0.3873873873873999729, 0.0131564014071095890
-0.3848848848849000248, 0.0133148166339909710
-0.3823823823824000212, 0.0134762699571224533
-0.3798798798799000176, 0.0136408409360236800
-0.3773773773774000140, 0.0138086117671353675
-0.3748748748749000104, 0.0139796673896227380
-0.3723723723724000068, 0.0141540955961693780
-0.3698698698699000031, 0.0143319871490321347
-0.3673673673673999995, 0.0145134359016448628
-0.3648648648648999959, 0.0146985389260762336
-0.3623623623623999923, 0.0148873966466661310
-0.3598598598598999887, 0.0150801129801853336
-0.3573573573573999851, 0.0152767954828851599
-0.3548548548548999815, 0.0154775555048268752
-0.3523523523523999779, 0.0156825083519059501
-0.3498498498497999987, 0.0158917734560127463
-0.3473473473472999951, 0.0161054745538002260
-0.3448448448447999914, 0.0163237398745599005
-0.3423423423422999878, 0.0165467023377404709
-0.3398398398397999842, 0.0167744997606790250
-0.3373373373372999806, 0.0170072750771529183
-0.3348348348347999770, 0.0172451765674015954
-0.3323323323322999734, 0.0174883581003114318
-0.3298298298298000253, 0.0177369793885046242
-0.3273273273273000217, 0.0179912062571239706
-0.3248248248248000181, 0.0182512109271606576
-0.3223223223223000145, 0.0185171723142314865
-0.3198198198198000108, 0.0187892763437760638
-0.3173173173173000072, 0.0190677162837137627
-0.3148148148148000036, 0.0193526930956745558
-0.3123123123123000000, 0.0196444158059989708
-0.3098098098097999964, 0.0199431018977890874
-0.3073073073072999928, 0.0202489777253873106
-0.3048048048047999892, 0.0205622789527614078
-0.3023023023022999856, 0.0208832510173849809
-0.2997997997997999819, 0.0212121496213225381
-0.2972972972972999783, 0.0215492412513580769
-0.2947947947947999747, 0.0218948037301471797
-0.2922922922923000266, 0.0222491268005262262
-0.2897897897898000230, 0.0226125127452778199
-0.2872872872873000194, 0.0229852770448338052
-0.2847847847848000158, 0.0233677490755932020
-0.2822822822823000122, 0.0237602728517472758
-0.2797797797798000086, 0.0241632078137380864
-0.2772772772773000050, 0.0245769296667310809
-0.2747747747748000013, 0.0250018312727614753
-0.2722722722722999977, 0.0254383236005173811
-0.2697697697697999941, 0.0258868367370553853
-0.2672672672672999905, 0.0263478209661078371
-0.2647647647647999869, 0.0268217479180387838
-0.2622622622622999833, 0.0273091117969422974
-0.2597597597597999797, 0.0278104306908548114
-0.2572572572572999761, 0.0283262479715784277
-0.2547547547547999724, 0.0288571337911895237
-0.2522522522523000243, 0.0294036866829408862
-0.2497497497496999896, 0.0299665352749641720
-0.2472472472472000138, 0.0305463401259491868
-0.2447447447447000102, 0.0311437956928245045
-0.2422422422422000066, 0.0317596324414003359
-0.2397397397397000030, 0.0323946191119698773
-0.2372372372371999993, 0.0330495651530086018
-0.2347347347346999957, 0.0337253233373794245
-0.2322322322321999921, 0.0344227925768541068
-0.2297297297296999885, 0.0351429209523205915
-0.2272272272272000126, 0.0358867089787751892
-0.2247247247247000090, 0.0366552131261231318
-0.2222222222222000054, 0.0374495496189522839
-0.2197197197197000018, 0.0382708985408319255
-0.2172172172171999982, 0.0391205082713516616
-0.2147147147146999946, 0.0399997002870909335
-0.2122122122121999910, 0.0409098743610376292
-0.2097097097096999874, 0.0418525141987017013
-0.2072072072072000115, 0.0428291935533494442
-0.2047047047047000079, 0.0438415828674781488
-0.2022022022022000043, 0.0448914564929284582
-0.1996996996997000007, 0.0459807005479747760
-0.1971971971971999971, 0.0471113214764358676
-0.1946946946946999935, 0.0482854553814148074
-0.1921921921921999898, 0.0495053782148373658
-0.1896896896896999862, 0.0507735169136514231
-0.1871871871872000104, 0.0520924615845494293
-0.1846846846847000068, 0.0534649788515729960
-0.1821821821822000032, 0.0548940264951837537
-0.1796796796796999995, 0.0563827695276030716
-0.1771771771771999959, 0.0579345978677461709
-0.1746746746746999923, 0.0595531458002702060
-0.1721721721721999887, 0.0612423134275498493
-0.1696696696697000128, 0.0630062903512939587
-0.1671671671672000092, 0.0648495818526225731
-0.1646646646647000056, 0.0667770378764376699
-0.1621621621622000020, 0.0687938851686898806
-0.1596596596596999984, 0.0709057629646589332
-0.1571571571571999948, 0.0731187626838188387
-0.1546546546546999912, 0.0754394721536814916
-0.1521521521521999876, 0.0778750249628901992
-0.1496496496496000084, 0.0804331556348463761
-0.1471471471471000048, 0.0831222614197415083
-0.1446446446446000011, 0.0859514716280405100
-0.1421421421420999975, 0.0889307255758412935
-0.1396396396395999939, 0.0920708603865217357
-0.1371371371370999903, 0.0953837100990763270
-0.1346346346345999867, 0.0988822177781191330
-0.1321321321321000108, 0.1025805626117986813
-0.1296296296296000072, 0.1064943043318302973
-0.1271271271271000036, 0.1106405477068652665
-0.1246246246246000000, 0.1150381303618836087
-0.1221221221220999964, 0.1197078377813933642
-0.1196196196196000067, 0.1246726500870088544
-0.1171171171171000031, 0.1299580260707388357
-0.1146146146145999994, 0.1355922310523018648
-0.1121121121120999958, 0.1416067164606376882
-0.1096096096096000061, 0.1480365606785424004
-0.1071071071071000025, 0.1549209827146336149
-0.1046046046045999989, 0.1623039427813449120
-0.1021021021020999953, 0.1702348469945045850
-0.0995995995996000055, 0.1787693773429928634
-0.0970970970971000019, 0.1879704730339438745
-0.0945945945945900063, 0.1979094956009968542
-0.0920920920920900027, 0.2086676181704366639
-0.0895895895895899991, 0.2203374895484209450
-0.0870870870870899955, 0.2330252370443348375
-0.0845845845845799998, 0.2468528891623391897
-0.0820820820820799962, 0.2619613218201826688
-0.0795795795795800065, 0.2785138614493433140
-0.0770770770770800029, 0.2967007177836821219
-0.0745745745745699934, 0.3167444720004584102
-0.0720720720720700037, 0.3389069173201472163
-0.0695695695695700000, 0.3634976466467897960
-0.0670670670670699964, 0.3908849161611090417
-0.0645645645645600008, 0.4215095008846626579
-0.0620620620620599972, 0.4559025218385724942
-0.0595595595595600005, 0.4947086003684652566
-0.0570570570570599969, 0.5387162384622319333
-0.0545545545545500013, 0.5888981200857962284
-0.0520520520520499977, 0.6464652134420534324
-0.0495495495495500010, 0.7129403468013663092
-0.0470470470470499974, 0.7902596922821332193
-0.0445445445445400018, 0.8809149308559944824
-0.0420420420420399982, 0.9881558370094125632
-0.0395395395395400015, 1.1162844708123080828
-0.0370370370370399979, 1.2710914857191117910
-0.0345345345345300023, 1.4605186289460028171
-0.0320320320320299987, 1.6956917708637999631
-0.0295295295295299985, 1.9925810278227296113
-0.0270270270270299984, 2.3747624759869578881
-0.0245245245245199993, 2.8781999032226730506
-0.0220220220220199991, 3.5599209070517625619
-0.0195195195195199990, 4.5146574804864361141
-0.0170170170170199989, 5.9089683078570267583
-0.0145145145145099998, 8.0571796893970013542
-0.0120120120120099996, 11.6086103479259961091
-0.0095095095095099995, 18.0734263180950236460
-0.0070070070070070000, 31.5675589407936918462
-0.0045045045045049997, 65.8276351336247245172
-0.0020020020020019998, 170.3101163891687974683
0.0005005005005005000, 268.7530786503549506961
0.0030030030030029999, 114.4262176857251773754
0.0055055055055059999, 47.7876126354634251925
0.0080080080080079993, 24.8269106503692462695
0.0105105105105099995, 14.9712180868176449877
0.0130130130130099997, 9.9532960427049559371
0.0155155155155200005, 7.0773337134421803185
0.0180180180180199989, 5.2835060901503370090
0.0205205205205199991, 4.0920419437915329652
0.0230230230230199992, 3.2614575754628392090
0.0255255255255299983, 2.6598561036248500322
0.0280280280280299984, 2.2103859878940110839
0.0305305305305299986, 1.8658645091267289651
0.0330330330330299987, 1.5960470306678922192
0.0355355355355400013, 1.3808323072310604296
0.0380380380380399979, 1.2064433454076253227
0.0405405405405400016, 1.0631844382703132812
0.0430430430430399982, 0.9440732992650594513
0.0455455455455500008, 0.8439791472025947039
0.0480480480480499975, 0.7590638205170664454
0.0505505505505500011, 0.6864101001575299010
0.0530530530530499977, 0.6237689079349737487
0.0555555555555600003, 0.5693838607903941584
0.0580580580580599970, 0.5218672813973046498
0.0605605605605600006, 0.4801111225460818477
0.0630630630630600042, 0.4432220109394258700
0.0655655655655699998, 0.4104732286791435425
0.0680680680680700034, 0.3812687688341376835
0.0705705705705699932, 0.3551161174098527717
0.0730730730730699968, 0.3316054227879536298
0.0755755755755800063, 0.3103933958033704421
0.0780780780780799960, 0.2911907517295718728
0.0805805805805799996, 0.2737523311275033566
0.0830830830830800032, 0.2578692660181877705
0.0855855855855899988, 0.2433627215006172184
0.0880880880880900025, 0.2300788609478319202
0.0905905905905900061, 0.2178847688973260255
0.0930930930930899958, 0.2066651290132915098
0.0955955955956000053, 0.1963195014708001007
0.0980980980980999950, 0.1867600792923102826
0.1006006006005999986, 0.1779098297307923626
0.1031031031031000023, 0.1697009470065974912
0.1056056056056000059, 0.1620735581978929307
0.1081081081080999956, 0.1549746360415884261
0.1106106106105999992, 0.1483570816907598122
0.1131131131131000028, 0.1421789477360590470
0.1156156156156000064, 0.1364027775088398342
0.1181181181180999962, 0.1309950411995566000
0.1206206206205999998, 0.1259256529155564630
0.1231231231231000034, 0.1211675556719908897
0.1256256256256000070, 0.1166963636143176497
0.1281281281281000106, 0.1124900526306583937
0.1306306306305999865, 0.1085286920198249294
0.1331331331330999901, 0.1047942111081346106
0.1356356356355999937, 0.1012701957114537366
0.1381381381380999973, 0.0979417101623977909
0.1406406406406000009, 0.0947951413011006022
0.1431431431431000045, 0.0918180613890440256
0.1456456456456000081, 0.0889991073710790781
0.1481481481481000118, 0.0863278742985278125
0.1506506506506999910, 0.0837948210502260926
0.1531531531531999946, 0.0813911867599061839
0.1556556556556999982, 0.0791089165866110944
0.1581581581582000018, 0.0769405956573411265
0.1606606606607000054, 0.0748793901739273071
0.1631631631632000090, 0.0729189948141847483
0.1656656656657000126, 0.0710535856747887135
0.1681681681681999885, 0.0692777781033968865
0.1706706706706999921, 0.0675865888530827741
0.1731731731731999957, 0.0659754020654331891
0.1756756756756999993, 0.0644399386516214673
0.1781781781782000029, 0.0629762286949507866
0.1806806806807000065, 0.0615805865451337711
0.1831831831832000101, 0.0602495883150108297
0.1856856856857000138, 0.0589800515254602503
0.1881881881881999896, 0.0577690166747052980
0.1906906906906999932, 0.0566137305347173964
0.1931931931931999968, 0.0555116310005418986
0.1956956956957000004, 0.0544603333385815513
0.1981981981982000041, 0.0534576176975793960
0.2007007007007000077, 0.0525014177615959962
0.2032032032032000113, 0.0515898104379523825
0.2057057057056999871, 0.0507210064851843431
0.2082082082081999908, 0.0498933419967235378
0.2107107107106999944, 0.0491052706654814056
0.2132132132131999980, 0.0483553567629256692
0.2157157157157000016, 0.0476422687737357298
0.2182182182182000052, 0.0469647736338367136
0.2207207207207000088, 0.0463217315256371429
0.2232232232232000124, 0.0457120911897282989
0.2257257257256999883, 0.0451348857172309131
0.2282282282281999919, 0.0445892287914560551
0.2307307307306999955, 0.0440743113516618851
0.2332332332331999991, 0.0435893986554810944
0.2357357357357000027, 0.0431338277201234951
0.2382382382382000063, 0.0427070051257740502
0.2407407407407000099, 0.0423084051677445130
0.2432432432432000136, 0.0419375683469499980
0.2457457457456999894, 0.0415941001912006475
0.2482482482481999930, 0.0412776704026655700
0.2507507507508000000, 0.0409880123297229754
0.2532532532533000036, 0.0407249227642866168
0.2557557557558000072, 0.0404882620686479802
0.2582582582583000108, 0.0402779546389226834
0.2607607607608000144, 0.0400939897153961278
0.2632632632633000180, 0.0399364225534698317
0.2657657657658000216, 0.0398053759725675582
0.2682682682683000253, 0.0397010423043376165
0.2707707707707999734, 0.0396236857658408617
0.2732732732732999770, 0.0395736452882285497
0.2757757757757999806, 0.0395513378367730872
0.2782782782782999842, 0.0395572622641193819
0.2807807807807999878, 0.0395920037453956486
0.2832832832832999914, 0.0396562388514923175
0.2857857857857999950, 0.0397507413255522718
0.2882882882882999986, 0.0398763886377013210
0.2907907907908000023, 0.0400341694045081437
0.2932932932933000059, 0.0402251917728678396
0.2957957957958000095, 0.0404506928832636115
0.2982982982983000131, 0.0407120495450595116
0.3008008008008000167, 0.0410107902770642102
0.3033033033033000203, 0.0413486088906261373
0.3058058058058000239, 0.0417273798206315161
0.3083083083083000275, 0.0421491754427711779
0.3108108108107999756, 0.0426162856542864066
0.3133133133132999792, 0.0431312400412683650
0.3158158158157999829, 0.0436968330099089322
0.3183183183182999865, 0.0443161523236366012
0.3208208208207999901, 0.0449926115649886132
0.3233233233232999937, 0.0457299871330395027
0.3258258258257999973, 0.0465324604975404371
0.3283283283283000009, 0.0474046665637547354
0.3308308308308000045, 0.0483517491624480197
0.3333333333333000081, 0.0493794248740931710
0.3358358358358000118, 0.0504940566332268137
0.3383383383383000154, 0.0517027388483908695
0.3408408408408000190, 0.0530133961283605348
0.3433433433433000226, 0.0544348981432106888
0.3458458458458000262, 0.0559771936908501910
0.3483483483482999743, 0.0576514677138839499
0.3508508508509000090, 0.0594703258543920199
0.3533533533534000126, 0.0614480121929374679
0.3558558558559000162, 0.0636006671552982877
0.3583583583584000198, 0.0659466342688207197
0.3608608608609000235, 0.0685068266201500076
0.3633633633634000271, 0.0713051666554711805
0.3658658658658999752, 0.0743691165734909898
0.3683683683683999788, 0.0777303212630956059
0.3708708708708999824, 0.0814253919070416776
0.3733733733733999860, 0.0854968665301160252
0.3758758758758999896, 0.0899943946425260100
0.3783783783783999932, 0.0949762077447701691
0.3808808808808999968, 0.1005109572861843381
0.3833833833834000004, 0.1066800288234734939
0.3858858858859000041, 0.1135804786996721522
0.3883883883884000077, 0.1213287921290620019
0.3908908908909000113, 0.1300657359769795129
0.3933933933934000149, 0.1399626861694552582
0.3958958958959000185, 0.1512299646080962900
0.3983983983984000221, 0.1641279488742832804
0.4009009009009000257, 0.1789820600687491159
0.4034034034033999738, 0.1962032552361079041
0.4059059059058999774, 0.2163164596047213173
0.4084084084083999810, 0.2400006549609048911
0.4109109109108999847, 0.2681464155498535229
0.4134134134133999883, 0.3019401279239161684
0.4159159159158999919, 0.3429900090228200638
0.4184184184183999955, 0.3935193757515249580
0.4209209209208999991, 0.4566714377101299682
0.4234234234234000027, 0.5370054859950608162
0.4259259259259000063, 0.6413347333441918874
0.4284284284284000099, 0.7802024271422345336
0.4309309309309000136, 0.9706156728648278609
0.4334334334334000172, 1.2414193572769023355
0.4359359359359000208, 1.6446506213515998951
0.4384384384384000244, 2.2817661452064372796
0.4409409409408999725, 3.3714215138584409104
0.4434434434433999761, 5.4517093335530057985
0.4459459459458999797, 10.1034362293714590209
0.4484484484483999833, 23.0152608367492916841
0.4509509509510000180, 58.9069183463590775318
0.4534534534535000216, 50.9786368419042119626
0.4559559559560000253, 19.4687860085201585036
0.4584584584584999734, 8.9165636801751375629
0.4609609609609999770, 4.9543296680169426338
0.4634634634634999806, 3.1225567532438640583
0.4659659659659999842, 2.1407748154447912015
0.4684684684684999878, 1.5572730423912362063
0.4709709709709999914, 1.1834687768197740265
0.4734734734734999950, 0.9300705045416861605
0.4759759759759999986, 0.7505642190663694979
0.4784784784785000022, 0.6188495006371067531
0.4809809809810000059, 0.5193850164521289781
0.4834834834835000095, 0.4424578134466138346
0.4859859859860000131, 0.3817485459712325890
0.4884884884885000167, 0.3330040220132219897
0.4909909909910000203, 0.2932775354284353764
0.4934934934935000239, 0.2604757997881808063
0.4959959959960000275, 0.2330789452602788914
0.4984984984984999756, 0.2099620205193733213
0.5010010010009999792, 0.1902780585143995506
0.5035035035035000384, 0.1733796008753514806
0.5060060060059999865, 0.1587648859201900575
0.5085085085085000456, 0.1460402288867235221
0.5110110110109999937, 0.1348932594065504753
0.5135135135135000528, 0.1250735792244755951
0.5160160160160000009, 0.1163785798742435484
0.5185185185184999490, 0.1086429057553261884
0.5210210210210000081, 0.1017305302213594581
0.5235235235234999562, 0.0955287298103844051
0.5260260260260000154, 0.0899434543945750731
0.5285285285284999635, 0.0848957356698479687
0.5310310310310000226, 0.0803188762154541658
0.5335335335334999707, 0.0761562311511100459
0.5360360360360000298, 0.0723594438380876503
0.5385385385384999779, 0.0688870324679737300
0.5410410410410000370, 0.0657032500126279589
0.5435435435434999851, 0.0627771587554014077
0.5460460460460000442, 0.0600818744666900273
0.5485485485484999924, 0.0575939456009040701
0.5510510510510999715, 0.0552928406416823004
0.5535535535536000307, 0.0531605225918027405
0.5560560560560999788, 0.0511810940834326530
0.5585585585586000379, 0.0493405000270038044
0.5610610610610999860, 0.0476262773809103188
0.5635635635636000451, 0.0460273436988533208
0.5660660660660999932, 0.0445338177372575361
0.5685685685686000523, 0.0431368666863808925
0.5710710710711000004, 0.0418285756041121976
0.5735735735735999485, 0.0406018354404292237
0.5760760760761000077, 0.0394502466882925285
0.5785785785785999558, 0.0383680362180063642
0.5810810810811000149, 0.0373499852734546639
0.5835835835835999630, 0.0363913669507695617
0.5860860860861000221, 0.0354878917589955753
0.5885885885885999702, 0.0346356600907559570
0.5910910910911000293, 0.0338311206187107624
0.5935935935935999774, 0.0330710337885367078
0.5960960960961000366, 0.0323524397074678310
0.5985985985985999847, 0.0316726298340622436
0.6011011011011000438, 0.0310291219637661951
0.6036036036035999919, 0.0304196380792208579
0.6061061061061000510, 0.0298420846966668089
0.6086086086085999991, 0.0292945353923325658
0.6111111111110999472, 0.0287752152370381320
0.6136136136136000063, 0.0282824869047847288
0.6161161161160999544, 0.0278148382529678946
0.6186186186186000135, 0.0273708711989742448
0.6211211211210999616, 0.0269492917410647376
0.6236236236236000208, 0.0265489009912451938
0.6261261261260999689, 0.0261685871048005017
0.6286286286286000280, 0.0258073180057592014
0.6311311311310999761, 0.0254641348201242734
0.6336336336336000352, 0.0251381459395563500
0.6361361361360999833, 0.0248285216475837463
0.6386386386386000424, 0.0245344892485527682
0.6411411411410999905, 0.0242553286466019868
0.6436436436436000497, 0.0239903683280987406
0.6461461461460999978, 0.0237389817063432748
0.6486486486485999459, 0.0235005837920351027
0.6511511511512000361, 0.0232746281571010738
0.6536536536536999842, 0.0230606041630833300
0.6561561561562000433, 0.0228580344284471000
0.6586586586586999914, 0.0226664725119492816
0.6611611611612000505, 0.0224855007916603643
0.6636636636636999986, 0.0223147285213958248
0.6661661661661999467, 0.0221537900482261206
0.6686686686687000059, 0.0220023431764282996
0.6711711711711999540, 0.0218600676647443884
0.6736736736737000131, 0.0217266638451457279
0.6761761761761999612, 0.0216018513524890397
0.6786786786787000203, 0.0214853679555069010
0.6811811811811999684, 0.0213769684805178994
0.6836836836837000275, 0.0212764238200840207
0.6861861861861999756, 0.0211835200195956211
0.6886886886887000347, 0.0210980574354394587
0.6911911911911999828, 0.0210198499590100174
0.6936936936937000420, 0.0209487243013679811
0.6961961961961999901, 0.0208845193338387108
0.6986986986987000492, 0.0208270854802838114
0.7012012012011999973, 0.0207762841571759518
0.7037037037036999454, 0.0207319872579661071
0.7062062062062000045, 0.0206940766785568345
0.7087087087086999526, 0.0206624438809892147
0.7112112112112000117, 0.0206369894927180865
0.7137137137136999598, 0.0206176229390927224
0.7162162162162000190, 0.0206042621068809884
0.7187187187186999671, 0.0205968330368765003
0.7212212212212000262, 0.0205952696438126692
0.7237237237236999743, 0.0205995134619759955
0.7262262262262000334, 0.0206095134150660157
0.7287287287286999815, 0.0206252256089919060
0.7312312312312000406, 0.0206466131464271251
0.7337337337336999887, 0.0206736459620652582
0.7362362362362000479, 0.0207063006776333075
0.7387387387386999960, 0.0207445604758236257
0.7412412412412000551, 0.0207884149924044345
0.7437437437437000032, 0.0208378602258607430
0.7462462462461999513, 0.0208928984640049456
0.7487487487487000104, 0.0209535382270783291
0.7512512512512999896, 0.0210197942269436527
0.7537537537538000487, 0.0210916873420434539
0.7562562562562999968, 0.0211692446078714132
0.7587587587587999449, 0.0212524992227737797
0.7612612612613000040, 0.0213414905689659103
0.7637637637637999521, 0.0214362642487159506
0.7662662662663000113, 0.0215368721357132101
0.7687687687687999594, 0.0216433724417045940
0.7712712712713000185, 0.0217558297985475414
0.7737737737737999666, 0.0218743153558939307
0.7762762762763000257, 0.0219989068947862645
0.7787787787787999738, 0.0221296889575151555
0.7812812812813000329, 0.0222667529941572399
0.7837837837837999810, 0.0224101975262845574
0.7862862862863000402, 0.0225601283284109499
0.7887887887887999883, 0.0227166586278193597
0.7912912912913000474, 0.0228799093234949638
0.7937937937937999955, 0.0230500092249756316
0.7962962962963000546, 0.0232270953120213425
0.7987987987988000027, 0.0234113130161010680
0.8013013013012999508, 0.0236028165247977352
0.8038038038038000099, 0.0238017691103415314
0.8063063063062999580, 0.0240083434835990685
0.8088088088088000172, 0.0242227221749717857
0.8113113113112999653, 0.0244450979437921857
0.8138138138138000244, 0.0246756742179533306
0.8163163163162999725, 0.0249146655656641187
0.8188188188188000316, 0.0251622982013947338
0.8213213213212999797, 0.0254188105282619412
0.8238238238238000388, 0.0256844537193055313
0.8263263263262999869, 0.0259594923403270970
0.8288288288288000460, 0.0262442050172012678
0.8313313313312999941, 0.0265388851508310403
0.8338338338338000533, 0.0268438416832038479
0.8363363363363000014, 0.0271593999183179502
0.8388388388387999495, 0.0274859024020900310
0.8413413413413000086, 0.0278237098657318285
0.8438438438437999567, 0.0281732022374934291
0.8463463463463000158, 0.0285347797281268120
0.8488488488487999639, 0.0289088639959200894
0.8513513513514000541, 0.0292958993977034364
0.8538538538539000022, 0.0296963543328345667
0.8563563563563999503, 0.0301107226878400309
0.8588588588589000095, 0.0305395253901309290
0.8613613613613999576, 0.0309833120800301273
0.8638638638639000167, 0.0314426629112566358
0.8663663663663999648, 0.0319181904910217223
0.8688688688689000239, 0.0324105419720085094
0.8713713713713999720, 0.0329204013097542589
0.8738738738739000311, 0.0334484917003386867
0.8763763763763999792, 0.0339955782148268562
0.8788788788789000384, 0.0345624706486408959
0.8813813813813999865, 0.0351500266059587493
0.8838838838839000456, 0.0357591548413978000
0.8863863863863999937, 0.0363908188836538984
0.8888888888889000528, 0.0370460409684774949
0.8913913913914000009, 0.0377259063114139051
0.8938938938938999490, 0.0384315677541567507
0.8963963963964000081, 0.0391642508222257574
0.8988988988988999562, 0.0399252592360301445
0.9014014014014000153, 0.0407159809222980007
0.9039039039038999634, 0.0415378945784197484
0.9064064064064000226, 0.0423925768485574964
0.9089089089088999707, 0.0432817101775379784
0.9114114114114000298, 0.0442070914166853082
0.9139139139138999779, 0.0451706412650244096
0.9164164164164000370, 0.0461744146398687105
0.9189189189188999851, 0.0472206120828938536
0.9214214214214000442, 0.0483115923216525106
0.9239239239238999923, 0.0494498861223649014
0.9264264264264000515, 0.0506382115880797817
0.9289289289288999996, 0.0518794910773281367
0.9314314314313999477, 0.0531768699426510630
0.9339339339339000068, 0.0545337373164484565
0.9364364364363999549, 0.0559537492041072212
0.9389389389389000140, 0.0574408541821353341
0.9414414414413999621, 0.0589993220429958914
0.9439439439439000212, 0.0606337757796274190
0.9464464464463999693, 0.0623492273626490429
0.9489489489489000285, 0.0641511178336034993
0.9514514514515000076, 0.0660453623203108575
0.9539539539539999558, 0.0680384006779166522
0.9564564564565000149, 0.0701372545744652354
0.9589589589589999630, 0.0723495919764651774
0.9614614614615000221, 0.0746838001523390527
0.9639639639639999702, 0.0771490685053638631
0.9664664664665000293, 0.0797554827794502708
0.9689689689689999774, 0.0825141324592431891
0.9714714714715000365, 0.0854372335210188405
0.9739739739739999846, 0.0885382690956980356
0.9764764764765000438, 0.0918321510963981680
0.9789789789789999919, 0.0953354064609523155
0.9814814814815000510, 0.0990663923908584598
0.9839839839839999991, 0.1030455458655501477
0.9864864864864999472, 0.1072956738172305136
0.9889889889890000063, 0.1118422917216279622
0.9914914914914999544, 0.1167140200647279191
0.9939939939940000135, 0.1219430502768874824
0.9964964964964999616, 0.1275656944042799223
0.9989989989990000208, 0.1336230361717848925
1.0015015015019999023, 0.1401617053913110089
1.0040040040039999170, 0.1472348031650441702
1.0065065065070000205, 0.1549030124003953901
1.0090090090090000352, 0.1632359373013086423
1.0115115115119999167, 0.1723137274230185922
1.0140140140139999314, 0.1822290575286504843
1.0165165165170000350, 0.1930895551898174634
1.0190190190190000497, 0.2050207956828203337
1.0215215215219999312, 0.2181700208669724861
1.0240240240239999459, 0.2327107891340647883
1.0265265265270000494, 0.2488488325925787836
1.0290290290290000641, 0.2668294932935120212
1.0315315315319999456, 0.2869472441998150436
1.0340340340339999603, 0.3095579902650159587
1.0365365365370000639, 0.3350951170584315908
1.0390390390390000785, 0.3640906499944315811
1.0415415415419999601, 0.3972034709783063278
1.0440440440439999747, 0.4352574143885895031
1.0465465465470000783, 0.4792933989340077416
1.0490490490490000930, 0.5306418258051334158
1.0515515515519999745, 0.5910247628303250123
1.0540540540539999892, 0.6627027699472023414
1.0565565565570000928, 0.7486900935973250792
1.0590590590590001074, 0.8530771223458125663
1.0615615615619999890, 0.9815257232644575280
1.0640640640640000036, 1.1420518348000472386
1.0665665665670001072, 1.3463021647347757082
1.0690690690689998998, 1.6117151887974536795
1.0715715715720000034, 1.9653392131067080051
1.0740740740740000181, 2.4509273462965137647
1.0765765765769998996, 3.1429405609091647378
1.0790790790789999143, 4.1762808237088187013
1.0815815815820000179, 5.8153943938804371072
1.0840840840840000325, 8.6342590078823135968
1.0865865865869999141, 14.0588466668400329240
1.0890890890889999287, 26.3307393744665709789
1.0915915915920000323, 60.8594691542375016979
1.0940940940940000470, 153.0386302965941638377
1.0965965965969999285, 120.3438010247452893964
1.0990990990989999432, 45.9731190449884863369
1.1016016016020000468, 21.3559499874308613698
1.1041041041040000614, 11.9818322849265150865
1.1066066066069999430, 7.6019061759201527195
1.1091091091089999576, 5.2374513259157264855
1.1116116116120000612, 3.8252500405760492264
1.1141141141140000759, 2.9174899578531947597
1.1166166166169999574, 2.3007298537325953092
1.1191191191189999721, 1.8632167301963578065
1.1216216216220000756, 1.5419913393795514622
1.1241241241240000903, 1.2994445872514379658
1.1266266266269999718, 1.1120104256164082823
1.1291291291289999865, 0.9643239420333090672
1.1316316316320000901, 0.8460260725702801743
1.1341341341340001048, 0.7499300524825309733
1.1366366366369999863, 0.6709253498982958863
1.1391391391390000010, 0.6052989265525410278
1.1416416416420001045, 0.5503018087604651942
1.1441441441439998972, 0.5038647314314004255
1.1466466466470000007, 0.4644070699655749590
1.1491491491490000154, 0.4307056933326864345
1.1516516516519998969, 0.4018032156667159516
1.1541541541539999116, 0.3769427039212120412
1.1566566566570000152, 0.3555204936264673155
1.1591591591590000299, 0.3370516175128568936
1.1616616616619999114, 0.3211441622535224916
1.1641641641639999261, 0.3074800408706943600
1.1666666666670000296, 0.2958004415510694374
1.1691691691690000443, 0.2858947324196507433
1.1716716716719999258, 0.2775919556040211122
1.1741741741739999405, 0.2707542889533822716
1.1766766766770000441, 0.2652720261290753001
1.1791791791790000588, 0.2610597489799463267
1.1816816816819999403, 0.2580534557658672457
1.1841841841839999550, 0.2562084754444671209
1.1866866866870000585, 0.2554980491726369096
1.1891891891890000732, 0.2559125005651354812
1.1916916916919999547, 0.2574589499142334037
1.1941941941939999694, 0.2601615574924821539
1.1966966966970000730, 0.2640623097718239887
1.1991991991990000876, 0.2692223922917222900
1.2017017017019999692, 0.2757242265367327860
1.2042042042039999838, 0.2836742885338736087
1.2067067067070000874, 0.2932068777847310348
1.2092092092090001021, 0.3044890718049322320
1.2117117117119999836, 0.3177271912888443017
1.2142142142139999983, 0.3331752243899327448
1.2167167167170001019, 0.3511458315768897220
1.2192192192189998945, 0.3720247988003823059
1.2217217217219999981, 0.3962901628588912928
1.2242242242240000127, 0.4245377560553067475
1.2267267267269998943, 0.4575156984904309998
1.2292292292289999089, 0.4961715533155515723
1.2317317317320000125, 0.5417176976136814925
1.2342342342340000272, 0.5957233638499737083
1.2367367367369999087, 0.6602464939608108097
1.2392392392389999234, 0.7380263046425132867
1.2417417417420000270, 0.8327706494011059002
1.2442442442440000416, 0.9495953666243688307
1.2467467467469999232, 1.0957146678804612350
1.2492492492489999378, 1.2815604231736346108
1.2517517517520000414, 1.5226630926103594810
1.2542542542540000561, 1.8429470268085710316
1.2567567567569999376, 2.2807930994604612707
1.2592592592589999523, 2.9008614458990495955
1.2617617617620000559, 3.8188293630853378247
1.2642642642640000705, 5.2578436235181182923
1.2667667667669999521, 7.6921806842865834142
1.2692692692689999667, 12.2675002524829110939
1.2717717717720000703, 22.2679792165263137349
1.2742742742740000850, 49.2579718085093745117
1.2767767767769999665, 128.5654372494342965183
1.2792792792789999812, 135.5417273923378047584
1.2817817817820000847, 52.3503096024312952750
1.2842842842840000994, 23.3004274956471739699
1.2867867867869999809, 12.6970512028371995683
1.2892892892889999956, 7.9034240767981795983
1.2917917917920000992, 5.3735047351354499057
1.2942942942939998918, 3.8862686694184138680
1.2967967967969999954, 2.9411879702350649524
1.2992992992990000101, 2.3044918776337746102
1.3018018018019998916, 1.8556774444025259108
1.3043043043039999063, 1.5276851919867995289
1.3068068068070000098, 1.2808516380759016329
1.3093093093090000245, 1.0905248789615820115
1.3118118118119999060, 0.9407407798929480203
1.3143143143139999207, 0.8207978337127915802
1.3168168168170000243, 0.7233079541382934075
1.3193193193190000390, 0.6430395351933202441
1.3218218218219999205, 0.5762054283418602818
1.3243243243239999352, 0.5200107193906894354
1.3268268268270000387, 0.4723574702570640937
1.3293293293290000534, 0.4316471878766651726
1.3318318318319999349, 0.3966457857459543823
1.3343343343339999496, 0.3663894758238577243
1.3368368368370000532, 0.3401180560924327301
1.3393393393390000679, 0.3172269028608261099
1.3418418418419999494, 0.2972319729825103618
1.3443443443439999641, 0.2797440171423891675
1.3468468468470000676, 0.2644494312301922667
1.3493493493490000823, 0.2510959822241983774
1.3518518518519999638, 0.2394821913223741938
1.3543543543539999785, 0.2294495353337484556
1.3568568568570000821, 0.2208768982262927505
1.3593593593590000967, 0.2136769084785080097
1.3618618618619999783, 0.2077939629859230641
1.3643643643639999929, 0.2032038871640854394
1.3668668668670000965, 0.1999153343541462124
1.3693693693689998891, 0.1979732090958989943
1.3718718718719999927, 0.1974646397298625566
1.3743743743740000074, 0.1985283738615748472
1.3768768768770001110, 0.2013690037383430442
1.3793793793789999036, 0.2062782825489951344
1.3818818818820000072, 0.2136672091838286436
1.3843843843840000218, 0.2241149881644211028
1.3868868868869999034, 0.2384452811058466459
1.3893893893889999180, 0.2578480972044026598
1.3918918918920000216, 0.2840808731620463323
1.3943943943940000363, 0.3198128132042505345
1.3968968968969999178, 0.3692411742308486788
1.3993993993989999325, 0.4392537118225788295
1.4019019019020000361, 0.5417641256126410898
1.4044044044040000507, 0.6987798501607174195
1.4069069069069999323, 0.9545040447099285563
1.4094094094089999469, 1.4079654490219684071
1.4119119119120000505, 2.3158140877384898459
1.4144144144140000652, 4.4839850738492561533
1.4169169169169999467, 10.9124345909194033766
1.4194194194189999614, 23.5834821011971129678
1.4219219219220000650, 12.9813906510354257762
1.4244244244240000796, 5.1397684315829961221
1.4269269269269999612, 2.5524614611923985841
1.4294294294289999758, 1.5065351047974373522
1.4319319319320000794, 0.9955413884920956136
1.4344344344340000941, 0.7106527665497485158
1.4369369369369999756, 0.5362402548175693173
1.4394394394389999903, 0.4218288517774304580
1.4419419419420000938, 0.3427026119614600130
1.4444444444440001085, 0.2856472641758626141
1.4469469469469999900, 0.2430929656319831544
1.4494494494490000047, 0.2104557030282618590
1.4519519519520001083, 0.1848300868231729510
1.4544544544539999009, 0.1643031707774657568
1.4569569569570000045, 0.1475741164123672289
1.4594594594590000192, 0.1337334644175300902
1.4619619619619999007, 0.1221298954261132719
1.4644644644639999154, 0.1122870178996019652
1.4669669669670000189, 0.1038498308336476550
1.4694694694690000336, 0.0965493640560717847
1.4719719719719999151, 0.0901787743571697414
1.4744744744739999298, 0.0845768462534552123
1.4769769769770000334, 0.0796163885541461003
1.4794794794790000481, 0.0751959347345733942
1.4819819819819999296, 0.0712337144332517158
1.4844844844839999443, 0.0676632126925755528
1.4869869869870000478, 0.0644298564102398497
1.4894894894890000625, 0.0614885124330947913
1.4919919919919999440, 0.0588015777232819906
1.4944944944939999587, 0.0563375066498562269
1.4969969969970000623, 0.0540696646258059521
1.4994994994990000770, 0.0519754279223997584
1.5020020020019999585, 0.0500354709882353463
1.5045045045050000621, 0.0482331978784821813
1.5070070070070000767, 0.0465542853825385988
1.5095095095099999583, 0.0449863134174333934
1.5120120120119999729, 0.0435184641091049124
1.5145145145150000765, 0.0421412753200706633
1.5170170170170000912, 0.0408464376221144149
1.5195195195199999727, 0.0396266261537462083
1.5220220220219999874, 0.0384753606558650776
1.5245245245250000909, 0.0373868883970698007
1.5270270270270001056, 0.0363560857924974043
1.5295295295299999871, 0.0353783753672948370
1.5320320320320000018, 0.0344496553770526903
1.5345345345350001054, 0.0335662399167408129
1.5370370370369998980, 0.0327248077596971471
1.5395395395400000016, 0.0319223584938096161
1.5420420420420000163, 0.0311561747819266814
1.5445445445449998978, 0.0304237897820222800
1.5470470470469999125, 0.0297229589307207512
1.5495495495500000160, 0.0290516354298845300
1.5520520520520000307, 0.0284079488866761376
1.5545545545549999122, 0.0277901866479359771
1.5570570570569999269, 0.0271967774438762536
1.5595595595600000305, 0.0266262770171642182
1.5620620620620000452, 0.0260773554639299326
1.5645645645649999267, 0.0255487860550971876
1.5670670670669999414, 0.0250394353412823067
1.5695695695700000449, 0.0245482543736000487
1.5720720720720000596, 0.0240742708971058671
1.5745745745749999411, 0.0236165823940919159
1.5770770770769999558, 0.0231743498717342684
1.5795795795800000594, 0.0227467923031993459
1.5820820820820000741, 0.0223331816437004269
1.5845845845849999556, 0.0219328383535339899
1.5870870870869999703, 0.0215451273691001990
1.5895895895900000738, 0.0211694544705893460
1.5920920920920000885, 0.0208052630015932993
1.5945945945949999700, 0.0204520309015469859
1.5970970970969999847, 0.0201092680167727841
1.5995995996000000883, 0.0197765136600945649
1.6021021021020001029, 0.0194533343926191794
1.6046046046049999845, 0.0191393220044306644
1.6071071071069999991, 0.0188340916736719696
1.6096096096100001027, 0.0185372802858711425
1.6121121121119998953, 0.0182485448974401554
1.6146146146149999989, 0.0179675613290879513
1.6171171171170000136, 0.0176940228764756215
1.6196196196199998951, 0.0174276391268328341
1.6221221221219999098, 0.0171681348714769651
1.6246246246250000134, 0.0169152491052524598
1.6271271271270000280, 0.0166687341048561699
1.6296296296299999096, 0.0164283545788522917
1.6321321321319999242, 0.0161938868829210707
1.6346346346350000278, 0.0159651182945421619
1.6371371371370000425, 0.0157418463418955851
1.6396396396399999240, 0.0155238781822808689
1.6421421421419999387, 0.0153110300258156012
1.6446446446450000423, 0.0151031266005848402
1.6471471471470000569, 0.0149000006557795141
1.6496496496499999385, 0.0147014924996888043
1.6521521521519999531, 0.0145074495697051740
1.6546546546550000567, 0.0143177260317625642
1.6571571571570000714, 0.0141321824068644068
1.6596596596599999529, 0.0139506852225693249
1.6621621621619999676, 0.0137731066874930627
1.6646646646650000712, 0.0135993243870564350
1.6671671671670000858, 0.0134292209988637612
1.6696696696699999674, 0.0132626840262357604
1.6721721721719999820, 0.0130996055485470171
1.6746746746750000856, 0.0129398819871321645
1.6771771771770001003, 0.0127834138856284148
1.6796796796799999818, 0.0126301057037155936
1.6821821821819999965, 0.0124798656233000068
1.6846846846850001000, 0.0123326053662657538
1.6871871871869998927, 0.0121882400229871967
1.6896896896899999962, 0.0120466878908606547
1.6921921921920000109, 0.0119078703221712733
1.6946946946949998924, 0.0117717115806645241
1.6971971971969999071, 0.0116381387062402773
1.6996996997000000107, 0.0115070813872316345
1.7022022022020000254, 0.0113784718397715624
1.7047047047049999069, 0.0112522446937872930
1.7072072072069999216, 0.0111283368851966720
1.7097097097100000251, 0.0110066875539117717
1.7122122122120000398, 0.0108872379472838947
1.7147147147149999213, 0.0107699313286501747
1.7172172172169999360, 0.0106547128906665321
1.7197197197200000396, 0.0105415296731337059
1.7222222222220000543, 0.0104303304850438122
1.7247247247249999358, 0.0103210658305936901
1.7272272272269999505, 0.0102136878389286964
1.7297297297300000540, 0.0101081501973968573
1.7322322322320000687, 0.0100044080881079474
1.7347347347349999502, 0.0099024181276059272
1.7372372372369999649, 0.0098021383094758739
1.7397397397400000685, 0.0097035279497182068
1.7422422422420000832, 0.0096065476347340691
1.7447447447449999647, 0.0095111591717755677
1.7472472472469999794, 0.0094173255417242408
1.7497497497500000829, 0.0093250108540695147
1.7522522522520000976, 0.0092341803039672522
1.7547547547549999791, 0.0091448001312656908
1.7572572572569999938, 0.0090568375813934003
1.7597597597600000974, 0.0089702608680100222
1.7622622622619998900, 0.0088850391373268070
1.7647647647649999936, 0.0088011424340095797
1.7672672672670000082, 0.0087185416685818511
1.7697697697699998898, 0.0086372085862508868
1.7722722722719999044, 0.0085571157370839500
1.7747747747750000080, 0.0084782364474662551
1.7772772772770000227, 0.0084005447927761479
1.7797797797799999042, 0.0083240155712167654
1.7822822822819999189, 0.0082486242787467891
1.7847847847850000225, 0.0081743470850563858
1.7872872872870000371, 0.0081011608105371682
1.7897897897899999187, 0.0080290429041981679
1.7922922922919999333, 0.0079579714224823003
1.7947947947950000369, 0.0078879250089402587
1.7972972972970000516, 0.0078188828747214091
1.7997997997999999331, 0.0077508247798430286
1.8023023023019999478, 0.0076837310152017783
1.8048048048050000514, 0.0076175823852928162
1.8073073073070000660, 0.0075523601916041043
1.8098098098099999476, 0.0074880462166549682
1.8123123123119999622, 0.0074246227086497297
1.8148148148150000658, 0.0073620723667186553
1.8173173173170000805, 0.0073003783267199529
1.8198198198199999620, 0.0072395241475778516
1.8223223223219999767, 0.0071794937981331346
1.8248248248250000803, 0.0071202716444836011
1.8273273273270000949, 0.0070618424377931737
1.8298298298299999765, 0.0070041913025493154
1.8323323323319999911, 0.0069473037252495221
1.8348348348350000947, 0.0068911655434985616
1.8373373373370001094, 0.0068357629354990120
1.8398398398399999909, 0.0067810824099185461
1.8423423423420000056, 0.0067271107961181641
1.8448448448450001091, 0.0066738352347263594
1.8473473473469999018, 0.0066212431685449182
1.8498498498500000053, 0.0065693223337727116
1.8523523523520000200, 0.0065180607515344926
1.8548548548549999015, 0.0064674467197023446
1.8573573573569999162, 0.0064174688049979441
1.8598598598600000198, 0.0063681158353643928
1.8623623623620000345, 0.0063193768925968903
1.8648648648649999160, 0.0062712413052219730
1.8673673673669999307, 0.0062236986416155486
1.8698698698700000342, 0.0061767387033503703
1.8723723723720000489, 0.0061303515187640361
1.8748748748749999304, 0.0060845273367389780
1.8773773773769999451, 0.0060392566206862765
1.8798798798800000487, 0.0059945300427255398
1.8823823823820000634, 0.0059503384780533568
1.8848848848849999449, 0.0059066729994932347
1.8873873873869999596, 0.0058635248722201695
1.8898898898900000631, 0.0058208855486533480
1.8923923923920000778, 0.0057787466635107164
1.8948948948949999593, 0.0057371000290194442
1.8973973973969999740, 0.0056959376302765635
1.8998998999000000776, 0.0056552516207542666
1.9024024024020000923, 0.0056150343179446425
1.9049049049049999738, 0.0055752781991387796
1.9074074074069999885, 0.0055359758973354233
1.9099099099100000920, 0.0054971201972745512
1.9124124124120001067, 0.0054587040315914204
1.9149149149149999882, 0.0054207204770868253
1.9174174174170000029, 0.0053831627511094745
1.9199199199200001065, 0.0053460242080465743
1.9224224224219998991, 0.0053092983359188314
1.9249249249250000027, 0.0052729787530762639
1.9274274274270000173, 0.0052370592049913595
1.9299299299299998989, 0.0052015335611462201
1.9324324324319999135, 0.0051663958120105047
1.9349349349350000171, 0.0051316400661070780
1.9374374374370000318, 0.0050972605471624050
1.9399399399399999133, 0.0050632515913388507
1.9424424424419999280, 0.0050296076445461311
1.9449449449450000316, 0.0049963232598292922
1.9474474474470000462, 0.0049633930948306919
1.9499499499499999278, 0.0049308119093235221
1.9524524524519999424, 0.0048985745628145495
1.9549549549550000460, 0.0048666760122137937
1.9574574574570000607, 0.0048351113095690054
1.9599599599599999422, 0.0048038755998627966
1.9624624624619999569, 0.0047729641188704597
1.9649649649650000605, 0.0047423721910764983
1.9674674674670000751, 0.0047120952276480232
1.9699699699699999567, 0.0046821287244631785
1.9724724724719999713, 0.0046524682601929036
1.9749749749750000749, 0.0046231094944343106
1.9774774774770000896, 0.0045940481658941022
1.9799799799799999711, 0.0045652800906204362
1.9824824824819999858, 0.0045368011602817679
1.9849849849850000894, 0.0045086073404911947
1.9874874874870001040, 0.0044806946691749259
1.9899899899899999856, 0.0044530592549835131
1.9924924924920000002, 0.0044256972757445428
1.9949949949950001038, 0.0043986049769555464
1.9974974974969998964, 0.0043717786703159007
2.0000000000000000000, 0.0043452147322965472
