# Delta1: 0.46
# Delta2: 1.17
# Delta3: 1.34
# Dq: 0.08800000000000002
# Ds: -0.09000000000000001
# Dt: -0.01999999999999998
# k1_lab: [1, 0, 0]
# k2_lab: [-0.8660254037844387, 0.49999999999999994, 0.0]
# k1_cf: [-0.696364240320019, -0.696364240320019, -0.1736481776669303]
# k2_cf: [0.541675220419702, 0.541675220419702, 0.6427876096865393]
# pol1_lab: [(0, 1, 0), (0, 0, 1)]
# pol2_lab: "[array([-0.5      , -0.8660254,  0.       ]), array([0., 0., 1.])]"
# pol1_cf: "[array([-0.1227878 , -0.1227878 ,  0.98480775]), array([-0.70710678,  0.70710678,  0.        ])]"
# pol2_cf: "[array([ 0.45451948,  0.45451948, -0.76604444]), array([-0.70710678,  0.70710678,  0.        ])]"
# cf: "[array([-0.69636424, -0.1227878 , -0.70710678]), array([-0.69636424, -0.1227878 ,  0.70710678]), array([-0.17364818,  0.98480775,  0.        ])]"
# th: 100
-0.5000000000000000000, 0.0071923206677170625
-0.4974974974974999964, 0.0072565954834714246
-0.4949949949949999928, 0.0073218016045043946
-0.4924924924924999892, 0.0073879576361960426
-0.4899899899899999856, 0.0074550826561668657
-0.4874874874874999819, 0.0075231962288024173
-0.4849849849849999783, 0.0075923184203029051
-0.4824824824824999747, 0.0076624698142795135
-0.4799799799800000266, 0.0077336715279203603
-0.4774774774775000230, 0.0078059452287499997
-0.4749749749750000194, 0.0078793131520074732
-0.4724724724725000158, 0.0079537981186692322
-0.4699699699700000122, 0.0080294235541444187
-0.4674674674675000086, 0.0081062135076713400
-0.4649649649650000049, 0.0081841926724454013
-0.4624624624625000013, 0.0082633864065102189
-0.4599599599599999977, 0.0083438207544451696
-0.4574574574574999941, 0.0084255224698843011
-0.4549549549549999905, 0.0085085190389033276
-0.4524524524524999869, 0.0085928387043130404
-0.4499499499499000077, 0.0086785104908997084
-0.4474474474474000041, 0.0087655642316548099
-0.4449449449449000005, 0.0088540305950387498
-0.4424424424423999969, 0.0089439411133254623
-0.4399399399398999932, 0.0090353282120770838
-0.4374374374373999896, 0.0091282252408006800
-0.4349349349348999860, 0.0092226665048414057
-0.4324324324323999824, 0.0093186872985695744
-0.4299299299298999788, 0.0094163239399219188
-0.4274274274273999752, 0.0095156138063607308
-0.4249249249249000271, 0.0096165953723176788
-0.4224224224224000235, 0.0097193082481929968
-0.4199199199199000199, 0.0098237932209842317
-0.4174174174174000163, 0.0099300922966229395
-0.4149149149149000126, 0.0100382487441019238
-0.4124124124124000090, 0.0101483071414801979
-0.4099099099099000054, 0.0102603134238574960
-0.4074074074074000018, 0.0103743149334154117
-0.4049049049048999982, 0.0104903604716276300
-0.4024024024023999946, 0.0106085003537473525
-0.3998998998998999910, 0.0107287864656862610
-0.3973973973973999874, 0.0108512723234058372
-0.3948948948948999838, 0.0109760131349486093
-0.3923923923923999801, 0.0111030658652445605
-0.3898898898898999765, 0.0112324893038353579
-0.3873873873873999729, 0.0113643441356677567
-0.3848848848849000248, 0.0114986930151162112
-0.3823823823824000212, 0.0116356006434041558
-0.3798798798799000176, 0.0117751338496036619
-0.3773773773774000140, 0.0119173616754037620
-0.3748748748749000104, 0.0120623554638493013
-0.3723723723724000068, 0.0122101889522643857
-0.3698698698699000031, 0.0123609383695875673
-0.3673673673673999995, 0.0125146825383598906
-0.3648648648648999959, 0.0126715029816218874
-0.3623623623623999923, 0.0128314840349914375
-0.3598598598598999887, 0.0129947129642117246
-0.3573573573573999851, 0.0131612800884765221
-0.3548548548548999815, 0.0133312789098598353
-0.3523523523523999779, 0.0135048062491977643
-0.3498498498497999987, 0.0136819623887930175
-0.3473473473472999951, 0.0138628512223364624
-0.3448448448447999914, 0.0140475804124661260
-0.3423423423422999878, 0.0142362615564116217
-0.3398398398397999842, 0.0144290103602019385
-0.3373373373372999806, 0.0146259468219464492
-0.3348348348347999770, 0.0148271954247333419
-0.3323323323322999734, 0.0150328853397269212
-0.3298298298298000253, 0.0152431506400848120
-0.3273273273273000217, 0.0154581305263590055
-0.3248248248248000181, 0.0156779695640913222
-0.3223223223223000145, 0.0159028179343627847
-0.3198198198198000108, 0.0161328316981111247
-0.3173173173173000072, 0.0163681730750879287
-0.3148148148148000036, 0.0166090107383896311
-0.3123123123123000000, 0.0168555201255646235
-0.3098098098097999964, 0.0171078837673710703
-0.3073073073072999928, 0.0173662916353398734
-0.3048048048047999892, 0.0176309415093825680
-0.3023023023022999856, 0.0179020393667761561
-0.2997997997997999819, 0.0181797997939584198
-0.2972972972972999783, 0.0184644464226750779
-0.2947947947947999747, 0.0187562123921392286
-0.2922922922923000266, 0.0190553408389918105
-0.2897897897898000230, 0.0193620854169907104
-0.2872872872873000194, 0.0196767108485091380
-0.2847847847848000158, 0.0199994935100878783
-0.2822822822823000122, 0.0203307220544664061
-0.2797797797798000086, 0.0206706980717142330
-0.2772772772773000050, 0.0210197367922965866
-0.2747747747748000013, 0.0213781678351431491
-0.2722722722722999977, 0.0217463360040424589
-0.2697697697697999941, 0.0221246021359633484
-0.2672672672672999905, 0.0225133440052104582
-0.2647647647647999869, 0.0229129572876531490
-0.2622622622622999833, 0.0233238565896342308
-0.2597597597597999797, 0.0237464765465652955
-0.2572572572572999761, 0.0241812729966557408
-0.2547547547547999724, 0.0246287242357070349
-0.2522522522523000243, 0.0250893323594346823
-0.2497497497496999896, 0.0255636247003668271
-0.2472472472472000138, 0.0260521553670129170
-0.2447447447447000102, 0.0265555068937074618
-0.2422422422422000066, 0.0270742920103187942
-0.2397397397397000030, 0.0276091555418808282
-0.2372372372371999993, 0.0281607764491640378
-0.2347347347346999957, 0.0287298700222659853
-0.2322322322321999921, 0.0293171902404770861
-0.2297297297296999885, 0.0299235323129845819
-0.2272272272272000126, 0.0305497354164280359
-0.2247247247247000090, 0.0311966856469329083
-0.2222222222222000054, 0.0318653192060439558
-0.2197197197197000018, 0.0325566258419820592
-0.2172172172171999982, 0.0332716525698804680
-0.2147147147146999946, 0.0340115076971513608
-0.2122122122121999910, 0.0347773651829239028
-0.2097097097096999874, 0.0355704693636198985
-0.2072072072072000115, 0.0363921400802378892
-0.2047047047047000079, 0.0372437782468517734
-0.2022022022022000043, 0.0381268719042551635
-0.1996996996997000007, 0.0390430028076653723
-0.1971971971971999971, 0.0399938536030195538
-0.1946946946946999935, 0.0409812156527407101
-0.1921921921921999898, 0.0420069975790268169
-0.1896896896896999862, 0.0430732346008448064
-0.1871871871872000104, 0.0441820987500325252
-0.1846846846847000068, 0.0453359100623898434
-0.1821821821822000032, 0.0465371488515667342
-0.1796796796796999995, 0.0477884691871538134
-0.1771771771771999959, 0.0490927137139111278
-0.1746746746746999923, 0.0504529299668402056
-0.1721721721721999887, 0.0518723883571732894
-0.1696696696697000128, 0.0533546020277453764
-0.1671671671672000092, 0.0549033488031325373
-0.1646646646647000056, 0.0565226954909744603
-0.1621621621622000020, 0.0582170248267559615
-0.1596596596596999984, 0.0599910653958378726
-0.1571571571571999948, 0.0618499249146981650
-0.1546546546546999912, 0.0637991273093684169
-0.1521521521521999876, 0.0658446540943464775
-0.1496496496496000084, 0.0679929906315707433
-0.1471471471471000048, 0.0702511779384099172
-0.1446446446446000011, 0.0726268708185676404
-0.1421421421420999975, 0.0751284032133706370
-0.1396396396395999939, 0.0777648618167780109
-0.1371371371370999903, 0.0805461691701611360
-0.1346346346345999867, 0.0834831776579564311
-0.1321321321321000108, 0.0865877760695008408
-0.1296296296296000072, 0.0898730106840963661
-0.1271271271271000036, 0.0933532231859821038
-0.1246246246246000000, 0.0970442081363342840
-0.1221221221220999964, 0.1009633932367384052
-0.1196196196196000067, 0.1051300462329648466
-0.1171171171171000031, 0.1095655130547072281
-0.1146146146145999994, 0.1142934926982981936
-0.1121121121120999958, 0.1193403554760640028
-0.1096096096096000061, 0.1247355126299536099
-0.1071071071071000025, 0.1305118470051088442
-0.1046046046045999989, 0.1367062165872479362
-0.1021021021020999953, 0.1433600453377366357
-0.0995995995996000055, 0.1505200190576784780
-0.0970970970971000019, 0.1582389081683852339
-0.0945945945945900063, 0.1665765445625742858
-0.0920920920920900027, 0.1756009863941588589
-0.0895895895895899991, 0.1853899132836948349
-0.0870870870870899955, 0.1960323055271647741
-0.0845845845845799998, 0.2076304753308936546
-0.0820820820820799962, 0.2203025369824840873
-0.0795795795795800065, 0.2341854277645613602
-0.0770770770770800029, 0.2494386244964129362
-0.0745745745745699934, 0.2662487449047308274
-0.0720720720720700037, 0.2848352829235893946
-0.0695695695695700000, 0.3054578087490831262
-0.0670670670670699964, 0.3284250770994981417
-0.0645645645645600008, 0.3541066440054249642
-0.0620620620620599972, 0.3829478134663009126
-0.0595595595595600005, 0.4154890505124518296
-0.0570570570570599969, 0.4523914526878384246
-0.0545545545545500013, 0.4944705395179348484
-0.0520520520520499977, 0.5427416129548452428
-0.0495495495495500010, 0.5984814448644932838
-0.0470470470470499974, 0.6633133631119131346
-0.0445445445445400018, 0.7393264456201795731
-0.0420420420420399982, 0.8292453715092368283
-0.0395395395395400015, 0.9366770777648156798
-0.0370370370370399979, 1.0664765686539872114
-0.0345345345345300023, 1.2253023696385971775
-0.0320320320320299987, 1.4224826404195365370
-0.0295295295295299985, 1.6714070559837075347
-0.0270270270270299984, 1.9918422841606684415
-0.0245245245245199993, 2.4139411045390781752
-0.0220220220220199991, 2.9855166270450657073
-0.0195195195195199990, 3.7859941006087161064
-0.0170170170170199989, 4.9550197462517724389
-0.0145145145145099998, 6.7561311867343682991
-0.0120120120120099996, 9.7337305667392790554
-0.0095095095095099995, 15.1539720836970577267
-0.0070070070070070000, 26.4677370437839840633
-0.0045045045045049997, 55.1920953621305159231
-0.0020020020020019998, 142.7923593038285616785
0.0005005005005005000, 225.3289667252593346802
0.0030030030030029999, 95.9381670768780168146
0.0055055055055059999, 40.0670007994291310638
0.0080080080080079993, 20.8162849588935827683
0.0105105105105099995, 12.5530780885145496484
0.0130130130130099997, 8.3459574293079406004
0.0155155155155200005, 5.9346998803345245577
0.0180180180180199989, 4.4307264066420790627
0.0205205205205199991, 3.4317869665871350016
0.0230230230230199992, 2.7354166741418897146
0.0255255255255299983, 2.2310304800391254076
0.0280280280280299984, 1.8541944787931572414
0.0305305305305299986, 1.5653497136156346858
0.0330330330330299987, 1.3391384637832008941
0.0355355355355400013, 1.1587074361622473617
0.0380380380380399979, 1.0125057202852811855
0.0405405405405400016, 0.8924042401351163223
0.0430430430430399982, 0.7925489071317871614
0.0455455455455500008, 0.7086379729049834264
0.0480480480480499975, 0.6374534480230416023
0.0505505505505500011, 0.5765494802818940112
0.0530530530530499977, 0.5240404006157439731
0.0555555555555600003, 0.4784536257996845898
0.0580580580580599970, 0.4386257031993330280
0.0605605605605600006, 0.4036276279518907772
0.0630630630630600042, 0.3727103823567133323
0.0655655655655699998, 0.3452646761741365866
0.0680680680680700034, 0.3207908100820352493
0.0705705705705699932, 0.2988758555267306272
0.0730730730730699968, 0.2791761899603151797
0.0755755755755800063, 0.2614039983417394963
0.0780780780780799960, 0.2453167442467681925
0.0805805805805799996, 0.2307088869925510988
0.0830830830830800032, 0.2174053136038881506
0.0855855855855899988, 0.2052560916655368772
0.0880880880880900025, 0.1941322480479845403
0.0905905905905900061, 0.1839223505842199069
0.0930930930930899958, 0.1745297228146766022
0.0955955955956000053, 0.1658701613003027153
0.0980980980980999950, 0.1578700544995874921
0.1006006006005999986, 0.1504648244771011334
0.1031031031031000023, 0.1435976296579608569
0.1056056056056000059, 0.1372182798320310260
0.1081081081080999956, 0.1312823246367501306
0.1106106106105999992, 0.1257502845356330279
0.1131131131131000028, 0.1205869993976779603
0.1156156156156000064, 0.1157610745704914096
0.1181181181180999962, 0.1112444081261121653
0.1206206206205999998, 0.1070117859689161399
0.1231231231231000034, 0.1030405339009289323
0.1256256256256000070, 0.0993102176722163860
0.1281281281281000106, 0.0958023836033211063
0.1306306306305999865, 0.0925003336306744472
0.1331331331330999901, 0.0893889296549162798
0.1356356356355999937, 0.0864544229132651193
0.1381381381380999973, 0.0836843047875154705
0.1406406406406000009, 0.0810671760280986947
0.1431431431431000045, 0.0785926318450721473
0.1456456456456000081, 0.0762511607073074610
0.1481481481481000118, 0.0740340550162617572
0.1506506506506999910, 0.0719333320923466191
0.1531531531531999946, 0.0699416641395813193
0.1556556556556999982, 0.0680523160456321941
0.1581581581582000018, 0.0662590900357514917
0.1606606606607000054, 0.0645562763356313518
0.1631631631632000090, 0.0629386091139494952
0.1656656656657000126, 0.0614012270738191965
0.1681681681681999885, 0.0599396381462776670
0.1706706706706999921, 0.0585496878106830099
0.1731731731731999957, 0.0572275306283527990
0.1756756756756999993, 0.0559696046285776544
0.1781781781782000029, 0.0547726082315949589
0.1806806806807000065, 0.0536334794323395023
0.1831831831832000101, 0.0525493770027155166
0.1856856856857000138, 0.0515176634995472213
0.1881881881881999896, 0.0505358898909216286
0.1906906906906999932, 0.0496017816358849742
0.1931931931931999968, 0.0487132260718737900
0.1956956956957000004, 0.0478682609812436377
0.1981981981982000041, 0.0470650642231445690
0.2007007007007000077, 0.0463019443300740213
0.2032032032032000113, 0.0455773319799566423
0.2057057057056999871, 0.0448897722647742942
0.2082082082081999908, 0.0442379176857762915
0.2107107107106999944, 0.0436205218132960579
0.2132132132131999980, 0.0430364335563269140
0.2157157157157000016, 0.0424845919933753979
0.2182182182182000052, 0.0419640217218264083
0.2207207207207000088, 0.0414738286882046711
0.2232232232232000124, 0.0410131964663818377
0.2257257257256999883, 0.0405813829550281668
0.2282282282281999919, 0.0401777174695024594
0.2307307307306999955, 0.0398015982069707674
0.2332332332331999991, 0.0394524900668933934
0.2357357357357000027, 0.0391299228121641390
0.2382382382382000063, 0.0388334895591742821
0.2407407407407000099, 0.0385628455879381757
0.2432432432432000136, 0.0383177074662038181
0.2457457457456999894, 0.0380978524842125119
0.2482482482481999930, 0.0379031183995044429
0.2507507507508000000, 0.0377334034939318663
0.2532532532533000036, 0.0375886669478717045
0.2557557557558000072, 0.0374689295395702754
0.2582582582583000108, 0.0373742746806437209
0.2607607607608000144, 0.0373048498020463817
0.2632632632633000180, 0.0372608681083570481
0.2657657657658000216, 0.0372426107220758668
0.2682682682683000253, 0.0372504292438373269
0.2707707707707999734, 0.0372847487590992829
0.2732732732732999770, 0.0373460713270473491
0.2757757757757999806, 0.0374349799932547633
0.2782782782782999842, 0.0375521433741702187
0.2807807807807999878, 0.0376983208688987936
0.2832832832832999914, 0.0378743685621472786
0.2857857857857999950, 0.0380812458918002514
0.2882882882882999986, 0.0383200231655877882
0.2907907907908000023, 0.0385918900239487425
0.2932932932933000059, 0.0388981649607765823
0.2957957957958000095, 0.0392403060306126816
0.2982982982983000131, 0.0396199228904405010
0.3008008008008000167, 0.0400387903470362239
0.3033033033033000203, 0.0404988636074550823
0.3058058058058000239, 0.0410022954613993573
0.3083083083083000275, 0.0415514556608130997
0.3108108108107999756, 0.0421489528051454260
0.3133133133132999792, 0.0427976590916224128
0.3158158158157999829, 0.0435007383501642558
0.3183183183182999865, 0.0442616778542247458
0.3208208208207999901, 0.0450843244842264318
0.3233233233232999937, 0.0459729259223788655
0.3258258258257999973, 0.0469321776801813750
0.3283283283283000009, 0.0479672769074134947
0.3308308308308000045, 0.0490839841096189361
0.3333333333333000081, 0.0502886941171999113
0.3358358358358000118, 0.0515885179123003190
0.3383383383383000154, 0.0529913772411635398
0.3408408408408000190, 0.0545061143342048665
0.3433433433433000226, 0.0561426195423143162
0.3458458458458000262, 0.0579119802999395819
0.3483483483482999743, 0.0598266555743071082
0.3508508508509000090, 0.0619006808960897853
0.3533533533534000126, 0.0641499102426680845
0.3558558558559000162, 0.0665923025302414401
0.3583583583584000198, 0.0692482623573347361
0.3608608608609000235, 0.0721410470521515745
0.3633633633634000271, 0.0752972551741880880
0.3658658658658999752, 0.0787474156288936050
0.3683683683683999788, 0.0825267017760211580
0.3708708708708999824, 0.0866758017642614426
0.3733733733733999860, 0.0912419853842625639
0.3758758758758999896, 0.0962804198072862022
0.3783783783783999932, 0.1018558028091757633
0.3808808808808999968, 0.1080444040986410642
0.3833833833834000004, 0.1149366355270918932
0.3858858858859000041, 0.1226403126882891631
0.3883883883884000077, 0.1312848287965557303
0.3908908908909000113, 0.1410265443670947194
0.3933933933934000149, 0.1520558146664569010
0.3958958958959000185, 0.1646062489830578124
0.3983983983984000221, 0.1789670494456571392
0.4009009009009000257, 0.1954996570227681141
0.4034034034033999738, 0.2146605110902753966
0.4059059059058999774, 0.2370326272125525269
0.4084084084083999810, 0.2633701206005964468
0.4109109109108999847, 0.2946621073539761326
0.4134134134133999883, 0.3322262417526286038
0.4159159159158999919, 0.3778486760094031949
0.4184184184183999955, 0.4339987116993862526
0.4209209209208999991, 0.5041673123901391218
0.4234234234234000027, 0.5934181869073938964
0.4259259259259000063, 0.7093183215774485628
0.4284284284284000099, 0.8635773988479420460
0.4309309309309000136, 1.0750840695959631432
0.4334334334334000172, 1.3758744051843541101
0.4359359359359000208, 1.8237425404987130939
0.4384384384384000244, 2.5313695406362501927
0.4409409409408999725, 3.7416013457508725537
0.4434434434433999761, 6.0520609313416580122
0.4459459459458999797, 11.2184430177979272969
0.4484484484483999833, 25.5587549641583073878
0.4509509509510000180, 65.4212083933038996975
0.4534534534535000216, 56.6158268487567397642
0.4559559559560000253, 21.6199951444029210279
0.4584584584584999734, 9.9003796490801452279
0.4609609609609999770, 5.4998168093265320522
0.4634634634634999806, 3.4654121971288134318
0.4659659659659999842, 2.3750344991875742551
0.4684684684684999878, 1.7269991590753577260
0.4709709709709999914, 1.3118602165447748042
0.4734734734734999950, 1.0304476498444765653
0.4759759759759999986, 0.8311015136555441885
0.4784784784785000022, 0.6848338487966437738
0.4809809809810000059, 0.5743839576536621250
0.4834834834835000095, 0.4889643285127628358
0.4859859859860000131, 0.4215564990734487760
0.4884884884885000167, 0.3674367435687749817
0.4909909909910000203, 0.3233323613008139974
0.4934934934935000239, 0.2869184867959019281
0.4959959959960000275, 0.2565071093347813247
0.4984984984984999756, 0.2308488272345413095
0.5010010010009999792, 0.2090029769313044850
0.5035035035035000384, 0.1902504754651787311
0.5060060060059999865, 0.1740340551530522029
0.5085085085085000456, 0.1599164818673632638
0.5110110110109999937, 0.1475508317171486117
0.5135135135135000528, 0.1366590088923559931
0.5160160160160000009, 0.1270159943215540821
0.5185185185184999490, 0.1184381430292281018
0.5210210210210000081, 0.1107743835877713912
0.5235235235234999562, 0.1038995257067195643
0.5260260260260000154, 0.0977091181749677462
0.5285285285284999635, 0.0921154600165535742
0.5310310310310000226, 0.0870444785724683867
0.5335335335334999707, 0.0824332657402525593
0.5360360360360000298, 0.0782281184893152126
0.5385385385384999779, 0.0743829690832855939
0.5410410410410000370, 0.0708581189060069339
0.5435435435434999851, 0.0676192106082831451
0.5460460460460000442, 0.0646363886669872323
0.5485485485484999924, 0.0618836099032047185
0.5510510510510999715, 0.0593380741132059908
0.5535535535536000307, 0.0569797514850337652
0.5560560560560999788, 0.0547909884482240608
0.5585585585586000379, 0.0527561774276907383
0.5610610610610999860, 0.0508614789314284776
0.5635635635636000451, 0.0490945867058359825
0.5660660660660999932, 0.0474445284979069376
0.5685685685686000523, 0.0459014963864721251
0.5710710710711000004, 0.0444567017723843591
0.5735735735735999485, 0.0431022510160128658
0.5760760760761000077, 0.0418310384298852950
0.5785785785785999558, 0.0406366539132387641
0.5810810810811000149, 0.0395133029832355487
0.5835835835835999630, 0.0384557373376017420
0.5860860860861000221, 0.0374591943933189758
0.5885885885885999702, 0.0365193444997163955
0.5910910910911000293, 0.0356322447328675934
0.5935935935935999774, 0.0347942983502790640
0.5960960960961000366, 0.0340022191273607471
0.5985985985985999847, 0.0332529999155914552
0.6011011011011000438, 0.0325438848610342252
0.6036036036035999919, 0.0318723448044582400
0.6061061061061000510, 0.0312360554536382680
0.6086086086085999991, 0.0306328779767455830
0.6111111111110999472, 0.0300608417149947210
0.6136136136136000063, 0.0295181287544032354
0.6161161161160999544, 0.0290030601319138936
0.6186186186186000135, 0.0285140834812514232
0.6211211211210999616, 0.0280497619495892539
0.6236236236236000208, 0.0276087642380897502
0.6261261261260999689, 0.0271898556382347278
0.6286286286286000280, 0.0267918899520677677
0.6311311311310999761, 0.0264138021984290233
0.6336336336336000352, 0.0260546020193141020
0.6361361361360999833, 0.0257133677109153587
0.6386386386386000424, 0.0253892408129429634
0.6411411411410999905, 0.0250814211976757191
0.6436436436436000497, 0.0247891626070268975
0.6461461461460999978, 0.0245117685918708680
0.6486486486485999459, 0.0242485888130845179
0.6511511511512000361, 0.0239990156683158005
0.6536536536536999842, 0.0237624812124890041
0.6561561561562000433, 0.0235384543435671612
0.6586586586586999914, 0.0233264382281809096
0.6611611611612000505, 0.0231259679444555041
0.6636636636636999986, 0.0229366083217705380
0.6661661661661999467, 0.0227579519593113233
0.6686686686687000059, 0.0225896174071519504
0.6711711711711999540, 0.0224312474952780214
0.6736736736737000131, 0.0222825077974386776
0.6761761761761999612, 0.0221430852180348470
0.6786786786787000203, 0.0220126866914244282
0.6811811811811999684, 0.0218910379840715451
0.6836836836837000275, 0.0217778825909022353
0.6861861861861999756, 0.0216729807180648243
0.6886886886887000347, 0.0215761083450423663
0.6911911911911999828, 0.0214870563597361272
0.6936936936937000420, 0.0214056297607425686
0.6961961961961999901, 0.0213316469215884853
0.6986986986987000492, 0.0212649389121778720
0.7012012012011999973, 0.0212053488731447290
0.7037037037036999454, 0.0211527314392037855
0.7062062062062000045, 0.0211069522079513697
0.7087087087086999526, 0.0210678872508944341
0.7112112112112000117, 0.0210354226637818748
0.7137137137136999598, 0.0210094541535807110
0.7162162162162000190, 0.0209898866596847367
0.7187187187186999671, 0.0209766340071661159
0.7212212212212000262, 0.0209696185900842443
0.7237237237236999743, 0.0209687710830530130
0.7262262262262000334, 0.0209740301794384236
0.7287287287286999815, 0.0209853423547162361
0.7312312312312000406, 0.0210026616536643160
0.7337337337336999887, 0.0210259495001984542
0.7362362362362000479, 0.0210551745287849354
0.7387387387386999960, 0.0210903124364784922
0.7412412412412000551, 0.0211313458547428348
0.7437437437437000032, 0.0211782642403114604
0.7462462462461999513, 0.0212310637844420821
0.7487487487487000104, 0.0212897473400079397
0.7512512512512999896, 0.0213543243659543927
0.7537537537538000487, 0.0214248108887311328
0.7562562562562999968, 0.0215012294803884653
0.7587587587587999449, 0.0215836092531015433
0.7612612612613000040, 0.0216719858699601746
0.7637637637637999521, 0.0217664015719332068
0.7662662662663000113, 0.0218669052209873871
0.7687687687687999594, 0.0219735523594103595
0.7712712712713000185, 0.0220864052854570572
0.7737737737737999666, 0.0222055331455089655
0.7762762762763000257, 0.0223310120430061793
0.7787787787787999738, 0.0224629251644839628
0.7812812812813000329, 0.0226013629231193725
0.7837837837837999810, 0.0227464231202686371
0.7862862862863000402, 0.0228982111255547072
0.7887887887887999883, 0.0230568400761455850
0.7912912912913000474, 0.0232224310959493509
0.7937937937937999955, 0.0233951135355410789
0.7962962962963000546, 0.0235750252337315058
0.7987987987988000027, 0.0237623128017870298
0.8013013013012999508, 0.0239571319314171097
0.8038038038038000099, 0.0241596477277582836
0.8063063063062999580, 0.0243700350687053799
0.8088088088088000172, 0.0245884789920707419
0.8113113113112999653, 0.0248151751121917438
0.8138138138138000244, 0.0250503300677581836
0.8163163163162999725, 0.0252941620027936909
0.8188188188188000316, 0.0255469010829018003
0.8213213213212999797, 0.0258087900490784269
0.8238238238238000388, 0.0260800848116004291
0.8263263263262999869, 0.0263610550867255308
0.8288288288288000460, 0.0266519850791855847
0.8313313313312999941, 0.0269531742137234312
0.8338338338338000533, 0.0272649379192173753
0.8363363363363000014, 0.0275876084692585101
0.8388388388387999495, 0.0279215358833976995
0.8413413413413000086, 0.0282670888936656164
0.8438438438437999567, 0.0286246559813915780
0.8463463463463000158, 0.0289946464898144657
0.8488488488487999639, 0.0293774918184903991
0.8513513513514000541, 0.0297736467060670459
0.8538538538539000022, 0.0301835906086186517
0.8563563563563999503, 0.0306078291814217765
0.8588588588589000095, 0.0310468958728153735
0.8613613613613999576, 0.0315013536396290539
0.8638638638639000167, 0.0319717967945972181
0.8663663663663999648, 0.0324588529972130516
0.8688688688689000239, 0.0329631854006241093
0.8713713713713999720, 0.0334854949684529751
0.8738738738739000311, 0.0340265229768478839
0.8763763763763999792, 0.0345870537186561272
0.8788788788789000384, 0.0351679174283854243
0.8813813813813999865, 0.0357699934485951193
0.8838838838839000456, 0.0363942136605771710
0.8863863863863999937, 0.0370415662046659350
0.8888888888889000528, 0.0377130995183002082
0.8913913913914000009, 0.0384099267230896615
0.8938938938938999490, 0.0391332303956528349
0.8963963963964000081, 0.0398842677609613852
0.8988988988988999562, 0.0406643763513935969
0.9014014014014000153, 0.0414749801797536510
0.9039039039038999634, 0.0423175964802321586
0.9064064064064000226, 0.0431938430777591698
0.9089089089088999707, 0.0441054464535618057
0.9114114114114000298, 0.0450542505830990869
0.9139139139138999779, 0.0460422266320734616
0.9164164164164000370, 0.0470714836070901532
0.9189189189188999851, 0.0481442800699524026
0.9214214214214000442, 0.0492630370388118174
0.9239239239238999923, 0.0504303522157050557
0.9264264264264000515, 0.0516490156987659960
0.9289289289288999996, 0.0529220273590027962
0.9314314314313999477, 0.0542526160864496981
0.9339339339339000068, 0.0556442611393336006
0.9364364364363999549, 0.0571007158632931000
0.9389389389389000140, 0.0586260340864852847
0.9414414414413999621, 0.0602245995415814361
0.9439439439439000212, 0.0619011587183427373
0.9464464464463999693, 0.0636608576121161368
0.9489489489489000285, 0.0655092829058613602
0.9514514514515000076, 0.0674525082082962635
0.9539539539539999558, 0.0694971460709161437
0.9564564564565000149, 0.0716504066250308880
0.9589589589589999630, 0.0739201638203264844
0.9614614614615000221, 0.0763150304133101698
0.9639639639639999702, 0.0788444430529930407
0.9664664664665000293, 0.0815187590492266467
0.9689689689689999774, 0.0843493666948246512
0.9714714714715000365, 0.0873488113567302965
0.9739739739739999846, 0.0905309399673705634
0.9764764764765000438, 0.0939110670518336632
0.9789789789789999919, 0.0975061660408178682
0.9814814814815000510, 0.1013350903702659178
0.9839839839839999991, 0.1054188297905015309
0.9864864864864999472, 0.1097808084442011833
0.9889889889890000063, 0.1144472326800115847
0.9914914914914999544, 0.1194474983198067219
0.9939939939940000135, 0.1248146692870469865
0.9964964964964999616, 0.1305860422552879985
0.9989989989990000208, 0.1368038154523382177
1.0015015015019999023, 0.1435158841726905665
1.0040040040039999170, 0.1507767911962232810
1.0065065065070000205, 0.1586488675711656970
1.0090090090090000352, 0.1672036086166784896
1.0115115115119999167, 0.1765233422479494663
1.0140140140139999314, 0.1867032628048234388
1.0165165165170000350, 0.1978539248333464340
1.0190190190190000497, 0.2101043196319697659
1.0215215215219999312, 0.2236056955217630982
1.0240240240239999459, 0.2385363345769742627
1.0265265265270000494, 0.2551075695105642915
1.0290290290290000641, 0.2735714226608416677
1.0315315315319999456, 0.2942303865718458589
1.0340340340339999603, 0.3174500604959405448
1.0365365365370000639, 0.3436756366384515760
1.0390390390390000785, 0.3734536363730461273
1.0415415415419999601, 0.4074608963309883647
1.0440440440439999747, 0.4465437032394092287
1.0465465465470000783, 0.4917713473979263838
1.0490490490490000930, 0.5445104951208923350
1.0515515515519999745, 0.6065301594630558846
1.0540540540539999892, 0.6801525296532895393
1.0565565565570000928, 0.7684740339105984308
1.0590590590590001074, 0.8756965885614962364
1.0615615615619999890, 1.0076364424833641475
1.0640640640640000036, 1.1725281116936359105
1.0665665665670001072, 1.3823358935841856265
1.0690690690689998998, 1.6549737972400642150
1.0715715715720000034, 2.0182277267666028919
1.0740740740740000181, 2.5170439377012630011
1.0765765765769998996, 3.2279139706718500413
1.0790790790789999143, 4.2894186229508752817
1.0815815815820000179, 5.9732157374083154622
1.0840840840840000325, 8.8689357522374088205
1.0865865865869999141, 14.4414377934943871651
1.0890890890889999287, 27.0479744632428698026
1.0915915915920000323, 62.5183054824471753363
1.0940940940940000470, 157.2112309252750605992
1.0965965965969999285, 123.6247718785001836750
1.0990990990989999432, 47.2259321062130936753
1.1016016016020000468, 21.9374141696422668701
1.1041041041040000614, 12.3076341954874628470
1.1066066066069999430, 7.8082394275228566016
1.1091091091089999576, 5.3792778599241852788
1.1116116116120000612, 3.9285370973220210544
1.1141141141140000759, 2.9959925655301566927
1.1166166166169999574, 2.3623822717767142265
1.1191191191189999721, 1.9129055445878102582
1.1216216216220000756, 1.5828860912164424146
1.1241241241240000903, 1.3336890787381636692
1.1266266266269999718, 1.1411056731319284552
1.1291291291289999865, 0.9893518155980040030
1.1316316316320000901, 0.8677857966794900735
1.1341341341340001048, 0.7690247036288255789
1.1366366366369999863, 0.6878184622561528405
1.1391391391390000010, 0.6203525864194728845
1.1416416416420001045, 0.5638029273141663689
1.1441441441439998972, 0.5160435608816161812
1.1466466466470000007, 0.4754505068460542772
1.1491491491490000154, 0.4407670027043584793
1.1516516516519998969, 0.4110092502862989772
1.1541541541539999116, 0.3853993394203540923
1.1566566566570000152, 0.3633167730210219992
1.1591591591590000299, 0.3442629484183343802
1.1616616616619999114, 0.3278348095957760444
1.1641641641639999261, 0.3137050892427751814
1.1666666666670000296, 0.3016073537898704138
1.1691691691690000443, 0.2913245975161232737
1.1716716716719999258, 0.2826804952108773472
1.1741741741739999405, 0.2755326745393816279
1.1766766766770000441, 0.2697675462554610659
1.1791791791790000588, 0.2652963568868016986
1.1816816816819999403, 0.2620522205198662080
1.1841841841839999550, 0.2599879546624104254
1.1866866866870000585, 0.2590745973359599996
1.1891891891890000732, 0.2593005238486343345
1.1916916916919999547, 0.2606711160272029426
1.1941941941939999694, 0.2632089670944778304
1.1966966966970000730, 0.2669546344437771501
1.1991991991990000876, 0.2719679827110808579
1.2017017017019999692, 0.2783301933366894576
1.2042042042039999838, 0.2861465572465539675
1.2067067067070000874, 0.2955502182050587234
1.2092092092090001021, 0.3067071009908531876
1.2117117117119999836, 0.3198223481478705832
1.2142142142139999983, 0.3351487122822076059
1.2167167167170001019, 0.3529975234441682930
1.2192192192189998945, 0.3737530968013754729
1.2217217217219999981, 0.3978918010523741500
1.2242242242240000127, 0.4260075298709661284
1.2267267267269998943, 0.4588460978704774762
1.2292292292289999089, 0.4973522664123788406
1.2317317317320000125, 0.5427349370543240736
1.2342342342340000272, 0.5965589449873951455
1.2367367367369999087, 0.6608765594687300293
1.2392392392389999234, 0.7384195340973265242
1.2417417417420000270, 0.8328857016656305845
1.2442442442440000416, 0.9493771504890484714
1.2467467467469999232, 1.0950887725563338559
1.2492492492489999378, 1.2804245664829503326
1.2517517517520000414, 1.5208735584167689669
1.2542542542540000561, 1.8402963246743724302
1.2567567567569999376, 2.2769714758609298499
1.2592592592589999523, 2.8953869050006693087
1.2617617617620000559, 3.8109117974518955663
1.2642642642640000705, 5.2460985829098545352
1.2667667667669999521, 7.6739605026878834337
1.2692692692689999667, 12.2371058214215757687
1.2717717717720000703, 22.2109640174433664583
1.2742742742740000850, 49.1290875074885420304
1.2767767767769999665, 128.2253388641186404584
1.2792792792789999812, 135.1830743018332441352
1.2817817817820000847, 52.2132692919848011570
1.2842842842840000994, 23.2407969725728555943
1.2867867867869999809, 12.6657021071050852612
1.2892892892889999956, 7.8848865210300553841
1.2917917917920000992, 5.3617540262098160042
1.2942942942939998918, 3.8785326097367116560
1.2967967967969999954, 2.9360278350710653505
1.2992992992990000101, 2.3010919407123999747
1.3018018018019998916, 1.8535433299830899045
1.3043043043039999063, 1.5265015755469975023
1.3068068068070000098, 1.2804093310618180901
1.3093093093090000245, 1.0906809067875820052
1.3118118118119999060, 0.9413953118349817073
1.3143143143139999207, 0.8218802454570333094
1.3168168168170000243, 0.7247680935047143835
1.3193193193190000390, 0.6448420828594937371
1.3218218218219999205, 0.5783261709821272412
1.3243243243239999352, 0.5224340462318857181
1.3268268268270000387, 0.4750746786034773517
1.3293293293290000534, 0.4346553417501323180
1.3318318318319999349, 0.3999469666580819927
1.3343343343339999496, 0.3699903234256303186
1.3368368368370000532, 0.3440295341501775628
1.3393393393390000679, 0.3214642512793137730
1.3418418418419999494, 0.3018148245101182070
1.3443443443439999641, 0.2846966710893126251
1.3468468468470000676, 0.2698012880831482385
1.3493493493490000823, 0.2568821539635780526
1.3518518518519999638, 0.2457443138119046466
1.3543543543539999785, 0.2362368226205579513
1.3568568568570000821, 0.2282474954234270936
1.3593593593590000967, 0.2216996220023828845
1.3618618618619999783, 0.2165504769435601107
1.3643643643639999929, 0.2127916165146293559
1.3668668668670000965, 0.2104511249696530695
1.3693693693689998891, 0.2095981810845738980
1.3718718718719999927, 0.2103505976924622822
1.3743743743740000074, 0.2128863992823625817
1.3768768768770001110, 0.2174611387389714379
1.3793793793789999036, 0.2244336756041171443
1.3818818818820000072, 0.2343048349927361329
1.3843843843840000218, 0.2477762781474158182
1.3868868868869999034, 0.2658420833268159700
1.3893893893889999180, 0.2899350473701204356
1.3918918918920000216, 0.3221679520129230312
1.3943943943940000363, 0.3657466447052846181
1.3968968968969999178, 0.4257092823711730034
1.3993993993989999325, 0.5103206372329696094
1.4019019019020000361, 0.6338733031164742737
1.4044044044040000507, 0.8227661002078535679
1.4069069069069999323, 1.1300193691112014882
1.4094094094089999469, 1.6744116065868444032
1.4119119119120000505, 2.7637737809837705782
1.4144144144140000652, 5.3647551916611808664
1.4169169169169999467, 13.0755377581104745843
1.4194194194189999614, 28.2737386676483026804
1.4219219219220000650, 15.5578627018914836810
1.4244244244240000796, 6.1529047038560236160
1.4269269269269999612, 3.0500120148128244679
1.4294294294289999758, 1.7958514920556618577
1.4319319319320000794, 1.1832795102278328425
1.4344344344340000941, 0.8418859088257431011
1.4369369369369999756, 0.6329849137248355628
1.4394394394389999903, 0.4960370800826796600
1.4419419419420000938, 0.4013985940350074944
1.4444444444440001085, 0.3332208190522626401
1.4469469469469999900, 0.2824250563196624153
1.4494494494490000047, 0.2435137966436505264
1.4519519519520001083, 0.2130028476427459905
1.4544544544539999009, 0.1885983250245726051
1.4569569569570000045, 0.1687404772406118636
1.4594594594590000192, 0.1523389441458443960
1.4619619619619999007, 0.1386129510819778532
1.4644644644639999154, 0.1269915057738376096
1.4669669669670000189, 0.1170491873079647221
1.4694694694690000336, 0.1084637373147711581
1.4719719719719999151, 0.1009873912225262571
1.4744744744739999298, 0.0944270905491155776
1.4769769769770000334, 0.0886305671286784919
1.4794794794790000481, 0.0834763898302040425
1.4819819819819999296, 0.0788667351691865193
1.4844844844839999443, 0.0747220621701670390
1.4869869869870000478, 0.0709771391220608977
1.4894894894890000625, 0.0675780437392420191
1.4919919919919999440, 0.0644798733816225600
1.4944944944939999587, 0.0616449794960940226
1.4969969969970000623, 0.0590415934149866178
1.4994994994990000770, 0.0566427473629314976
1.5020020020019999585, 0.0544254203048038301
1.5045045045050000621, 0.0523698565916408815
1.5070070070070000767, 0.0504590185337734504
1.5095095095099999583, 0.0486781436002253695
1.5120120120119999729, 0.0470143839653807821
1.5145145145150000765, 0.0454565113246907931
1.5170170170170000912, 0.0439946737871212967
1.5195195195199999727, 0.0426201945796960413
1.5220220220219999874, 0.0413254045225659311
1.5245245245250000909, 0.0401035019336054566
1.5270270270270001056, 0.0389484349316213396
1.5295295295299999871, 0.0378548021232558984
1.5320320320320000018, 0.0368177684515900647
1.5345345345350001054, 0.0358329936070557464
1.5370370370369998980, 0.0348965708929115381
1.5395395395400000016, 0.0340049748279345893
1.5420420420420000163, 0.0331550160805976421
1.5445445445449998978, 0.0323438025789707512
1.5470470470469999125, 0.0315687058420973665
1.5495495495500000160, 0.0308273317417525373
1.5520520520520000307, 0.0301174950362045959
1.5545545545549999122, 0.0294371971259998200
1.5570570570569999269, 0.0287846065706768781
1.5595595595600000305, 0.0281580419785156730
1.5620620620620000452, 0.0275559569419003003
1.5645645645649999267, 0.0269769267410428434
1.5670670670669999414, 0.0264196365805675869
1.5695695695700000449, 0.0258828711583152030
1.5720720720720000596, 0.0253655053949440323
1.5745745745749999411, 0.0248664961774492793
1.5770770770769999558, 0.0243848749904170894
1.5795795795800000594, 0.0239197413263280353
1.5820820820820000741, 0.0234702567810528839
1.5845845845849999556, 0.0230356397533007726
1.5870870870869999703, 0.0226151606775242334
1.5895895895900000738, 0.0222081377289747028
1.5920920920920000885, 0.0218139329474733752
1.5945945945949999700, 0.0214319487332186379
1.5970970970969999847, 0.0210616246737742666
1.5995995996000000883, 0.0207024346663996148
1.6021021021020001029, 0.0203538843042254496
1.6046046046049999845, 0.0200155084985422296
1.6071071071069999991, 0.0196868693127310382
1.6096096096100001027, 0.0193675539862144946
1.6121121121119998953, 0.0190571731292795803
1.6146146146149999989, 0.0187553590717916135
1.6171171171170000136, 0.0184617643507123952
1.6196196196199998951, 0.0181760603229975150
1.6221221221219999098, 0.0178979358919068993
1.6246246246250000134, 0.0176270963360466541
1.6271271271270000280, 0.0173632622315923468
1.6296296296299999096, 0.0171061684591426177
1.6321321321319999242, 0.0168555632875358324
1.6346346346350000278, 0.0166112075277449513
1.6371371371370000425, 0.0163728737506596278
1.6396396396399999240, 0.0161403455631816198
1.6421421421419999387, 0.0159134169376077828
1.6446446446450000423, 0.0156918915897637859
1.6471471471470000569, 0.0154755824017877991
1.6496496496499999385, 0.0152643108858529844
1.6521521521519999531, 0.0150579066854659958
1.6546546546550000567, 0.0148562071112910386
1.6571571571570000714, 0.0146590567087290548
1.6596596596599999529, 0.0144663068547329389
1.6621621621619999676, 0.0142778153815659899
1.6646646646650000712, 0.0140934462254142245
1.6671671671670000858, 0.0139130690979467498
1.6696696696699999674, 0.0137365591790838508
1.6721721721719999820, 0.0135637968293821458
1.6746746746750000856, 0.0133946673205812654
1.6771771771770001003, 0.0132290605829790860
1.6796796796799999818, 0.0130668709684135156
1.6821821821819999965, 0.0129079970277294551
1.6846846846850001000, 0.0127523413017011124
1.6871871871869998927, 0.0125998101244628822
1.6896896896899999962, 0.0124503134385778105
1.6921921921920000109, 0.0123037646209413678
1.6946946946949998924, 0.0121600803187813002
1.6971971971969999071, 0.0120191802950715531
1.6996996997000000107, 0.0118809872827306887
1.7022022022020000254, 0.0117454268470230626
1.7047047047049999069, 0.0116124272556248978
1.7072072072069999216, 0.0114819193558575276
1.7097097097100000251, 0.0113538364586268301
1.7122122122120000398, 0.0112281142286416655
1.7147147147149999213, 0.0111046905805151121
1.7172172172169999360, 0.0109835055803807063
1.7197197197200000396, 0.0108645013526822709
1.7222222222220000543, 0.0107476219918197259
1.7247247247249999358, 0.0106328134783557800
1.7272272272269999505, 0.0105200235995086058
1.7297297297300000540, 0.0104092018736746967
1.7322322322320000687, 0.0103002994787433425
1.7347347347349999502, 0.0101932691839803635
1.7372372372369999649, 0.0100880652852736348
1.7397397397400000685, 0.0099846435435465807
1.7422422422420000832, 0.0098829611261587076
1.7447447447449999647, 0.0097829765511239525
1.7472472472469999794, 0.0096846496339885839
1.7497497497500000829, 0.0095879414372205176
1.7522522522520000976, 0.0094928142219714209
1.7547547547549999791, 0.0093992314020816120
1.7572572572569999938, 0.0093071575002059148
1.7597597597600000974, 0.0092165581059462619
1.7622622622619998900, 0.0091273998358837663
1.7647647647649999936, 0.0090396502954096410
1.7672672672670000082, 0.0089532780422602546
1.7697697697699998898, 0.0088682525516676075
1.7722722722719999044, 0.0087845441830414310
1.7747747747750000080, 0.0087021241481043919
1.7772772772770000227, 0.0086209644804062791
1.7797797797799999042, 0.0085410380061475000
1.7822822822819999189, 0.0084623183162461525
1.7847847847850000225, 0.0083847797395867271
1.7872872872870000371, 0.0083083973173921043
1.7897897897899999187, 0.0082331467786636876
1.7922922922919999333, 0.0081590045166376277
1.7947947947950000369, 0.0080859475662081425
1.7972972972970000516, 0.0080139535822713916
1.7997997997999999331, 0.0079430008189461613
1.8023023023019999478, 0.0078730681096298091
1.8048048048050000514, 0.0078041348478503011
1.8073073073070000660, 0.0077361809688772281
1.8098098098099999476, 0.0076691869320565870
1.8123123123119999622, 0.0076031337038361653
1.8148148148150000658, 0.0075380027414499104
1.8173173173170000805, 0.0074737759772314357
1.8198198198199999620, 0.0074104358035283471
1.8223223223219999767, 0.0073479650581905025
1.8248248248250000803, 0.0072863470106066816
1.8273273273270000949, 0.0072255653482655446
1.8298298298299999765, 0.0071656041638177934
1.8323323323319999911, 0.0071064479426178016
1.8348348348350000947, 0.0070480815507239173
1.8373373373370001094, 0.0069904902233377496
1.8398398398399999909, 0.0069336595536636791
1.8423423423420000056, 0.0068775754821707828
1.8448448448450001091, 0.0068222242862401982
1.8473473473469999018, 0.0067675925701817623
1.8498498498500000053, 0.0067136672556045987
1.8523523523520000200, 0.0066604355721269735
1.8548548548549999015, 0.0066078850484114805
1.8573573573569999162, 0.0065560035035122886
1.8598598598600000198, 0.0065047790385217314
1.8623623623620000345, 0.0064542000285042140
1.8648648648649999160, 0.0064042551147058847
1.8673673673669999307, 0.0063549331970290451
1.8698698698700000342, 0.0063062234267608798
1.8723723723720000489, 0.0062581151995464105
1.8748748748749999304, 0.0062105981485961557
1.8773773773769999451, 0.0061636621381193357
1.8798798798800000487, 0.0061172972569739038
1.8823823823820000634, 0.0060714938125250384
1.8848848848849999449, 0.0060262423247041536
1.8873873873869999596, 0.0059815335202607527
1.8898898898900000631, 0.0059373583271998681
1.8923923923920000778, 0.0058937078693980932
1.8948948948949999593, 0.0058505734613915044
1.8973973973969999740, 0.0058079466033291172
1.8998998999000000776, 0.0057658189760857164
1.9024024024020000923, 0.0057241824365282211
1.9049049049049999738, 0.0056830290129299531
1.9074074074069999885, 0.0056423509005274278
1.9099099099100000920, 0.0056021404572145182
1.9124124124120001067, 0.0055623901993690312
1.9149149149149999882, 0.0055230927978069614
1.9174174174170000029, 0.0054842410738598878
1.9199199199200001065, 0.0054458279955711276
1.9224224224219998991, 0.0054078466740064626
1.9249249249250000027, 0.0053702903596754559
1.9274274274270000173, 0.0053331524390594492
1.9299299299299998989, 0.0052964264312425780
1.9324324324319999135, 0.0052601059846422282
1.9349349349350000171, 0.0052241848738355350
1.9374374374370000318, 0.0051886569964786217
1.9399399399399999133, 0.0051535163703154358
1.9424424424419999280, 0.0051187571302731549
1.9449449449450000316, 0.0050843735256412481
1.9474474474470000462, 0.0050503599173313714
1.9499499499499999278, 0.0050167107752154315
1.9524524524519999424, 0.0049834206755392033
1.9549549549550000460, 0.0049504842984090230
1.9574574574570000607, 0.0049178964253491367
1.9599599599599999422, 0.0048856519369274189
1.9624624624619999569, 0.0048537458104472185
1.9649649649650000605, 0.0048221731177031935
1.9674674674670000751, 0.0047909290227990849
1.9699699699699999567, 0.0047600087800254258
1.9724724724719999713, 0.0047294077317952855
1.9749749749750000749, 0.0046991213066361979
1.9774774774770000896, 0.0046691450172365026
1.9799799799799999711, 0.0046394744585443728
1.9824824824819999858, 0.0046101053059179062
1.9849849849850000894, 0.0045810333133246440
1.9874874874870001040, 0.0045522543115890336
1.9899899899899999856, 0.0045237642066863074
1.9924924924920000002, 0.0044955589780813748
1.9949949949950001038, 0.0044676346771113512
1.9974974974969998964, 0.0044399874254103687
2.0000000000000000000, 0.0044126134133754104
