# Delta1: 0.46
# Delta2: 1.17
# Delta3: 1.34
# Dq: 0.08800000000000002
# Ds: -0.09000000000000001
# Dt: -0.01999999999999998
# k1_lab: [1, 0, 0]
# k2_lab: [-0.8660254037844387, 0.49999999999999994, 0.0]
# k1_cf: [-0.6123724356957946, -0.6123724356957946, -0.4999999999999998]
# k2_cf: [0.35355339059327395, 0.35355339059327395, 0.8660254037844385]
# pol1_lab: [(0, 1, 0), (0, 0, 1)]
# pol2_lab: [array([-0.5      , -0.8660254,  0.       ]), array([0., 0., 1.])]
# pol1_cf: [array([-0.35355339, -0.35355339,  0.8660254 ]), array([-0.70710678,  0.70710678,  0.        ])]
# pol2_cf: [array([ 0.61237244,  0.61237244, -0.5       ]), array([-0.70710678,  0.70710678,  0.        ])]
# cf: [array([-0.61237244, -0.35355339, -0.70710678]), array([-0.61237244, -0.35355339,  0.70710678]), array([-0.5      ,  0.8660254,  0.       ])]
# th: 120
-0.5000000000000000000, 0.0044692083420625906
-0.4974974974974999964, 0.0045062098636719046
-0.4949949949949999928, 0.0045437275978301248
-0.4924924924924999892, 0.0045817716758853634
-0.4899899899899999856, 0.0046203524841856476
-0.4874874874874999819, 0.0046594806718899184
-0.4849849849849999783, 0.0046991671590607695
-0.4824824824824999747, 0.0047394231450506065
-0.4799799799800000266, 0.0047802601171934873
-0.4774774774775000230, 0.0048216898598154581
-0.4749749749750000194, 0.0048637244635768278
-0.4724724724725000158, 0.0049063763351604468
-0.4699699699700000122, 0.0049496582073207500
-0.4674674674675000086, 0.0049935831493090133
-0.4649649649650000049, 0.0050381645776910637
-0.4624624624625000013, 0.0050834162675744065
-0.4599599599599999977, 0.0051293523642626480
-0.4574574574574999941, 0.0051759873953559094
-0.4549549549549999905, 0.0052233362833168737
-0.4524524524524999869, 0.0052714143585231151
-0.4499499499499000077, 0.0053202373728273473
-0.4474474474474000041, 0.0053698215136483533
-0.4449449449449000005, 0.0054201834186165107
-0.4424424424423999969, 0.0054713401907990258
-0.4399399399398999932, 0.0055233094145312901
-0.4374374374373999896, 0.0055761091718821614
-0.4349349349348999860, 0.0056297580597823634
-0.4324324324323999824, 0.0056842752078467423
-0.4299299299298999788, 0.0057396802969227837
-0.4274274274273999752, 0.0057959935783993936
-0.4249249249249000271, 0.0058532358943118807
-0.4224224224224000235, 0.0059114286982808817
-0.4199199199199000199, 0.0059705940773251039
-0.4174174174174000163, 0.0060307547745898178
-0.4149149149149000126, 0.0060919342130354090
-0.4124124124124000090, 0.0061541565201326262
-0.4099099099099000054, 0.0062174465536138403
-0.4074074074074000018, 0.0062818299283322349
-0.4049049049048999982, 0.0063473330442838892
-0.4024024024023999946, 0.0064139831158506466
-0.3998998998998999910, 0.0064818082023250607
-0.3973973973973999874, 0.0065508372397821268
-0.3948948948948999838, 0.0066211000743661664
-0.3923923923923999801, 0.0066926274970653052
-0.3898898898898999765, 0.0067654512800500383
-0.3873873873873999729, 0.0068396042146568825
-0.3848848848849000248, 0.0069151201511029230
-0.3823823823824000212, 0.0069920340400220181
-0.3798798798799000176, 0.0070703819759189712
-0.3773773773774000140, 0.0071502012426435738
-0.3748748748749000104, 0.0072315303609927061
-0.3723723723724000068, 0.0073144091385551318
-0.3698698698699000031, 0.0073988787219207690
-0.3673673673673999995, 0.0074849816513834913
-0.3648648648648999959, 0.0075727619182747287
-0.3623623623623999923, 0.0076622650250735506
-0.3598598598598999887, 0.0077535380484481005
-0.3573573573573999851, 0.0078466297053930677
-0.3548548548548999815, 0.0079415904226382873
-0.3523523523523999779, 0.0080384724095148973
-0.3498498498497999987, 0.0081373297344774602
-0.3473473473472999951, 0.0082382184054932989
-0.3448448448447999914, 0.0083411964545242676
-0.3423423423422999878, 0.0084463240263410039
-0.3398398398397999842, 0.0085536634719255121
-0.3373373373372999806, 0.0086632794467353703
-0.3348348348347999770, 0.0087752390141209880
-0.3323323323322999734, 0.0088896117542073758
-0.3298298298298000253, 0.0090064698785730819
-0.3273273273273000217, 0.0091258883510820354
-0.3248248248248000181, 0.0092479450152487350
-0.3223223223223000145, 0.0093727207285438287
-0.3198198198198000108, 0.0095002995040760138
-0.3173173173173000072, 0.0096307686601172157
-0.3148148148148000036, 0.0097642189779713930
-0.3123123123123000000, 0.0099007448687238181
-0.3098098098097999964, 0.0100404445494464215
-0.3073073073072999928, 0.0101834202294775900
-0.3048048048047999892, 0.0103297783074404216
-0.3023023023022999856, 0.0104796295797129450
-0.2997997997997999819, 0.0106330894611181576
-0.2972972972972999783, 0.0107902782186593826
-0.2947947947947999747, 0.0109513212191903846
-0.2922922922923000266, 0.0111163491919783249
-0.2897897897898000230, 0.0112854985071919635
-0.2872872872873000194, 0.0114589114714295573
-0.2847847847848000158, 0.0116367366414886677
-0.2822822822823000122, 0.0118191291576767270
-0.2797797797798000086, 0.0120062510980663874
-0.2772772772773000050, 0.0121982718552135702
-0.2747747747748000013, 0.0123953685369819454
-0.2722722722722999977, 0.0125977263932532061
-0.2697697697697999941, 0.0128055392704523076
-0.2672672672672999905, 0.0130190100959799871
-0.2647647647647999869, 0.0132383513948233830
-0.2622622622622999833, 0.0134637858408117143
-0.2597597597597999797, 0.0136955468451987108
-0.2572572572572999761, 0.0139338791854891793
-0.2547547547547999724, 0.0141790396776866352
-0.2522522522523000243, 0.0144312978954230890
-0.2497497497496999896, 0.0146909369397464108
-0.2472472472472000138, 0.0149582542636857059
-0.2447447447447000102, 0.0152335625560963365
-0.2422422422422000066, 0.0155171906897065004
-0.2397397397397000030, 0.0158094847387522594
-0.2372372372371999993, 0.0161108090721011343
-0.2347347347346999957, 0.0164215475283342113
-0.2322322322321999921, 0.0167421046798861828
-0.2297297297296999885, 0.0170729071940430091
-0.2272272272272000126, 0.0174144052993735685
-0.2247247247247000090, 0.0177670743670355138
-0.2222222222222000054, 0.0181314166173573779
-0.2197197197197000018, 0.0185079629631706329
-0.2172172172171999982, 0.0188972750025614353
-0.2147147147146999946, 0.0192999471750476444
-0.2122122122121999910, 0.0197166090966813222
-0.2097097097096999874, 0.0201479280912503014
-0.2072072072072000115, 0.0205946119366297413
-0.2047047047047000079, 0.0210574118474417885
-0.2022022022022000043, 0.0215371257175517375
-0.1996996996997000007, 0.0220346016485974405
-0.1971971971971999971, 0.0225507417937581070
-0.1946946946946999935, 0.0230865065493663438
-0.1921921921921999898, 0.0236429191308110478
-0.1896896896896999862, 0.0242210705735314905
-0.1871871871872000104, 0.0248221252048417829
-0.1846846846847000068, 0.0254473266379366091
-0.1821821821822000032, 0.0260980043458166645
-0.1796796796796999995, 0.0267755808801544495
-0.1771771771771999959, 0.0274815798084388080
-0.1746746746746999923, 0.0282176344522531361
-0.1721721721721999887, 0.0289854975204507093
-0.1696696696697000128, 0.0297870517435189497
-0.1671671671672000092, 0.0306243216298400858
-0.1646646646647000056, 0.0314994864811770775
-0.1621621621622000020, 0.0324148948239170107
-0.1596596596596999984, 0.0333730804348386575
-0.1571571571571999948, 0.0343767801659692618
-0.1546546546546999912, 0.0354289538030999052
-0.1521521521521999876, 0.0365328062274992774
-0.1496496496496000084, 0.0376918121912317855
-0.1471471471471000048, 0.0389097440643472667
-0.1446446446446000011, 0.0401907029684168901
-0.1421421421420999975, 0.0415391537770664343
-0.1396396396395999939, 0.0429599645422825138
-0.1371371371370999903, 0.0444584509977643885
-0.1346346346345999867, 0.0460404269004130659
-0.1321321321321000108, 0.0477122611018385573
-0.1296296296296000072, 0.0494809423980096946
-0.1271271271271000036, 0.0513541533924201724
-0.1246246246246000000, 0.0533403548333204539
-0.1221221221220999964, 0.0554488821572666768
-0.1196196196196000067, 0.0576900563002832253
-0.1171171171171000031, 0.0600753112379095733
-0.1146146146145999994, 0.0626173412034898569
-0.1121121121120999958, 0.0653302711321009921
-0.1096096096096000061, 0.0682298546133651984
-0.1071071071071000025, 0.0713337045457968916
-0.1046046046045999989, 0.0746615628144135929
-0.1021021021020999953, 0.0782356167218737630
-0.0995995995996000055, 0.0820808716694043927
-0.0970970970971000019, 0.0862255918095997803
-0.0945945945945900063, 0.0907018232139813058
-0.0920920920920900027, 0.0955460176937265315
-0.0895895895895899991, 0.1007997800227497798
-0.0870870870870899955, 0.1065107672627653990
-0.0845845845845799998, 0.1127337766208875991
-0.0820820820820799962, 0.1195320683855666255
-0.0795795795795800065, 0.1269789838205462318
-0.0770770770770800029, 0.1351599356120647688
-0.0745745745745699934, 0.1441748721986393644
-0.0720720720720700037, 0.1541413493924757294
-0.0695695695695700000, 0.1651983864706613181
-0.0670670670670699964, 0.1775113442324255109
-0.0645645645645600008, 0.1912781465345517184
-0.0620620620620599972, 0.2067372851831218439
-0.0595595595595600005, 0.2241782168708955081
-0.0570570570570599969, 0.2439550047862066307
-0.0545545545545500013, 0.2665044150345247664
-0.0520520520520499977, 0.2923702100578389196
-0.0495495495495500010, 0.3222361862285156309
-0.0470470470470499974, 0.3569717428877893783
-0.0445445445445400018, 0.3976957183838634724
-0.0420420420420399982, 0.4458673562135788693
-0.0395395395395400015, 0.5034184054337246250
-0.0370370370370399979, 0.5729490349826137363
-0.0345345345345300023, 0.6580253147494228294
-0.0320320320320299987, 0.7636430744605711141
-0.0295295295295299985, 0.8969733449303418649
-0.0270270270270299984, 1.0686024442640600363
-0.0245245245245199993, 1.2946791172400069492
-0.0220220220220199991, 1.6008103442132655125
-0.0195195195195199990, 2.0295334262363335931
-0.0170170170170199989, 2.6556378433990954768
-0.0145145145145099998, 3.6202648386999989327
-0.0120120120120099996, 5.2149765551071380898
-0.0095095095095099995, 8.1178794827555886826
-0.0070070070070070000, 14.1771410912468134313
-0.0045045045045049997, 29.5608883111699825008
-0.0020020020020019998, 76.4764456491655266746
0.0005005005005005000, 120.6800916823191016647
0.0030030030030029999, 51.3830685054988052229
0.0055055055055059999, 21.4605073625480251565
0.0080080080080079993, 11.1505379577779777378
0.0105105105105099995, 6.7250820635595172092
0.0130130130130099997, 4.4719198450040931192
0.0155155155155200005, 3.1805573987674233827
0.0180180180180199989, 2.3751038740995111809
0.0205205205205199991, 1.8401286751966761113
0.0230230230230199992, 1.4671989245315304462
0.0255255255255299983, 1.1970892689343144433
0.0280280280280299984, 0.9952912422267180537
0.0305305305305299986, 0.8406185031124924212
0.0330330330330299987, 0.7194903799708303183
0.0355355355355400013, 0.6228808658739746207
0.0380380380380399979, 0.5446037189141490487
0.0405405405405400016, 0.4803053084676923712
0.0430430430430399982, 0.4268504053405450249
0.0455455455455500008, 0.3819351580076086883
0.0480480480480499975, 0.3438361374082554711
0.0505505505505500011, 0.3112434436170872232
0.0530530530530499977, 0.2831471908958251849
0.0555555555555600003, 0.2587587277024382959
0.0580580580580599970, 0.2374549620239534420
0.0605605605605600006, 0.2187383639674993496
0.0630630630630600042, 0.2022077986374255509
0.0655655655655699998, 0.1875369645069169533
0.0680680680680700034, 0.1744582533881469666
0.0705705705705699932, 0.1627505287998444183
0.0730730730730699968, 0.1522297724872490043
0.0755755755755800063, 0.1427418551305388583
0.0780780780780799960, 0.1341568974693872485
0.0805805805805799996, 0.1263648343127270479
0.0830830830830800032, 0.1192718969567261034
0.0855855855855899988, 0.1127978030225964962
0.0880880880880900025, 0.1068734957162006394
0.0905905905905900061, 0.1014393131202849518
0.0930930930930899958, 0.0964434965362896135
0.0955955955956000053, 0.0918409679846822480
0.0980980980980999950, 0.0875923227696961681
0.1006006006005999986, 0.0836629949422888070
0.1031031031031000023, 0.0800225625712656513
0.1056056056056000059, 0.0766441666891716084
0.1081081081080999956, 0.0735040231486294715
0.1106106106105999992, 0.0705810107958671634
0.1131131131131000028, 0.0678563226287902943
0.1156156156156000064, 0.0653131691710219231
0.1181181181180999962, 0.0629365253210708575
0.1206206206205999998, 0.0607129135480617838
0.1231231231231000034, 0.0586302175940046216
0.1256256256256000070, 0.0566775218774830183
0.1281281281281000106, 0.0548449726287551509
0.1306306306305999865, 0.0531236574632018496
0.1331331331330999901, 0.0515055006511658392
0.1356356356355999937, 0.0499831717927586086
0.1381381381380999973, 0.0485500059759961661
0.1406406406406000009, 0.0471999338013005046
0.1431431431431000045, 0.0459274199073613290
0.1456456456456000081, 0.0447274088424577318
0.1481481481481000118, 0.0435952772994754184
0.1506506506506999910, 0.0425267918783493598
0.1531531531531999946, 0.0415180716616163278
0.1556556556556999982, 0.0405655549912980196
0.1581581581582000018, 0.0396659699218071815
0.1606606606607000054, 0.0388163078967004235
0.1631631631632000090, 0.0380138002591282054
0.1656656656657000126, 0.0372558972585816384
0.1681681681681999885, 0.0365402492615163263
0.1706706706706999921, 0.0358646899118887502
0.1731731731731999957, 0.0352272210205988034
0.1756756756756999993, 0.0346259989911543373
0.1781781781782000029, 0.0340593226132636581
0.1806806806807000065, 0.0335256220771258245
0.1831831831832000101, 0.0330234490794165253
0.1856856856857000138, 0.0325514679077825858
0.1881881881881999896, 0.0321084474044141671
0.1906906906906999932, 0.0316932537212546300
0.1931931931931999968, 0.0313048437898911722
0.1956956956957000004, 0.0309422594383555669
0.1981981981982000041, 0.0306046220951363829
0.2007007007007000077, 0.0302911280278209960
0.2032032032032000113, 0.0300010440700750128
0.2057057057056999871, 0.0297337037962499343
0.2082082082081999908, 0.0294885041078801202
0.2107107107106999944, 0.0292649022007760440
0.2132132132131999980, 0.0290624128854168363
0.2157157157157000016, 0.0288806062369535779
0.2182182182182000052, 0.0287191055544164867
0.2207207207207000088, 0.0285775856117216689
0.2232232232232000124, 0.0284557711858427556
0.2257257257256999883, 0.0283534358500899530
0.2282282282281999919, 0.0282704010228604224
0.2307307307306999955, 0.0282065352645234427
0.2332332332331999991, 0.0281617538173137144
0.2357357357357000027, 0.0281360183852554444
0.2382382382382000063, 0.0281293371532590313
0.2407407407407000099, 0.0281417650466484412
0.2432432432432000136, 0.0281734042345207179
0.2457457457456999894, 0.0282244048825376487
0.2482482482481999930, 0.0282949661630349063
0.2507507507508000000, 0.0283853375327378921
0.2532532532533000036, 0.0284958202909307221
0.2557557557558000072, 0.0286267694336738293
0.2582582582583000108, 0.0287785958226481550
0.2607607607608000144, 0.0289517686904667351
0.2632632632633000180, 0.0291468185078910674
0.2657657657658000216, 0.0293643402423801395
0.2682682682683000253, 0.0296049970418522483
0.2707707707707999734, 0.0298695243825352792
0.2732732732732999770, 0.0301587347254094508
0.2757757757757999806, 0.0304735227321153712
0.2782782782782999842, 0.0308148710984352953
0.2807807807807999878, 0.0311838570716986702
0.2832832832832999914, 0.0315816597278914674
0.2857857857857999950, 0.0320095680950583661
0.2882882882882999986, 0.0324689902220192395
0.2907907907908000023, 0.0329614633057612322
0.2932932932933000059, 0.0334886650074454548
0.2957957957958000095, 0.0340524261061912747
0.2982982982983000131, 0.0346547446621460753
0.3008008008008000167, 0.0352978018863896945
0.3033033033033000203, 0.0359839799456581691
0.3058058058058000239, 0.0367158819655259358
0.3083083083083000275, 0.0374963545375815582
0.3108108108107999756, 0.0383285130854871953
0.3133133133132999792, 0.0392157705031237758
0.3158158158157999829, 0.0401618695471238213
0.3183183183182999865, 0.0411709195482108797
0.3208208208207999901, 0.0422474381036676422
0.3233233233232999937, 0.0433963985303401356
0.3258258258257999973, 0.0446232839980759827
0.3283283283283000009, 0.0459341494326551136
0.3308308308308000045, 0.0473356924816526609
0.3333333333333000081, 0.0488353350845451006
0.3358358358358000118, 0.0504413174901053307
0.3383383383383000154, 0.0521628069329139396
0.3408408408408000190, 0.0540100236333954237
0.3433433433433000226, 0.0559943873435893164
0.3458458458458000262, 0.0581286883514616007
0.3483483483482999743, 0.0604272877155313456
0.3508508508509000090, 0.0629063525752387998
0.3533533533534000126, 0.0655841337313221584
0.3558558558559000162, 0.0684812943940913826
0.3583583583584000198, 0.0716213011613246187
0.3608608608609000235, 0.0750308910520165323
0.3633633633634000271, 0.0787406319760179801
0.3658658658658999752, 0.0827855986177932490
0.3683683683683999788, 0.0872061917027555228
0.3708708708708999824, 0.0920491364748419055
0.3733733733733999860, 0.0973687066065829776
0.3758758758758999896, 0.1032282336149147883
0.3783783783783999932, 0.1097019804769827217
0.3808808808808999968, 0.1168774833996413104
0.3833833833834000004, 0.1248585002923350146
0.3858858858859000041, 0.1337687523647746457
0.3883883883884000077, 0.1437567122419391996
0.3908908908909000113, 0.1550017867834001528
0.3933933933934000149, 0.1677223786674877926
0.3958958958959000185, 0.1821865082044242246
0.3983983983984000221, 0.1987259678491276882
0.4009009009009000257, 0.2177554176922578411
0.4034034034033999738, 0.2397984941257482738
0.4059059059058999774, 0.2655240343152410198
0.4084084084083999810, 0.2957971512969621575
0.4109109109108999847, 0.3317525382868162231
0.4134134134133999883, 0.3749017699658860892
0.4159159159158999919, 0.4272938572642450139
0.4184184184183999955, 0.4917614846584275057
0.4209209209208999991, 0.5723093347746103232
0.4234234234234000027, 0.6747462632755540923
0.4259259259259000063, 0.8077527584267800709
0.4284284284284000099, 0.9847615992723368628
0.4309309309309000136, 1.2274409137323407659
0.4334334334334000172, 1.5725408850510174119
0.4359359359359000208, 2.0863600438980101082
0.4384384384384000244, 2.8981604314586868476
0.4409409409408999725, 4.2865226516299994586
0.4434434434433999761, 6.9370095846603767598
0.4459459459458999797, 12.8636654624619790610
0.4484484484483999833, 29.3141889015775660710
0.4509509509510000180, 75.0424217882130619728
0.4534534534535000216, 64.9413737281498839593
0.4559559559560000253, 24.7959651456507046419
0.4584584584584999734, 11.3518539891814285170
0.4609609609609999770, 6.3037890660616975325
0.4634634634634999806, 3.9700603754077228302
0.4659659659659999842, 2.7192708059293781986
0.4684684684684999878, 1.9759132180852780891
0.4709709709709999914, 1.4997218112201775586
0.4734734734734999950, 1.1769337644600790238
0.4759759759759999986, 0.9482874137443080276
0.4784784784785000022, 0.7805292506584187162
0.4809809809810000059, 0.6538586878625178844
0.4834834834835000095, 0.5559008491784747097
0.4859859859860000131, 0.4786045209608226769
0.4884884884885000167, 0.4165508949211623180
0.4909909909910000203, 0.3659857050084640018
0.4934934934935000239, 0.3242419934723185238
0.4959959959960000275, 0.2893833698014486311
0.4984984984984999756, 0.2599765932686086689
0.5010010010009999792, 0.2349425915891484862
0.5035035035035000384, 0.2134564782345053091
0.5060060060059999865, 0.1948789926781773485
0.5085085085085000456, 0.1787085705248246392
0.5110110110109999937, 0.1645472464284330472
0.5135135135135000528, 0.1520760108559776058
0.5160160160160000009, 0.1410367409501618874
0.5185185185184999490, 0.1312187758553340078
0.5210210210210000081, 0.1224488211794357989
0.5235235235234999562, 0.1145832718041506493
0.5260260260260000154, 0.1075023131813560712
0.5285285285284999635, 0.1011053455376336174
0.5310310310310000226, 0.0953074025722523560
0.5335335335334999707, 0.0900363251602607217
0.5360360360360000298, 0.0852305135349747250
0.5385385385384999779, 0.0808371265224558933
0.5410410410410000370, 0.0768106290545304687
0.5435435435434999851, 0.0731116130711253337
0.5460460460460000442, 0.0697058345595413104
0.5485485485484999924, 0.0665634226189571188
0.5510510510510999715, 0.0636582263121092534
0.5535535535536000307, 0.0609672725443509839
0.5560560560560999788, 0.0584703139170557051
0.5585585585586000379, 0.0561494498884674495
0.5610610610610999860, 0.0539888079690869840
0.5635635635636000451, 0.0519742743218822162
0.5660660660660999932, 0.0500932652087267283
0.5685685685686000523, 0.0483345323567915264
0.5710710710711000004, 0.0466879966122631940
0.5735735735735999485, 0.0451446052794475527
0.5760760760761000077, 0.0436962093686585756
0.5785785785785999558, 0.0423354576404036259
0.5810810810811000149, 0.0410557048702351740
0.5835835835835999630, 0.0398509321945588607
0.5860860860861000221, 0.0387156777531563606
0.5885885885885999702, 0.0376449761352335502
0.5910910910911000293, 0.0366343053750498859
0.5935935935935999774, 0.0356795404405889846
0.5960960960961000366, 0.0347769123222032434
0.5985985985985999847, 0.0339229719640131155
0.6011011011011000438, 0.0331145583941136884
0.6036036036035999919, 0.0323487705043969676
0.6061061061061000510, 0.0316229420103124326
0.6086086086085999991, 0.0309346191878158844
0.6111111111110999472, 0.0302815410412540092
0.6136136136136000063, 0.0296616216037599197
0.6161161161160999544, 0.0290729341123345808
0.6186186186186000135, 0.0285136968343440989
0.6211211211210999616, 0.0279822603516482714
0.6236236236236000208, 0.0274770961337987424
0.6261261261260999689, 0.0269967862533726961
0.6286286286286000280, 0.0265400141150967522
0.6311311311310999761, 0.0261055560864286162
0.6336336336336000352, 0.0256922739310881804
0.6361361361360999833, 0.0252991079589899547
0.6386386386386000424, 0.0249250708163979984
0.6411411411410999905, 0.0245692418491318641
0.6436436436436000497, 0.0242307619794930110
0.6461461461460999978, 0.0239088290444181284
0.6486486486485999459, 0.0236026935483401347
0.6511511511512000361, 0.0233116547894662608
0.6536536536536999842, 0.0230350573227675395
0.6561561561562000433, 0.0227722877270008298
0.6586586586586999914, 0.0225227716466278177
0.6611611611612000505, 0.0222859710826173799
0.6636636636636999986, 0.0220613819088740087
0.6661661661661999467, 0.0218485315934708879
0.6686686686687000059, 0.0216469771060239999
0.6711711711711999540, 0.0214563029944559655
0.6736736736737000131, 0.0212761196160973845
0.6761761761761999612, 0.0211060615095839330
0.6786786786787000203, 0.0209457858953530050
0.6811811811811999684, 0.0207949712937435388
0.6836836836837000275, 0.0206533162507742986
0.6861861861861999756, 0.0205205381626340014
0.6886886886887000347, 0.0203963721907751694
0.6911911911911999828, 0.0202805702602727803
0.6936936936937000420, 0.0201729001347999079
0.6961961961961999901, 0.0200731445621936469
0.6986986986987000492, 0.0199811004851439961
0.7012012012011999973, 0.0198965783120424386
0.7037037037036999454, 0.0198194012434821792
0.7062062062062000045, 0.0197494046503134332
0.7087087087086999526, 0.0196864354995295796
0.7112112112112000117, 0.0196303518245976305
0.7137137137136999598, 0.0195810222371530646
0.7162162162162000190, 0.0195383254772578292
0.7187187187186999671, 0.0195021499996742148
0.7212212212212000262, 0.0194723935938388854
0.7237237237236999743, 0.0194489630354331491
0.7262262262262000334, 0.0194317737676395104
0.7287287287286999815, 0.0194207496103522281
0.7312312312312000406, 0.0194158224957735603
0.7337337337336999887, 0.0194169322289780392
0.7362362362362000479, 0.0194240262721665988
0.7387387387386999960, 0.0194370595514616849
0.7412412412412000551, 0.0194559942852145888
0.7437437437437000032, 0.0194807998329084402
0.7462462462461999513, 0.0195114525638451636
0.7487487487487000104, 0.0195479357449034295
0.7512512512512999896, 0.0195902394467477557
0.7537537537538000487, 0.0196383604679573297
0.7562562562562999968, 0.0196923022766271154
0.7587587587587999449, 0.0197520749690748287
0.7612612612613000040, 0.0198176952453646416
0.7637637637637999521, 0.0198891864014343195
0.7662662662663000113, 0.0199665783376856837
0.7687687687687999594, 0.0200499075839704090
0.7712712712713000185, 0.0201392173409747216
0.7737737737737999666, 0.0202345575380771560
0.7762762762763000257, 0.0203359849078246710
0.7787787787787999738, 0.0204435630772439592
0.7812812812813000329, 0.0205573626762772348
0.7837837837837999810, 0.0206774614637060747
0.7862862862863000402, 0.0208039444710027832
0.7887887887887999883, 0.0209369041646274776
0.7912912912913000474, 0.0210764406273706573
0.7937937937937999955, 0.0212226617594264109
0.7962962962963000546, 0.0213756834999707171
0.7987987987988000027, 0.0215356300701136406
0.8013013013012999508, 0.0217026342381939491
0.8038038038038000099, 0.0218768376084907089
0.8063063063062999580, 0.0220583909345392036
0.8088088088088000172, 0.0222474544583595446
0.8113113113112999653, 0.0224441982770356083
0.8138138138138000244, 0.0226488027382215004
0.8163163163162999725, 0.0228614588663026003
0.8188188188188000316, 0.0230823688211007211
0.8213213213212999797, 0.0233117463911885307
0.8238238238238000388, 0.0235498175240685739
0.8263263263262999869, 0.0237968208956797003
0.8288288288288000460, 0.0240530085219187936
0.8313313313312999941, 0.0243186464151112641
0.8338338338338000533, 0.0245940152886321914
0.8363363363363000014, 0.0248794113131731234
0.8388388388387999495, 0.0251751469284704349
0.8413413413413000086, 0.0254815517146636146
0.8438438438437999567, 0.0257989733278371144
0.8463463463463000158, 0.0261277785047250716
0.8488488488487999639, 0.0264683541420245895
0.8513513513514000541, 0.0268211084562776439
0.8538538538539000022, 0.0271864722308502865
0.8563563563563999503, 0.0275649001571622553
0.8588588588589000095, 0.0279568722780153614
0.8613613613613999576, 0.0283628955416334386
0.8638638638639000167, 0.0287835054758768250
0.8663663663663999648, 0.0292192679930373053
0.8688688688689000239, 0.0296707813366636763
0.8713713713713999720, 0.0301386781830344196
0.8738738738739000311, 0.0306236279111871297
0.8763763763763999792, 0.0311263390568590828
0.8788788788789000384, 0.0316475619673055736
0.8813813813813999865, 0.0321880916757609700
0.8838838838839000456, 0.0327487710163252427
0.8863863863863999937, 0.0333304940023137208
0.8888888888889000528, 0.0339342094936408226
0.8913913913914000009, 0.0345609251816544685
0.8938938938938999490, 0.0352117119230353146
0.8963963963964000081, 0.0358877084579838704
0.8988988988988999562, 0.0365901265519832375
0.9014014014014000153, 0.0373202566050217996
0.9039039039038999634, 0.0380794737773623021
0.9064064064064000226, 0.0388692446868346003
0.9089089089088999707, 0.0396911347393246183
0.9114114114114000298, 0.0405468161617368317
0.9139139139138999779, 0.0414380768153743279
0.9164164164164000370, 0.0423668298775683183
0.9189189189188999851, 0.0433351244906852451
0.9214214214214000442, 0.0443451574905833062
0.9239239239238999923, 0.0453992863414295622
0.9264264264264000515, 0.0465000434208504010
0.9289289289288999996, 0.0476501518190376727
0.9314314314313999477, 0.0488525428381005322
0.9339339339339000068, 0.0501103754041793345
0.9364364364363999549, 0.0514270576352165651
0.9389389389389000140, 0.0528062708425736868
0.9414414414413999621, 0.0542519962857664628
0.9439439439439000212, 0.0557685450475221764
0.9464464464463999693, 0.0573605914524408095
0.9489489489489000285, 0.0590332105182846539
0.9514514514515000076, 0.0607919200062199336
0.9539539539539999558, 0.0626427277274537869
0.9564564564565000149, 0.0645921848714039598
0.9589589589589999630, 0.0666474462482209706
0.9614614614615000221, 0.0688163384902639452
0.9639639639639999702, 0.0711074374381509278
0.9664664664665000293, 0.0735301561535621623
0.9689689689689999774, 0.0760948452608833925
0.9714714714715000365, 0.0788129076328209222
0.9739739739739999846, 0.0816969298134362504
0.9764764764765000438, 0.0847608330309777558
0.9789789789789999919, 0.0880200472117088351
0.9814814814815000510, 0.0914917120890745283
0.9839839839839999991, 0.0951949103411798281
0.9864864864864999472, 0.0991509387234223438
0.9889889889890000063, 0.1033836244434767210
0.9914914914914999544, 0.1079196956188462758
0.9939939939940000135, 0.1127892166489204984
0.9964964964964999616, 0.1180261018365433845
0.9989989989990000208, 0.1236687237565691072
1.0015015015019999023, 0.1297606368870677651
1.0040040040039999170, 0.1363514421543455535
1.0065065065070000205, 0.1434978246472529972
1.0090090090090000352, 0.1512648053048812335
1.0115115115119999167, 0.1597272585231566400
1.0140140140139999314, 0.1689717622518683293
1.0165165165170000350, 0.1790988665011724601
1.0190190190190000497, 0.1902258919774477974
1.0215215215219999312, 0.2024904052706934521
1.0240240240239999459, 0.2160545641164421382
1.0265265265270000494, 0.2311105908048971536
1.0290290290290000641, 0.2478877211879887132
1.0315315315319999456, 0.2666611018591656945
1.0340340340339999603, 0.2877632853201170793
1.0365365365370000639, 0.3115992271979814432
1.0390390390390000785, 0.3386660592810286086
1.0415415415419999601, 0.3695794576562067002
1.0440440440439999747, 0.4051092430141882694
1.0465465465470000783, 0.4462280973799555572
1.0490490490490000930, 0.4941792195565702928
1.0515515515519999745, 0.5505718153901905110
1.0540540540539999892, 0.6175183050507360161
1.0565565565570000928, 0.6978354206281316419
1.0590590590590001074, 0.7953455386558717644
1.0615615615619999890, 0.9153395686095442407
1.0640640640640000036, 1.0653082807766716122
1.0665665665670001072, 1.2561353722282075918
1.0690690690689998998, 1.5041169062041899185
1.0715715715720000034, 1.8345292672817845592
1.0740740740740000181, 2.2882593681621714587
1.0765765765769998996, 2.9348904227367311748
1.0790790790789999143, 3.9004873703652576111
1.0815815815820000179, 5.4321734763290461245
1.0840840840840000325, 8.0663272323915737871
1.0865865865869999141, 13.1355104460031952840
1.0890890890889999287, 24.6034548935812189541
1.0915915915920000323, 56.8702719453418126250
1.0940940940940000470, 143.0110544110079047186
1.0965965965969999285, 112.4578691932213843074
1.0990990990989999432, 42.9588561593490965151
1.1016016016020000468, 19.9541870688798397282
1.1041041041040000614, 11.1940507114002283373
1.1066066066069999430, 7.1009513495370093494
1.1091091091089999576, 4.8912931715154917001
1.1116116116120000612, 3.5715056146423131977
1.1141141141140000759, 2.7231105396244013050
1.1166166166169999574, 2.1466481511724873066
1.1191191191189999721, 1.7376856423216917591
1.1216216216220000756, 1.4373876343669440558
1.1241241241240000903, 1.2106082797041413102
1.1266266266269999718, 1.0353248369770595705
1.1291291291289999865, 0.8971784392282492471
1.1316316316320000901, 0.7864881141747994686
1.1341341341340001048, 0.6965373396179198595
1.1366366366369999863, 0.6225497715976070490
1.1391391391390000010, 0.5610549614684707809
1.1416416416420001045, 0.5094833131738449872
1.1441441441439998972, 0.4659003475516003689
1.1466466466470000007, 0.4288281426677971742
1.1491491491490000154, 0.3971227690604908211
1.1516516516519998969, 0.3698885414212006451
1.1541541541539999116, 0.3464169918692076022
1.1566566566570000152, 0.3261427634652525609
1.1591591591590000299, 0.3086112884173750071
1.1616616616619999114, 0.2934548072668118901
1.1641641641639999261, 0.2803743807729180415
1.1666666666670000296, 0.2691262686846560004
1.1691691691690000443, 0.2595115343030057198
1.1716716716719999258, 0.2513680642196634563
1.1741741741739999405, 0.2445644214412645012
1.1766766766770000441, 0.2389951109740159896
1.1791791791790000588, 0.2345769518233378204
1.1816816816819999403, 0.2312463328289076081
1.1841841841839999550, 0.2289571916457552314
1.1866866866870000585, 0.2276796032771144507
1.1891891891890000732, 0.2273989016612367742
1.1916916916919999547, 0.2281152884326354546
1.1941941941939999694, 0.2298439098453985419
1.1966966966970000730, 0.2326154082460745731
1.1991991991990000876, 0.2364769805349319076
1.2017017017019999692, 0.2414940049632795516
1.2042042042039999838, 0.2477523319427044068
1.2067067067070000874, 0.2553613775342100656
1.2092092092090001021, 0.2644582143141128161
1.2117117117119999836, 0.2752129295257196295
1.2142142142139999983, 0.2878356237200320189
1.2167167167170001019, 0.3025855676402521288
1.2192192192189998945, 0.3197832407938029919
1.2217217217219999981, 0.3398262725131996342
1.2242242242240000127, 0.3632107430519341817
1.2267267267269998943, 0.3905599543443745159
1.2292292292289999089, 0.4226637707221130302
1.2317317317320000125, 0.4605331632995744440
1.2342342342340000272, 0.5054770138870660068
1.2367367367369999087, 0.5592121459852077425
1.2392392392389999234, 0.6240240236491247927
1.2417417417420000270, 0.7030065642867506792
1.2442442442440000416, 0.8004287927368542999
1.2467467467469999232, 0.9223110024990228695
1.2492492492489999378, 1.0773588548764894135
1.2517517517520000414, 1.2785331129684469609
1.2542542542540000561, 1.5457997417352615788
1.2567567567569999376, 1.9111894935486244407
1.2592592592589999523, 2.4286646071015534076
1.2617617617620000559, 3.1947638914468239335
1.2642642642640000705, 4.3957151646369947429
1.2667667667669999521, 6.4273272890735100304
1.2692692692689999667, 10.2457139772458454274
1.2717717717720000703, 18.5916945758904574859
1.2742742742740000850, 41.1163339716957452197
1.2767767767769999665, 107.3026810388473535340
1.2792792792789999812, 113.1248534220457884203
1.2817817817820000847, 43.6973226920939055162
1.2842842842840000994, 19.4537778530132214883
1.2867867867869999809, 10.6048311365101142201
1.2892892892889999956, 6.6044421609819190522
1.2917917917920000992, 4.4932528429653704194
1.2942942942939998918, 3.2522546298301362455
1.2967967967969999954, 2.4637315657407636849
1.2992992992990000101, 1.9325907604183023558
1.3018018018019998916, 1.5582674430614049665
1.3043043043039999063, 1.2847984039247319910
1.3068068068070000098, 1.0790840228067568596
1.3093093093090000245, 0.9205528420374343712
1.3118118118119999060, 0.7958840410772016760
1.3143143143139999207, 0.6961490077344308913
1.3168168168170000243, 0.6151846605420218106
1.3193193193190000390, 0.5486279659579500478
1.3218218218219999205, 0.4933217711666083583
1.3243243243239999352, 0.4469374635348415947
1.3268268268270000387, 0.4077286377404042428
1.3293293293290000534, 0.3743663362903266734
1.3318318318319999349, 0.3458264618095494569
1.3343343343339999496, 0.3213113705977046486
1.3368368368370000532, 0.3001943575865064773
1.3393393393390000679, 0.2819797868018775189
1.3418418418419999494, 0.2662741239176592001
1.3443443443439999641, 0.2527647125831454789
1.3468468468470000676, 0.2412041630186264884
1.3493493493490000823, 0.2313989019921807722
1.3518518518519999638, 0.2232008962609280944
1.3543543543539999785, 0.2165018870300947917
1.3568568568570000821, 0.2112297127808508979
1.3593593593590000967, 0.2073464873713057322
1.3618618618619999783, 0.2048485661900991961
1.3643643643639999929, 0.2037683983919574005
1.3668668668670000965, 0.2041785520485649430
1.3693693693689998891, 0.2061984419209760833
1.3718718718719999927, 0.2100046307089166453
1.3743743743740000074, 0.2158460839573937418
1.3768768768770001110, 0.2240665531097968954
1.3793793793789999036, 0.2351375436219358961
1.3818818818820000072, 0.2497074611730853433
1.3843843843840000218, 0.2686761993447070451
1.3868868868869999034, 0.2933109495641182951
1.3893893893889999180, 0.3254310130033095660
1.3918918918920000216, 0.3677123983504060334
1.3943943943940000363, 0.4242091742730996762
1.3968968968969999178, 0.5012863262534547060
1.3993993993989999325, 0.6093791013422695801
1.4019019019020000361, 0.7665274561826277422
1.4044044044040000507, 1.0060454099063953493
1.4069069069069999323, 1.3948354076352835751
1.4094094094089999469, 2.0827680015854435069
1.4119119119120000505, 3.4582452529675062891
1.4144144144140000652, 6.7409154447099108864
1.4169169169169999467, 16.4706932663289400409
1.4194194194189999614, 35.6474777767475501378
1.4219219219220000650, 19.6043706650571465389
1.4244244244240000796, 7.7386871533723535777
1.4269269269269999612, 3.8244309749494966866
1.4294294294289999758, 2.2427290674043578456
1.4319319319320000794, 1.4705020467397085238
1.4344344344340000941, 1.0403967014916777334
1.4369369369369999756, 0.7774317866237610009
1.4394394394389999903, 0.6052249814473289469
1.4419419419420000938, 0.4863755821268076485
1.4444444444440001085, 0.4008884675659061259
1.4469469469469999900, 0.3373101992478135802
1.4494494494490000047, 0.2887057118636917608
1.4519519519520001083, 0.2506800995853672998
1.4544544544539999009, 0.2203402140987177349
1.4569569569570000045, 0.1957191042290646887
1.4594594594590000192, 0.1754419917134654727
1.4619619619619999007, 0.1585246458903030731
1.4644644644639999154, 0.1442474648338548382
1.4669669669670000189, 0.1320744633934912704
1.4694694694690000336, 0.1215997691706136030
1.4719719719719999151, 0.1125114542942507456
1.4744744744739999298, 0.1045665722752511240
1.4769769769770000334, 0.0975736033165363892
1.4794794794790000481, 0.0913798989200801104
1.4819819819819999296, 0.0858625630477302809
1.4844844844839999443, 0.0809217356976970753
1.4869869869870000478, 0.0764755819946120463
1.4894894894890000625, 0.0724565092660619803
1.4919919919919999440, 0.0688082798517127281
1.4944944944939999587, 0.0654837851844840974
1.4969969969970000623, 0.0624433135193366920
1.4994994994990000770, 0.0596531900089538741
1.5020020020019999585, 0.0570847003532445468
1.5045045045050000621, 0.0547132323685982080
1.5070070070070000767, 0.0525175864417102983
1.5095095095099999583, 0.0504794179063909748
1.5120120120119999729, 0.0485827832407506321
1.5145145145150000765, 0.0468137685433978323
1.5170170170170000912, 0.0451601836496333536
1.5195195195199999727, 0.0436113089419568958
1.5220220220219999874, 0.0421576847136081595
1.5245245245250000909, 0.0407909350890657413
1.5270270270270001056, 0.0395036201579851004
1.5295295295299999871, 0.0382891112605996398
1.5320320320320000018, 0.0371414853627300839
1.5345345345350001054, 0.0360554352438026970
1.5370370370369998980, 0.0350261928413299478
1.5395395395400000016, 0.0340494635876374685
1.5420420420420000163, 0.0331213699675747819
1.5445445445449998978, 0.0322384028411424606
1.5470470470469999125, 0.0313973793290350106
1.5495495495500000160, 0.0305954062647961662
1.5520520520520000307, 0.0298298483845812305
1.5545545545549999122, 0.0290983005621519367
1.5570570570569999269, 0.0283985635087587313
1.5595595595600000305, 0.0277286224498050592
1.5620620620620000452, 0.0270866283663897672
1.5645645645649999267, 0.0264708814530254348
1.5670670670669999414, 0.0258798164954246700
1.5695695695700000449, 0.0253119899161521056
1.5720720720720000596, 0.0247660682727309789
1.5745745745749999411, 0.0242408180236953694
1.5770770770769999558, 0.0237350964041308718
1.5795795795800000594, 0.0232478432742677862
1.5820820820820000741, 0.0227780738233500403
1.5845845845849999556, 0.0223248720268740541
1.5870870870869999703, 0.0218873847688065004
1.5895895895900000738, 0.0214648165519432735
1.5920920920920000885, 0.0210564247294674697
1.5945945945949999700, 0.0206615151992546320
1.5970970970969999847, 0.0202794385097897836
1.5995995996000000883, 0.0199095863328617763
1.6021021021020001029, 0.0195513882636535047
1.6046046046049999845, 0.0192043089135694456
1.6071071071069999991, 0.0188678452652377149
1.6096096096100001027, 0.0185415242626941999
1.6121121121119998953, 0.0182249006128601954
1.6146146146149999989, 0.0179175547771407845
1.6171171171170000136, 0.0176190911343446707
1.6196196196199998951, 0.0173291362982070860
1.6221221221219999098, 0.0170473375746245173
1.6246246246250000134, 0.0167733615453167020
1.6271271271270000280, 0.0165068927660469295
1.6296296296299999096, 0.0162476325687811105
1.6321321321319999242, 0.0159952979582699065
1.6346346346350000278, 0.0157496205945158313
1.6371371371370000425, 0.0155103458534535943
1.6396396396399999240, 0.0152772319589415048
1.6421421421419999387, 0.0150500491798457765
1.6446446446450000423, 0.0148285790866088084
1.6471471471470000569, 0.0146126138622358591
1.6496496496499999385, 0.0144019556631192307
1.6521521521519999531, 0.0141964160255532261
1.6546546546550000567, 0.0139958153141808914
1.6571571571570000714, 0.0137999822089620201
1.6596596596599999529, 0.0136087532275637954
1.6621621621619999676, 0.0134219722803565148
1.6646646646650000712, 0.0132394902554490851
1.6671671671670000858, 0.0130611646314264494
1.6696696696699999674, 0.0128868591156563895
1.6721721721719999820, 0.0127164433062179165
1.6746746746750000856, 0.0125497923756711892
1.6771771771770001003, 0.0123867867750400255
1.6796796796799999818, 0.0122273119565151946
1.6821821821819999965, 0.0120712581135110405
1.6846846846850001000, 0.0119185199368207588
1.6871871871869998927, 0.0117689963857181210
1.6896896896899999962, 0.0116225904729465156
1.6921921921920000109, 0.0114792090626212300
1.6946946946949998924, 0.0113387626801477910
1.6971971971969999071, 0.0112011653333299946
1.6996996997000000107, 0.0110663343439053753
1.7022022022020000254, 0.0109341901888045257
1.7047047047049999069, 0.0108046563504845799
1.7072072072069999216, 0.0106776591757362146
1.7097097097100000251, 0.0105531277424084878
1.7122122122120000398, 0.0104309937335371784
1.7147147147149999213, 0.0103111913184000710
1.7172172172169999360, 0.0101936570400574713
1.7197197197200000396, 0.0100783297089679855
1.7222222222220000543, 0.0099651503022991569
1.7247247247249999358, 0.0098540618685794574
1.7272272272269999505, 0.0097450094373629711
1.7297297297300000540, 0.0096379399336011425
1.7322322322320000687, 0.0095328020964370232
1.7347347347349999502, 0.0094295464021569991
1.7372372372369999649, 0.0093281249910529863
1.7397397397400000685, 0.0092284915979647213
1.7422422422420000832, 0.0091306014862872417
1.7447447447449999647, 0.0090344113852428107
1.7472472472469999794, 0.0089398794302298201
1.7497497497500000829, 0.0088469651060733706
1.7522522522520000976, 0.0087556291930136303
1.7547547547549999791, 0.0086658337152785356
1.7572572572569999938, 0.0085775418920971975
1.7597597597600000974, 0.0084907180910194432
1.7622622622619998900, 0.0084053277834153679
1.7647647647649999936, 0.0083213375020365528
1.7672672672670000082, 0.0082387148005280061
1.7697697697699998898, 0.0081574282147865943
1.7722722722719999044, 0.0080774472260680547
1.7747747747750000080, 0.0079987422257506956
1.7772772772770000227, 0.0079212844816692139
1.7797797797799999042, 0.0078450461059373575
1.7822822822819999189, 0.0077700000241828528
1.7847847847850000225, 0.0076961199461225548
1.7872872872870000371, 0.0076233803374098977
1.7897897897899999187, 0.0075517563926907044
1.7922922922919999333, 0.0074812240098070327
1.7947947947950000369, 0.0074117597650921793
1.7972972972970000516, 0.0073433408897031526
1.7997997997999999331, 0.0072759452469399483
1.8023023023019999478, 0.0072095513105037892
1.8048048048050000514, 0.0071441381436490869
1.8073073073070000660, 0.0070796853791864241
1.8098098098099999476, 0.0070161732002961266
1.8123123123119999622, 0.0069535823221142257
1.8148148148150000658, 0.0068918939740546265
1.8173173173170000805, 0.0068310898828332373
1.8198198198199999620, 0.0067711522561616621
1.8223223223219999767, 0.0067120637670797026
1.8248248248250000803, 0.0066538075388975822
1.8273273273270000949, 0.0065963671307202685
1.8298298298299999765, 0.0065397265235277342
1.8323323323319999911, 0.0064838701067863073
1.8348348348350000947, 0.0064287826655675361
1.8373373373370001094, 0.0063744493681522039
1.8398398398399999909, 0.0063208557540982129
1.8423423423420000056, 0.0062679877227521663
1.8448448448450001091, 0.0062158315221854388
1.8473473473469999018, 0.0061643737385364984
1.8498498498500000053, 0.0061136012857421276
1.8523523523520000200, 0.0060635013956410171
1.8548548548549999015, 0.0060140616084340568
1.8573573573569999162, 0.0059652697634863354
1.8598598598600000198, 0.0059171139904566385
1.8623623623620000345, 0.0058695827007408559
1.8648648648649999160, 0.0058226645792163953
1.8673673673669999307, 0.0057763485762752798
1.8698698698700000342, 0.0057306239001341779
1.8723723723720000489, 0.0056854800094101937
1.8748748748749999304, 0.0056409066059517031
1.8773773773769999451, 0.0055968936279140683
1.8798798798800000487, 0.0055534312430704971
1.8823823823820000634, 0.0055105098423487622
1.8848848848849999449, 0.0054681200335848917
1.8873873873869999596, 0.0054262526354853947
1.8898898898900000631, 0.0053848986717898997
1.8923923923920000778, 0.0053440493656264770
1.8948948948949999593, 0.0053036961340522512
1.8973973973969999740, 0.0052638305827722338
1.8998998999000000776, 0.0052244445010296015
1.9024024024020000923, 0.0051855298566609569
1.9049049049049999738, 0.0051470787913103846
1.9074074074069999885, 0.0051090836157963509
1.9099099099100000920, 0.0050715368056258019
1.9124124124120001067, 0.0050344309966499964
1.9149149149149999882, 0.0049977589808568893
1.9174174174170000029, 0.0049615137022950579
1.9199199199200001065, 0.0049256882531244148
1.9224224224219998991, 0.0048902758697890840
1.9249249249250000027, 0.0048552699293080998
1.9274274274270000173, 0.0048206639456796667
1.9299299299299998989, 0.0047864515663949654
1.9324324324319999135, 0.0047526265690576164
1.9349349349350000171, 0.0047191828581050910
1.9374374374370000318, 0.0046861144616284819
1.9399399399399999133, 0.0046534155282872101
1.9424424424419999280, 0.0046210803243153867
1.9449449449450000316, 0.0045891032306166453
1.9474474474470000462, 0.0045574787399444323
1.9499499499499999278, 0.0045262014541648053
1.9524524524519999424, 0.0044952660815989615
1.9549549549550000460, 0.0044646674344427859
1.9574574574570000607, 0.0044344004262608216
1.9599599599599999422, 0.0044044600695521876
1.9624624624619999569, 0.0043748414733860196
1.9649649649650000605, 0.0043455398411041497
1.9674674674670000751, 0.0043165504680887923
1.9699699699699999567, 0.0042878687395931040
1.9724724724719999713, 0.0042594901286325598
1.9749749749750000749, 0.0042314101939351697
1.9774774774770000896, 0.0042036245779486208
1.9799799799799999711, 0.0041761290049025209
1.9824824824819999858, 0.0041489192789239595
1.9849849849850000894, 0.0041219912822047086
1.9874874874870001040, 0.0040953409732183855
1.9899899899899999856, 0.0040689643849860218
1.9924924924920000002, 0.0040428576233885218
1.9949949949950001038, 0.0040170168655244932
1.9974974974969998964, 0.0039914383581120920
2.0000000000000000000, 0.0039661184159334754
