# Delta1: 0.46
# Delta2: 1.17
# Delta3: 1.34
# Dq: 0.08800000000000002
# Ds: -0.09000000000000001
# Dt: -0.01999999999999998
# k1_lab: [1, 0, 0]
# k2_lab: [-0.8660254037844387, 0.49999999999999994, 0.0]
# k1_cf: [-0.5416752204197018, -0.5416752204197018, -0.6427876096865394]
# k2_cf: [0.24184476264797528, 0.24184476264797528, 0.9396926207859084]
# pol1_lab: [(0, 1, 0), (0, 0, 1)]
# pol2_lab: [array([-0.5      , -0.8660254,  0.       ]), array([0., 0., 1.])]
# pol1_cf: [array([-0.45451948, -0.45451948,  0.76604444]), array([-0.70710678,  0.70710678,  0.        ])]
# pol2_cf: [array([ 0.66446302,  0.66446302, -0.34202014]), array([-0.70710678,  0.70710678,  0.        ])]
# cf: [array([-0.54167522, -0.45451948, -0.70710678]), array([-0.54167522, -0.45451948,  0.70710678]), array([-0.64278761,  0.76604444,  0.        ])]
# th: 130
-0.5000000000000000000, 0.0032835589573107374
-0.4974974974974999964, 0.0033092096930495141
-0.4949949949949999928, 0.0033352066603291705
-0.4924924924924999892, 0.0033615565412955751
-0.4899899899899999856, 0.0033882661848847833
-0.4874874874874999819, 0.0034153426119108371
-0.4849849849849999783, 0.0034427930203367058
-0.4824824824824999747, 0.0034706247907359288
-0.4799799799800000266, 0.0034988454919529467
-0.4774774774775000230, 0.0035274628869704176
-0.4749749749750000194, 0.0035564849389922619
-0.4724724724725000158, 0.0035859198177515621
-0.4699699699700000122, 0.0036157759060528958
-0.4674674674675000086, 0.0036460618065591501
-0.4649649649650000049, 0.0036767863488333247
-0.4624624624625000013, 0.0037079585966463815
-0.4599599599599999977, 0.0037395878555627092
-0.4574574574574999941, 0.0037716836808153525
-0.4549549549549999905, 0.0038042558854837743
-0.4524524524524999869, 0.0038373145489875140
-0.4499499499499000077, 0.0038708700259098318
-0.4474474474474000041, 0.0039049329551660806
-0.4449449449449000005, 0.0039395142695323442
-0.4424424424423999969, 0.0039746252055506371
-0.4399399399398999932, 0.0040102773138278175
-0.4374374374373999896, 0.0040464824697462416
-0.4349349349348999860, 0.0040832528846051225
-0.4324324324323999824, 0.0041206011172125493
-0.4299299299298999788, 0.0041585400859491650
-0.4274274274273999752, 0.0041970830813256171
-0.4249249249249000271, 0.0042362437790570626
-0.4224224224224000235, 0.0042760362536792482
-0.4199199199199000199, 0.0043164749927320327
-0.4174174174174000163, 0.0043575749115375619
-0.4149149149149000126, 0.0043993513686018549
-0.4124124124124000090, 0.0044418201816700670
-0.4099099099099000054, 0.0044849976444674301
-0.4074074074074000018, 0.0045289005441595653
-0.4049049049048999982, 0.0045735461795678176
-0.4024024024023999946, 0.0046189523801772030
-0.3998998998998999910, 0.0046651375259767341
-0.3973973973973999874, 0.0047121205681740774
-0.3948948948948999838, 0.0047599210508289837
-0.3923923923923999801, 0.0048085591334523902
-0.3898898898898999765, 0.0048580556146209271
-0.3873873873873999729, 0.0049084319566593130
-0.3848848848849000248, 0.0049597103114463635
-0.3823823823824000212, 0.0050119135474034678
-0.3798798798799000176, 0.0050650652777280520
-0.3773773773774000140, 0.0051191898899381116
-0.3748748748749000104, 0.0051743125767980359
-0.3723723723724000068, 0.0052304593687001093
-0.3698698698699000031, 0.0052876571675806276
-0.3673673673673999995, 0.0053459337824544777
-0.3648648648648999959, 0.0054053179666571291
-0.3623623623623999923, 0.0054658394568886069
-0.3598598598598999887, 0.0055275290141599239
-0.3573573573573999851, 0.0055904184667487783
-0.3548548548548999815, 0.0056545407552781512
-0.3523523523523999779, 0.0057199299800387241
-0.3498498498497999987, 0.0057866214506838189
-0.3473473473472999951, 0.0058546517384339466
-0.3448448448447999914, 0.0059240587309370620
-0.3423423423422999878, 0.0059948816899401802
-0.3398398398397999842, 0.0060671613119384644
-0.3373373373372999806, 0.0061409397919789353
-0.3348348348347999770, 0.0062162608908079651
-0.3323323323322999734, 0.0062931700055645105
-0.3298298298298000253, 0.0063717142442349670
-0.3273273273273000217, 0.0064519425041003374
-0.3248248248248000181, 0.0065339055544225526
-0.3223223223223000145, 0.0066176561236339429
-0.3198198198198000108, 0.0067032489913127283
-0.3173173173173000072, 0.0067907410852473069
-0.3148148148148000036, 0.0068801915839140186
-0.3123123123123000000, 0.0069716620247165621
-0.3098098098097999964, 0.0070652164183604479
-0.3073073073072999928, 0.0071609213697636231
-0.3048048048047999892, 0.0072588462059339619
-0.3023023023022999856, 0.0073590631112764697
-0.2997997997997999819, 0.0074616472708282254
-0.2972972972972999783, 0.0075666770219566058
-0.2947947947947999747, 0.0076742340150976378
-0.2922922922923000266, 0.0077844033841559810
-0.2897897897898000230, 0.0078972739272361921
-0.2872872872873000194, 0.0080129382984281562
-0.2847847847848000158, 0.0081314932114264736
-0.2822822822823000122, 0.0082530396558262564
-0.2797797797798000086, 0.0083776831270061074
-0.2772772772773000050, 0.0085055338705827370
-0.2747747747748000013, 0.0086367071425034608
-0.2722722722722999977, 0.0087713234859307272
-0.2697697697697999941, 0.0089095090261698869
-0.2672672672672999905, 0.0090513957849974232
-0.2647647647647999869, 0.0091971220158624870
-0.2622622622622999833, 0.0093468325615618207
-0.2597597597597999797, 0.0095006792361275270
-0.2572572572572999761, 0.0096588212328198794
-0.2547547547547999724, 0.0098214255602857240
-0.2522522522523000243, 0.0099886675091274708
-0.2497497497496999896, 0.0101607311513313633
-0.2472472472472000138, 0.0103378098752275847
-0.2447447447447000102, 0.0105201069589019487
-0.2422422422422000066, 0.0107078361852515833
-0.2397397397397000030, 0.0109012225021785231
-0.2372372372371999993, 0.0111005027317480284
-0.2347347347346999957, 0.0113059263325080428
-0.2322322322321999921, 0.0115177562195744269
-0.2297297297296999885, 0.0117362696475408305
-0.2272272272272000126, 0.0119617591617757809
-0.2247247247247000090, 0.0121945336242299182
-0.2222222222222000054, 0.0124349193204999382
-0.2197197197197000018, 0.0126832611555911471
-0.2172172172171999982, 0.0129399239465959950
-0.2147147147146999946, 0.0132052938213725376
-0.2122122122121999910, 0.0134797797332760292
-0.2097097097096999874, 0.0137638151030824163
-0.2072072072072000115, 0.0140578596004596289
-0.2047047047047000079, 0.0143624010787098914
-0.2022022022022000043, 0.0146779576780430385
-0.1996996996997000007, 0.0150050801143717626
-0.1971971971971999971, 0.0153443541725714217
-0.1946946946946999935, 0.0156964034253509049
-0.1921921921921999898, 0.0160618922013737765
-0.1896896896896999862, 0.0164415288290922050
-0.1871871871872000104, 0.0168360691859593681
-0.1846846846847000068, 0.0172463205863256780
-0.1821821821822000032, 0.0176731460454669261
-0.1796796796796999995, 0.0181174689619156490
-0.1771771771771999959, 0.0185802782656617343
-0.1746746746746999923, 0.0190626340859602686
-0.1721721721721999887, 0.0195656739995601105
-0.1696696696697000128, 0.0200906199282919057
-0.1671671671672000092, 0.0206387857643041892
-0.1646646646647000056, 0.0212115858120162995
-0.1621621621622000020, 0.0218105441483120652
-0.1596596596596999984, 0.0224373050169185614
-0.1571571571571999948, 0.0230936443896469848
-0.1546546546546999912, 0.0237814828466324270
-0.1521521521521999876, 0.0245028999503908405
-0.1496496496496000084, 0.0252601503150158557
-0.1471471471471000048, 0.0260556816028807217
-0.1446446446446000011, 0.0268921547176642871
-0.1421421421420999975, 0.0277724665054422983
-0.1396396396395999939, 0.0286997753262533961
-0.1371371371370999903, 0.0296775299185420352
-0.1346346346345999867, 0.0307095020501062833
-0.1321321321321000108, 0.0317998235340055807
-0.1296296296296000072, 0.0329530282892195256
-0.1271271271271000036, 0.0341741002472952526
-0.1246246246246000000, 0.0354685280522640950
-0.1221221221220999964, 0.0368423676773291867
-0.1196196196196000067, 0.0383023142952365059
-0.1171171171171000031, 0.0398557849986566348
-0.1146146146145999994, 0.0415110142834679910
-0.1121121121120999958, 0.0432771645957056861
-0.1096096096096000061, 0.0451644547201971377
-0.1071071071071000025, 0.0471843093787249479
-0.1046046046045999989, 0.0493495341378544089
-0.1021021021020999953, 0.0516745206401067747
-0.0995995995996000055, 0.0541754883175485924
-0.0970970970971000019, 0.0568707701904856283
-0.0945945945945900063, 0.0597811521834639079
-0.0920920920920900027, 0.0629302777227560839
-0.0895895895895899991, 0.0663451323699595918
-0.0870870870870899955, 0.0700566271056634882
-0.0845845845845799998, 0.0741003038912503575
-0.0820820820820799962, 0.0785171936974286000
-0.0795795795795800065, 0.0833548658361566441
-0.0770770770770800029, 0.0886687189225343203
-0.0745745745745699934, 0.0945235791866695790
-0.0720720720720700037, 0.1009956926617238959
-0.0695695695695700000, 0.1081752261620385486
-0.0670670670670699964, 0.1161694310862676355
-0.0645645645645600008, 0.1251066785712653118
-0.0620620620620599972, 0.1351416512921490010
-0.0595595595595600005, 0.1464620866911854613
-0.0570570570570599969, 0.1592976246301036625
-0.0545545545545500013, 0.1739315443370675895
-0.0520520520520499977, 0.1907165205917116524
-0.0495495495495500010, 0.2100960511916214468
-0.0470470470470499974, 0.2326340120413172841
-0.0445445445445400018, 0.2590560598199606601
-0.0420420420420399982, 0.2903086306442519415
-0.0395395395395400015, 0.3276446175240638192
-0.0370370370370399979, 0.3727504361324676108
-0.0345345345345300023, 0.4279389645594806613
-0.0320320320320299987, 0.4964503920995063657
-0.0295295295295299985, 0.5829356962362288730
-0.0270270270270299984, 0.6942609355858898601
-0.0245245245245199993, 0.8408998378050676070
-0.0220220220220199991, 1.0394605365189872881
-0.0195195195195199990, 1.3175318032243183985
-0.0170170170170199989, 1.7236204713786955622
-0.0145145145145099998, 2.3492676848758349273
-0.0120120120120099996, 3.3835743119383483446
-0.0095095095095099995, 5.2663454775535782915
-0.0070070070070070000, 9.1962624105725456758
-0.0045045045045049997, 19.1738380919610733599
-0.0020020020020019998, 49.6022602094749629487
0.0005005005005005000, 78.2717958618396920656
0.0030030030030029999, 33.3272661579665054887
0.0055055055055059999, 13.9201563105304444434
0.0080080080080079993, 7.2333471359797352207
0.0105105105105099995, 4.3631056523289970528
0.0130130130130099997, 2.9017668108537657545
0.0155155155155200005, 2.0642305959948741290
0.0180180180180199989, 1.5418445563430962508
0.0205205205205199991, 1.1948850975412972364
0.0230230230230199992, 0.9530250184680872927
0.0255255255255299983, 0.7778520482804857084
0.0280280280280299984, 0.6469847516447904123
0.0305305305305299986, 0.5466821338514732398
0.0330330330330299987, 0.4681360722957700338
0.0355355355355400013, 0.4054925010056242285
0.0380380380380399979, 0.3547391640157818160
0.0405405405405400016, 0.3130523973648632330
0.0430430430430399982, 0.2783987659483483368
0.0455455455455500008, 0.2492840483314472666
0.0480480480480499975, 0.2245904726685440944
0.0505505505505500011, 0.2034684733270450963
0.0530530530530499977, 0.1852630675686744721
0.0555555555555600003, 0.1694627605689579264
0.0580580580580599970, 0.1556634360475125933
0.0605605605605600006, 0.1435424148274586642
0.0630630630630600042, 0.1328395376832443575
0.0655655655655699998, 0.1233431809472205487
0.0680680680680700034, 0.1148797884475655645
0.0705705705705699932, 0.1073059448340262789
0.0730730730730699968, 0.1005023091254182016
0.0755755755755800063, 0.0943689259600953567
0.0780780780780799960, 0.0888215683562839087
0.0805805805805799996, 0.0837888606381833601
0.0830830830830800032, 0.0792099970222731598
0.0855855855855899988, 0.0750329190213847586
0.0880880880880900025, 0.0712128491924860774
0.0905905905905900061, 0.0677111037949958972
0.0930930930930899958, 0.0644941253500411898
0.0955955955956000053, 0.0615326897708829770
0.0980980980980999950, 0.0588012529802881337
0.1006006006005999986, 0.0562774096668243670
0.1031031031031000023, 0.0539414427186410417
0.1056056056056000059, 0.0517759463852370538
0.1081081081080999956, 0.0497655096999878727
0.1106106106105999992, 0.0478964494014679290
0.1131131131131000028, 0.0461565837063726281
0.1156156156156000064, 0.0445350399498453606
0.1181181181180999962, 0.0430220904241681509
0.1206206206205999998, 0.0416090117924635822
0.1231231231231000034, 0.0402879642897832763
0.1256256256256000070, 0.0390518875951795102
0.1281281281281000106, 0.0378944107999990981
0.1306306306305999865, 0.0368097743366956193
0.1331331331330999901, 0.0357927620899007315
0.1356356356355999937, 0.0348386422037091081
0.1381381381380999973, 0.0339431153389747053
0.1406406406406000009, 0.0331022693320315239
0.1431431431431000045, 0.0323125393696766586
0.1456456456456000081, 0.0315706729308853629
0.1481481481481000118, 0.0308736988586810271
0.1506506506506999910, 0.0302189000199600127
0.1531531531531999946, 0.0296037890901828041
0.1556556556556999982, 0.0290260870663609435
0.1581581581582000018, 0.0284837041678694738
0.1606606606607000054, 0.0279747228320642374
0.1631631631632000090, 0.0274973825519318135
0.1656656656657000126, 0.0270500663372338496
0.1681681681681999885, 0.0266312886098037521
0.1706706706706999921, 0.0262396843686203002
0.1731731731731999957, 0.0258739994816866506
0.1756756756756999993, 0.0255330819801421124
0.1781781781782000029, 0.0252158742458861961
0.1806806806807000065, 0.0249214059976916591
0.1831831831832000101, 0.0246487879926452248
0.1856856856857000138, 0.0243972063700545472
0.1881881881881999896, 0.0241659175739297252
0.1906906906906999932, 0.0239542437979755121
0.1931931931931999968, 0.0237615689038870662
0.1956956956957000004, 0.0235873347697613187
0.1981981981982000041, 0.0234310380307409249
0.2007007007007000077, 0.0232922271786976699
0.2032032032032000113, 0.0231704999919252613
0.2057057057056999871, 0.0230655012695231594
0.2082082082081999908, 0.0229769208484775708
0.2107107107106999944, 0.0229044918844407974
0.2132132132131999980, 0.0228479893799242786
0.2157157157157000016, 0.0228072289460973590
0.2182182182182000052, 0.0227820657866629125
0.2207207207207000088, 0.0227723938943952126
0.2232232232232000124, 0.0227781454529070414
0.2257257257256999883, 0.0227992904380909800
0.2282282282281999919, 0.0228358364154788995
0.2307307307306999955, 0.0228878285315108135
0.2332332332331999991, 0.0229553496984215219
0.2357357357357000027, 0.0230385209741657687
0.2382382382382000063, 0.0231375021405315698
0.2407407407407000099, 0.0232524924843614880
0.2432432432432000136, 0.0233837317886371673
0.2457457457456999894, 0.0235315015421074143
0.2482482482481999930, 0.0236961263781842145
0.2507507507508000000, 0.0238779757560209707
0.2532532532533000036, 0.0240774658990577720
0.2557557557558000072, 0.0242950620089034987
0.2582582582583000108, 0.0245312807752665271
0.2607607607608000144, 0.0247866932057878020
0.2632632632633000180, 0.0250619278031259871
0.2657657657658000216, 0.0253576741205534459
0.2682682682683000253, 0.0256746867317100419
0.2707707707707999734, 0.0260137896551127651
0.2732732732732999770, 0.0263758812796199699
0.2757757757757999806, 0.0267619398434094345
0.2782782782782999842, 0.0271730295262758229
0.2807807807807999878, 0.0276103072233273988
0.2832832832832999914, 0.0280750300776434446
0.2857857857857999950, 0.0285685638603409113
0.2882882882882999986, 0.0290923922990347222
0.2907907907908000023, 0.0296481274701492631
0.2932932932933000059, 0.0302375213872827717
0.2957957957958000095, 0.0308624789372561950
0.2982982982983000131, 0.0315250723380707393
0.3008008008008000167, 0.0322275573193413628
0.3033033033033000203, 0.0329723912565681870
0.3058058058058000239, 0.0337622535266936322
0.3083083083083000275, 0.0346000683948024662
0.3108108108107999756, 0.0354890307917904158
0.3133133133132999792, 0.0364326354018695217
0.3158158158157999829, 0.0374347095487513465
0.3183183183182999865, 0.0384994504525085768
0.3208208208207999901, 0.0396314675282684672
0.3233233233232999937, 0.0408358305164753937
0.3258258258257999973, 0.0421181243767539681
0.3283283283283000009, 0.0434845120487407366
0.3308308308308000045, 0.0449418063902666878
0.3333333333333000081, 0.0464975528543427608
0.3358358358358000118, 0.0481601247720302716
0.3383383383383000154, 0.0499388334818260463
0.3408408408408000190, 0.0518440560046251539
0.3433433433433000226, 0.0538873835283404032
0.3458458458458000262, 0.0560817946657892405
0.3483483483482999743, 0.0584418583195455421
0.3508508508509000090, 0.0609839720750038686
0.3533533533534000126, 0.0637266434092077366
0.3558558558559000162, 0.0666908227286736460
0.3583583583584000198, 0.0699002994413002732
0.3608608608609000235, 0.0733821750677564610
0.3633633633634000271, 0.0771674309975758088
0.3658658658658999752, 0.0812916131529232699
0.3683683683683999788, 0.0857956618908174845
0.3708708708708999824, 0.0907269234365914445
0.3733733733733999860, 0.0961403896685749937
0.3758758758758999896, 0.1021002271053795818
0.3783783783783999932, 0.1086816748093489549
0.3808808808808999968, 0.1159734165063532191
0.3833833833834000004, 0.1240805672661734749
0.3858858858859000041, 0.1331284635794910132
0.3883883883884000077, 0.1432675135060282601
0.3908908908909000113, 0.1546794595906396119
0.3933933933934000149, 0.1675855448775278034
0.3958958958959000185, 0.1822572723131546946
0.3983983983984000221, 0.1990307426041532102
0.4009009009009000257, 0.2183259970490478152
0.4034034034033999738, 0.2406734643794125605
0.4059059059058999774, 0.2667506544286080139
0.4084084084083999810, 0.2974338947716285153
0.4109109109108999847, 0.3338725844922882380
0.4134134134133999883, 0.3775978852595585078
0.4159159159158999919, 0.4306853556479459666
0.4184184184183999955, 0.4960043777420837241
0.4209209209208999991, 0.5776115113797659628
0.4234234234234000027, 0.6813908570587663416
0.4259259259259000063, 0.8161353413860020778
0.4284284284284000099, 0.9954517337896066076
0.4309309309309000136, 1.2412888176437897325
0.4334334334334000172, 1.5908727761532819311
0.4359359359359000208, 2.1113608537523065323
0.4384384384384000244, 2.9336893167282349637
0.4409409409408999725, 4.3400469872677325256
0.4434434434433999761, 7.0248762509799744791
0.4459459459458999797, 13.0283075079407701935
0.4484484484483999833, 29.6919125155692391616
0.4509509509510000180, 76.0124354230989496273
0.4534534534535000216, 65.7805686192009488877
0.4559559559560000253, 25.1152029729075110254
0.4584584584584999734, 11.4969730776461496191
0.4609609609609999770, 6.3835357602742774930
0.4634634634634999806, 4.0195908156456692240
0.4659659659659999842, 2.7526110789916340416
0.4684684684684999878, 1.9996353746596444712
0.4709709709709999914, 1.5172859533243130414
0.4734734734734999950, 1.1903265277385339793
0.4759759759759999986, 0.9587278731669257592
0.4784784784785000022, 0.7888057812984339279
0.4809809809810000059, 0.6605032087007293162
0.4834834834835000095, 0.5612850017280006654
0.4859859859860000131, 0.4829956697693121304
0.4884884884885000167, 0.4201462226991097282
0.4909909909910000203, 0.3689337718746705796
0.4934934934935000239, 0.3266568197949587526
0.4959959959960000275, 0.2913538984862593106
0.4984984984984999756, 0.2615732065098268500
0.5010010010009999792, 0.2362216979975787501
0.5035035035035000384, 0.2144638049794097001
0.5060060060059999865, 0.1956519896366947509
0.5085085085085000456, 0.1792781936396879439
0.5110110110109999937, 0.1649392994379293431
0.5135135135135000528, 0.1523121678434655180
0.5160160160160000009, 0.1411353348616221082
0.5185185185184999490, 0.1311954131405423662
0.5210210210210000081, 0.1223168656760652562
0.5235235235234999562, 0.1143542291874714012
0.5260260260260000154, 0.1071861390146331139
0.5285285285284999635, 0.1007106940576144583
0.5310310310310000226, 0.0948418290904728123
0.5335335335334999707, 0.0895064518590147074
0.5360360360360000298, 0.0846421661504114797
0.5385385385384999779, 0.0801954477050060288
0.5410410410410000370, 0.0761201729175363107
0.5435435435434999851, 0.0723764244685787261
0.5460460460460000442, 0.0689295158922922230
0.5485485485484999924, 0.0657491903974174868
0.5510510510510999715, 0.0628089592600219876
0.5535535535536000307, 0.0600855526815982227
0.5560560560560999788, 0.0575584617868001580
0.5585585585586000379, 0.0552095548780493772
0.5610610610610999860, 0.0530227545021874011
0.5635635635636000451, 0.0509837645617862295
0.5660660660660999932, 0.0490798388016694953
0.5685685685686000523, 0.0472995836546593607
0.5710710710711000004, 0.0456327897409682243
0.5735735735735999485, 0.0440702873596897499
0.5760760760761000077, 0.0426038221468736655
0.5785785785785999558, 0.0412259477473824326
0.5810810810811000149, 0.0399299328915397045
0.5835835835835999630, 0.0387096807091464531
0.5860860860861000221, 0.0375596584735133354
0.5885885885885999702, 0.0364748362629792669
0.5910910910911000293, 0.0354506332697305249
0.5935935935935999774, 0.0344828706856951939
0.5960960960961000366, 0.0335677302608782674
0.5985985985985999847, 0.0327017177671092077
0.6011011011011000438, 0.0318816307149137820
0.6036036036035999919, 0.0311045297672038201
0.6061061061061000510, 0.0303677133740235319
0.6086086086085999991, 0.0296686952203844695
0.6111111111110999472, 0.0290051841364505764
0.6136136136136000063, 0.0283750661677819455
0.6161161161160999544, 0.0277763885444712796
0.6186186186186000135, 0.0272073453230094534
0.6211211211210999616, 0.0266662645045839149
0.6236236236236000208, 0.0261515964590630957
0.6261261261260999689, 0.0256619035058275324
0.6286286286286000280, 0.0251958505214378292
0.6311311311310999761, 0.0247521964603496722
0.6336336336336000352, 0.0243297866888892295
0.6361361361360999833, 0.0239275460448170191
0.6386386386386000424, 0.0235444725453120424
0.6411411411410999905, 0.0231796316753315051
0.6436436436436000497, 0.0228321511962438981
0.6461461461460999978, 0.0225012164215587021
0.6486486486485999459, 0.0221860659126271523
0.6511511511512000361, 0.0218859875524849493
0.6536536536536999842, 0.0216003149606516405
0.6561561561562000433, 0.0213284242157803644
0.6586586586586999914, 0.0210697308566403993
0.6611611611612000505, 0.0208236871350772068
0.6636636636636999986, 0.0205897794973861903
0.6661661661661999467, 0.0203675262730039566
0.6686686686687000059, 0.0201564755516057473
0.6711711711711999540, 0.0199562032316350640
0.6736736736737000131, 0.0197663112250115389
0.6761761761761999612, 0.0195864258042936917
0.6786786786787000203, 0.0194161960799347950
0.6811811811811999684, 0.0192552925964859303
0.6836836836837000275, 0.0191034060376847510
0.6861861861861999756, 0.0189602460313390286
0.6886886886887000347, 0.0188255400457828619
0.6911911911911999828, 0.0186990323704621444
0.6936936936937000420, 0.0185804831739055550
0.6961961961961999901, 0.0184696676329658242
0.6986986986987000492, 0.0183663751277818449
0.7012012012011999973, 0.0182704084974226258
0.7037037037036999454, 0.0181815833516339592
0.7062062062062000045, 0.0180997274345251341
0.7087087087086999526, 0.0180246800364092345
0.7112112112112000117, 0.0179562914503518904
0.7137137137136999598, 0.0178944224702930511
0.7162162162162000190, 0.0178389439278875059
0.7187187187186999671, 0.0177897362654665658
0.7212212212212000262, 0.0177466891427562855
0.7237237237236999743, 0.0177097010752015303
0.7262262262262000334, 0.0176786791019398655
0.7287287287286999815, 0.0176535384816486861
0.7312312312312000406, 0.0176342024146528970
0.7337337337336999887, 0.0176206017898322097
0.7362362362362000479, 0.0176126749550065409
0.7387387387386999960, 0.0176103675096073095
0.7412412412412000551, 0.0176136321185624001
0.7437437437437000032, 0.0176224283464341408
0.7462462462461999513, 0.0176367225109538943
0.7487487487487000104, 0.0176564875551945451
0.7512512512512999896, 0.0176817029377143546
0.7537537537538000487, 0.0177123545400922205
0.7562562562562999968, 0.0177484345913571998
0.7587587587587999449, 0.0177899416088938937
0.7612612612613000040, 0.0178368803554807415
0.7637637637637999521, 0.0178892618121912900
0.7662662662663000113, 0.0179471031669593412
0.7687687687687999594, 0.0180104278186778190
0.7712712712713000185, 0.0180792653967694443
0.7737737737737999666, 0.0181536517962341548
0.7762762762763000257, 0.0182336292282456180
0.7787787787787999738, 0.0183192462864358654
0.7812812812813000329, 0.0184105580290752045
0.7837837837837999810, 0.0185076260774232268
0.7862862862863000402, 0.0186105187305969852
0.7887887887887999883, 0.0187193110973751450
0.7912912912913000474, 0.0188340852454312348
0.7937937937937999955, 0.0189549303685675186
0.7962962962963000546, 0.0190819429726019098
0.7987987987988000027, 0.0192152270806462133
0.8013013013012999508, 0.0193548944586038468
0.8038038038038000099, 0.0195010648618110065
0.8063063063062999580, 0.0196538663038466621
0.8088088088088000172, 0.0198134353486453113
0.8113113113112999653, 0.0199799174271621943
0.8138138138138000244, 0.0201534671799657519
0.8163163163162999725, 0.0203342488272656718
0.8188188188188000316, 0.0205224365680299545
0.8213213213212999797, 0.0207182150100006582
0.8238238238238000388, 0.0209217796325877128
0.8263263263262999869, 0.0211333372848042898
0.8288288288288000460, 0.0213531067206073621
0.8313313313312999941, 0.0215813191742253857
0.8338338338338000533, 0.0218182189782930025
0.8363363363363000014, 0.0220640642278731001
0.8388388388387999495, 0.0223191274937307102
0.8413413413413000086, 0.0225836965885363380
0.8438438438437999567, 0.0228580753900171456
0.8463463463463000158, 0.0231425847254522268
0.8488488488487999639, 0.0234375633223209076
0.8513513513514000541, 0.0237433688303691354
0.8538538538539000022, 0.0240603789208620328
0.8563563563563999503, 0.0243889924693444018
0.8588588588589000095, 0.0247296308288457931
0.8613613613613999576, 0.0250827392011443995
0.8638638638639000167, 0.0254487881144558510
0.8663663663663999648, 0.0258282750167486072
0.8688688688689000239, 0.0262217259948113526
0.8713713713713999720, 0.0266296976302305248
0.8738738738739000311, 0.0270527790045808278
0.8763763763763999792, 0.0274915938674100205
0.8788788788789000384, 0.0279468029820265258
0.8813813813813999865, 0.0284191066656901102
0.8838838838839000456, 0.0289092475425915263
0.8863863863863999937, 0.0294180135300030482
0.8888888888889000528, 0.0299462410802234513
0.8913913913914000009, 0.0304948187034599603
0.8938938938938999490, 0.0310646907996195362
0.8963963963964000081, 0.0316568618301756033
0.8988988988988999562, 0.0322724008648738736
0.9014014014014000153, 0.0329124465421093276
0.9039039039038999634, 0.0335782124864097350
0.9064064064064000226, 0.0342709932316753035
0.9089089089088999707, 0.0349921707047490260
0.9114114114114000298, 0.0357432213306233398
0.9139139139138999779, 0.0365257238282582497
0.9164164164164000370, 0.0373413677747377742
0.9189189189188999851, 0.0381919630254888287
0.9214214214214000442, 0.0390794500897423125
0.9239239239238999923, 0.0400059115735495185
0.9264264264264000515, 0.0409735848177672085
0.9289289289288999996, 0.0419848758758152862
0.9314314314313999477, 0.0430423749960730309
0.9339339339339000068, 0.0441488737969910547
0.9364364364363999549, 0.0453073843498830314
0.9389389389389000140, 0.0465211604155977704
0.9414414414413999621, 0.0477937211176333726
0.9439439439439000212, 0.0491288773766768022
0.9464464464463999693, 0.0505307614811845579
0.9489489489489000285, 0.0520038602268057815
0.9514514514515000076, 0.0535530521258640313
0.9539539539539999558, 0.0551836492687591065
0.9564564564565000149, 0.0569014445144671865
0.9589589589589999630, 0.0587127648003236621
0.9614614614615000221, 0.0606245314956097431
0.9639639639639999702, 0.0626443288836774081
0.9664664664665000293, 0.0647804820490153338
0.9689689689689999774, 0.0670421456756950807
0.9714714714715000365, 0.0694394055407017707
0.9739739739739999846, 0.0719833948204899321
0.9764764764765000438, 0.0746864277352893291
0.9789789789789999919, 0.0775621535502822035
0.9814814814815000510, 0.0806257345574028644
0.9839839839839999991, 0.0838940524037594670
0.9864864864864999472, 0.0873859480477259531
0.9889889889890000063, 0.0911225017569596007
0.9914914914914999544, 0.0951273609725370728
0.9939939939940000135, 0.0994271256262211911
0.9964964964964999616, 0.1040518027132726619
0.9989989989990000208, 0.1090353447222390942
1.0015015015019999023, 0.1144162900795495375
1.0040040040039999170, 0.1202385283120459558
1.0065065065070000205, 0.1265522184758894331
1.0090090090090000352, 0.1334148969664593620
1.0115115115119999167, 0.1408928206848482634
1.0140140140139999314, 0.1490626044816920903
1.0165165165170000350, 0.1580132289230873344
1.0190190190190000497, 0.1678485172590314933
1.0215215215219999312, 0.1786902111890125155
1.0240240240239999459, 0.1906818167071369086
1.0265265265270000494, 0.2039934484406144000
1.0290290290290000641, 0.2188279800017322585
1.0315315315319999456, 0.2354289186178283311
1.0340340340339999603, 0.2540905791741223108
1.0365365365370000639, 0.2751713578343273348
1.0390390390390000785, 0.2991112326205682681
1.0415415415419999601, 0.3264551011568658234
1.0440440440439999747, 0.3578842895801078727
1.0465465465470000783, 0.3942596704828469356
1.0490490490490000930, 0.4366815430563329992
1.0515515515519999745, 0.4865741491677926245
1.0540540540539999892, 0.5458071121728623742
1.0565565565570000928, 0.6168734235251749354
1.0590590590590001074, 0.7031561449375351991
1.0615615615619999890, 0.8093380999009907040
1.0640640640640000036, 0.9420491545239209064
1.0665665665670001072, 1.1109221718189012940
1.0690690690689998998, 1.3303803695164919674
1.0715715715720000034, 1.6227952325139904932
1.0740740740740000181, 2.0243547517002564717
1.0765765765769998996, 2.5966453316048458966
1.0790790790789999143, 3.4512440112175912788
1.0815815815820000179, 4.8068736835769332316
1.0840840840840000325, 7.1382701891514130921
1.0865865865869999141, 11.6248523628423310328
1.0890890890889999287, 21.7748252665300512376
1.0915915915920000323, 50.3333863929224207823
1.0940940940940000470, 126.5745170255413540872
1.0965965965969999285, 99.5325789423371816156
1.0990990990989999432, 38.0206090203751756462
1.1016016016020000468, 17.6596802069157199355
1.1041041041040000614, 9.9062481806154902841
1.1066066066069999430, 6.2834981348812855018
1.1091091091089999576, 4.3277352087865583741
1.1116116116120000612, 3.1595734944222293450
1.1141141141140000759, 2.4086277600454222281
1.1166166166169999574, 1.8983607129212884956
1.1191191191189999721, 1.5363411853658914819
1.1216216216220000756, 1.2704952004121761178
1.1241241241240000903, 1.0697158094852339261
1.1266266266269999718, 0.9145109985021935284
1.1291291291289999865, 0.7921718493892959678
1.1316316316320000901, 0.6941297182900892926
1.1341341341340001048, 0.6144397042604357040
1.1366366366369999863, 0.5488740881814074823
1.1391391391390000010, 0.4943609413343619252
1.1416416416420001045, 0.4486256287060622072
1.1441441441439998972, 0.4099556092562280929
1.1466466466470000007, 0.3770423931700934150
1.1491491491490000154, 0.3488730583560768483
1.1516516516519998969, 0.3246543516929562556
1.1541541541539999116, 0.3037586700666803363
1.1566566566570000152, 0.2856850162859798092
1.1591591591590000299, 0.2700303843853655295
1.1616616616619999114, 0.2564685261999944399
1.1641641641639999261, 0.2447340206035346077
1.1666666666670000296, 0.2346102061989946419
1.1691691691690000443, 0.2259199672133342940
1.1716716716719999258, 0.2185186547850962446
1.1741741741739999405, 0.2122886282831810134
1.1766766766770000441, 0.2071350435762083220
1.1791791791790000588, 0.2029826167273528492
1.1816816816819999403, 0.1997731653093269555
1.1841841841839999550, 0.1974637841165398089
1.1866866866870000585, 0.1960255534849381642
1.1891891891890000732, 0.1954427109430864618
1.1916916916919999547, 0.1957122436036214941
1.1941941941939999694, 0.1968438819449246369
1.1966966966970000730, 0.1988604974073445719
1.1991991991990000876, 0.2017989283526694932
1.2017017017019999692, 0.2057112832798040913
1.2042042042039999838, 0.2106667989044011535
1.2067067067070000874, 0.2167543665011289478
1.2092092092090001021, 0.2240858864049592447
1.2117117117119999836, 0.2328006728632499023
1.2142142142139999983, 0.2430712168839977150
1.2167167167170001019, 0.2551107342275780177
1.2192192192189998945, 0.2691830956655830720
1.2217217217219999981, 0.2856159823029338352
1.2242242242240000127, 0.3048184695448260539
1.2267267267269998943, 0.3273047819223898758
1.2292292292289999089, 0.3537267792641727859
1.2317317317320000125, 0.3849190012551334528
1.2342342342340000272, 0.4219620980132284815
1.2367367367369999087, 0.4662737051865690763
1.2392392392389999234, 0.5197411686373789586
1.2417417417420000270, 0.5849196135631780091
1.2442442442440000416, 0.6653347782251219922
1.2467467467469999232, 0.7659588898180647032
1.2492492492489999378, 0.8939821783059649363
1.2517517517520000414, 1.0601093910000916054
1.2542542542540000561, 1.2808312266999020146
1.2567567567569999376, 1.5826032816036708084
1.2592592592589999523, 2.0099954139812661325
1.2617617617620000559, 2.6427434786344896622
1.2642642642640000705, 3.6346616806150686685
1.2667667667669999521, 5.3126669826287127307
1.2692692692689999667, 8.4664582063268554180
1.2717717717720000703, 15.3598055792651955187
1.2742742742740000850, 33.9639724987034199444
1.2767767767769999665, 88.6303802207472131158
1.2792792792789999812, 93.4392151173639859962
1.2817817817820000847, 36.0958272254544567659
1.2842842842840000994, 16.0720010949522986721
1.2867867867869999809, 8.7632963296093500105
1.2892892892889999956, 5.4592480611488927167
1.2917917917920000992, 3.7155851824791299443
1.2942942942939998918, 2.6906615460326119837
1.2967967967969999954, 2.0394665763415900095
1.2992992992990000101, 1.6008645006624151463
1.3018018018019998916, 1.2917947830087150862
1.3043043043039999063, 1.0660354657691053504
1.3068068068070000098, 0.8962487774371402649
1.3093093093090000245, 0.7654446336551750107
1.3118118118119999060, 0.6626216962486539686
1.3143143143139999207, 0.5804064788415748133
1.3168168168170000243, 0.5137098156478829836
1.3193193193190000390, 0.4589294449509035978
1.3218218218219999205, 0.4134592831841187310
1.3243243243239999352, 0.3753777908067807978
1.3268268268270000387, 0.3432445490806065314
1.3293293293290000534, 0.3159642189204935336
1.3318318318319999349, 0.2926935992235514261
1.3343343343339999496, 0.2727769274727872006
1.3368368368370000532, 0.2557001003251043736
1.3393393393390000679, 0.2410578327178066471
1.3418418418419999494, 0.2285298418993665370
1.3443443443439999641, 0.2178634532701388404
1.3468468468470000676, 0.2088608747305180646
1.3493493493490000823, 0.2013699507293185142
1.3518518518519999638, 0.1952775928093496427
1.3543543543539999785, 0.1905053567331803088
1.3568568568570000821, 0.1870068406016523466
1.3593593593590000967, 0.1847667438480571911
1.3618618618619999783, 0.1838015768192807209
1.3643643643639999929, 0.1841621658601449996
1.3668668668670000965, 0.1859382824882066521
1.3693693693689998891, 0.1892659675956850918
1.3718718718719999927, 0.1943384673591097567
1.3743743743740000074, 0.2014222181347348484
1.3768768768770001110, 0.2108801330544600172
1.3793793793789999036, 0.2232057623981379968
1.3818818818820000072, 0.2390740997138139923
1.3843843843840000218, 0.2594185873751850280
1.3868868868869999034, 0.2855505919379414670
1.3893893893889999180, 0.3193499865692575046
1.3918918918920000216, 0.3635791886131495287
1.3943943943940000363, 0.4224206046364675782
1.3968968968969999178, 0.5024382219335885580
1.3993993993989999325, 0.6143910899264433123
1.4019019019020000361, 0.7768764725488055412
1.4044044044040000507, 1.0242350246394382740
1.4069069069069999323, 1.4254282474191495300
1.4094094094089999469, 2.1349363383321056098
1.4119119119120000505, 3.5531043000324009640
1.4144144144140000652, 6.9370792583284694999
1.4169169169169999467, 16.9663537907148693762
1.4194194194189999614, 36.7330580465773977039
1.4219219219220000650, 20.1970434605114093074
1.4244244244240000796, 7.9668683785441878342
1.4269269269269999612, 3.9325665912629896859
1.4294294294289999758, 2.3025178084852964133
1.4319319319320000794, 1.5068175566351214023
1.4344344344340000941, 1.0637450027855237522
1.4369369369369999756, 0.7929399819970527341
1.4394394394389999903, 0.6156725489828238640
1.4419419419420000938, 0.4933927847927083166
1.4444444444440001085, 0.4054914277800806266
1.4469469469469999900, 0.3401634634116535993
1.4494494494490000047, 0.2902611249072051813
1.4519519519520001083, 0.2512548641364248936
1.4544544544539999009, 0.2201630277776411571
1.4569569569570000045, 0.1949586045036010851
1.4594594594590000192, 0.1742249339055852442
1.4619619619619999007, 0.1569478846094027324
1.4644644644639999154, 0.1423860661668412131
1.4669669669670000189, 0.1299873282946317765
1.4694694694690000336, 0.1193336135948196985
1.4719719719719999151, 0.1101036788995982257
1.4744744744739999298, 0.1020473660512281611
1.4769769769770000334, 0.0949675087836223952
1.4794794794790000481, 0.0887069924904253237
1.4819819819819999296, 0.0831393561020136868
1.4844844844839999443, 0.0781618701489593393
1.4869869869870000478, 0.0736903726926358971
1.4894894894890000625, 0.0696553709222733075
1.4919919919919999440, 0.0659990659564978766
1.4944944944939999587, 0.0626730591866234976
1.4969969969970000623, 0.0596365673892593484
1.4994994994990000770, 0.0568550215831581662
1.5020020020019999585, 0.0542989581324154480
1.5045045045050000621, 0.0519431344274742940
1.5070070070070000767, 0.0497658186048210577
1.5095095095099999583, 0.0477482152106960545
1.5120120120119999729, 0.0458739978451751240
1.5145145145150000765, 0.0441289265856602830
1.5170170170170000912, 0.0425005330416352856
1.5195195195199999727, 0.0409778596991985378
1.5220220220219999874, 0.0395512431043084089
1.5245245245250000909, 0.0382121326446493575
1.5270270270270001056, 0.0369529383932284058
1.5295295295299999871, 0.0357669027976066575
1.5320320320320000018, 0.0346479920294083116
1.5345345345350001054, 0.0335908036180254110
1.5370370370369998980, 0.0325904876314457997
1.5395395395400000016, 0.0316426791744997410
1.5420420420420000163, 0.0307434403797661564
1.5445445445449998978, 0.0298892103911853509
1.5470470470469999125, 0.0290767621022290507
1.5495495495500000160, 0.0283031646224337907
1.5520520520520000307, 0.0275657506184849785
1.5545545545549999122, 0.0268620878168148516
1.5570570570569999269, 0.0261899540701020991
1.5595595595600000305, 0.0255473154850898998
1.5620620620620000452, 0.0249323071876423191
1.5645645645649999267, 0.0243432163660657341
1.5670670670669999414, 0.0237784672878981751
1.5695695695700000449, 0.0232366080305935058
1.5720720720720000596, 0.0227162987044203409
1.5745745745749999411, 0.0222163009777212872
1.5770770770769999558, 0.0217354687415063051
1.5795795795800000594, 0.0212727397730297606
1.5820820820820000741, 0.0208271282772132145
1.5845845845849999556, 0.0203977182011157408
1.5870870870869999703, 0.0199836572305664845
1.5895895895900000738, 0.0195841513899669244
1.5920920920920000885, 0.0191984601764547957
1.5945945945949999700, 0.0188258921683602150
1.5970970970969999847, 0.0184658010554125326
1.5995995996000000883, 0.0181175820446400834
1.6021021021020001029, 0.0177806686015148235
1.6046046046049999845, 0.0174545294907519632
1.6071071071069999991, 0.0171386660853876591
1.6096096096100001027, 0.0168326099164290005
1.6121121121119998953, 0.0165359204385624042
1.6146146146149999989, 0.0162481829901984925
1.6171171171170000136, 0.0159690069285710855
1.6196196196199998951, 0.0156980239227471341
1.6221221221219999098, 0.0154348863892812445
1.6246246246250000134, 0.0151792660568997057
1.6271271271270000280, 0.0149308526480530362
1.6296296296299999096, 0.0146893526664590001
1.6321321321319999242, 0.0144544882808917592
1.6346346346350000278, 0.0142259962964764591
1.6371371371370000425, 0.0140036272056377753
1.6396396396399999240, 0.0137871443116406901
1.6421421421419999387, 0.0135763229183637549
1.6446446446450000423, 0.0133709495805697035
1.6471471471470000569, 0.0131708214094958601
1.6496496496499999385, 0.0129757454290837342
1.6521521521519999531, 0.0127855379786119064
1.6546546546550000567, 0.0126000241578942199
1.6571571571570000714, 0.0124190373115617946
1.6596596596599999529, 0.0122424185492673952
1.6621621621619999676, 0.0120700162989380438
1.6646646646650000712, 0.0119016858904603708
1.6671671671670000858, 0.0117372891674159506
1.6696696696699999674, 0.0115766941246936844
1.6721721721719999820, 0.0114197745699957491
1.6746746746750000856, 0.0112664098074248160
1.6771771771770001003, 0.0111164843414947763
1.6796796796799999818, 0.0109698876000476255
1.6821821821819999965, 0.0108265136746859905
1.6846846846850001000, 0.0106862610774460156
1.6871871871869998927, 0.0105490325125400051
1.6896896896899999962, 0.0104147346620933647
1.6921921921920000109, 0.0102832779848868044
1.6946946946949998924, 0.0101545765271937542
1.6971971971969999071, 0.0100285477448746416
1.6996996997000000107, 0.0099051123359553753
1.7022022022020000254, 0.0097841940829770935
1.7047047047049999069, 0.0096657197044591001
1.7072072072069999216, 0.0095496187148669011
1.7097097097100000251, 0.0094358232925230000
1.7122122122120000398, 0.0093242681549402674
1.7147147147149999213, 0.0092148904410960589
1.7172172172169999360, 0.0091076296002006781
1.7197197197200000396, 0.0090024272865461691
1.7222222222220000543, 0.0088992272600513546
1.7247247247249999358, 0.0087979752921463691
1.7272272272269999505, 0.0086986190766652795
1.7297297297300000540, 0.0086011081454386157
1.7322322322320000687, 0.0085053937882991013
1.7347347347349999502, 0.0084114289772336988
1.7372372372369999649, 0.0083191682944332625
1.7397397397400000685, 0.0082285678640080899
1.7422422422420000832, 0.0081395852871531879
1.7447447447449999647, 0.0080521795805615255
1.7472472472469999794, 0.0079663111178968973
1.7497497497500000829, 0.0078819415741504285
1.7522522522520000976, 0.0077990338727161835
1.7547547547549999791, 0.0077175521350319829
1.7572572572569999938, 0.0076374616326414339
1.7597597597600000974, 0.0075587287415423143
1.7622622622619998900, 0.0074813208986949592
1.7647647647649999936, 0.0074052065605722563
1.7672672672670000082, 0.0073303551636401607
1.7697697697699998898, 0.0072567370866645393
1.7722722722719999044, 0.0071843236147465222
1.7747747747750000080, 0.0071130869049944572
1.7772772772770000227, 0.0070429999537461449
1.7797797797799999042, 0.0069740365652601766
1.7822822822819999189, 0.0069061713218000163
1.7847847847850000225, 0.0068393795550389996
1.7872872872870000371, 0.0067736373187185905
1.7897897897899999187, 0.0067089213624962080
1.7922922922919999333, 0.0066452091069225689
1.7947947947950000369, 0.0065824786194919882
1.7972972972970000516, 0.0065207085917122296
1.7997997997999999331, 0.0064598783171435931
1.8023023023019999478, 0.0063999676703596579
1.8048048048050000514, 0.0063409570867848410
1.8073073073070000660, 0.0062828275433663644
1.8098098098099999476, 0.0062255605400405242
1.8123123123119999622, 0.0061691380819554357
1.8148148148150000658, 0.0061135426624143677
1.8173173173170000805, 0.0060587572465058094
1.8198198198199999620, 0.0060047652553881442
1.8223223223219999767, 0.0059515505511985728
1.8248248248250000803, 0.0058990974225574897
1.8273273273270000949, 0.0058473905706410405
1.8298298298299999765, 0.0057964150957960066
1.8323323323319999911, 0.0057461564846725162
1.8348348348350000947, 0.0056966005978513036
1.8373373373370001094, 0.0056477336579434621
1.8398398398399999909, 0.0055995422381417337
1.8423423423420000056, 0.0055520132512034701
1.8448448448450001091, 0.0055051339388463242
1.8473473473469999018, 0.0054588918615387540
1.8498498498500000053, 0.0054132748886682640
1.8523523523520000200, 0.0053682711890711485
1.8548548548549999015, 0.0053238692219083148
1.8573573573569999162, 0.0052800577278724857
1.8598598598600000198, 0.0052368257207128267
1.8623623623620000345, 0.0051941624790636720
1.8648648648649999160, 0.0051520575385647013
1.8673673673669999307, 0.0051105006842604613
1.8698698698700000342, 0.0050694819432677909
1.8723723723720000489, 0.0050289915777001100
1.8748748748749999304, 0.0049890200778381945
1.8773773773769999451, 0.0049495581555374204
1.8798798798800000487, 0.0049105967378619839
1.8823823823820000634, 0.0048721269609370305
1.8848848848849999449, 0.0048341401640100224
1.8873873873869999596, 0.0047966278837130736
1.8898898898900000631, 0.0047595818485183655
1.8923923923920000778, 0.0047229939733790943
1.8948948948949999593, 0.0046868563545487286
1.8973973973969999740, 0.0046511612645717126
1.8998998999000000776, 0.0046159011474390067
1.9024024024020000923, 0.0045810686139021823
1.9049049049049999738, 0.0045466564369400237
1.9074074074069999885, 0.0045126575473719071
1.9099099099100000920, 0.0044790650296124036
1.9124124124120001067, 0.0044458721175618578
1.9149149149149999882, 0.0044130721906278621
1.9174174174170000029, 0.0043806587698728000
1.9199199199200001065, 0.0043486255142828212
1.9224224224219998991, 0.0043169662171537847
1.9249249249250000027, 0.0042856748025899500
1.9274274274270000173, 0.0042547453221112941
1.9299299299299998989, 0.0042241719513655632
1.9324324324319999135, 0.0041939489869413068
1.9349349349350000171, 0.0041640708432782829
1.9374374374370000318, 0.0041345320496717899
1.9399399399399999133, 0.0041053272473676045
1.9424424424419999280, 0.0040764511867443544
1.9449449449450000316, 0.0040478987245802529
1.9474474474470000462, 0.0040196648214012882
1.9499499499499999278, 0.0039917445389080286
1.9524524524519999424, 0.0039641330374783510
1.9549549549550000460, 0.0039368255737434847
1.9574574574570000607, 0.0039098174982348842
1.9599599599599999422, 0.0038831042530995123
1.9624624624619999569, 0.0038566813698812435
1.9649649649650000605, 0.0038305444673661514
1.9674674674670000751, 0.0038046892494895566
1.9699699699699999567, 0.0037791115033027779
1.9724724724719999713, 0.0037538070969976049
1.9749749749750000749, 0.0037287719779865985
1.9774774774770000896, 0.0037040021710373879
1.9799799799799999711, 0.0036794937764591936
1.9824824824819999858, 0.0036552429683398926
1.9849849849850000894, 0.0036312459928319811
1.9874874874870001040, 0.0036074991664858699
1.9899899899899999856, 0.0035839988746289835
1.9924924924920000002, 0.0035607415697892250
1.9949949949950001038, 0.0035377237701613687
1.9974974974969998964, 0.0035149420581150510
2.0000000000000000000, 0.0034923930787430354
