# Delta1: 0.46
# Delta2: 1.17
# Delta3: 1.34
# Dq: 0.08800000000000002
# Ds: -0.09000000000000001
# Dt: -0.01999999999999998
# k1_lab: [1, 0, 0]
# k2_lab: [-0.8660254037844387, 0.49999999999999994, 0.0]
# k1_cf: [-0.4545194776720438, -0.4545194776720438, -0.7660444431189779]
# k2_cf: [0.12278780396897304, 0.12278780396897304, 0.9848077530122079]
# pol1_lab: [(0, 1, 0), (0, 0, 1)]
# pol2_lab: "[array([-0.5      , -0.8660254,  0.       ]), array([0., 0., 1.])]"
# pol1_cf: "[array([-0.54167522, -0.54167522,  0.64278761]), array([-0.70710678,  0.70710678,  0.        ])]"
# pol2_cf: "[array([ 0.69636424,  0.69636424, -0.17364818]), array([-0.70710678,  0.70710678,  0.        ])]"
# cf: "[array([-0.45451948, -0.54167522, -0.70710678]), array([-0.45451948, -0.54167522,  0.70710678]), array([-0.76604444,  0.64278761,  0.        ])]"
# th: 140
-0.5000000000000000000, 0.0023848541422624783
-0.4974974974974999964, 0.0024022949216464359
-0.4949949949949999928, 0.0024199611677306380
-0.4924924924924999892, 0.0024378571288492549
-0.4899899899899999856, 0.0024559871580563958
-0.4874874874874999819, 0.0024743557162999873
-0.4849849849849999783, 0.0024929673757095082
-0.4824824824824999747, 0.0025118268230023017
-0.4799799799800000266, 0.0025309388630133942
-0.4774774774775000230, 0.0025503084223540001
-0.4749749749750000194, 0.0025699405532040951
-0.4724724724725000158, 0.0025898404372447859
-0.4699699699700000122, 0.0026100133897363534
-0.4674674674675000086, 0.0026304648637482499
-0.4649649649650000049, 0.0026512004545475509
-0.4624624624625000013, 0.0026722259041527356
-0.4599599599599999977, 0.0026935471060599517
-0.4574574574574999941, 0.0027151701101493404
-0.4549549549549999905, 0.0027371011277793019
-0.4524524524524999869, 0.0027593465370770215
-0.4499499499499000077, 0.0027819128884339884
-0.4474474474474000041, 0.0028048069102156528
-0.4449449449449000005, 0.0028280355146948592
-0.4424424424423999969, 0.0028516058042191688
-0.4399399399398999932, 0.0028755250776227106
-0.4374374374373999896, 0.0028998008368937385
-0.4349349349348999860, 0.0029244407941096664
-0.4324324324323999824, 0.0029494528786519550
-0.4299299299298999788, 0.0029748452447138675
-0.4274274274273999752, 0.0030006262791148278
-0.4249249249249000271, 0.0030268046094358036
-0.4224224224224000235, 0.0030533891124909342
-0.4199199199199000199, 0.0030803889231514388
-0.4174174174174000163, 0.0031078134435386859
-0.4149149149149000126, 0.0031356723526042535
-0.4124124124124000090, 0.0031639756161157555
-0.4099099099099000054, 0.0031927334970682755
-0.4074074074074000018, 0.0032219565665422985
-0.4049049049048999982, 0.0032516557150302598
-0.4024024024023999946, 0.0032818421642550051
-0.3998998998998999910, 0.0033125274795048299
-0.3973973973973999874, 0.0033437235825111186
-0.3948948948948999838, 0.0033754427648961054
-0.3923923923923999801, 0.0034076977022198919
-0.3898898898898999765, 0.0034405014686574985
-0.3873873873873999729, 0.0034738675523385398
-0.3848848848849000248, 0.0035078098713840268
-0.3823823823824000212, 0.0035423427906768300
-0.3798798798799000176, 0.0035774811394045300
-0.3773773773774000140, 0.0036132402294156412
-0.3748748748749000104, 0.0036496358744327372
-0.3723723723724000068, 0.0036866844101685926
-0.3698698698699000031, 0.0037244027153942802
-0.3673673673673999995, 0.0037628082340111979
-0.3648648648648999959, 0.0038019189981821650
-0.3623623623623999923, 0.0038417536525802293
-0.3598598598598999887, 0.0038823314798174368
-0.3573573573573999851, 0.0039236724271197870
-0.3548548548548999815, 0.0039657971343188391
-0.3523523523523999779, 0.0040087269632348710
-0.3498498498497999987, 0.0040524840285313998
-0.3473473473472999951, 0.0040970912301260447
-0.3448448448447999914, 0.0041425722872482449
-0.3423423423422999878, 0.0041889517742403704
-0.3398398398397999842, 0.0042362551582051239
-0.3373373373372999806, 0.0042845088386090869
-0.3348348348347999770, 0.0043337401889596014
-0.3323323323322999734, 0.0043839776006802059
-0.3298298298298000253, 0.0044352505293183912
-0.3273273273273000217, 0.0044875895432286653
-0.3248248248248000181, 0.0045410263748839226
-0.3223223223223000145, 0.0045955939749787152
-0.3198198198198000108, 0.0046513265694997407
-0.3173173173173000072, 0.0047082597199512074
-0.3148148148148000036, 0.0047664303869362811
-0.3123123123123000000, 0.0048258769973103920
-0.3098098098097999964, 0.0048866395151378125
-0.3073073073072999928, 0.0049487595167000808
-0.3048048048047999892, 0.0050122802698232037
-0.3023023023022999856, 0.0050772468178104518
-0.2997997997997999819, 0.0051437060682894015
-0.2972972972972999783, 0.0052117068873050662
-0.2947947947947999747, 0.0052813001990166530
-0.2922922922923000266, 0.0053525390913830026
-0.2897897897898000230, 0.0054254789282517793
-0.2872872872873000194, 0.0055001774683003058
-0.2847847847848000158, 0.0055766949913112953
-0.2822822822823000122, 0.0056550944323055380
-0.2797797797798000086, 0.0057354415240959116
-0.2772772772773000050, 0.0058178049488727610
-0.2747747747748000013, 0.0059022564994813623
-0.2722722722722999977, 0.0059888712511066543
-0.2697697697697999941, 0.0060777277441405901
-0.2672672672672999905, 0.0061689081790730783
-0.2647647647647999869, 0.0062624986243191936
-0.2622622622622999833, 0.0063585892379741686
-0.2597597597597999797, 0.0064572745045739736
-0.2572572572572999761, 0.0065586534880340214
-0.2547547547547999724, 0.0066628301020427803
-0.2522522522523000243, 0.0067699133993014112
-0.2497497497496999896, 0.0068800178811266677
-0.2472472472472000138, 0.0069932638290731725
-0.2447447447447000102, 0.0071097776603841556
-0.2422422422422000066, 0.0072296923092488256
-0.2397397397397000030, 0.0073531476360312771
-0.2372372372371999993, 0.0074802908668421628
-0.2347347347346999957, 0.0076112770660533118
-0.2322322322321999921, 0.0077462696446084257
-0.2297297297296999885, 0.0078854409072645244
-0.2272272272272000126, 0.0080289726422106689
-0.2247247247247000090, 0.0081770567568580123
-0.2222222222222000054, 0.0083298959639813517
-0.2197197197197000018, 0.0084877045228233632
-0.2172172172171999982, 0.0086507090402530677
-0.2147147147146999946, 0.0088191493376071507
-0.2122122122121999910, 0.0089932793894431200
-0.2097097097096999874, 0.0091733683411060422
-0.2072072072072000115, 0.0093597016127648074
-0.2047047047047000079, 0.0095525820984206956
-0.2022022022022000043, 0.0097523314693437179
-0.1996996996997000007, 0.0099592915924642984
-0.1971971971971999971, 0.0101738260754572433
-0.1946946946946999935, 0.0103963219516205341
-0.1921921921921999898, 0.0106271915191959061
-0.1896896896896999862, 0.0108668743515274498
-0.1871871871872000104, 0.0111158394964392272
-0.1846846846847000068, 0.0113745878854678989
-0.1821821821822000032, 0.0116436549761533854
-0.1796796796796999995, 0.0119236136535168583
-0.1771771771771999959, 0.0122150774201980131
-0.1746746746746999923, 0.0125187039085477639
-0.1721721721721999887, 0.0128351987523563117
-0.1696696696697000128, 0.0131653198609309602
-0.1671671671672000092, 0.0135098821440313068
-0.1646646646647000056, 0.0138697627428486514
-0.1621621621622000020, 0.0142459068299335481
-0.1596596596596999984, 0.0146393340499105760
-0.1571571571571999948, 0.0150511456831864832
-0.1546546546546999912, 0.0154825326269154677
-0.1521521521521999876, 0.0159347843015382080
-0.1496496496496000084, 0.0164092986076338800
-0.1471471471471000048, 0.0169075930770575152
-0.1446446446446000011, 0.0174313173849224082
-0.1421421421420999975, 0.0179822674155807674
-0.1396396396395999939, 0.0185624011071504544
-0.1371371371370999903, 0.0191738563363064857
-0.1346346346345999867, 0.0198189711491868203
-0.1321321321321000108, 0.0205003066968210204
-0.1296296296296000072, 0.0212206732962772759
-0.1271271271271000036, 0.0219831601139707927
-0.1246246246246000000, 0.0227911690580646295
-0.1221221221220999964, 0.0236484535760789448
-0.1196196196196000067, 0.0245591631860537125
-0.1171171171171000031, 0.0255278947303413453
-0.1146146146145999994, 0.0265597515372470068
-0.1121121121120999958, 0.0276604119160589884
-0.1096096096096000061, 0.0288362087067169717
-0.1071071071071000025, 0.0300942219708156163
-0.1046046046045999989, 0.0314423873643675592
-0.1021021021020999953, 0.0328896232987775580
-0.0995995995996000055, 0.0344459807061562664
-0.0970970970971000019, 0.0361228201195604726
-0.0945945945945900063, 0.0379330219123039866
-0.0920920920920900027, 0.0398912369853636137
-0.0895895895895899991, 0.0420141870447701682
-0.0870870870870899955, 0.0443210260020959201
-0.0845845845845799998, 0.0468337771378657675
-0.0820820820820799962, 0.0495778647325885100
-0.0795795795795800065, 0.0525827642284016072
-0.0770770770770800029, 0.0558828021034130443
-0.0745745745745699934, 0.0595181461785136423
-0.0720720720720700037, 0.0635360399678439880
-0.0695695695695700000, 0.0679923522729685287
-0.0670670670670699964, 0.0729535374599908915
-0.0645645645645600008, 0.0784991356210721358
-0.0620620620620599972, 0.0847249893879016558
-0.0595595595595600005, 0.0917474220023807574
-0.0570570570570599969, 0.0997087192770783198
-0.0545545545545500013, 0.1087844017475626257
-0.0520520520520499977, 0.1191929871236200866
-0.0495495495495500010, 0.1312092666367823957
-0.0470470470470499974, 0.1451826172202076437
-0.0445445445445400018, 0.1615626543862906106
-0.0420420420420399982, 0.1809357874907143171
-0.0395395395395400015, 0.2040783050366907214
-0.0370370370370399979, 0.2320351039619013012
-0.0345345345345300023, 0.2662392341004984897
-0.0320320320320299987, 0.3086983025167760464
-0.0295295295295299985, 0.3622940333126839496
-0.0270270270270299984, 0.4312806033214506840
-0.0245245245245199993, 0.5221474822773155555
-0.0220220220220199991, 0.6451849857729797799
-0.0195195195195199990, 0.8174869751439369780
-0.0170170170170199989, 1.0691080333423124138
-0.0145145145145099998, 1.4567665765550308343
-0.0120120120120099996, 2.0976285148156219584
-0.0095095095095099995, 3.2641948014708024317
-0.0070070070070070000, 5.6991620456371210324
-0.0045045045045049997, 11.8812271219295162439
-0.0020020020020019998, 30.7345296140765000814
0.0005005005005005000, 48.4980354873423920026
0.0030030030030029999, 20.6506525556887261530
0.0055055055055059999, 8.6261212349707427904
0.0080080080080079993, 4.4830217420756319768
0.0105105105105099995, 2.7046477880110200154
0.0130130130130099997, 1.7992227310373205551
0.0155155155155200005, 1.2803027208138504367
0.0180180180180199989, 0.9566483208730448551
0.0205205205205199991, 0.7416875293438049965
0.0230230230230199992, 0.5918459860232159198
0.0255255255255299983, 0.4833236543783328565
0.0280280280280299984, 0.4022531196847669577
0.0305305305305299986, 0.3401205390967280140
0.0330330330330299987, 0.2914684516308280182
0.0355355355355400013, 0.2526697144772952486
0.0380380380380399979, 0.2212383608264801016
0.0405405405405400016, 0.1954248694244494489
0.0430430430430399982, 0.1739693408617590809
0.0455455455455500008, 0.1559459698861307975
0.0480480480480499975, 0.1406621976384900830
0.0505505505505500011, 0.1275916446319936837
0.0530530530530499977, 0.1163284941375184456
0.0555555555555600003, 0.1065558340097535056
0.0580580580580599970, 0.0980232835195655600
0.0605605605605600006, 0.0905309201823338017
0.0630630630630600042, 0.0839175587989722943
0.0655655655655699998, 0.0780520868088413755
0.0680680680680700034, 0.0728269783435798179
0.0705705705705699932, 0.0681533829119773116
0.0730730730730699968, 0.0639573666689935427
0.0755755755755800063, 0.0601770073028377733
0.0780780780780799960, 0.0567601280407034683
0.0805805805805799996, 0.0536625150417024757
0.0830830830830800032, 0.0508465038583516410
0.0855855855855899988, 0.0482798501797867541
0.0880880880880900025, 0.0459348213643531941
0.0905905905905900061, 0.0437874607844170732
0.0930930930930899958, 0.0418169884214064647
0.0955955955956000053, 0.0400053096250347698
0.0980980980980999950, 0.0383366102987510310
0.1006006006005999986, 0.0367970215667743905
0.1031031031031000023, 0.0353743406253699127
0.1056056056056000059, 0.0340577972766001602
0.1081081081080999956, 0.0328378578003870741
0.1106106106105999992, 0.0317060594968903570
0.1131131131131000028, 0.0306548705415115794
0.1156156156156000064, 0.0296775708252245592
0.1181181181180999962, 0.0287681502677997608
0.1206206206205999998, 0.0279212217393985628
0.1231231231231000034, 0.0271319462438316394
0.1256256256256000070, 0.0263959684326665819
0.1281281281281000106, 0.0257093608549756499
0.1306306306305999865, 0.0250685756195585217
0.1331331331330999901, 0.0244704023679533089
0.1356356356355999937, 0.0239119316376115339
0.1381381381380999973, 0.0233905228432270268
0.1406406406406000009, 0.0229037762266594766
0.1431431431431000045, 0.0224495082271608526
0.1456456456456000081, 0.0220257298076609008
0.1481481481481000118, 0.0216306273428646181
0.1506506506506999910, 0.0212625457334039356
0.1531531531531999946, 0.0209199734593159825
0.1556556556556999982, 0.0206015293273508621
0.1581581581582000018, 0.0203059507013868545
0.1606606606607000054, 0.0200320830346493173
0.1631631631632000090, 0.0197788705473864110
0.1656656656657000126, 0.0195453479148873198
0.1681681681681999885, 0.0193306328488417403
0.1706706706706999921, 0.0191339194705337293
0.1731731731731999957, 0.0189544723876524344
0.1756756756756999993, 0.0187916213979318000
0.1781781781782000029, 0.0186447567526863492
0.1806806806807000065, 0.0185133249218327120
0.1831831831832000101, 0.0183968248093747191
0.1856856856857000138, 0.0182948043747556688
0.1881881881881999896, 0.0182068576210845171
0.1906906906906999932, 0.0181326219161455984
0.1931931931931999968, 0.0180717756164053348
0.1956956956957000004, 0.0180240359680215109
0.1981981981982000041, 0.0179891572622154772
0.2007007007007000077, 0.0179669292253482743
0.2032032032032000113, 0.0179571756267040972
0.2057057057056999871, 0.0179597530893746415
0.2082082082081999908, 0.0179745500917986752
0.2107107107106999944, 0.0180014861494771396
0.2132132132131999980, 0.0180405111681886041
0.2157157157157000016, 0.0180916049616998455
0.2182182182182000052, 0.0181547769285284738
0.2207207207207000088, 0.0182300658837909642
0.2232232232232000124, 0.0183175400435819889
0.2257257257256999883, 0.0184172971606996298
0.2282282282281999919, 0.0185294648118741953
0.2307307307306999955, 0.0186542008379950303
0.2332332332331999991, 0.0187916939401773023
0.2357357357357000027, 0.0189421644358881806
0.2382382382382000063, 0.0191058651807764941
0.2407407407407000099, 0.0192830826633432553
0.2432432432432000136, 0.0194741382811703528
0.2457457457456999894, 0.0196793898091160747
0.2482482482481999930, 0.0198992330717111844
0.2507507507508000000, 0.0201341038339752226
0.2532532532533000036, 0.0203844799270509296
0.2557557557558000072, 0.0206508836274549371
0.2582582582583000108, 0.0209338843114082497
0.2607607607608000144, 0.0212341014086789535
0.2632632632633000180, 0.0215522076836943792
0.2657657657658000216, 0.0218889328754180747
0.2682682682683000253, 0.0222450677317012659
0.2707707707707999734, 0.0226214684785901940
0.2732732732732999770, 0.0230190617704846660
0.2757757757757999806, 0.0234388501732054680
0.2782782782782999842, 0.0238819182390623448
0.2807807807807999878, 0.0243494392410581947
0.2832832832832999914, 0.0248426826425941563
0.2857857857857999950, 0.0253630223896476499
0.2882882882882999986, 0.0259119461246186261
0.2907907907908000023, 0.0264910654351603672
0.2932932932933000059, 0.0271021272676561717
0.2957957957958000095, 0.0277470266539771061
0.2982982982983000131, 0.0284278209222260242
0.3008008008008000167, 0.0291467455879119153
0.3033033033033000203, 0.0299062321520944668
0.3058058058058000239, 0.0307089280683097397
0.3083083083083000275, 0.0315577191815456029
0.3108108108107999756, 0.0324557549913871632
0.3133133133132999792, 0.0334064771491794504
0.3158158158157999829, 0.0344136516674732745
0.3183183183182999865, 0.0354814054013351254
0.3208208208207999901, 0.0366142674580606439
0.3233233233232999937, 0.0378172163077925699
0.3258258258257999973, 0.0390957335066957970
0.3283283283283000009, 0.0404558651118969020
0.3308308308308000045, 0.0419042920698439875
0.3333333333333000081, 0.0434484111052764049
0.3358358358358000118, 0.0450964279368885612
0.3383383383383000154, 0.0468574650110886309
0.3408408408408000190, 0.0487416863935876063
0.3433433433433000226, 0.0507604430111252350
0.3458458458458000262, 0.0529264421197657015
0.3483483483482999743, 0.0552539457271222292
0.3508508508509000090, 0.0577590037594728212
0.3533533533534000126, 0.0604597291009497315
0.3558558558559000162, 0.0633766233196713796
0.3583583583584000198, 0.0665329640392842980
0.3608608608609000235, 0.0699552676530358214
0.3633633633634000271, 0.0736738445980790746
0.3658658658658999752, 0.0777234689629062725
0.3683683683683999788, 0.0821441901350389303
0.3708708708708999824, 0.0869823219828186334
0.3733733733733999860, 0.0922916553605823836
0.3758758758758999896, 0.0981349534490042613
0.3783783783783999932, 0.1045858078893146109
0.3808808808808999968, 0.1117309586934335242
0.3833833833834000004, 0.1196732151846323089
0.3858858858859000041, 0.1285351626475574605
0.3883883883884000077, 0.1384639057115268634
0.3908908908909000113, 0.1496371933993355108
0.3933933933934000149, 0.1622714053771959208
0.3958958958959000185, 0.1766320744997255943
0.3983983983984000221, 0.1930479090301654432
0.4009009009009000257, 0.2119297096499794530
0.4034034034033999738, 0.2337962340834120467
0.4059059059058999774, 0.2593100829663140261
0.4084084084083999810, 0.2893282975161381443
0.4109109109108999847, 0.3249749786164957133
0.4134134134133999883, 0.3677475850764235221
0.4159159159158999919, 0.4196759875779327853
0.4184184184183999955, 0.4835664041834942251
0.4209209209208999991, 0.5633860949282456509
0.4234234234234000027, 0.6648896272031892263
0.4259259259259000063, 0.7966763568121559835
0.4284284284284000099, 0.9720535059251601551
0.4309309309309000136, 1.2124866618527025963
0.4334334334334000172, 1.5543824810674831127
0.4359359359359000208, 2.0634197516327832389
0.4384384384384000244, 2.8676521941694748108
0.4409409409408999725, 4.2430562743118747093
0.4434434434433999761, 6.8687862977126394881
0.4459459459458999797, 12.7400593898897120937
0.4484484484483999833, 29.0368233049380073396
0.4509509509510000180, 74.3376107395666849698
0.4534534534535000216, 64.3310033497783564371
0.4559559559560000253, 24.5608880187281428675
0.4584584584584999734, 11.2424680369374510036
0.4609609609609999770, 6.2416081732201966759
0.4634634634634999806, 3.9297106579664871084
0.4659659659659999842, 2.6906285691748426103
0.4684684684684999878, 1.9542345721483820320
0.4709709709709999914, 1.4825088593328774600
0.4734734734734999950, 1.1627520623039231396
0.4759759759759999986, 0.9362564965320737675
0.4784784784785000022, 0.7700795106621740604
0.4809809809810000059, 0.6446056173291137004
0.4834834834835000095, 0.5475756251482144510
0.4859859859860000131, 0.4710135878032170043
0.4884884884885000167, 0.4095513566167947039
0.4909909909910000203, 0.3594697649446992327
0.4934934934935000239, 0.3181267901812083188
0.4959959959960000275, 0.2836041474893281622
0.4984984984984999756, 0.2544819982301830263
0.5010010010009999792, 0.2296913612912115099
0.5035035035035000384, 0.2084150650335210297
0.5060060060059999865, 0.1900198284324422504
0.5085085085085000456, 0.1740087792545147449
0.5110110110109999937, 0.1599876757155521967
0.5135135135135000528, 0.1476404936102459486
0.5160160160160000009, 0.1367115260865320314
0.5185185185184999490, 0.1269920844669115145
0.5210210210210000081, 0.1183104970851585058
0.5235235235234999562, 0.1105245038645578243
0.5260260260260000154, 0.1035154127571605576
0.5285285285284999635, 0.0971835667245222468
0.5310310310310000226, 0.0914447959153364409
0.5335335335334999707, 0.0862276177903201768
0.5360360360360000298, 0.0814710103187890611
0.5385385385384999779, 0.0771226280480916404
0.5410410410410000370, 0.0731373631957823872
0.5435435435434999851, 0.0694761775753697519
0.5460460460460000442, 0.0661051486384522935
0.5485485485484999924, 0.0629946859338900295
0.5510510510510999715, 0.0601188840660129981
0.5535535535536000307, 0.0574549856422194374
0.5560560560560999788, 0.0549829333537322149
0.5585585585586000379, 0.0526849946784179873
0.5610610610610999860, 0.0505454460568323383
0.5635635635636000451, 0.0485503060111459467
0.5660660660660999932, 0.0466871087283612651
0.5685685685686000523, 0.0449447112462908679
0.5710710710711000004, 0.0433131286623247291
0.5735735735735999485, 0.0417833928060634130
0.5760760760761000077, 0.0403474306345205716
0.5785785785785999558, 0.0389979592665003622
0.5810810810811000149, 0.0377283951045964822
0.5835835835835999630, 0.0365327749251034423
0.5860860860861000221, 0.0354056871682769878
0.5885885885885999702, 0.0343422119497110573
0.5910910910911000293, 0.0333378685506078021
0.5935935935935999774, 0.0323885693402757163
0.5960960960961000366, 0.0314905792461355055
0.5985985985985999847, 0.0306404800210907727
0.6011011011011000438, 0.0298351386703341048
0.6036036036035999919, 0.0290716794935282283
0.6061061061061000510, 0.0283474592770732586
0.6086086086085999991, 0.0276600452374722722
0.6111111111110999472, 0.0270071953727765920
0.6136136136136000063, 0.0263868409264726572
0.6161161161160999544, 0.0257970707083925409
0.6186186186186000135, 0.0252361170514614000
0.6211211211210999616, 0.0247023432123054526
0.6236236236236000208, 0.0241942320487302381
0.6261261261260999689, 0.0237103758285046595
0.6286286286286000280, 0.0232494670423006727
0.6311311311310999761, 0.0228102901095014847
0.6336336336336000352, 0.0223917138792857837
0.6361361361360999833, 0.0219926848412435698
0.6386386386386000424, 0.0216122209700511589
0.6411411411410999905, 0.0212494061376557637
0.6436436436436000497, 0.0209033850341873439
0.6461461461460999978, 0.0205733585455881163
0.6486486486485999459, 0.0202585795418682643
0.6511511511512000361, 0.0199583490350755607
0.6536536536536999842, 0.0196720126706083805
0.6561561561562000433, 0.0193989575194904312
0.6586586586586999914, 0.0191386091427348110
0.6611611611612000505, 0.0188904289020177668
0.6636636636636999986, 0.0186539114936120493
0.6661661661661999467, 0.0184285826849429138
0.6686686686687000059, 0.0182139972352660696
0.6711711711711999540, 0.0180097369838615393
0.6736736736737000131, 0.0178154090908191967
0.6761761761761999612, 0.0176306444169879381
0.6786786786787000203, 0.0174550960309923543
0.6811811811811999684, 0.0172884378324086804
0.6836836836837000275, 0.0171303632812527251
0.6861861861861999756, 0.0169805842248806627
0.6886886886887000347, 0.0168388298142530500
0.6911911911911999828, 0.0167048455022735555
0.6936936936937000420, 0.0165783921175974742
0.6961961961961999901, 0.0164592450079192876
0.6986986986987000492, 0.0163471932473014461
0.7012012012011999973, 0.0162420389026047690
0.7037037037036999454, 0.0161435963545304394
0.7062062062062000045, 0.0160516916691896550
0.7087087087086999526, 0.0159661620164845905
0.7112112112112000117, 0.0158868551319171492
0.7137137137136999598, 0.0158136288187440063
0.7162162162162000190, 0.0157463504876707051
0.7187187187186999671, 0.0156848967315273355
0.7212212212212000262, 0.0156291529325955393
0.7237237237236999743, 0.0155790129004642758
0.7262262262262000334, 0.0155343785384815455
0.7287287287286999815, 0.0154951595370428352
0.7312312312312000406, 0.0154612730921167806
0.7337337337336999887, 0.0154326436475548841
0.7362362362362000479, 0.0154092026598673347
0.7387387387386999960, 0.0153908883842718142
0.7412412412412000551, 0.0153776456809375343
0.7437437437437000032, 0.0153694258404543094
0.7462462462461999513, 0.0153661864276562199
0.7487487487487000104, 0.0153678911430231054
0.7512512512512999896, 0.0153745097009704845
0.7537537537538000487, 0.0153860177244214604
0.7562562562562999968, 0.0154023966551317844
0.7587587587587999449, 0.0154236336793140451
0.7612612612613000040, 0.0154497216681772145
0.7637637637637999521, 0.0154806591330663990
0.7662662662663000113, 0.0155164501949530045
0.7687687687687999594, 0.0155571045680893798
0.7712712712713000185, 0.0156026375577047252
0.7737737737737999666, 0.0156530700716798997
0.7762762762763000257, 0.0157084286461999928
0.7787787787787999738, 0.0157687454854437831
0.7812812812813000329, 0.0158340585154301099
0.7837837837837999810, 0.0159044114522025604
0.7862862862863000402, 0.0159798538845961242
0.7887887887887999883, 0.0160604413718934899
0.7912912912913000474, 0.0161462355567440763
0.7937937937937999955, 0.0162373042937871415
0.7962962962963000546, 0.0163337217944909061
0.7987987987988000027, 0.0164355687887936044
0.8013013013012999508, 0.0165429327042103877
0.8038038038038000099, 0.0166559078631519225
0.8063063063062999580, 0.0167745956992877490
0.8088088088088000172, 0.0168991049938802644
0.8113113113112999653, 0.0170295521331137872
0.8138138138138000244, 0.0171660613875497248
0.8163163163162999725, 0.0173087652149523097
0.8188188188188000316, 0.0174578045878523991
0.8213213213212999797, 0.0176133293473492505
0.8238238238238000388, 0.0177754985847935476
0.8263263263262999869, 0.0179444810531507529
0.8288288288288000460, 0.0181204556100125480
0.8313313313312999941, 0.0183036116944086669
0.8338338338338000533, 0.0184941498397715245
0.8363363363363000014, 0.0186922822256257309
0.8388388388387999495, 0.0188982332708138162
0.8413413413413000086, 0.0191122402713330211
0.8438438438437999567, 0.0193345540861444495
0.8463463463463000158, 0.0195654398746342092
0.8488488488487999639, 0.0198051778897525010
0.8513513513514000541, 0.0200540643312405453
0.8538538538539000022, 0.0203124122637778140
0.8563563563563999503, 0.0205805526053471702
0.8588588588589000095, 0.0208588351916323966
0.8613613613613999576, 0.0211476299228314721
0.8638638638639000167, 0.0214473279999010391
0.8663663663663999648, 0.0217583432579486064
0.8688688688689000239, 0.0220811136052656357
0.8713713713713999720, 0.0224161025773613742
0.8738738738739000311, 0.0227638010163188423
0.8763763763763999792, 0.0231247288868679374
0.8788788788789000384, 0.0234994372417692068
0.8813813813813999865, 0.0238885103504380795
0.8838838838839000456, 0.0242925680062391208
0.8863863863863999937, 0.0247122680295555307
0.8888888888889000528, 0.0251483089856216549
0.8913913913914000009, 0.0256014331382209449
0.8938938938938999490, 0.0260724296627280888
0.8963963963964000081, 0.0265621381446556060
0.8988988988988999562, 0.0270714523928859210
0.9014014014014000153, 0.0276013246001853702
0.9039039039038999634, 0.0281527698874626184
0.9064064064064000226, 0.0287268712726110008
0.9089089089088999707, 0.0293247851097498402
0.9114114114114000298, 0.0299477470503310139
0.9139139139138999779, 0.0305970785840167306
0.9164164164164000370, 0.0312741942245829685
0.9189189189188999851, 0.0319806094144966802
0.9214214214214000442, 0.0327179492314339931
0.9239239239238999923, 0.0334879579910335942
0.9264264264264000515, 0.0342925098528586922
0.9289289289288999996, 0.0351336205511425664
0.9314314314313999477, 0.0360134603887382818
0.9339339339339000068, 0.0369343686521821299
0.9364364364363999549, 0.0378988696283565074
0.9389389389389000140, 0.0389096904294656126
0.9414414414413999621, 0.0399697808635688934
0.9439439439439000212, 0.0410823356235366713
0.9464464464463999693, 0.0422508191089672122
0.9489489489489000285, 0.0434789932444613683
0.9514514514515000076, 0.0447709487150964452
0.9539539539539999558, 0.0461311401076570093
0.9564564564565000149, 0.0475644255262152732
0.9589589589589999630, 0.0490761113455423503
0.9614614614615000221, 0.0506720028786310159
0.9639639639639999702, 0.0523584618691391585
0.9664664664665000293, 0.0541424718805024879
0.9689689689689999774, 0.0560317128466233105
0.9714714714715000365, 0.0580346462816885358
0.9739739739739999846, 0.0601606129278277890
0.9764764764765000438, 0.0624199449603886555
0.9789789789789999919, 0.0648240952859129582
0.9814814814815000510, 0.0673857869755976058
0.9839839839839999991, 0.0701191865002807613
0.9864864864864999472, 0.0730401052013509855
0.9889889889890000063, 0.0761662343835184663
0.9914914914914999544, 0.0795174205992991850
0.9939939939940000135, 0.0831159891752854124
0.9964964964964999616, 0.0869871258905300371
0.9989989989990000208, 0.0911593290676843276
1.0015015015019999023, 0.0956649473238066761
1.0040040040039999170, 0.1005408220444161671
1.0065065065070000205, 0.1058290585526268091
1.0090090090090000352, 0.1115779562984657997
1.0115115115119999167, 0.1178431366736830965
1.0140140140139999314, 0.1246889179273051040
1.0165165165170000350, 0.1321900010361072020
1.0190190190190000497, 0.1404335495591658989
1.0215215215219999312, 0.1495217722961633133
1.0240240240239999459, 0.1595751525740860544
1.0265265265270000494, 0.1707365159598792648
1.0290290290290000641, 0.1831761946217295989
1.0315315315319999456, 0.1970986395530620883
1.0340340340339999603, 0.2127509635964683343
1.0365365365370000639, 0.2304340871612512998
1.0390390390390000785, 0.2505174332901941581
1.0415415415419999601, 0.2734585241547008438
1.0440440440439999747, 0.2998294388279609812
1.0465465465470000783, 0.3303530190912130626
1.0490490490490000930, 0.3659531503594225521
1.0515515515519999745, 0.4078257292564680392
1.0540540540539999892, 0.4575406349976157694
1.0565565565570000928, 0.5171911836340770119
1.0590590590590001074, 0.5896180762435341283
1.0615615615619999890, 0.6787534144793947455
1.0640640640640000036, 0.7901642185404873509
1.0665665665670001072, 0.9319391059518427056
1.0690690690689998998, 1.1161891258101355184
1.0715715715720000034, 1.3616994401275763771
1.0740740740740000181, 1.6988568511617678780
1.0765765765769998996, 2.1793750647010226018
1.0790790790789999143, 2.8969446410299899419
1.0815815815820000179, 4.0352259150604634641
1.0840840840840000325, 5.9928518674253830056
1.0865865865869999141, 9.7601738703670353203
1.0890890890889999287, 18.2830121502266251809
1.0915915915920000323, 42.2634381614139442718
1.0940940940940000470, 106.2826512385128978622
1.0965965965969999285, 83.5756437973854957590
1.0990990990989999432, 31.9243399157499077035
1.1016016016020000468, 14.8273347919510598558
1.1041041041040000614, 8.3167726752717108241
1.1066066066069999430, 5.2747191083559901159
1.1091091091089999576, 3.6324230610274010900
1.1116116116120000612, 2.6514689248759868434
1.1141141141140000759, 2.0208461219536486553
1.1166166166169999574, 1.5923171000724170021
1.1191191191189999721, 1.2882677397782109630
1.1216216216220000756, 1.0649716158033764035
1.1241241241240000903, 0.8963081839731776856
1.1266266266269999718, 0.7659098782596669430
1.1291291291289999865, 0.6631048410154261052
1.1316316316320000901, 0.5806977581469128236
1.1341341341340001048, 0.5136964339038658789
1.1366366366369999863, 0.4585505539861718383
1.1391391391390000010, 0.4126802853702382645
1.1416416416420001045, 0.3741752453357152230
1.1441441441439998972, 0.3415970018321339285
1.1466466466470000007, 0.3138463616358178054
1.1491491491490000154, 0.2900722725495298304
1.1516516516519998969, 0.2696080861624236547
1.1541541541539999116, 0.2519261921652183878
1.1566566566570000152, 0.2366052260750373948
1.1591591591590000299, 0.2233060333908549744
1.1616616616619999114, 0.2117538305084152861
1.1641641641639999261, 0.2017248167758338429
1.1666666666670000296, 0.1930360289253464368
1.1691691691690000443, 0.1855375892567872886
1.1716716716719999258, 0.1791067444381045370
1.1741741741739999405, 0.1736432616973934140
1.1766766766770000441, 0.1690658685463069522
1.1791791791790000588, 0.1653095073153256489
1.1816816816819999403, 0.1623232375131621608
1.1841841841839999550, 0.1600686646389339884
1.1866866866870000585, 0.1585188085912349054
1.1891891891890000732, 0.1576573517648046097
1.1916916916919999547, 0.1574782288749486114
1.1941941941939999694, 0.1579855394684635539
1.1966966966970000730, 0.1591937815817389690
1.1991991991990000876, 0.1611284225514634794
1.2017017017019999692, 0.1638268420496976074
1.2042042042039999838, 0.1673397046797903964
1.2067067067070000874, 0.1717328470205492508
1.2092092092090001021, 0.1770897996266019014
1.2117117117119999836, 0.1835151120711461525
1.2142142142139999983, 0.1911387142630972535
1.2167167167170001019, 0.2001216382748206568
1.2192192192189998945, 0.2106635542773749870
1.2217217217219999981, 0.2230127610827213336
1.2242242242240000127, 0.2374795462147205050
1.2267267267269998943, 0.2544542400815490435
1.2292292292289999089, 0.2744319111117946575
1.2317317317320000125, 0.2980466118872048265
1.2342342342340000272, 0.3261196076548908973
1.2367367367369999087, 0.3597284754988025468
1.2392392392389999234, 0.4003080281898454551
1.2417417417420000270, 0.4498009289495472629
1.2442442442440000416, 0.5108879735610014627
1.2467467467469999232, 0.5873499604481301484
1.2492492492489999378, 0.6846543749294589087
1.2517517517520000414, 0.8109413032812413658
1.2542542542540000561, 0.9787507109744837397
1.2567567567569999376, 1.2082002616049636323
1.2592592592589999523, 1.5331823849259773596
1.2617617617620000559, 2.0143310263363849444
1.2642642642640000705, 2.7686119952591363713
1.2667667667669999521, 4.0446246744441189946
1.2692692692689999667, 6.4428843937086650584
1.2717717717720000703, 11.6848432563341013690
1.2742742742740000850, 25.8321358156762492797
1.2767767767769999665, 67.4024559169660619773
1.2792792792789999812, 71.0592972529823043715
1.2817817817820000847, 27.4533674392094155792
1.2842842842840000994, 12.2265777172290253105
1.2867867867869999809, 6.6688298373169665467
1.2892892892889999956, 4.1563743801166204150
1.2917917917920000992, 2.8305003528323884332
1.2942942942939998918, 2.0511902900558434126
1.2967967967969999954, 1.5560862798112580219
1.2992992992990000101, 1.2226554686211241751
1.3018018018019998916, 0.9877362861876535227
1.3043043043039999063, 0.8161806207990812689
1.3068068068070000098, 0.6872006660041702908
1.3093093093090000245, 0.5878774727055431359
1.3118118118119999060, 0.5098462681421935816
1.3143143143139999207, 0.4475011635338799199
1.3168168168170000243, 0.3969735040372897039
1.3193193193190000390, 0.3555255073449095082
1.3218218218219999205, 0.3211771249774233450
1.3243243243239999352, 0.2924690964423892758
1.3268268268270000387, 0.2683082969823695763
1.3293293293290000534, 0.2478643325813214560
1.3318318318319999349, 0.2304989186020275360
1.3343343343339999496, 0.2157167462955314474
1.3368368368370000532, 0.2031307509734942007
1.3393393393390000679, 0.1924372369108036107
1.3418418418419999494, 0.1833978875814697429
1.3443443443439999641, 0.1758266877726992472
1.3468468468470000676, 0.1695804322447980461
1.3493493493490000823, 0.1645519274458626946
1.3518518518519999638, 0.1606652895609583243
1.3543543543539999785, 0.1578729549121099529
1.3568568568570000821, 0.1561541810134649544
1.3593593593590000967, 0.1555149522329001832
1.3618618618619999783, 0.1559893320776439551
1.3643643643639999929, 0.1576424427696839492
1.3668668668670000965, 0.1605754230016820383
1.3693693693689998891, 0.1649329450594146929
1.3718718718719999927, 0.1709142059053159191
1.3743743743740000074, 0.1787888128039716862
1.3768768768770001110, 0.1889197797803311984
1.3793793793789999036, 0.2017971411489827005
1.3818818818820000072, 0.2180878411952729412
1.3843843843840000218, 0.2387112615153945405
1.3868868868869999034, 0.2649563246579553222
1.3893893893889999180, 0.2986682237616096747
1.3918918918920000216, 0.3425560489953837218
1.3943943943940000363, 0.4007192035046781009
1.3968968968969999178, 0.4795892089492791444
1.3993993993989999325, 0.5897058225784794772
1.4019019019020000361, 0.7492850798697749948
1.4044044044040000507, 0.9919614458291107217
1.4069069069069999323, 1.3852759219678110192
1.4094094094089999469, 2.0805240767459132201
1.4119119119120000505, 3.4697948020068865027
1.4144144144140000652, 6.7843061741592158853
1.4169169169169999467, 16.6070307206534941713
1.4194194194189999614, 35.9663200938400962059
1.4219219219220000650, 19.7716721188150685862
1.4244244244240000796, 7.7940353433606164302
1.4269269269269999612, 3.8432068473240184048
1.4294294294289999758, 2.2470278158472445362
1.4319319319320000794, 1.4679761286418755439
1.4344344344340000941, 1.0342678677337791004
1.4369369369369999756, 0.7692637235062009804
1.4394394394389999903, 0.5958582836857899689
1.4419419419420000938, 0.4762973445897561442
1.4444444444440001085, 0.3903972656615076753
1.4469469469469999900, 0.3265970147657503153
1.4494494494490000047, 0.2778967100558041858
1.4519519519520001083, 0.2398606518028483237
1.4544544544539999009, 0.2095690782333240465
1.4569569569570000045, 0.1850371518462581577
1.4594594594590000192, 0.1648777720374998979
1.4619619619619999007, 0.1480980418325140158
1.4644644644639999154, 0.1339721586491441629
1.4669669669670000189, 0.1219596374982777620
1.4694694694690000336, 0.1116513026856442714
1.4719719719719999151, 0.1027327794384763071
1.4744744744739999298, 0.0949592966236207509
1.4769769769770000334, 0.0881379679538416283
1.4794794794790000481, 0.0821151196977021741
1.4819819819819999296, 0.0767670873495476525
1.4844844844839999443, 0.0719934373317670517
1.4869869869870000478, 0.0677119102339292511
1.4894894894890000625, 0.0638546035471888873
1.4919919919919999440, 0.0603650585018056865
1.4944944944939999587, 0.0571960143350961972
1.4969969969970000623, 0.0543076607859210025
1.4994994994990000770, 0.0516662663738195679
1.5020020020019999585, 0.0492430928561092968
1.5045045045050000621, 0.0470135295937059022
1.5070070070070000767, 0.0449563983321878829
1.5095095095099999583, 0.0430533910920732343
1.5120120120119999729, 0.0412886128046918849
1.5145145145150000765, 0.0396482069529822470
1.5170170170170000912, 0.0381200474249153362
1.5195195195199999727, 0.0366934835151900840
1.5220220220219999874, 0.0353591278414689889
1.5245245245250000909, 0.0341086791066315259
1.5270270270270001056, 0.0329347733064491166
1.5295295295299999871, 0.0318308582755068431
1.5320320320320000018, 0.0307910874735577850
1.5345345345350001054, 0.0298102297069727171
1.5370370370369998980, 0.0288835921056813730
1.5395395395400000016, 0.0280069541728175317
1.5420420420420000163, 0.0271765111207946039
1.5445445445449998978, 0.0263888250255738879
1.5470470470469999125, 0.0256407825872264801
1.5495495495500000160, 0.0249295584924152346
1.5520520520520000307, 0.0242525835431948375
1.5545545545549999122, 0.0236075168543522611
1.5570570570569999269, 0.0229922215345091698
1.5595595595600000305, 0.0224047433592365480
1.5620620620620000452, 0.0218432920212788678
1.5645645645649999267, 0.0213062246067156763
1.5670670670669999414, 0.0207920309989159738
1.5695695695700000449, 0.0202993209564048885
1.5720720720720000596, 0.0198268126478465881
1.5745745745749999411, 0.0193733224584942132
1.5770770770769999558, 0.0189377559087102187
1.5795795795800000594, 0.0185190995473489446
1.5820820820820000741, 0.0181164137015913662
1.5845845845849999556, 0.0177288259808077234
1.5870870870869999703, 0.0173555254456346335
1.5895895895900000738, 0.0169957573650863364
1.5920920920920000885, 0.0166488184944812087
1.5945945945949999700, 0.0163140528155112201
1.5970970970969999847, 0.0159908476871432892
1.5995995996000000883, 0.0156786303623815473
1.6021021021020001029, 0.0153768648314040086
1.6046046046049999845, 0.0150850489563363992
1.6071071071069999991, 0.0148027118670439536
1.6096096096100001027, 0.0145294115909099242
1.6121121121119998953, 0.0142647328926888157
1.6146146146149999989, 0.0140082853032500697
1.6171171171170000136, 0.0137597013184117996
1.6196196196199998951, 0.0135186347511529695
1.6221221221219999098, 0.0132847592223262305
1.6246246246250000134, 0.0130577667766056706
1.6271271271270000280, 0.0128373666118233847
1.6296296296299999096, 0.0126232839111015543
1.6321321321319999242, 0.0124152587682928653
1.6346346346350000278, 0.0122130451982217902
1.6371371371370000425, 0.0120164102240866849
1.6396396396399999240, 0.0118251330351531302
1.6421421421419999387, 0.0116390042085535092
1.6446446446450000423, 0.0114578249896171904
1.6471471471470000569, 0.0112814066256987540
1.6496496496499999385, 0.0111095697489565631
1.6521521521519999531, 0.0109421438039672310
1.6546546546550000567, 0.0107789665164490234
1.6571571571570000714, 0.0106198833997148100
1.6596596596599999529, 0.0104647472957865653
1.6621621621619999676, 0.0103134179483834014
1.6646646646650000712, 0.0101657616052467561
1.6671671671670000858, 0.0100216506474927955
1.6696696696699999674, 0.0098809632438863707
1.6721721721719999820, 0.0097435830281151492
1.6746746746750000856, 0.0096093987973087450
1.6771771771770001003, 0.0094783042301983360
1.6796796796799999818, 0.0093501976234483530
1.6821821821819999965, 0.0092249816448152396
1.6846846846850001000, 0.0091025631019002115
1.6871871871869998927, 0.0089828527253645457
1.6896896896899999962, 0.0088657649655683284
1.6921921921920000109, 0.0087512178016775043
1.6946946946949998924, 0.0086391325623605929
1.6971971971969999071, 0.0085294337572661642
1.6996996997000000107, 0.0084220489185356379
1.7022022022020000254, 0.0083169084516641154
1.7047047047049999069, 0.0082139454950748876
1.7072072072069999216, 0.0081130957878218120
1.7097097097100000251, 0.0080142975448780577
1.7122122122120000398, 0.0079174913395105018
1.7147147147149999213, 0.0078226199922761409
1.7172172172169999360, 0.0077296284662112472
1.7197197197200000396, 0.0076384637678152591
1.7222222222220000543, 0.0075490748534603278
1.7247247247249999358, 0.0074614125408839077
1.7272272272269999505, 0.0073754294254462175
1.7297297297300000540, 0.0072910798008568502
1.7322322322320000687, 0.0072083195840955648
1.7347347347349999502, 0.0071271062442713386
1.7372372372369999649, 0.0070473987351814321
1.7397397397400000685, 0.0069691574313484701
1.7422422422420000832, 0.0068923440673286113
1.7447447447449999647, 0.0068169216800977456
1.7472472472469999794, 0.0067428545543355882
1.7497497497500000829, 0.0066701081704393953
1.7522522522520000976, 0.0065986491551100965
1.7547547547549999791, 0.0065284452343639006
1.7572572572569999938, 0.0064594651888318453
1.7597597597600000974, 0.0063916788112186682
1.7622622622619998900, 0.0063250568658004850
1.7647647647649999936, 0.0062595710498483982
1.7672672672670000082, 0.0061951939568722341
1.7697697697699998898, 0.0061318990415851499
1.7722722722719999044, 0.0060696605864960351
1.7747747747750000080, 0.0060084536700422452
1.7772772772770000227, 0.0059482541361806111
1.7797797797799999042, 0.0058890385653595570
1.7822822822819999189, 0.0058307842467998005
1.7847847847850000225, 0.0057734691520154252
1.7872872872870000371, 0.0057170719095111441
1.7897897897899999187, 0.0056615717805953087
1.7922922922919999333, 0.0056069486362517809
1.7947947947950000369, 0.0055531829350170120
1.7972972972970000516, 0.0055002557018118256
1.7997997997999999331, 0.0054481485076801877
1.8023023023019999478, 0.0053968434503900483
1.8048048048050000514, 0.0053463231358537614
1.8073073073070000660, 0.0052965706603280531
1.8098098098099999476, 0.0052475695933556455
1.8123123123119999622, 0.0051993039614127972
1.8148148148150000658, 0.0051517582322289247
1.8173173173170000805, 0.0051049172997463454
1.8198198198199999620, 0.0050587664696898713
1.8223223223219999767, 0.0050132914457176386
1.8248248248250000803, 0.0049684783161260482
1.8273273273270000949, 0.0049243135410831675
1.8298298298299999765, 0.0048807839403662507
1.8323323323319999911, 0.0048378766815803274
1.8348348348350000947, 0.0047955792688360093
1.8373373373370001094, 0.0047538795318657779
1.8398398398399999909, 0.0047127656155590853
1.8423423423420000056, 0.0046722259698975966
1.8448448448450001091, 0.0046322493402728634
1.8473473473469999018, 0.0045928247581695694
1.8498498498500000053, 0.0045539415321983918
1.8523523523520000200, 0.0045155892394632509
1.8548548548549999015, 0.0044777577172485086
1.8573573573569999162, 0.0044404370550123898
1.8598598598600000198, 0.0044036175866735330
1.8623623623620000345, 0.0043672898831782561
1.8648648648649999160, 0.0043314447453366902
1.8673673673669999307, 0.0042960731969165049
1.8698698698700000342, 0.0042611664779835124
1.8723723723720000489, 0.0042267160384788930
1.8748748748749999304, 0.0041927135320233263
1.8773773773769999451, 0.0041591508099387284
1.8798798798800000487, 0.0041260199154787213
1.8823823823820000634, 0.0040933130782594244
1.8848848848849999449, 0.0040610227088824658
1.8873873873869999596, 0.0040291413937425542
1.8898898898900000631, 0.0039976618900122510
1.8923923923920000778, 0.0039665771207969573
1.8948948948949999593, 0.0039358801704533711
1.8973973973969999740, 0.0039055642800650894
1.8998998999000000776, 0.0038756228430691804
1.9024024024020000923, 0.0038460494010279221
1.9049049049049999738, 0.0038168376395401066
1.9074074074069999885, 0.0037879813842865784
1.9099099099100000920, 0.0037594745972048945
1.9124124124120001067, 0.0037313113727882154
1.9149149149149999882, 0.0037034859345037550
1.9174174174170000029, 0.0036759926313263188
1.9199199199200001065, 0.0036488259343826230
1.9224224224219998991, 0.0036219804337023162
1.9249249249250000027, 0.0035954508350717496
1.9274274274270000173, 0.0035692319569867442
1.9299299299299998989, 0.0035433187277007280
1.9324324324319999135, 0.0035177061823648045
1.9349349349350000171, 0.0034923894602564114
1.9374374374370000318, 0.0034673638020934032
1.9399399399399999133, 0.0034426245474305037
1.9424424424419999280, 0.0034181671321351871
1.9449449449450000316, 0.0033939870859402031
1.9474474474470000462, 0.0033700800300700230
1.9499499499499999278, 0.0033464416749386331
1.9524524524519999424, 0.0033230678179161882
1.9549549549550000460, 0.0032999543411621345
1.9574574574570000607, 0.0032770972095225084
1.9599599599599999422, 0.0032544924684892139
1.9624624624619999569, 0.0032321362422191471
1.9649649649650000605, 0.0032100247316111568
1.9674674674670000751, 0.0031881542124388611
1.9699699699699999567, 0.0031665210335374465
1.9724724724719999713, 0.0031451216150426503
1.9749749749750000749, 0.0031239524466801748
1.9774774774770000896, 0.0031030100861038556
1.9799799799799999711, 0.0030822911572809903
1.9824824824819999858, 0.0030617923489232634
1.9849849849850000894, 0.0030415104129617701
1.9874874874870001040, 0.0030214421630647232
1.9899899899899999856, 0.0030015844731964350
1.9924924924920000002, 0.0029819342762162611
1.9949949949950001038, 0.0029624885625162047
1.9974974974969998964, 0.0029432443786959620
2.0000000000000000000, 0.0029241988262742056
