# Delta1: 0.46
# Delta2: 1.17
# Delta3: 1.34
# Dq: 0.08800000000000002
# Ds: -0.09000000000000001
# Dt: -0.01999999999999998
# k1_lab: [1, 0, 0]
# k2_lab: [-0.8660254037844387, 0.49999999999999994, 0.0]
# k1_cf: [-0.35355339059327373, -0.35355339059327373, -0.8660254037844387]
# k2_cf: [0.0, 0.0, 1.0]
# pol1_lab: [(0, 1, 0), (0, 0, 1)]
# pol2_lab: "[array([-0.5      , -0.8660254,  0.       ]), array([0., 0., 1.])]"
# pol1_cf: "[array([-0.61237244, -0.61237244,  0.5       ]), array([-0.70710678,  0.70710678,  0.        ])]"
# pol2_cf: "[array([0.70710678, 0.70710678, 0.        ]), array([-0.70710678,  0.70710678,  0.        ])]"
# cf: "[array([-0.35355339, -0.61237244, -0.70710678]), array([-0.35355339, -0.61237244,  0.70710678]), array([-0.8660254,  0.5      ,  0.       ])]"
# th: 150
-0.5000000000000000000, 0.0017732112843758955
-0.4974974974974999964, 0.0017854424965872925
-0.4949949949949999928, 0.0017978247394178535
-0.4924924924924999892, 0.0018103607781595264
-0.4899899899899999856, 0.0018230534451783701
-0.4874874874874999819, 0.0018359056419299771
-0.4849849849849999783, 0.0018489203410468765
-0.4824824824824999747, 0.0018621005885008830
-0.4799799799800000266, 0.0018754495058435044
-0.4774774774775000230, 0.0018889702925276716
-0.4749749749750000194, 0.0019026662283141949
-0.4724724724725000158, 0.0019165406757665365
-0.4699699699700000122, 0.0019305970828376289
-0.4674674674675000086, 0.0019448389855526804
-0.4649649649650000049, 0.0019592700107920829
-0.4624624624625000013, 0.0019738938791787307
-0.4599599599599999977, 0.0019887144080742926
-0.4574574574574999941, 0.0020037355146891832
-0.4549549549549999905, 0.0020189612193112151
-0.4524524524524999869, 0.0020343956486581789
-0.4499499499499000077, 0.0020500430393598453
-0.4474474474474000041, 0.0020659077415751534
-0.4449449449449000005, 0.0020819942227506671
-0.4424424424423999969, 0.0020983070715266654
-0.4399399399398999932, 0.0021148510017975730
-0.4374374374373999896, 0.0021316308569337690
-0.4349349349348999860, 0.0021486516141722067
-0.4324324324323999824, 0.0021659183891836096
-0.4299299299298999788, 0.0021834364408244919
-0.4274274274273999752, 0.0022012111760826005
-0.4249249249249000271, 0.0022192481552249111
-0.4224224224224000235, 0.0022375530971577356
-0.4199199199199000199, 0.0022561318850090632
-0.4174174174174000163, 0.0022749905719437464
-0.4149149149149000126, 0.0022941353872227869
-0.4124124124124000090, 0.0023135727425185257
-0.4099099099099000054, 0.0023333092384982511
-0.4074074074074000018, 0.0023533516716893613
-0.4049049049048999982, 0.0023737070416400431
-0.4024024024023999946, 0.0023943825583901024
-0.3998998998998999910, 0.0024153856502675064
-0.3973973973973999874, 0.0024367239720270075
-0.3948948948948999838, 0.0024584054133481945
-0.3923923923923999801, 0.0024804381077113032
-0.3898898898898999765, 0.0025028304416701763
-0.3873873873873999729, 0.0025255910645428804
-0.3848848848849000248, 0.0025487288985417307
-0.3823823823824000212, 0.0025722531493656939
-0.3798798798799000176, 0.0025961733172795648
-0.3773773773774000140, 0.0026204992087057368
-0.3748748748749000104, 0.0026452409483559433
-0.3723723723724000068, 0.0026704089919320196
-0.3698698698699000031, 0.0026960141394264925
-0.3673673673673999995, 0.0027220675490557079
-0.3648648648648999959, 0.0027485807518602191
-0.3623623623623999923, 0.0027755656670093391
-0.3598598598598999887, 0.0028030346178490552
-0.3573573573573999851, 0.0028310003487349803
-0.3548548548548999815, 0.0028594760426947042
-0.3523523523523999779, 0.0028884753399666769
-0.3498498498497999987, 0.0029180123574658887
-0.3473473473472999951, 0.0029481017092297893
-0.3448448448447999914, 0.0029787585279014675
-0.3423423423422999878, 0.0030099984873107936
-0.3398398398397999842, 0.0030418378262183510
-0.3373373373372999806, 0.0030742933732912335
-0.3348348348347999770, 0.0031073825733845080
-0.3323323323322999734, 0.0031411235152071296
-0.3298298298298000253, 0.0031755349604564885
-0.3273273273273000217, 0.0032106363745115921
-0.3248248248248000181, 0.0032464479587811443
-0.3223223223223000145, 0.0032829906848095003
-0.3198198198198000108, 0.0033202863302507889
-0.3173173173173000072, 0.0033583575168293313
-0.3148148148148000036, 0.0033972277504129371
-0.3123123123123000000, 0.0034369214633348869
-0.3098098098097999964, 0.0034774640591102037
-0.3073073073072999928, 0.0035188819597026274
-0.3048048048047999892, 0.0035612026555102852
-0.3023023023022999856, 0.0036044547582504884
-0.2997997997997999819, 0.0036486680569379152
-0.2972972972972999783, 0.0036938735771649559
-0.2947947947947999747, 0.0037401036439091858
-0.2922922922923000266, 0.0037873919481102762
-0.2897897897898000230, 0.0038357736172774720
-0.2872872872873000194, 0.0038852852904094686
-0.2847847847848000158, 0.0039359651975307492
-0.2822822822823000122, 0.0039878532441728395
-0.2797797797798000086, 0.0040409911011555803
-0.2772772772773000050, 0.0040954223000522431
-0.2747747747748000013, 0.0041511923347541868
-0.2722722722722999977, 0.0042083487695850300
-0.2697697697697999941, 0.0042669413544521419
-0.2672672672672999905, 0.0043270221475645767
-0.2647647647647999869, 0.0043886456462916505
-0.2622622622622999833, 0.0044518689267859625
-0.2597597597597999797, 0.0045167517930489714
-0.2572572572572999761, 0.0045833569361767891
-0.2547547547547999724, 0.0046517501045894930
-0.2522522522523000243, 0.0047220002861191037
-0.2497497497496999896, 0.0047941799029108285
-0.2472472472472000138, 0.0048683650201794028
-0.2447447447447000102, 0.0049446355699586976
-0.2422422422422000066, 0.0050230755910891135
-0.2397397397397000030, 0.0051037734868046788
-0.2372372372371999993, 0.0051868223014116688
-0.2347347347346999957, 0.0052723200176945061
-0.2322322322321999921, 0.0053603698768439042
-0.2297297297296999885, 0.0054510807228792318
-0.2272272272272000126, 0.0055445673737333848
-0.2247247247247000090, 0.0056409510213869165
-0.2222222222222000054, 0.0057403596636812328
-0.2197197197197000018, 0.0058429285707116765
-0.2172172172171999982, 0.0059488007890035853
-0.2147147147146999946, 0.0060581276870122075
-0.2122122122121999910, 0.0061710695458650905
-0.2097097097096999874, 0.0062877961996887482
-0.2072072072072000115, 0.0064084877303357867
-0.2047047047047000079, 0.0065333352218615859
-0.2022022022022000043, 0.0066625415806986655
-0.1996996996997000007, 0.0067963224281515217
-0.1971971971971999971, 0.0069349070725954285
-0.1946946946946999935, 0.0070785395696216814
-0.1921921921921999898, 0.0072274798793434064
-0.1896896896896999862, 0.0073820051311764296
-0.1871871871872000104, 0.0075424110076582306
-0.1846846846847000068, 0.0077090132602866254
-0.1821821821822000032, 0.0078821493719745256
-0.1796796796796999995, 0.0080621803825581019
-0.1771771771771999959, 0.0082494928958983405
-0.1746746746746999923, 0.0084445012895215769
-0.1721721721721999887, 0.0086476501505025685
-0.1696696696697000128, 0.0088594169644602948
-0.1671671671672000092, 0.0090803150881813080
-0.1646646646647000056, 0.0093108970405869351
-0.1621621621622000020, 0.0095517581516153492
-0.1596596596596999984, 0.0098035406142101093
-0.1571571571571999948, 0.0100669379911286130
-0.1546546546546999912, 0.0103427002358686057
-0.1521521521521999876, 0.0106316392958514215
-0.1496496496496000084, 0.0109346353763311761
-0.1471471471471000048, 0.0112526439555982512
-0.1446446446446000011, 0.0115867036562542006
-0.1421421421420999975, 0.0119379450940643728
-0.1396396396395999939, 0.0123076008456436577
-0.1371371371370999903, 0.0126970166996136207
-0.1346346346345999867, 0.0131076643836307363
-0.1321321321321000108, 0.0135411559927480808
-0.1296296296296000072, 0.0139992603840700825
-0.1271271271271000036, 0.0144839218499956297
-0.1246246246246000000, 0.0149972814392671603
-0.1221221221220999964, 0.0155417013637284603
-0.1196196196196000067, 0.0161197930118737107
-0.1171171171171000031, 0.0167344491913814161
-0.1146146146145999994, 0.0173888813462119950
-0.1121121121120999958, 0.0180866626450275278
-0.1096096096096000061, 0.0188317780237101523
-0.1071071071071000025, 0.0196286824946467035
-0.1046046046045999989, 0.0204823693208706047
-0.1021021021020999953, 0.0213984500092198639
-0.0995995995996000055, 0.0223832485231023788
-0.0970970970971000019, 0.0234439126781316905
-0.0945945945945900063, 0.0245885463969768986
-0.0920920920920900027, 0.0258263674086930267
-0.0895895895895899991, 0.0271678961433699656
-0.0870870870870899955, 0.0286251830771704699
-0.0845845845845799998, 0.0302120837371514482
-0.0820820820820799962, 0.0319445931323277532
-0.0795795795795800065, 0.0338412547481509729
-0.0770770770770800029, 0.0359236637199417813
-0.0745745745745699934, 0.0382170898006351789
-0.0720720720720700037, 0.0407512538477250719
-0.0695695695695700000, 0.0435613026188249805
-0.0670670670670699964, 0.0466890419132664838
-0.0645645645645600008, 0.0501845093357719332
-0.0620620620620599972, 0.0541079978803679085
-0.0595595595595600005, 0.0585326842069917169
-0.0570570570570599969, 0.0635480771487244717
-0.0545545545545500013, 0.0692645923649727602
-0.0520520520520499977, 0.0758196935529686367
-0.0495495495495500010, 0.0833862441262453735
-0.0470470470470499974, 0.0921840267558122900
-0.0445445445445400018, 0.1024958806826897773
-0.0420420420420399982, 0.1146906973332307428
-0.0395395395395400015, 0.1292568143936255742
-0.0370370370370399979, 0.1468515415999908091
-0.0345345345345300023, 0.1683763619004313983
-0.0320320320320299987, 0.1950941917794419000
-0.0295295295295299985, 0.2288178236579256897
-0.0270270270270299984, 0.2722234111185374283
-0.0245245245245199993, 0.3293932509054799951
-0.0220220220220199991, 0.4068006164932806423
-0.0195195195195199990, 0.5151986495650193731
-0.0170170170170199989, 0.6734936199047689698
-0.0145145145145099998, 0.9173650645168018869
-0.0120120120120099996, 1.3205178844112683834
-0.0095095095095099995, 2.0543727200193662163
-0.0070070070070070000, 3.5861335403105218944
-0.0045045045045049997, 7.4750602072514791274
-0.0020020020020019998, 19.3350108615242817223
0.0005005005005005000, 30.5094094832269746576
0.0030030030030029999, 12.9916237691935734233
0.0055055055055059999, 5.4274301897814929418
0.0080080080080079993, 2.8211646476432417074
0.0105105105105099995, 1.7024638371903448864
0.0130130130130099997, 1.1329042443875885215
0.0155155155155200005, 0.8064813841439095743
0.0180180180180199989, 0.6028933470486126378
0.0205205205205199991, 0.4676807765080134294
0.0230230230230199992, 0.3734325999601166846
0.0255255255255299983, 0.3051770672199971002
0.0280280280280299984, 0.2541906866088172734
0.0305305305305299986, 0.2151177078487149785
0.0330330330330299987, 0.1845250417024378309
0.0355355355355400013, 0.1601309870099444366
0.0380380380380399979, 0.1403717159141462945
0.0405405405405400016, 0.1241466723689535340
0.0430430430430399982, 0.1106633041454581218
0.0455455455455500008, 0.0993392259131294086
0.0480480480480499975, 0.0897387795122132348
0.0505505505505500011, 0.0815308444878446725
0.0530530530530499977, 0.0744601423106442672
0.0555555555555600003, 0.0683273213551117142
0.0580580580580599970, 0.0629748827448621262
0.0605605605605600006, 0.0582770693011289559
0.0630630630630600042, 0.0541324923135082653
0.0655655655655699998, 0.0504586809279593193
0.0680680680680700034, 0.0471880020782991585
0.0705705705705699932, 0.0442645709623801856
0.0730730730730699968, 0.0416418865683146275
0.0755755755755800063, 0.0392810041818594108
0.0780780780780799960, 0.0371491099410559203
0.0805805805805799996, 0.0352183994730424499
0.0830830830830800032, 0.0334651886992810010
0.0855855855855899988, 0.0318692034728584594
0.0880880880880900025, 0.0304130081071185623
0.0905905905905900061, 0.0290815426149396428
0.0930930930930899958, 0.0278617456588481846
0.0955955955956000053, 0.0267422455440748316
0.0980980980980999950, 0.0257131055800200563
0.1006006006005999986, 0.0247656131509015609
0.1031031031031000023, 0.0238921041307447943
0.1056056056056000059, 0.0230858160364786485
0.1081081081080999956, 0.0223407646701713689
0.1106106106105999992, 0.0216516400558643650
0.1131131131131000028, 0.0210137183007309651
0.1156156156156000064, 0.0204227866584730210
0.1181181181180999962, 0.0198750795854766155
0.1206206206205999998, 0.0193672239878287696
0.1231231231231000034, 0.0188961921830427537
0.1256256256256000070, 0.0184592613619674328
0.1281281281281000106, 0.0180539785474790500
0.1306306306305999865, 0.0176781302176934503
0.1331331331330999901, 0.0173297159007675394
0.1356356356355999937, 0.0170069251622658006
0.1381381381380999973, 0.0167081174995633887
0.1406406406406000009, 0.0164318047347952849
0.1431431431431000045, 0.0161766355615736573
0.1456456456456000081, 0.0159413819535770412
0.1481481481481000118, 0.0157249271871581393
0.1506506506506999910, 0.0155262552669217652
0.1531531531531999946, 0.0153444415740806202
0.1556556556556999982, 0.0151786445833460848
0.1581581581582000018, 0.0150280985160023747
0.1606606606607000054, 0.0148921068153337749
0.1631631631632000090, 0.0147700363462918653
0.1656656656657000126, 0.0146613122346651165
0.1681681681681999885, 0.0145654132724279198
0.1706706706706999921, 0.0144818678257157153
0.1731731731731999957, 0.0144102501902568549
0.1756756756756999993, 0.0143501773463087304
0.1781781781782000029, 0.0143013060713740106
0.1806806806807000065, 0.0142633303743658103
0.1831831831832000101, 0.0142359792195731454
0.1856856856857000138, 0.0142190145128581504
0.1881881881881999896, 0.0142122293260828342
0.1906906906906999932, 0.0142154463388932360
0.1931931931931999968, 0.0142285164797460555
0.1956956956957000004, 0.0142513177505035546
0.1981981981982000041, 0.0142837542210930198
0.2007007007007000077, 0.0143257551826689259
0.2032032032032000113, 0.0143772744494636943
0.2057057057056999871, 0.0144382898010972701
0.2082082082081999908, 0.0145088025585639151
0.2107107107106999944, 0.0145888372884498494
0.2132132132131999980, 0.0146784416311787208
0.2157157157157000016, 0.0147776862502529450
0.2182182182182000052, 0.0148866649005745845
0.2207207207207000088, 0.0150054946150056292
0.2232232232232000124, 0.0151343160093803698
0.2257257257256999883, 0.0152732937072249005
0.2282282282281999919, 0.0154226168864867834
0.2307307307306999955, 0.0155824999516438537
0.2332332332331999991, 0.0157531833356603992
0.2357357357357000027, 0.0159349344374061196
0.2382382382382000063, 0.0161280487013631402
0.2407407407407000099, 0.0163328508477367414
0.2432432432432000136, 0.0165496962624728204
0.2457457457456999894, 0.0167789725581903096
0.2482482482481999930, 0.0170211013186808043
0.2507507507508000000, 0.0172765400414347549
0.2532532532533000036, 0.0175457842946524951
0.2557557557558000072, 0.0178293701074173049
0.2582582582583000108, 0.0181278766141856548
0.2607607607608000144, 0.0184419289775245368
0.2632632632633000180, 0.0187722016161443878
0.2657657657658000216, 0.0191194217687951085
0.2682682682683000253, 0.0194843734285695541
0.2707707707707999734, 0.0198679016866719280
0.2732732732732999770, 0.0202709175298380999
0.2757757757757999806, 0.0206944031414409216
0.2782782782782999842, 0.0211394177629950358
0.2807807807807999878, 0.0216071041804227169
0.2832832832832999914, 0.0220986959082226098
0.2857857857857999950, 0.0226155251547804498
0.2882882882882999986, 0.0231590316637016250
0.2907907907908000023, 0.0237307725394989982
0.2932932932933000059, 0.0243324331815456957
0.2957957957958000095, 0.0249658394682884810
0.2982982982983000131, 0.0256329713547590356
0.3008008008008000167, 0.0263359780709625513
0.3033033033033000203, 0.0270771951374237721
0.3058058058058000239, 0.0278591634478092612
0.3083083083083000275, 0.0286846507080868174
0.3108108108107999756, 0.0295566755682795390
0.3133133133132999792, 0.0304785348379375785
0.3158158158157999829, 0.0314538342417162928
0.3183183183182999865, 0.0324865232490198913
0.3208208208207999901, 0.0335809346041652523
0.3233233233232999937, 0.0347418292941458415
0.3258258258257999973, 0.0359744478238257920
0.3283283283283000009, 0.0372845688282432003
0.3308308308308000045, 0.0386785762448394327
0.3333333333333000081, 0.0401635365026762475
0.3358358358358000118, 0.0417472874708548006
0.3383383383383000154, 0.0434385412568728951
0.3408408408408000190, 0.0452470033733819582
0.3433433433433000226, 0.0471835113189758917
0.3458458458458000262, 0.0492601962713238167
0.3483483483482999743, 0.0514906724027721779
0.3508508508509000090, 0.0538902593432580637
0.3533533533534000126, 0.0564762445901782414
0.3558558558559000162, 0.0592681942749740398
0.3583583583584000198, 0.0622883227412668397
0.3608608608609000235, 0.0655619340021571378
0.3633633633634000271, 0.0691179515030686809
0.3658658658658999752, 0.0729895569623495305
0.3683683683683999788, 0.0772149647233270064
0.3708708708708999824, 0.0818383654803394589
0.3733733733733999860, 0.0869110830635146658
0.3758758758758999896, 0.0924930010588562723
0.3783783783783999932, 0.0986543336392836090
0.3808808808808999968, 0.1054778388554870050
0.3833833833834000004, 0.1130616053328256931
0.3858858858859000041, 0.1215225885650335902
0.3883883883884000077, 0.1310011362912634481
0.3908908908909000113, 0.1416668320351758270
0.3933933933934000149, 0.1537261143016155351
0.3958958958959000185, 0.1674323154965829674
0.3983983983984000221, 0.1830990396724583025
0.4009009009009000257, 0.2011182100913337101
0.4034034034033999738, 0.2219847450814382561
0.4059059059058999774, 0.2463307945478744043
0.4084084084083999810, 0.2749740121103246282
0.4109109109108999847, 0.3089868365215494572
0.4134134134133999883, 0.3497979043206267402
0.4159159159158999919, 0.3993437934525121968
0.4184184184183999955, 0.4603017471776714165
0.4209209209208999991, 0.5364566875910279364
0.4234234234234000027, 0.6332986970160451312
0.4259259259259000063, 0.7590318958250389381
0.4284284284284000099, 0.9263518908481742642
0.4309309309309000136, 1.1557376846257545466
0.4334334334334000172, 1.4819226373119023243
0.4359359359359000208, 1.9675668543691140489
0.4384384384384000244, 2.7348385386737561475
0.4409409409408999725, 4.0470299114728813805
0.4434434434433999761, 6.5520804429733559004
0.4459459459458999797, 12.1535044217071721562
0.4484484484483999833, 27.7012496358840891730
0.4509509509510000180, 70.9199547301699624313
0.4534534534535000216, 61.3732660224868595833
0.4559559559560000253, 23.4310402595253712832
0.4584584584584999734, 10.7247544736709556901
0.4609609609609999770, 5.9537424690089286727
0.4634634634634999806, 3.7481043773175244382
0.4659659659659999842, 2.5659735557035876496
0.4684684684684999878, 1.8634264862272864605
0.4709709709709999914, 1.4133830712908377336
0.4734734734734999950, 1.1083237572428759066
0.4759759759759999986, 0.8922391442411026219
0.4784784784785000022, 0.7337006701765516059
0.4809809809810000059, 0.6139944025983540277
0.4834834834835000095, 0.5214245997849444869
0.4859859859860000131, 0.4483819013622690752
0.4884884884885000167, 0.3897448866791112798
0.4909909909910000203, 0.3419653276490677296
0.4934934934935000239, 0.3025226331953551062
0.4959959959960000275, 0.2695866860062401948
0.4984984984984999756, 0.2418029056667813093
0.5010010010009999792, 0.2181514433602463887
0.5035035035035000384, 0.1978526861969129025
0.5060060060059999865, 0.1803024599967042174
0.5085085085085000456, 0.1650267297947122513
0.5110110110109999937, 0.1516493739974541233
0.5135135135135000528, 0.1398688935610420958
0.5160160160160000009, 0.1294413344842210434
0.5185185185184999490, 0.1201675998780553506
0.5210210210210000081, 0.1118839084697705738
0.5235235235234999562, 0.1044545387366054429
0.5260260260260000154, 0.0977662539231574368
0.5285285285284999635, 0.0917239773659365015
0.5310310310310000226, 0.0862474077338119538
0.5335335335334999707, 0.0812683478390190256
0.5360360360360000298, 0.0767285801806791568
0.5385385385384999779, 0.0725781650061140260
0.5410410410410000370, 0.0687740675371573823
0.5435435435434999851, 0.0652790435821320875
0.5460460460460000442, 0.0620607294231046991
0.5485485485484999924, 0.0590908942875447568
0.5510510510510999715, 0.0563448230453071422
0.5535535535536000307, 0.0538008038397087412
0.5560560560560999788, 0.0514397007550483065
0.5585585585586000379, 0.0492445957683456115
0.5610610610610999860, 0.0472004874408009159
0.5635635635636000451, 0.0452940363026185164
0.5660660660660999932, 0.0435133488422904946
0.5685685685686000523, 0.0418477935541767612
0.5710710710711000004, 0.0402878437208707349
0.5735735735735999485, 0.0388249425809618978
0.5760760760761000077, 0.0374513873128524341
0.5785785785785999558, 0.0361602288929503551
0.5810810810811000149, 0.0349451853939573009
0.5835835835835999630, 0.0338005667009663377
0.5860860860861000221, 0.0327212089590445121
0.5885885885885999702, 0.0317024173410548199
0.5910910910911000293, 0.0307399159505870982
0.5935935935935999774, 0.0298298038614380236
0.5960960960961000366, 0.0289685164495816633
0.5985985985985999847, 0.0281527913019640613
0.6011011011011000438, 0.0273796380935112417
0.6036036036035999919, 0.0266463119132946680
0.6061061061061000510, 0.0259502895959492427
0.6086086086085999991, 0.0252892486776922533
0.6111111111110999472, 0.0246610486496888839
0.6136136136136000063, 0.0240637142267123884
0.6161161161160999544, 0.0234954203874184787
0.6186186186186000135, 0.0229544789752112247
0.6211211211210999616, 0.0224393266765458184
0.6236236236236000208, 0.0219485142173508063
0.6261261261260999689, 0.0214806966386932585
0.6286286286286000280, 0.0210346245303786594
0.6311311311310999761, 0.0206091361163105447
0.6336336336336000352, 0.0202031500985004192
0.6361361361360999833, 0.0198156591779216594
0.6386386386386000424, 0.0194457241802008171
0.6411411411410999905, 0.0190924687226524878
0.6436436436436000497, 0.0187550743665738096
0.6461461461460999978, 0.0184327762051761171
0.6486486486485999459, 0.0181248588431770011
0.6511511511512000361, 0.0178306527290172240
0.6536536536536999842, 0.0175495308049996197
0.6561561561562000433, 0.0172809054444522936
0.6586586586586999914, 0.0170242256483664825
0.6611611611612000505, 0.0167789744769096007
0.6636636636636999986, 0.0165446666938178916
0.6661661661661999467, 0.0163208466039750297
0.6686686686687000059, 0.0161070860665210036
0.6711711711711999540, 0.0159029826676424790
0.6736736736737000131, 0.0157081580388005737
0.6761761761761999612, 0.0155222563075786135
0.6786786786787000203, 0.0153449426696030053
0.6811811811811999684, 0.0151759020711233310
0.6836836836837000275, 0.0150148379928493683
0.6861861861861999756, 0.0148614713265470856
0.6886886886887000347, 0.0147155393367055590
0.6911911911911999828, 0.0145767947003125654
0.6936936936937000420, 0.0144450046184280562
0.6961961961961999901, 0.0143199499938303602
0.6986986986987000492, 0.0142014246695367947
0.7012012012011999973, 0.0140892347234751400
0.7037037037036999454, 0.0139831978150106243
0.7062062062062000045, 0.0138831425794199801
0.7087087087086999526, 0.0137889080667539209
0.7112112112112000117, 0.0137003432218463783
0.7137137137136999598, 0.0136173064025157838
0.7162162162162000190, 0.0135396649332651109
0.7187187187186999671, 0.0134672946920239393
0.7212212212212000262, 0.0134000797276923843
0.7237237237236999743, 0.0133379119064432252
0.7262262262262000334, 0.0132806905849188403
0.7287287287286999815, 0.0132283223086238390
0.7312312312312000406, 0.0131807205339652903
0.7337337337336999887, 0.0131378053725309113
0.7362362362362000479, 0.0130995033563230147
0.7387387387386999960, 0.0130657472227833187
0.7412412412412000551, 0.0130364757185526450
0.7437437437437000032, 0.0130116334210097252
0.7462462462461999513, 0.0129911705767271589
0.7487487487487000104, 0.0129750429560693097
0.7512512512512999896, 0.0129632117232387697
0.7537537537538000487, 0.0129556433211538910
0.7562562562562999968, 0.0129523093706124699
0.7587587587587999449, 0.0129531865832641611
0.7612612612613000040, 0.0129582566879792600
0.7637637637637999521, 0.0129675063702632300
0.7662662662663000113, 0.0129809272244253704
0.7687687687687999594, 0.0129985157182677287
0.7712712712713000185, 0.0130202731701154102
0.7737737737737999666, 0.0130462057380642191
0.7762762762763000257, 0.0130763244213746507
0.7787787787787999738, 0.0131106450739942107
0.7812812812813000329, 0.0131491884302426046
0.7837837837837999810, 0.0131919801427472609
0.7862862862863000402, 0.0132390508327697200
0.7887887887887999883, 0.0132904361531178510
0.7912912912913000474, 0.0133461768638938553
0.7937937937937999955, 0.0134063189213854059
0.7962962962963000546, 0.0134709135804658205
0.7987987987988000027, 0.0135400175109307297
0.8013013013012999508, 0.0136136929282628747
0.8038038038038000099, 0.0136920077393838657
0.8063063063062999580, 0.0137750357040232647
0.8088088088088000172, 0.0138628566124106740
0.8113113113112999653, 0.0139555564800767813
0.8138138138138000244, 0.0140532277606354450
0.8163163163162999725, 0.0141559695775105750
0.8188188188188000316, 0.0142638879756706513
0.8213213213212999797, 0.0143770961945402162
0.8238238238238000388, 0.0144957149633727304
0.8263263263262999869, 0.0146198728204940537
0.8288288288288000460, 0.0147497064579608754
0.8313313313312999941, 0.0148853610933257600
0.8338338338338000533, 0.0150269908703606660
0.8363363363363000014, 0.0151747592907657200
0.8388388388387999495, 0.0153288396790811354
0.8413413413413000086, 0.0154894156832297656
0.8438438438437999567, 0.0156566818133466457
0.8463463463463000158, 0.0158308440218043710
0.8488488488487999639, 0.0160121203276198318
0.8513513513514000541, 0.0162007414887323092
0.8538538538539000022, 0.0163969517259798213
0.8563563563563999503, 0.0166010095029699642
0.8588588588589000095, 0.0168131883664527498
0.8613613613613999576, 0.0170337778522548396
0.8638638638639000167, 0.0172630844623373643
0.8663663663663999648, 0.0175014327190960890
0.8688688688689000239, 0.0177491663036404637
0.8713713713713999720, 0.0180066492854760035
0.8738738738739000311, 0.0182742674517790971
0.8763763763763999792, 0.0185524297453056528
0.8788788788789000384, 0.0188415698209273216
0.8813813813813999865, 0.0191421477318507206
0.8838838838839000456, 0.0194546517577661032
0.8863863863863999937, 0.0197796003885030436
0.8888888888889000528, 0.0201175444782660945
0.8913913913914000009, 0.0204690695872029663
0.8938938938938999490, 0.0208347985289452295
0.8963963963964000081, 0.0212153941448915070
0.8988988988988999562, 0.0216115623284022368
0.9014014014014000153, 0.0220240553247881658
0.9039039039038999634, 0.0224536753360449828
0.9064064064064000226, 0.0229012784627634254
0.9089089089088999707, 0.0233677790195958059
0.9114114114114000298, 0.0238541542651485583
0.9139139139138999779, 0.0243614495922854432
0.9164164164164000370, 0.0248907842306622384
0.9189189189188999851, 0.0254433575199812245
0.9214214214214000442, 0.0260204558200933939
0.9239239239238999923, 0.0266234601328353207
0.9264264264264000515, 0.0272538545205577576
0.9289289289288999996, 0.0279132354179017356
0.9314314314313999477, 0.0286033219467573679
0.9339339339339000068, 0.0293259673598206053
0.9364364364363999549, 0.0300831717560956363
0.9389389389389000140, 0.0308770962325225287
0.9414414414413999621, 0.0317100786601610812
0.9439439439439000212, 0.0325846513016544506
0.9464464464463999693, 0.0335035605197985115
0.9489489489489000285, 0.0344697888658497265
0.9514514514515000076, 0.0354865798818342210
0.9539539539539999558, 0.0365574660049079528
0.9564564564565000149, 0.0376863000253903208
0.9589589589589999630, 0.0388772906254648970
0.9614614614615000221, 0.0401350426151395878
0.9639639639639999702, 0.0414646025889158498
0.9664664664665000293, 0.0428715108544546197
0.9689689689689999774, 0.0443618606379551569
0.9714714714715000365, 0.0459423657557593984
0.9739739739739999846, 0.0476204381650241898
0.9764764764765000438, 0.0494042770772201156
0.9789789789789999919, 0.0513029716481049891
0.9814814814815000510, 0.0533266196610977655
0.9839839839839999991, 0.0554864651160496408
0.9864864864864999472, 0.0577950582457347969
0.9889889889890000063, 0.0602664422382203357
0.9914914914914999544, 0.0629163718836895508
0.9939939939940000135, 0.0657625705400777805
0.9964964964964999616, 0.0688250332895348205
0.9989989989990000208, 0.0721263860246537936
1.0015015015019999023, 0.0756923125754980358
1.0040040040039999170, 0.0795520650201491653
1.0065065065070000205, 0.0837390762202862571
1.0090090090090000352, 0.0882916986699109202
1.0115115115119999167, 0.0932541003225665355
1.0140140140139999314, 0.0986773566967516225
1.0165165165170000350, 0.1046207899808752062
1.0190190190190000497, 0.1111536210904266048
1.0215215215219999312, 0.1183570211162866259
1.0240240240239999459, 0.1263266764087180860
1.0265265265270000494, 0.1351760196480608356
1.0290290290290000641, 0.1450403320168409949
1.0315315315319999456, 0.1560819954541945997
1.0340340340339999603, 0.1684972786056075922
1.0365365365370000639, 0.1825251901754376960
1.0390390390390000785, 0.1984591516423182544
1.0415415415419999601, 0.2166625633390987793
1.0440440440439999747, 0.2375898206715524874
1.0465465465470000783, 0.2618150735222832814
1.0490490490490000930, 0.2900721659899077043
1.0515515515519999745, 0.3233110082242909300
1.0540540540539999892, 0.3627785756236399095
1.0565565565570000928, 0.4101376252618545992
1.0590590590590001074, 0.4676445853604780933
1.0615615615619999890, 0.5384228183035318915
1.0640640640640000036, 0.6268943551435276484
1.0665665665670001072, 0.7394842143036199911
1.0690690690689998998, 0.8858125646701315858
1.0715715715720000034, 1.0808010453443279708
1.0740740740740000181, 1.3485868666205735877
1.0765765765769998996, 1.7302479144688449608
1.0790790790789999143, 2.3002057029694760182
1.0815815815820000179, 3.2043477695568909347
1.0840840840840000325, 4.7593216722403210994
1.0865865865869999141, 7.7517968448540539583
1.0890890890889999287, 14.5217375954996690268
1.0915915915920000323, 33.5701602348341054949
1.0940940940940000470, 84.4227405022820818203
1.0965965965969999285, 66.3857567267681361045
1.0990990990989999432, 25.3573396559751671475
1.1016016016020000468, 11.7765659557340036656
1.1041041041040000614, 6.6049591040980812906
1.1066066066069999430, 4.1885034837425534349
1.1091091091089999576, 2.8839202220647379704
1.1116116116120000612, 2.1046607463267017479
1.1141141141140000759, 1.6036787085058326063
1.1166166166169999574, 1.2632238545258820395
1.1191191191189999721, 1.0216444923726624161
1.1216216216220000756, 0.8442070542808939315
1.1241241241240000903, 0.7101629018419208794
1.1266266266269999718, 0.6065104986484279870
1.1291291291289999865, 0.5247725822395095108
1.1316316316320000901, 0.4592334045953972987
1.1341341341340001048, 0.4059272052683959853
1.1366366366369999863, 0.3620335326911354734
1.1391391391390000010, 0.3255027922451133593
1.1416416416420001045, 0.2948171239604915894
1.1441441441439998972, 0.2688335182235011556
1.1466466466470000007, 0.2466783941169803374
1.1491491491490000154, 0.2276752326270669591
1.1516516516519998969, 0.2112939426026542999
1.1541541541539999116, 0.1971148190894282948
1.1566566566570000152, 0.1848024882474272046
1.1591591591590000299, 0.1740868067439066968
1.1616616616619999114, 0.1647486822055353461
1.1641641641639999261, 0.1566094279066915784
1.1666666666670000296, 0.1495226912673275621
1.1691691691690000443, 0.1433682817501741869
1.1716716716719999258, 0.1380474186796063485
1.1741741741739999405, 0.1334790543842639954
1.1766766766770000441, 0.1295970227755263993
1.1791791791790000588, 0.1263478309709810121
1.1816816816819999403, 0.1236889604397817533
1.1841841841839999550, 0.1215875801682896468
1.1866866866870000585, 0.1200196014891462548
1.1891891891890000732, 0.1189690252720183999
1.1916916916919999547, 0.1184275491576218531
1.1941941941939999694, 0.1183944169562158588
1.1966966966970000730, 0.1188765054631303053
1.1991991991990000876, 0.1198886568618604542
1.2017017017019999692, 0.1214542786742546510
1.2042042042039999838, 0.1236062490819843512
1.2067067067070000874, 0.1263881848608200409
1.2092092092090001021, 0.1298561540886641608
1.2117117117119999836, 0.1340809489170395330
1.2142142142139999983, 0.1391510789271470094
1.2167167167170001019, 0.1451767086697877407
1.2192192192189998945, 0.1522948525647273565
1.2217217217219999981, 0.1606762696834909132
1.2242242242240000127, 0.1705346907968024461
1.2267267267269998943, 0.1821392934314876588
1.2292292292289999089, 0.1958317710893415498
1.2317317317320000125, 0.2120500089232707497
1.2342342342340000272, 0.2313614303229816205
1.2367367367369999087, 0.2545107780123465613
1.2392392392389999234, 0.2824899050369144016
1.2417417417420000270, 0.3166419313368187272
1.2442442442440000416, 0.3588204966958574715
1.2467467467469999232, 0.4116400168655229841
1.2492492492489999378, 0.4788814154770453246
1.2517517517520000414, 0.5661739527322978693
1.2542542542540000561, 0.6821897615168142082
1.2567567567569999376, 0.8408415378076221636
1.2592592592589999523, 1.0655682607830634367
1.2617617617620000559, 1.3983026380984520110
1.2642642642640000705, 1.9199349735876860557
1.2667667667669999521, 2.8023897506109971545
1.2692692692689999667, 4.4609668409276412859
1.2717717717720000703, 8.0861750792790143549
1.2742742742740000850, 17.8700737037396280016
1.2767767767769999665, 46.6189887338327082489
1.2792792792789999812, 49.1479962841834421283
1.2817817817820000847, 18.9913840777646250046
1.2842842842840000994, 8.4610100360749456172
1.2867867867869999809, 4.6174870503491778351
1.2892892892889999956, 2.8800132585275566299
1.2917917917920000992, 1.9631558865686464799
1.2942942942939998918, 1.4242970221650859131
1.2967967967969999954, 1.0819977422598034966
1.2992992992990000101, 0.8515183493261018199
1.3018018018019998916, 0.6891787698745566182
1.3043043043039999063, 0.5706723585376685115
1.3068068068070000098, 0.4816237656912703002
1.3093093093090000245, 0.4130996447735039157
1.3118118118119999060, 0.3593163261778426487
1.3143143143139999207, 0.3163982611244908760
1.3168168168170000243, 0.2816714984506734076
1.3193193193190000390, 0.2532443674648474641
1.3218218218219999205, 0.2297494558821429889
1.3243243243239999352, 0.2101797806847663097
1.3268268268270000387, 0.1937818778933748931
1.3293293293290000534, 0.1799843420143921457
1.3318318318319999349, 0.1683490481815946571
1.3343343343339999496, 0.1585372476321576518
1.3368368368370000532, 0.1502856390475106607
1.3393393393390000679, 0.1433892766625219362
1.3418418418419999494, 0.1376892654487417988
1.3443443443439999641, 0.1330638854146569405
1.3468468468470000676, 0.1294222374307419932
1.3493493493490000823, 0.1266998045497297887
1.3518518518519999638, 0.1248555320337122465
1.3543543543539999785, 0.1238701819802905946
1.3568568568570000821, 0.1237458384778117038
1.3593593593590000967, 0.1245065441191077205
1.3618618618619999783, 0.1262001532332270304
1.3643643643639999929, 0.1289016063778454513
1.3668668668670000965, 0.1327179828729795341
1.3693693693689998891, 0.1377958993890738559
1.3718718718719999927, 0.1443321328075202470
1.3743743743740000074, 0.1525888198735557977
1.3768768768770001110, 0.1629153348370893650
1.3793793793789999036, 0.1757801621802005387
1.3818818818820000072, 0.1918181125460317049
1.3843843843840000218, 0.2119017242950545499
1.3868868868869999034, 0.2372519016795811564
1.3893893893889999180, 0.2696142739271387145
1.3918918918920000216, 0.3115496819187022481
1.3943943943940000363, 0.3669312142113639874
1.3968968968969999178, 0.4418334029351755898
1.3993993993989999325, 0.5462090827060713805
1.4019019019020000361, 0.6972579917949459638
1.4044044044040000507, 0.9267361226556551923
1.4069069069069999323, 1.2984102680486668824
1.4094094094089999469, 1.9551192999228090841
1.4119119119120000505, 3.2670336361518073076
1.4144144144140000652, 6.3965409387788980666
1.4169169169169999467, 15.6704021882390485132
1.4194194194189999614, 33.9476690198135102605
1.4219219219220000650, 18.6586407205300304213
1.4244244244240000796, 7.3508577608148950588
1.4269269269269999612, 3.6211299681046096310
1.4294294294289999758, 2.1144033214548674238
1.4319319319320000794, 1.3791121048572629881
1.4344344344340000941, 0.9698482786185644855
1.4369369369369999756, 0.7198481985452583887
1.4394394394389999903, 0.5563175955769528169
1.4419419419420000938, 0.4436134256029414247
1.4444444444440001085, 0.3626808823034455287
1.4469469469469999900, 0.3026056842543606296
1.4494494494490000047, 0.2567796769542196600
1.4519519519520001083, 0.2210155084803520076
1.4544544544539999009, 0.1925569901442245047
1.4569569569570000045, 0.1695305667126178473
1.4594594594590000192, 0.1506269815361173658
1.4619619619619999007, 0.1349091236243225578
1.4644644644639999154, 0.1216920260763541400
1.4669669669670000189, 0.1104656624781055196
1.4694694694690000336, 0.1008439592626380749
1.4719719719719999151, 0.0925303295391623759
1.4744744744739999298, 0.0852938855579228883
1.4769769769770000334, 0.0789527114812481612
1.4794794794790000481, 0.0733619004464289709
1.4819819819819999296, 0.0684048665783677790
1.4844844844839999443, 0.0639869463927259935
1.4869869869870000478, 0.0600306254299293532
1.4894894894890000625, 0.0564719350330380870
1.4919919919919999440, 0.0532577026328312497
1.4944944944939999587, 0.0503434321034365723
1.4969969969970000623, 0.0476916544482698657
1.4994994994990000770, 0.0452706332233810266
1.5020020020019999585, 0.0430533401044625799
1.5045045045050000621, 0.0410166380361880328
1.5070070070070000767, 0.0391406252401558657
1.5095095095099999583, 0.0374081048635450317
1.5120120120119999729, 0.0358041534928330019
1.5145145145150000765, 0.0343157680093979719
1.5170170170170000912, 0.0329315749353660536
1.5195195195199999727, 0.0316415899374204099
1.5220220220219999874, 0.0304370178285097090
1.5245245245250000909, 0.0293100854514155434
1.5270270270270001056, 0.0282539014026917043
1.5295295295299999871, 0.0272623377764866642
1.5320320320320000018, 0.0263299300605898297
1.5345345345350001054, 0.0254517920651225332
1.5370370370369998980, 0.0246235433549620644
1.5395395395400000016, 0.0238412471259531154
1.5420420420420000163, 0.0231013568392385640
1.5445445445449998978, 0.0224006702282356744
1.5470470470469999125, 0.0217362895347343009
1.5495495495500000160, 0.0211055870264667857
1.5520520520520000307, 0.0205061750077883652
1.5545545545549999122, 0.0199358796651834501
1.5570570570569999269, 0.0193927181959570455
1.5595595595600000305, 0.0188748787562620611
1.5620620620620000452, 0.0183807028371330110
1.5645645645649999267, 0.0179086697373341854
1.5670670670669999414, 0.0174573828518665292
1.5695695695700000449, 0.0170255575367425707
1.5720720720720000596, 0.0166120103456273253
1.5745745745749999411, 0.0162156494633279406
1.5770770770769999558, 0.0158354661858810149
1.5795795795800000594, 0.0154705273179169753
1.5820820820820000741, 0.0151199683757124448
1.5845845845849999556, 0.0147829874994185109
1.5870870870869999703, 0.0144588399907897101
1.5895895895900000738, 0.0141468334037087168
1.5920920920920000885, 0.0138463231241946396
1.5945945945949999700, 0.0135567083846416699
1.5970970970969999847, 0.0132774286639739912
1.5995995996000000883, 0.0130079604313803974
1.6021021021020001029, 0.0127478141964611352
1.6046046046049999845, 0.0124965318330956393
1.6071071071069999991, 0.0122536841482209554
1.6096096096100001027, 0.0120188686700910055
1.6121121121119998953, 0.0117917076335260114
1.6146146146149999989, 0.0115718461422308939
1.6171171171170000136, 0.0113589504905069003
1.6196196196199998951, 0.0111527066286478977
1.6221221221219999098, 0.0109528187580396827
1.6246246246250000134, 0.0107590080434982818
1.6271271271270000280, 0.0105710114317199098
1.6296296296299999096, 0.0103885805658940344
1.6321321321319999242, 0.0102114807875724883
1.6346346346350000278, 0.0100394902178088784
1.6371371371370000425, 0.0098723989103989170
1.6396396396399999240, 0.0097100080707770153
1.6421421421419999387, 0.0095521293347680565
1.6446446446450000423, 0.0093985841019664576
1.6471471471470000569, 0.0092492029190251249
1.6496496496499999385, 0.0091038249085925414
1.6521521521519999531, 0.0089622972400434479
1.6546546546550000567, 0.0088244746385126097
1.6571571571570000714, 0.0086902189290676626
1.6596596596599999529, 0.0085593986131494524
1.6621621621619999676, 0.0084318884746711984
1.6646646646650000712, 0.0083075692134038995
1.6671671671670000858, 0.0081863271034881592
1.6696696696699999674, 0.0080680536751041032
1.6721721721719999820, 0.0079526454175038366
1.6746746746750000856, 0.0078400035017670722
1.6771771771770001003, 0.0077300335217815432
1.6796796796799999818, 0.0076226452520774778
1.6821821821819999965, 0.0075177524212611041
1.6846846846850001000, 0.0074152724998969820
1.6871871871869998927, 0.0073151265017841246
1.6896896896899999962, 0.0072172387976573802
1.6921921921920000109, 0.0071215369404241252
1.6946946946949998924, 0.0070279515011179346
1.6971971971969999071, 0.0069364159148160784
1.6996996997000000107, 0.0068468663358271335
1.7022022022020000254, 0.0067592415015093159
1.7047047047049999069, 0.0066734826041296262
1.7072072072069999216, 0.0065895331702192986
1.7097097097100000251, 0.0065073389469224143
1.7122122122120000398, 0.0064268477948725786
1.7147147147149999213, 0.0063480095871673130
1.7172172172169999360, 0.0062707761140417227
1.7197197197200000396, 0.0061951009928722942
1.7222222222220000543, 0.0061209395831686095
1.7247247247249999358, 0.0060482489062354131
1.7272272272269999505, 0.0059769875692103121
1.7297297297300000540, 0.0059071156932032727
1.7322322322320000687, 0.0058385948452833875
1.7347347347349999502, 0.0057713879740761680
1.7372372372369999649, 0.0057054593487510293
1.7397397397400000685, 0.0056407745011937890
1.7422422422420000832, 0.0055773001711729771
1.7447447447449999647, 0.0055150042543216787
1.7472472472469999794, 0.0054538557527686413
1.7497497497500000829, 0.0053938247282633873
1.7522522522520000976, 0.0053348822576503759
1.7547547547549999791, 0.0052770003905567202
1.7572572572569999938, 0.0052201521091668236
1.7597597597600000974, 0.0051643112899654149
1.7622622622619998900, 0.0051094526673381001
1.7647647647649999936, 0.0050555517989255786
1.7672672672670000082, 0.0050025850326342134
1.7697697697699998898, 0.0049505294752117436
1.7722722722719999044, 0.0048993629623026221
1.7747747747750000080, 0.0048490640299026742
1.7772772772770000227, 0.0047996118871377683
1.7797797797799999042, 0.0047509863902957007
1.7822822822819999189, 0.0047031680180448111
1.7847847847850000225, 0.0046561378477768230
1.7872872872870000371, 0.0046098775330150853
1.7897897897899999187, 0.0045643692818329359
1.7922922922919999333, 0.0045195958362300708
1.7947947947950000369, 0.0044755404524179166
1.7972972972970000516, 0.0044321868819677552
1.7997997997999999331, 0.0043895193537780951
1.8023023023019999478, 0.0043475225568201884
1.8048048048050000514, 0.0043061816236229728
1.8073073073070000660, 0.0042654821144608593
1.8098098098099999476, 0.0042254100022098796
1.8123123123119999622, 0.0041859516578395626
1.8148148148150000658, 0.0041470938365097566
1.8173173173170000805, 0.0041088236642432743
1.8198198198199999620, 0.0040711286251468373
1.8223223223219999767, 0.0040339965491542800
1.8248248248250000803, 0.0039974156002673617
1.8273273273270000949, 0.0039613742652708697
1.8298298298299999765, 0.0039258613428999264
1.8323323323319999911, 0.0038908659334385655
1.8348348348350000947, 0.0038563774287297516
1.8373373373370001094, 0.0038223855025780540
1.8398398398399999909, 0.0037888801015271388
1.8423423423420000056, 0.0037558514359951672
1.8448448448450001091, 0.0037232899717520749
1.8473473473469999018, 0.0036911864217234712
1.8498498498500000053, 0.0036595317381067178
1.8523523523520000200, 0.0036283171047854358
1.8548548548549999015, 0.0035975339300294024
1.8573573573569999162, 0.0035671738394674061
1.8598598598600000198, 0.0035372286693212884
1.8623623623620000345, 0.0035076904598899446
1.8648648648649999160, 0.0034785514492726012
1.8673673673669999307, 0.0034498040673212292
1.8698698698700000342, 0.0034214409298124141
1.8723723723720000489, 0.0033934548328294848
1.8748748748749999304, 0.0033658387473461185
1.8773773773769999451, 0.0033385858140030835
1.8798798798800000487, 0.0033116893380701583
1.8823823823820000634, 0.0032851427845856105
1.8848848848849999449, 0.0032589397736660411
1.8873873873869999596, 0.0032330740759796512
1.8898898898900000631, 0.0032075396083763746
1.8923923923920000778, 0.0031823304296685674
1.8948948948949999593, 0.0031574407365562787
1.8973973973969999740, 0.0031328648596913550
1.8998998999000000776, 0.0031085972598749096
1.9024024024020000923, 0.0030846325243829471
1.9049049049049999738, 0.0030609653634151258
1.9074074074069999885, 0.0030375906066618897
1.9099099099100000920, 0.0030145031999854292
1.9124124124120001067, 0.0029916982022100639
1.9149149149149999882, 0.0029691707820179154
1.9174174174170000029, 0.0029469162149458449
1.9199199199200001065, 0.0029249298804798485
1.9224224224219998991, 0.0029032072592432507
1.9249249249250000027, 0.0028817439302751885
1.9274274274270000173, 0.0028605355683960368
1.9299299299299998989, 0.0028395779416565516
1.9324324324319999135, 0.0028188669088676718
1.9349349349350000171, 0.0027983984172080065
1.9374374374370000318, 0.0027781684999062016
1.9399399399399999133, 0.0027581732739954570
1.9424424424419999280, 0.0027384089381376096
1.9449449449450000316, 0.0027188717705142729
1.9474474474470000462, 0.0026995581267826672
1.9499499499499999278, 0.0026804644380938065
1.9524524524519999424, 0.0026615872091708802
1.9549549549550000460, 0.0026429230164456900
1.9574574574570000607, 0.0026244685062511153
1.9599599599599999422, 0.0026062203930676655
1.9624624624619999569, 0.0025881754578222439
1.9649649649650000605, 0.0025703305462373132
1.9674674674670000751, 0.0025526825672287541
1.9699699699699999567, 0.0025352284913507379
1.9724724724719999713, 0.0025179653492860255
1.9749749749750000749, 0.0025008902303801503
1.9774774774770000896, 0.0024840002812180225
1.9799799799799999711, 0.0024672927042415143
1.9824824824819999858, 0.0024507647564066749
1.9849849849850000894, 0.0024344137478792614
1.9874874874870001040, 0.0024182370407673081
1.9899899899899999856, 0.0024022320478895246
1.9924924924920000002, 0.0023863962315783553
1.9949949949950001038, 0.0023707271025165668
1.9974974974969998964, 0.0023552222186062656
2.0000000000000000000, 0.0023398791838693230
