# Delta1: 0.46
# Delta2: 1.17
# Delta3: 1.34
# Dq: 0.08800000000000002
# Ds: -0.09000000000000001
# Dt: -0.01999999999999998
# k1_lab: [1, 0, 0]
# k2_lab: [-0.8660254037844387, 0.49999999999999994, 0.0]
# k1_cf: [-0.24184476264797528, -0.24184476264797528, 0.9396926207859084]
# k2_cf: [0.5416752204197018, 0.5416752204197018, -0.6427876096865395]
# pol1_lab: [(0, 1, 0), (0, 0, 1)]
# pol2_lab: [array([-0.5      , -0.8660254,  0.       ]), array([0., 0., 1.])]
# pol1_cf: [array([0.66446302, 0.66446302, 0.34202014]), array([-0.70710678,  0.70710678,  0.        ])]
# pol2_cf: [array([-0.45451948, -0.45451948, -0.76604444]), array([-0.70710678,  0.70710678,  0.        ])]
# cf: [array([-0.24184476,  0.66446302, -0.70710678]), array([-0.24184476,  0.66446302,  0.70710678]), array([0.93969262, 0.34202014, 0.        ])]
# th: 20
-0.5000000000000000000, 0.0023554888719223904
-0.4974974974974999964, 0.0023756356726780136
-0.4949949949949999928, 0.0023960650105010390
-0.4924924924924999892, 0.0024167824178814622
-0.4899899899899999856, 0.0024377935661556564
-0.4874874874874999819, 0.0024591042697507410
-0.4849849849849999783, 0.0024807204905818673
-0.4824824824824999747, 0.0025026483426087254
-0.4799799799800000266, 0.0025248940965579628
-0.4774774774775000230, 0.0025474641848184272
-0.4749749749750000194, 0.0025703652065165476
-0.4724724724725000158, 0.0025936039327794673
-0.4699699699700000122, 0.0026171873121939452
-0.4674674674675000086, 0.0026411224764693987
-0.4649649649650000049, 0.0026654167463138856
-0.4624624624625000013, 0.0026900776375322422
-0.4599599599599999977, 0.0027151128673560555
-0.4574574574574999941, 0.0027405303610156212
-0.4549549549549999905, 0.0027663382585645263
-0.4524524524524999869, 0.0027925449219680658
-0.4499499499499000077, 0.0028191589424672119
-0.4474474474474000041, 0.0028461891482304902
-0.4449449449449000005, 0.0028736446123067225
-0.4424424424423999969, 0.0029015346608922618
-0.4399399399398999932, 0.0029298688819270296
-0.4374374374373999896, 0.0029586571340344319
-0.4349349349348999860, 0.0029879095558209955
-0.4324324324323999824, 0.0030176365755523833
-0.4299299299298999788, 0.0030478489212233369
-0.4274274274273999752, 0.0030785576310400323
-0.4249249249249000271, 0.0031097740643342719
-0.4224224224224000235, 0.0031415099129300269
-0.4199199199199000199, 0.0031737772129839118
-0.4174174174174000163, 0.0032065883573223560
-0.4149149149149000126, 0.0032399561082994610
-0.4124124124124000090, 0.0032738936112008585
-0.4099099099099000054, 0.0033084144082202844
-0.4074074074074000018, 0.0033435324530370282
-0.4049049049048999982, 0.0033792621260240420
-0.4024024024023999946, 0.0034156182501181055
-0.3998998998998999910, 0.0034526161073852712
-0.3973973973973999874, 0.0034902714563166577
-0.3948948948948999838, 0.0035286005498916728
-0.3923923923923999801, 0.0035676201544479311
-0.3898898898898999765, 0.0036073475693993019
-0.3873873873873999729, 0.0036478006478460590
-0.3848848848849000248, 0.0036889978181235770
-0.3823823823824000212, 0.0037309581063388448
-0.3798798798799000176, 0.0037737011599469315
-0.3773773773774000140, 0.0038172472724227096
-0.3748748748749000104, 0.0038616174090864309
-0.3723723723724000068, 0.0039068332341453378
-0.3698698698699000031, 0.0039529171390172719
-0.3673673673673999995, 0.0039998922720062844
-0.3648648648648999959, 0.0040477825694046326
-0.3623623623623999923, 0.0040966127881001194
-0.3598598598598999887, 0.0041464085397727446
-0.3573573573573999851, 0.0041971963267699091
-0.3548548548548999815, 0.0042490035797551140
-0.3523523523523999779, 0.0043018586972311638
-0.3498498498497999987, 0.0043557910870454320
-0.3473473473472999951, 0.0044108312099917146
-0.3448448448447999914, 0.0044670106256307230
-0.3423423423422999878, 0.0045243620404592927
-0.3398398398397999842, 0.0045829193585670905
-0.3373373373372999806, 0.0046427177349288038
-0.3348348348347999770, 0.0047037936314899042
-0.3323323323322999734, 0.0047661848762146838
-0.3298298298298000253, 0.0048299307252769753
-0.3273273273273000217, 0.0048950719285862573
-0.3248248248248000181, 0.0049616507988554416
-0.3223223223223000145, 0.0050297112844308774
-0.3198198198198000108, 0.0050992990461209168
-0.3173173173173000072, 0.0051704615382760716
-0.3148148148148000036, 0.0052432480943919680
-0.3123123123123000000, 0.0053177100175260715
-0.3098098098097999964, 0.0053939006758401339
-0.3073073073072999928, 0.0054718756036035120
-0.3048048048047999892, 0.0055516926080172524
-0.3023023023022999856, 0.0056334118822456373
-0.2997997997997999819, 0.0057170961250713383
-0.2972972972972999783, 0.0058028106676216110
-0.2947947947947999747, 0.0058906236076475714
-0.2922922922923000266, 0.0059806059518757492
-0.2897897897898000230, 0.0060728317669915743
-0.2872872872873000194, 0.0061673783398586649
-0.2847847847848000158, 0.0062643263476255470
-0.2822822822823000122, 0.0063637600384237273
-0.2797797797798000086, 0.0064657674234180340
-0.2772772772773000050, 0.0065704404810319021
-0.2747747747748000013, 0.0066778753742383684
-0.2722722722722999977, 0.0067881726818812670
-0.2697697697697999941, 0.0069014376450719670
-0.2672672672672999905, 0.0070177804297957705
-0.2647647647647999869, 0.0071373164069584959
-0.2622622622622999833, 0.0072601664512103722
-0.2597597597597999797, 0.0073864572600004707
-0.2572572572572999761, 0.0075163216944428776
-0.2547547547547999724, 0.0076498991437161769
-0.2522522522523000243, 0.0077873359148721913
-0.2497497497496999896, 0.0079287856500998965
-0.2472472472472000138, 0.0080744097736776561
-0.2447447447447000102, 0.0082243779710533711
-0.2422422422422000066, 0.0083788687027200447
-0.2397397397397000030, 0.0085380697558060329
-0.2372372372371999993, 0.0087021788365776523
-0.2347347347346999957, 0.0088714042073603817
-0.2322322322321999921, 0.0090459653717262258
-0.2297297297296999885, 0.0092260938121741538
-0.2272272272272000126, 0.0094120337849515779
-0.2247247247247000090, 0.0096040431771328340
-0.2222222222222000054, 0.0098023944315920129
-0.2197197197197000018, 0.0100073755460882239
-0.2172172172171999982, 0.0102192911533294396
-0.2147147147146999946, 0.0104384636896051337
-0.2122122122121999910, 0.0106652346603879344
-0.2097097097096999874, 0.0108999660122112499
-0.2072072072072000115, 0.0111430416211472372
-0.2047047047047000079, 0.0113948689093516468
-0.2022022022022000043, 0.0116558806024262621
-0.1996996996997000007, 0.0119265366417960882
-0.1971971971971999971, 0.0122073262679289439
-0.1946946946946999935, 0.0124987702920669446
-0.1921921921921999898, 0.0128014235762218577
-0.1896896896896999862, 0.0131158777435456536
-0.1871871871872000104, 0.0134427641438638681
-0.1846846846847000068, 0.0137827571022006122
-0.1821821821822000032, 0.0141365774815856854
-0.1796796796796999995, 0.0145049965953807820
-0.1771771771771999959, 0.0148888405088692874
-0.1746746746746999923, 0.0152889947750116002
-0.1721721721721999887, 0.0157064096551796303
-0.1696696696697000128, 0.0161421058824734939
-0.1671671671672000092, 0.0165971810330359064
-0.1646646646647000056, 0.0170728165797873095
-0.1621621621622000020, 0.0175702857134118449
-0.1596596596596999984, 0.0180909620274736054
-0.1571571571571999948, 0.0186363291785239457
-0.1546546546546999912, 0.0192079916483204882
-0.1521521521521999876, 0.0198076867542304955
-0.1496496496496000084, 0.0204372980760376445
-0.1471471471471000048, 0.0210988704933089410
-0.1446446446446000011, 0.0217946270579390984
-0.1421421421420999975, 0.0225269879623528832
-0.1396396396395999939, 0.0232985919061840449
-0.1371371371370999903, 0.0241123202143765092
-0.1346346346345999867, 0.0249713241191682339
-0.1321321321321000108, 0.0258790556892965380
-0.1296296296296000072, 0.0268393029744375192
-0.1271271271271000036, 0.0278562300343683372
-0.1246246246246000000, 0.0289344226443710682
-0.1221221221220999964, 0.0300789406156409568
-0.1196196196196000067, 0.0312953778477818023
-0.1171171171171000031, 0.0325899314472300680
-0.1146146146145999994, 0.0339694815099597369
-0.1121121121120999958, 0.0354416834909154072
-0.1096096096096000061, 0.0370150754814018434
-0.1071071071071000025, 0.0386992032084932450
-0.1046046046045999989, 0.0405047661824101332
-0.1021021021020999953, 0.0424437891811405010
-0.0995995995996000055, 0.0445298242186339191
-0.0970970970971000019, 0.0467781893491398468
-0.0945945945945900063, 0.0492062521889466142
-0.0920920920920900027, 0.0518337679853046532
-0.0895895895895899991, 0.0546832845610435714
-0.0870870870870899955, 0.0577806296881295742
-0.0845845845845799998, 0.0611555006330449791
-0.0820820820820799962, 0.0648421810986465341
-0.0795795795795800065, 0.0688804180132160659
-0.0770770770770800029, 0.0733165002180340558
-0.0745745745745699934, 0.0782045939670823059
-0.0720720720720700037, 0.0836084075374971952
-0.0695695695695700000, 0.0896032809692769439
-0.0670670670670699964, 0.0962788296410650585
-0.0645645645645600008, 0.1037423159196783629
-0.0620620620620599972, 0.1121229872674147643
-0.0595595595595600005, 0.1215777106753162112
-0.0570570570570599969, 0.1322983654875835025
-0.0545545545545500013, 0.1445216504312825112
-0.0520520520520499977, 0.1585422489971205218
-0.0495495495495500010, 0.1747307335676744622
-0.0470470470470499974, 0.1935582607357277662
-0.0445445445445400018, 0.2156311660931425900
-0.0420420420420399982, 0.2417402616893713219
-0.0395395395395400015, 0.2729324254644713843
-0.0370370370370399979, 0.3106167734782174783
-0.0345345345345300023, 0.3567258744037076212
-0.0320320320320299987, 0.4139671294738367369
-0.0295295295295299985, 0.4862267509041743319
-0.0270270270270299984, 0.5792418042136535661
-0.0245245245245199993, 0.7017638116323496877
-0.0220220220220199991, 0.8676700153723024833
-0.0195195195195199990, 1.1000127391995422332
-0.0170170170170199989, 1.4393227928202663168
-0.0145145145145099998, 1.9620891254569003959
-0.0120120120120099996, 2.8263185762299714021
-0.0095095095095099995, 4.3994987115291577240
-0.0070070070070070000, 7.6832105120946607713
-0.0045045045045049997, 16.0201589620240625322
-0.0020020020020019998, 41.4452024795220665965
0.0005005005005005000, 65.4005747044334810880
0.0030030030030029999, 27.8463093938150549889
0.0055055055055059999, 11.6303227616963091862
0.0080080080080079993, 6.0430260593770688260
0.0105105105105099995, 3.6447352660201581820
0.0130130130130099997, 2.4236798989915118163
0.0155155155155200005, 1.7238546550829427773
0.0180180180180199989, 1.2873590863544490670
0.0205205205205199991, 0.9974444754508680067
0.0230230230230199992, 0.7953475858444679636
0.0255255255255299983, 0.6489723100989911453
0.0280280280280299984, 0.5396174113205689515
0.0305305305305299986, 0.4558013376558181506
0.0330330330330299987, 0.3901642926502260633
0.0355355355355400013, 0.3378147982105108027
0.0380380380380399979, 0.2954003357059318824
0.0405405405405400016, 0.2605615371966915617
0.0430430430430399982, 0.2315993255014226759
0.0455455455455500008, 0.2072651736648643828
0.0480480480480499975, 0.1866251043219852024
0.0505505505505500011, 0.1689692448772180111
0.0530530530530499977, 0.1537503101334035394
0.0555555555555600003, 0.1405409089036190329
0.0580580580580599970, 0.1290033721360581975
0.0605605605605600006, 0.1188680770460729674
0.0630630630630600042, 0.1099176405263756207
0.0655655655655699998, 0.1019752342178655430
0.0680680680680700034, 0.0948958377181262636
0.0705705705705699932, 0.0885596152949092996
0.0730730730730699968, 0.0828668469432979338
0.0755755755755800063, 0.0777340106087603261
0.0780780780780799960, 0.0730907263078288127
0.0805805805805799996, 0.0688773521310405978
0.0830830830830800032, 0.0650430779609882104
0.0855855855855899988, 0.0615444025641601195
0.0880880880880900025, 0.0583439084324111346
0.0905905905905900061, 0.0554092696732808726
0.0930930930930899958, 0.0527124436425636528
0.0955955955956000053, 0.0502290084429621170
0.0980980980980999950, 0.0479376169735212659
0.1006006006005999986, 0.0458195446786699087
0.1031031031031000023, 0.0438583130643432698
0.1056056056056000059, 0.0420393748186969549
0.1081081081080999956, 0.0403498492845992610
0.1106106106105999992, 0.0387782992915224056
0.1131131131131000028, 0.0373145421214883671
0.1156156156156000064, 0.0359494887732750151
0.1181181181180999962, 0.0346750067879890642
0.1206206206205999998, 0.0334838027728568202
0.1231231231231000034, 0.0323693214583900407
0.1256256256256000070, 0.0313256586849347818
0.1281281281281000106, 0.0303474861671896856
0.1306306306305999865, 0.0294299862521403451
0.1331331331330999901, 0.0285687951845249241
0.1356356356355999937, 0.0277599536381086254
0.1381381381380999973, 0.0269998634714485111
0.1406406406406000009, 0.0262852498319489231
0.1431431431431000045, 0.0256131278685583427
0.1456456456456000081, 0.0249807734267854104
0.1481481481481000118, 0.0243856971940893050
0.1506506506506999910, 0.0238256218425554195
0.1531531531531999946, 0.0232984617818666924
0.1556556556556999982, 0.0228023051911581121
0.1581581581582000018, 0.0223353980452134122
0.1606606606607000054, 0.0218961298901064055
0.1631631631632000090, 0.0214830211570150344
0.1656656656657000126, 0.0210947118315360053
0.1681681681681999885, 0.0207299513202180707
0.1706706706706999921, 0.0203875893768873315
0.1731731731731999957, 0.0200665679692158400
0.1756756756756999993, 0.0197659139813514545
0.1781781781782000029, 0.0194847326616645611
0.1806806806807000065, 0.0192222017361040956
0.1831831831832000101, 0.0189775661175573089
0.1856856856857000138, 0.0187501331502043338
0.1881881881881999896, 0.0185392683353417902
0.1906906906906999932, 0.0183443914916791191
0.1931931931931999968, 0.0181649733088265798
0.1956956956957000004, 0.0180005322577093951
0.1981981981982000041, 0.0178506318260585259
0.2007007007007000077, 0.0177148780510304853
0.2032032032032000113, 0.0175929173244669459
0.2057057057056999871, 0.0174844344493855497
0.2082082082081999908, 0.0173891509290475324
0.2107107107106999944, 0.0173068234724238906
0.2132132132131999980, 0.0172372427021217946
0.2157157157157000016, 0.0171802320528697677
0.2182182182182000052, 0.0171356468505299078
0.2207207207207000088, 0.0171033735633325905
0.2232232232232000124, 0.0170833292186419600
0.2257257257256999883, 0.0170754609800810309
0.2282282282281999919, 0.0170797458812954640
0.2307307307306999955, 0.0170961907140347452
0.2332332332331999991, 0.0171248320695985348
0.2357357357357000027, 0.0171657365340518106
0.2382382382382000063, 0.0172190010389745990
0.2407407407407000099, 0.0172847533708982218
0.2432432432432000136, 0.0173631528440091956
0.2457457457456999894, 0.0174543911421945301
0.2482482482481999930, 0.0175586933380781386
0.2507507507508000000, 0.0176763190983807855
0.2532532532533000036, 0.0178075640867505144
0.2557557557558000072, 0.0179527615771828304
0.2582582582583000108, 0.0181122842933123043
0.2607607607608000144, 0.0182865464912435605
0.2632632632633000180, 0.0184760063062381595
0.2657657657658000216, 0.0186811683865319052
0.2682682682683000253, 0.0189025868408732867
0.2707707707707999734, 0.0191408685301102596
0.2732732732732999770, 0.0193966767373774003
0.2757757757757999806, 0.0196707352562285297
0.2782782782782999842, 0.0199638329415181143
0.2807807807807999878, 0.0202768287740643892
0.2832832832832999914, 0.0206106574972629436
0.2857857857857999950, 0.0209663358920106797
0.2882882882882999986, 0.0213449697657295823
0.2907907907908000023, 0.0217477617421642545
0.2932932932933000059, 0.0221760199512182829
0.2957957957958000095, 0.0226311677327018790
0.2982982982983000131, 0.0231147544848495437
0.3008008008008000167, 0.0236284678082674948
0.3033033033033000203, 0.0241741471191198702
0.3058058058058000239, 0.0247537989324853464
0.3083083083083000275, 0.0253696140486919103
0.3108108108107999756, 0.0260239869129935859
0.3133133133132999792, 0.0267195374633273953
0.3158158158157999829, 0.0274591358334784381
0.3183183183182999865, 0.0282459303414792536
0.3208208208207999901, 0.0290833792675875800
0.3233233233232999937, 0.0299752870153065093
0.3258258258257999973, 0.0309258453558501449
0.3283283283283000009, 0.0319396805852214527
0.3308308308308000045, 0.0330219075786460439
0.3333333333333000081, 0.0341781919157899267
0.3358358358358000118, 0.0354148214798764363
0.3383383383383000154, 0.0367387892145463954
0.3408408408408000190, 0.0381578890668259896
0.3433433433433000226, 0.0396808275691866094
0.3458458458458000262, 0.0413173540393911645
0.3483483483482999743, 0.0430784130307049484
0.3508508508509000090, 0.0449763234823616839
0.3533533533534000126, 0.0470249900469734972
0.3558558558559000162, 0.0492401533684496823
0.3583583583584000198, 0.0516396877312042396
0.3608608608609000235, 0.0542439566059030598
0.3633633633634000271, 0.0570762393223329528
0.3658658658658999752, 0.0601632456003350011
0.3683683683683999788, 0.0635357392298017132
0.3708708708708999824, 0.0672292981743017604
0.3733733733733999860, 0.0712852462842444856
0.3758758758758999896, 0.0757518023503053473
0.3783783783783999932, 0.0806855064030475300
0.3808808808808999968, 0.0861530023934011652
0.3833833833834000004, 0.0922332827248088238
0.3858858858859000041, 0.0990205365501405643
0.3883883883884000077, 0.1066277947281584759
0.3908908908909000113, 0.1151916364964850337
0.3933933933934000149, 0.1248783263515799019
0.3958958958959000185, 0.1358918998994844141
0.3983983983984000221, 0.1484849389694966881
0.4009009009009000257, 0.1629731080411484512
0.4034034034033999738, 0.1797550294413771677
0.4059059059058999774, 0.1993398591870710890
0.4084084084083999810, 0.2223861678471071579
0.4109109109108999847, 0.2497577433648871525
0.4134134134133999883, 0.2826052740375946670
0.4159159159158999919, 0.3224885706561201326
0.4184184184183999955, 0.3715640143542614515
0.4209209209208999991, 0.4328801682467376399
0.4234234234234000027, 0.5108590197996564219
0.4259259259259000063, 0.6121085831348695994
0.4284284284284000099, 0.7468545477895586204
0.4309309309309000136, 0.9315917524733752231
0.4334334334334000172, 1.1942962320552259481
0.4359359359359000208, 1.5854376648951713502
0.4384384384384000244, 2.2034166252602833680
0.4409409409408999725, 3.2603022622000974451
0.4434434434433999761, 5.2779784894851138333
0.4459459459458999797, 9.7896340407758675184
0.4484484484483999833, 22.3125707176291179223
0.4509509509510000180, 57.1231281814339411085
0.4534534534535000216, 49.4337114246756996749
0.4559559559560000253, 18.8730629576931292490
0.4584584584584999734, 8.6387442929206148534
0.4609609609609999770, 4.7959051511713974847
0.4634634634634999806, 3.0193508172574357040
0.4659659659659999842, 2.0671822521814622320
0.4684684684684999878, 1.5012953540835631827
0.4709709709709999914, 1.1387880774137448814
0.4734734734734999950, 0.8930586144070716825
0.4759759759759999986, 0.7189940959257790087
0.4784784784785000022, 0.5912803293174146990
0.4809809809810000059, 0.4948441415000731647
0.4834834834835000095, 0.4202651728040485701
0.4859859859860000131, 0.3614144462527345558
0.4884884884885000167, 0.3141669001083698398
0.4909909909910000203, 0.2756646032567469096
0.4934934934935000239, 0.2438773365791651604
0.4959959959960000275, 0.2173310242557895677
0.4984984984984999756, 0.1949346125060968105
0.5010010010009999792, 0.1758666577248453877
0.5035035035035000384, 0.1594992147841160501
0.5060060060059999865, 0.1453456460042044929
0.5085085085085000456, 0.1330241345977384859
0.5110110110109999937, 0.1222317283074738498
0.5135135135135000528, 0.1127255797723298592
0.5160160160160000009, 0.1043091914182190383
0.5185185185184999490, 0.0968221959406996013
0.5210210210210000081, 0.0901326710882689452
0.5235235235234999562, 0.0841312954101702953
0.5260260260260000154, 0.0787268578746282699
0.5285285285284999635, 0.0738427745491257309
0.5310310310310000226, 0.0694143623375225727
0.5335335335334999707, 0.0653866874637883538
0.5360360360360000298, 0.0617128543223653542
0.5385385385384999779, 0.0583526346462081222
0.5410410410410000370, 0.0552713618013307845
0.5435435435434999851, 0.0524390331985302577
0.5460460460460000442, 0.0498295772389794958
0.5485485485484999924, 0.0474202512137060703
0.5510510510510999715, 0.0451911440932769165
0.5535535535536000307, 0.0431247638368243147
0.5560560560560999788, 0.0412056931938139179
0.5585585585586000379, 0.0394203013108971392
0.5610610610610999860, 0.0377565010398575041
0.5635635635636000451, 0.0362035438547934837
0.5660660660660999932, 0.0347518458633139030
0.5685685685686000523, 0.0333928396391243859
0.5710710710711000004, 0.0321188475881710664
0.5735735735735999485, 0.0309229733451162753
0.5760760760761000077, 0.0297990083252099094
0.5785785785785999558, 0.0287413510621740212
0.5810810810811000149, 0.0277449373714014312
0.5835835835835999630, 0.0268051797096120342
0.5860860860861000221, 0.0259179143727103385
0.5885885885885999702, 0.0250793553951506251
0.5910910910911000293, 0.0242860541962409970
0.5935935935935999774, 0.0235348641690909383
0.5960960960961000366, 0.0228229095323503536
0.5985985985985999847, 0.0221475578683014672
0.6011011011011000438, 0.0215063958570931302
0.6036036036035999919, 0.0208972077890391510
0.6061061061061000510, 0.0203179564974322185
0.6086086086085999991, 0.0197667664052730008
0.6111111111110999472, 0.0192419084223220752
0.6136136136136000063, 0.0187417864652910174
0.6161161161160999544, 0.0182649254048948516
0.6186186186186000135, 0.0178099602697926913
0.6211211211210999616, 0.0173756265598886926
0.6236236236236000208, 0.0169607515406658485
0.6261261261260999689, 0.0165642464066886076
0.6286286286286000280, 0.0161850992165605279
0.6311311311310999761, 0.0158223685138122183
0.6336336336336000352, 0.0154751775587180784
0.6361361361360999833, 0.0151427091051441406
0.6386386386386000424, 0.0148242006644224728
0.6411411411410999905, 0.0145189402051037128
0.6436436436436000497, 0.0142262622434072561
0.6461461461460999978, 0.0139455442843929578
0.6486486486485999459, 0.0136762035784247990
0.6511511511512000361, 0.0134176941614768987
0.6536536536536999842, 0.0131695041513212215
0.6561561561562000433, 0.0129311532747011255
0.6586586586586999914, 0.0127021906032909124
0.6611611611612000505, 0.0124821924786173346
0.6636636636636999986, 0.0122707606082158652
0.6661661661661999467, 0.0120675203171479953
0.6686686686687000059, 0.0118721189406467802
0.6711711711711999540, 0.0116842243451126399
0.6736736736737000131, 0.0115035235659732421
0.6761761761761999612, 0.0113297215520696912
0.6786786786787000203, 0.0111625400072538801
0.6811811811811999684, 0.0110017163207938671
0.6836836836837000275, 0.0108470025789975822
0.6861861861861999756, 0.0106981646511933905
0.6886886886887000347, 0.0105549813438568559
0.6911911911911999828, 0.0104172436172569535
0.6936936936937000420, 0.0102847538595186062
0.6961961961961999901, 0.0101573252134689769
0.6986986986987000492, 0.0100347809520581095
0.7012012012011999973, 0.0099169538985255708
0.7037037037036999454, 0.0098036858878285636
0.7062062062062000045, 0.0096948272661567629
0.7087087087086999526, 0.0095902364256397424
0.7112112112112000117, 0.0094897793716062738
0.7137137137136999598, 0.0093933293199843868
0.7162162162162000190, 0.0093007663226394900
0.7187187187186999671, 0.0092119769186368716
0.7212212212212000262, 0.0091268538095867144
0.7237237237236999743, 0.0090452955573861807
0.7262262262262000334, 0.0089672063028157171
0.7287287287286999815, 0.0088924955035765557
0.7312312312312000406, 0.0088210776904752639
0.7337337337336999887, 0.0087528722405697812
0.7362362362362000479, 0.0086878031661908328
0.7387387387386999960, 0.0086257989188439042
0.7412412412412000551, 0.0085667922070808977
0.7437437437437000032, 0.0085107198275074843
0.7462462462461999513, 0.0084575225081637510
0.7487487487487000104, 0.0084071447635809676
0.7512512512512999896, 0.0083595347608785373
0.7537537537538000487, 0.0083146441963213961
0.7562562562562999968, 0.0082724281818106239
0.7587587587587999449, 0.0082328451408291547
0.7612612612613000040, 0.0081958567134098881
0.7637637637637999521, 0.0081614276697369141
0.7662662662663000113, 0.0081295258320304726
0.7687687687687999594, 0.0081001220044049742
0.7712712712713000185, 0.0080731899104251985
0.7737737737737999666, 0.0080487061381207883
0.7762762762763000257, 0.0080266500922518344
0.7787787787787999738, 0.0080070039536506380
0.7812812812813000329, 0.0079897526454951757
0.7837837837837999810, 0.0079748838064002299
0.7862862862863000402, 0.0079623877702412436
0.7887887887887999883, 0.0079522575526552747
0.7912912912913000474, 0.0079444888441919225
0.7937937937937999955, 0.0079390800101162250
0.7962962962963000546, 0.0079360320968940509
0.7987987987988000027, 0.0079353488454201662
0.8013013013012999508, 0.0079370367110787252
0.8038038038038000099, 0.0079411048907566551
0.8063063063062999580, 0.0079475653569619949
0.8088088088088000172, 0.0079564328992319279
0.8113113113112999653, 0.0079677251730494534
0.8138138138138000244, 0.0079814627565237013
0.8163163163162999725, 0.0079976692151264607
0.8188188188188000316, 0.0080163711748178264
0.8213213213212999797, 0.0080375984039363531
0.8238238238238000388, 0.0080613839042748374
0.8263263263262999869, 0.0080877640118114987
0.8288288288288000460, 0.0081167785076190491
0.8313313313312999941, 0.0081484707395307037
0.8338338338338000533, 0.0081828877552035748
0.8363363363363000014, 0.0082200804472864226
0.8388388388387999495, 0.0082601037114710257
0.8413413413413000086, 0.0083030166182854574
0.8438438438437999567, 0.0083488825995732766
0.8463463463463000158, 0.0083977696506974051
0.8488488488487999639, 0.0084497505496101653
0.8513513513514000541, 0.0085049030940447454
0.8538538538539000022, 0.0085633103582079088
0.8563563563563999503, 0.0086250609704910906
0.8588588588589000095, 0.0086902494138686864
0.8613613613613999576, 0.0087589763508197256
0.8638638638639000167, 0.0088313489747942238
0.8663663663663999648, 0.0089074813904510657
0.8688688688689000239, 0.0089874950251214100
0.8713713713713999720, 0.0090715190742050970
0.8738738738739000311, 0.0091596909834885352
0.8763763763763999792, 0.0092521569716858942
0.8788788788789000384, 0.0093490725968554365
0.8813813813813999865, 0.0094506033707325385
0.8838838838839000456, 0.0095569254254582996
0.8863863863863999937, 0.0096682262376712284
0.8888888888889000528, 0.0097847054154780455
0.8913913913914000009, 0.0099065755544358765
0.8938938938938999490, 0.0100340631693703278
0.8963963963964000081, 0.0101674097096349590
0.8988988988988999562, 0.0103068726662972655
0.9014014014014000153, 0.0104527267807310378
0.9039039039038999634, 0.0106052653652201345
0.9064064064064000226, 0.0107648017474532669
0.9089089089088999707, 0.0109316708522375523
0.9114114114114000298, 0.0111062309354033745
0.9139139139138999779, 0.0112888654867475645
0.9164164164164000370, 0.0114799853210003078
0.9189189189188999851, 0.0116800308782440253
0.9214214214214000442, 0.0118894747580114805
0.9239239239238999923, 0.0121088245144992945
0.9264264264264000515, 0.0123386257440221449
0.9289289289288999996, 0.0125794655000819357
0.9314314314313999477, 0.0128319760763272155
0.9339339339339000068, 0.0130968392033488402
0.9364364364363999549, 0.0133747907118261893
0.9389389389389000140, 0.0136666257221690849
0.9414414414413999621, 0.0139732044296830803
0.9439439439439000212, 0.0142954585646489652
0.9464464464463999693, 0.0146343986188313506
0.9489489489489000285, 0.0149911219441449840
0.9514514514515000076, 0.0153668218459194449
0.9539539539539999558, 0.0157627978129024904
0.9564564564565000149, 0.0161804670494257799
0.9589589589589999630, 0.0166213775027605135
0.9614614614615000221, 0.0170872226115051304
0.9639639639639999702, 0.0175798580399820006
0.9664664664665000293, 0.0181013207104383095
0.9689689689689999774, 0.0186538505010361740
0.9714714714715000365, 0.0192399150452940149
0.9739739739739999846, 0.0198622381504297771
0.9764764764765000438, 0.0205238324512714218
0.9789789789789999919, 0.0212280370372118291
0.9814814814815000510, 0.0219785609373717855
0.9839839839839999991, 0.0227795335304369941
0.9864864864864999472, 0.0236355631691440859
0.9889889889890000063, 0.0245518055861867271
0.9914914914914999544, 0.0255340439927021837
0.9939939939940000135, 0.0265887832110815875
0.9964964964964999616, 0.0277233607249760608
0.9989989989990000208, 0.0289460782130519304
1.0015015015019999023, 0.0302663580017228130
1.0040040040039999170, 0.0316949299823078776
1.0065065065070000205, 0.0332440559658203350
1.0090090090090000352, 0.0349278002966773721
1.0115115115119999167, 0.0367623579552307511
1.0140140140139999314, 0.0387664545409443506
1.0165165165170000350, 0.0409618367106870385
1.0190190190190000497, 0.0433738772243583981
1.0215215215219999312, 0.0460323262521811355
1.0240240240239999459, 0.0489722507804665474
1.0265265265270000494, 0.0522352179073295245
1.0290290290290000641, 0.0558707971419845906
1.0315315315319999456, 0.0599384838711758960
1.0340340340339999603, 0.0645101844727316298
1.0365365365370000639, 0.0696734585210455892
1.0390390390390000785, 0.0755357934537081999
1.0415415415419999601, 0.0822303050005581126
1.0440440440439999747, 0.0899234334683710473
1.0465465465470000783, 0.0988254755982139466
1.0490490490490000930, 0.1092052106846695403
1.0515515515519999745, 0.1214105441587942369
1.0540540540539999892, 0.1358981697517731568
1.0565565565570000928, 0.1532770437655819884
1.0590590590590001074, 0.1743735285963468606
1.0615615615619999890, 0.2003314621768740311
1.0640640640640000036, 0.2327702598828886027
1.0665665665670001072, 0.2740428371117581419
1.0690690690689998998, 0.3276721810725669037
1.0715715715720000034, 0.3991226878453549842
1.0740740740740000181, 0.4972335110825512050
1.0765765765769998996, 0.6370475047167690752
1.0790790790789999143, 0.8458180038566929237
1.0815815815820000179, 1.1769692912976974508
1.0840840840840000325, 1.7464581768848275178
1.0865865865869999141, 2.8423640424536080751
1.0890890890889999287, 5.3215846924431664533
1.0915915915920000323, 12.2972024504827608382
1.0940940940940000470, 30.9195429153796652599
1.0965965965969999285, 24.3144467084034054949
1.0990990990989999432, 9.2898633111077764113
1.1016016016020000468, 4.3166424554775311151
1.1041041041040000614, 2.4228717373757913123
1.1066066066069999430, 1.5380441369555575282
1.1091091091089999576, 1.0603891846747979244
1.1116116116120000612, 0.7751123102363043360
1.1141141141140000759, 0.5917450750332919895
1.1166166166169999574, 0.4671674401274951705
1.1191191191189999721, 0.3788027452192832545
1.1216216216220000756, 0.3139317996586248882
1.1241241241240000903, 0.2649567332142950815
1.1266266266269999718, 0.2271166985775960878
1.1291291291289999865, 0.1973076704360177680
1.1316316316320000901, 0.1734369236755705646
1.1341341341340001048, 0.1540526142051460434
1.1366366366369999863, 0.1381223484561688863
1.1391391391390000010, 0.1248960626428488041
1.1416416416420001045, 0.1138184604085713536
1.1441441441439998972, 0.1044715667206270182
1.1466466466470000007, 0.0965361281256456732
1.1491491491490000154, 0.0897651185265592177
1.1516516516519998969, 0.0839652044357907384
1.1541541541539999116, 0.0789835550388125751
1.1566566566570000152, 0.0746983105988733853
1.1591591591590000299, 0.0710115990519823853
1.1616616616619999114, 0.0678443564046084802
1.1641641641639999261, 0.0651324433797757091
1.1666666666670000296, 0.0628237069657759245
1.1691691691690000443, 0.0608757403370696407
1.1716716716719999258, 0.0592541660953102428
1.1741741741739999405, 0.0579313172882046368
1.1766766766770000441, 0.0568852254925384104
1.1791791791790000588, 0.0560988501481169410
1.1816816816819999403, 0.0555595014556777567
1.1841841841839999550, 0.0552584226359763564
1.1866866866870000585, 0.0551905076617787566
1.1891891891890000732, 0.0553541387654026412
1.1916916916919999547, 0.0557511348649804978
1.1941941941939999694, 0.0563868081489602851
1.1966966966970000730, 0.0572701319270513959
1.1991991991990000876, 0.0584140289865051621
1.2017017017019999692, 0.0598357966063920235
1.2042042042039999838, 0.0615576926955169884
1.2067067067070000874, 0.0636077180220977895
1.2092092092090001021, 0.0660206432686759603
1.2117117117119999836, 0.0688393481894058745
1.2142142142139999983, 0.0721165656681560657
1.2167167167170001019, 0.0759171592351037955
1.2192192192189998945, 0.0803211135194184522
1.2217217217219999981, 0.0854274907589153698
1.2242242242240000127, 0.0913597146762229889
1.2267267267269998943, 0.0982727045830391610
1.2292292292289999089, 0.1063626280259797885
1.2317317317320000125, 0.1158804202303044817
1.2342342342340000272, 0.1271508187564827919
1.2367367367369999087, 0.1405996310341848521
1.2392392392389999234, 0.1567935564012019611
1.2417417417420000270, 0.1764996112120020832
1.2442442442440000416, 0.2007759831904786518
1.2467467467469999232, 0.2311147984453980619
1.2492492492489999378, 0.2696735801267876598
1.2517517517520000414, 0.3196642079380784263
1.2542542542540000561, 0.3860343548481853237
1.2567567567569999376, 0.4767211800617704442
1.2592592592589999523, 0.6050961533798397962
1.2617617617620000559, 0.7950806034540633949
1.2642642642640000705, 1.0928194836147089308
1.2667667667669999521, 1.5963888411301105918
1.2692692692689999667, 2.5426999713631737166
1.2717717717720000703, 4.6108877525873648295
1.2742742742740000850, 10.1923433200198392257
1.2767767767769999665, 26.5925289590089946046
1.2792792792789999812, 28.0353765650246984364
1.2817817817820000847, 10.8324739885314400567
1.2842842842840000994, 4.8255015876197528968
1.2867867867869999809, 2.6330923163764574646
1.2892892892889999956, 1.6420949052654345568
1.2917917917920000992, 1.1192253715564437488
1.2942942942939998918, 0.8119896238012129785
1.2967967967969999954, 0.6168850519836072133
1.2992992992990000101, 0.4855718551129337701
1.3018018018019998916, 0.3931330317726834944
1.3043043043039999063, 0.3257033386446338552
1.3068068068070000098, 0.2750829650636122947
1.3093093093090000245, 0.2361765921033942561
1.3118118118119999060, 0.2056857285400254809
1.3143143143139999207, 0.1814004677698435042
1.3168168168170000243, 0.1617964600454175617
1.3193193193190000390, 0.1457957257894125225
1.3218218218219999205, 0.1326194836329099846
1.3243243243239999352, 0.1216947148619099972
1.3268268268270000387, 0.1125932017820918535
1.3293293293290000534, 0.1049907936495124566
1.3318318318319999349, 0.0986396183189448689
1.3343343343339999496, 0.0933487861846547251
1.3368368368370000532, 0.0889707945043298198
1.3393393393390000679, 0.0853918438090237736
1.3418418418419999494, 0.0825249002691251232
1.3443443443439999641, 0.0803047334414735969
1.3468468468470000676, 0.0786844170155023559
1.3493493493490000823, 0.0776329539449687051
1.3518518518519999638, 0.0771338091060171788
1.3543543543539999785, 0.0771842230400752449
1.3568568568570000821, 0.0777952534782764271
1.3593593593590000967, 0.0789925578093376990
1.3618618618619999783, 0.0808179988185199760
1.3643643643639999929, 0.0833322379317181783
1.3668668668670000965, 0.0866185876622636297
1.3693693693689998891, 0.0907885465004911046
1.3718718718719999927, 0.0959896640128807405
1.3743743743740000074, 0.1024167287852249947
1.3768768768770001110, 0.1103278174412841151
1.3793793793789999036, 0.1200676300251790063
1.3818818818820000072, 0.1321020195210791393
1.3843843843840000218, 0.1470701744751592988
1.3868868868869999034, 0.1658654470448336360
1.3893893893889999180, 0.1897641675553455864
1.3918918918920000216, 0.2206377950203161631
1.3943943943940000363, 0.2613158944583022780
1.3968968968969999178, 0.3162354818645258803
1.3993993993989999325, 0.3926655495568746601
1.4019019019020000361, 0.5031669671193221838
1.4044044044040000507, 0.6709300731787344318
1.4069069069069999323, 0.9425206929605859374
1.4094094094089999469, 1.4222461742511025573
1.4119119119120000505, 2.3804203842623143927
1.4144144144140000652, 4.6658658339137062399
1.4169169169169999467, 11.4381568733170411178
1.4194194194189999614, 24.7850877734850101319
1.4219219219220000650, 13.6205618416553697614
1.4244244244240000796, 5.3632944488279798989
1.4269269269269999612, 2.6398202824660739196
1.4294294294289999758, 1.5396651758281287847
1.4319319319320000794, 1.0028381333134812614
1.4344344344340000941, 0.7040846904586847144
1.4369369369369999756, 0.5216276369672330215
1.4394394394389999903, 0.4023099366476378114
1.4419419419420000938, 0.3201038446877231824
1.4444444444440001085, 0.2610949940450559836
1.4469469469469999900, 0.2173135392363381158
1.4494494494490000047, 0.1839341269510641474
1.4519519519520001083, 0.1578991580135956918
1.4544544544539999009, 0.1371961142222986041
1.4569569569570000045, 0.1204570009256975688
1.4594594594590000192, 0.1067258870319065245
1.4619619619619999007, 0.0953185880393618290
1.4644644644639999154, 0.0857350367996893153
1.4669669669670000189, 0.0776029070025115730
1.4694694694690000336, 0.0706403805469417445
1.4719719719719999151, 0.0646309794981740071
1.4744744744739999298, 0.0594061959643798973
1.4769769769770000334, 0.0548332776495126725
1.4794794794790000481, 0.0508064924446723354
1.4819819819819999296, 0.0472407844845823127
1.4844844844839999443, 0.0440671019776601516
1.4869869869870000478, 0.0412289118166767679
1.4894894894890000625, 0.0386795686498965924
1.4919919919919999440, 0.0363803071942934084
1.4944944944939999587, 0.0342986946305493950
1.4969969969970000623, 0.0324074264330131354
1.4994994994990000770, 0.0306833812257501434
1.5020020020019999585, 0.0291068728924771120
1.5045045045050000621, 0.0276610542569676356
1.5070070070070000767, 0.0263314382156395188
1.5095095095099999583, 0.0251055106059308239
1.5120120120119999729, 0.0239724152588304540
1.5145145145150000765, 0.0229226962496375530
1.5170170170170000912, 0.0219480857722829034
1.5195195195199999727, 0.0210413286324436719
1.5220220220219999874, 0.0201960363059756308
1.5245245245250000909, 0.0194065650017520158
1.5270270270270001056, 0.0186679133177439609
1.5295295295299999871, 0.0179756359707487663
1.5320320320320000018, 0.0173257707759214008
1.5345345345350001054, 0.0167147765985009161
1.5370370370369998980, 0.0161394804314159493
1.5395395395400000016, 0.0155970320948773181
1.5420420420420000163, 0.0150848653273477039
1.5445445445449998978, 0.0146006642564645642
1.5470470470469999125, 0.0141423344151493588
1.5495495495500000160, 0.0137079776111474951
1.5520520520520000307, 0.0132958700745422244
1.5545545545549999122, 0.0129044434027536896
1.5570570570569999269, 0.0125322679003928607
1.5595595595600000305, 0.0121780379754332230
1.5620620620620000452, 0.0118405593061055876
1.5645645645649999267, 0.0115187375368230021
1.5670670670669999414, 0.0112115682979693591
1.5695695695700000449, 0.0109181283748728299
1.5720720720720000596, 0.0106375678768251530
1.5745745745749999411, 0.0103691032784566546
1.5770770770769999558, 0.0101120112238537625
1.5795795795800000594, 0.0098656229990820524
1.5820820820820000741, 0.0096293195917192820
1.5845845845849999556, 0.0094025272670058870
1.5870870870869999703, 0.0091847135995885652
1.5895895895900000738, 0.0089753839078377876
1.5920920920920000885, 0.0087740780445740903
1.5945945945949999700, 0.0085803675039180984
1.5970970970969999847, 0.0083938528090422588
1.5995995996000000883, 0.0082141611499631385
1.6021021021020001029, 0.0080409442442841515
1.6046046046049999845, 0.0078738763970637449
1.6071071071069999991, 0.0077126527388152784
1.6096096096100001027, 0.0075569876231099441
1.6121121121119998953, 0.0074066131673980453
1.6146146146149999989, 0.0072612779225375845
1.6171171171170000136, 0.0071207456581564212
1.6196196196199998951, 0.0069847942524087804
1.6221221221219999098, 0.0068532146759457653
1.6246246246250000134, 0.0067258100610259729
1.6271271271270000280, 0.0066023948476666133
1.6296296296299999096, 0.0064827939995948033
1.6321321321319999242, 0.0063668422835175863
1.6346346346350000278, 0.0062543836059007034
1.6371371371370000425, 0.0061452704020410025
1.6396396396399999240, 0.0060393630727452350
1.6421421421419999387, 0.0059365294643969665
1.6446446446450000423, 0.0058366443886107245
1.6471471471470000569, 0.0057395891780443430
1.6496496496499999385, 0.0056452512752722863
1.6521521521519999531, 0.0055535238519191250
1.6546546546550000567, 0.0054643054555175256
1.6571571571570000714, 0.0053774996817926198
1.6596596596599999529, 0.0052930148702875551
1.6621621621619999676, 0.0052107638214362846
1.6646646646650000712, 0.0051306635333615196
1.6671671671670000858, 0.0050526349568304329
1.6696696696699999674, 0.0049766027669400793
1.6721721721719999820, 0.0049024951502301536
1.6746746746750000856, 0.0048302436060342121
1.6771771771770001003, 0.0047597827609830393
1.6796796796799999818, 0.0046910501956666196
1.6821821821819999965, 0.0046239862825452737
1.6846846846850001000, 0.0045585340342766609
1.6871871871869998927, 0.0044946389616945283
1.6896896896899999962, 0.0044322489407378944
1.6921921921920000109, 0.0043713140876864703
1.6946946946949998924, 0.0043117866421100420
1.6971971971969999071, 0.0042536208569869628
1.6996996997000000107, 0.0041967728954899726
1.7022022022020000254, 0.0041412007339769984
1.7047047047049999069, 0.0040868640707605285
1.7072072072069999216, 0.0040337242402620098
1.7097097097100000251, 0.0039817441321878299
1.7122122122120000398, 0.0039308881153909177
1.7147147147149999213, 0.0038811219661072632
1.7172172172169999360, 0.0038324128002797542
1.7197197197200000396, 0.0037847290097029699
1.7222222222220000543, 0.0037380402017420464
1.7247247247249999358, 0.0036923171423966505
1.7272272272269999505, 0.0036475317024975747
1.7297297297300000540, 0.0036036568068385988
1.7322322322320000687, 0.0035606663860602884
1.7347347347349999502, 0.0035185353311151940
1.7372372372369999649, 0.0034772394501558410
1.7397397397400000685, 0.0034367554276978447
1.7422422422420000832, 0.0033970607859205712
1.7447447447449999647, 0.0033581338479771556
1.7472472472469999794, 0.0033199537031943088
1.7497497497500000829, 0.0032825001740503451
1.7522522522520000976, 0.0032457537848272744
1.7547547547549999791, 0.0032096957318396755
1.7572572572569999938, 0.0031743078551493904
1.7597597597600000974, 0.0031395726116810333
1.7622622622619998900, 0.0031054730496587221
1.7647647647649999936, 0.0030719927842895907
1.7672672672670000082, 0.0030391159746242929
1.7697697697699998898, 0.0030068273015291720
1.7722722722719999044, 0.0029751119467087924
1.7747747747750000080, 0.0029439555727213840
1.7772772772770000227, 0.0029133443039332445
1.7797797797799999042, 0.0028832647083614832
1.7822822822819999189, 0.0028537037803575385
1.7847847847850000225, 0.0028246489240867697
1.7872872872870000371, 0.0027960879377621223
1.7897897897899999187, 0.0027680089985923362
1.7922922922919999333, 0.0027404006484075087
1.7947947947950000369, 0.0027132517799270135
1.7972972972970000516, 0.0026865516236368151
1.7997997997999999331, 0.0026602897352450854
1.8023023023019999478, 0.0026344559836868932
1.8048048048050000514, 0.0026090405396503157
1.8073073073070000660, 0.0025840338645979578
1.8098098098099999476, 0.0025594267002592907
1.8123123123119999622, 0.0025352100585706097
1.8148148148150000658, 0.0025113752120407024
1.8173173173170000805, 0.0024879136845215154
1.8198198198199999620, 0.0024648172423642656
1.8223223223219999767, 0.0024420778859424721
1.8248248248250000803, 0.0024196878415244350
1.8273273273270000949, 0.0023976395534785772
1.8298298298299999765, 0.0023759256767959943
1.8323323323319999911, 0.0023545390699153557
1.8348348348350000947, 0.0023334727878361115
1.8373373373370001094, 0.0023127200755066754
1.8398398398399999909, 0.0022922743614749619
1.8423423423420000056, 0.0022721292517893042
1.8448448448450001091, 0.0022522785241383945
1.8473473473469999018, 0.0022327161222194802
1.8498498498500000053, 0.0022134361503245779
1.8523523523520000200, 0.0021944328681350019
1.8548548548549999015, 0.0021757006857149944
1.8573573573569999162, 0.0021572341586956765
1.8598598598600000198, 0.0021390279836410132
1.8623623623620000345, 0.0021210769935878704
1.8648648648649999160, 0.0021033761537526388
1.8673673673669999307, 0.0020859205573972614
1.8698698698700000342, 0.0020687054218478675
1.8723723723720000489, 0.0020517260846595118
1.8748748748749999304, 0.0020349779999208652
1.8773773773769999451, 0.0020184567346929632
1.8798798798800000487, 0.0020021579655764292
1.8823823823820000634, 0.0019860774754018253
1.8848848848849999449, 0.0019702111500380579
1.8873873873869999596, 0.0019545549753139779
1.8898898898900000631, 0.0019391050340485665
1.8923923923920000778, 0.0019238575031852870
1.8948948948949999593, 0.0019088086510264050
1.8973973973969999740, 0.0018939548345632529
1.8998998999000000776, 0.0018792924968986115
1.9024024024020000923, 0.0018648181647575490
1.9049049049049999738, 0.0018505284460832204
1.9074074074069999885, 0.0018364200277142864
1.9099099099100000920, 0.0018224896731407665
1.9124124124120001067, 0.0018087342203352680
1.9149149149149999882, 0.0017951505796566826
1.9174174174170000029, 0.0017817357318235571
1.9199199199200001065, 0.0017684867259544742
1.9224224224219998991, 0.0017554006776728847
1.9249249249250000027, 0.0017424747672739643
1.9274274274270000173, 0.0017297062379511364
1.9299299299299998989, 0.0017170923940800415
1.9324324324319999135, 0.0017046305995578005
1.9349349349350000171, 0.0016923182761955210
1.9374374374370000318, 0.0016801529021620845
1.9399399399399999133, 0.0016681320104773194
1.9424424424419999280, 0.0016562531875527709
1.9449449449450000316, 0.0016445140717783135
1.9474474474470000462, 0.0016329123521529720
1.9499499499499999278, 0.0016214457669583380
1.9524524524519999424, 0.0016101121024730595
1.9549549549550000460, 0.0015989091917269506
1.9574574574570000607, 0.0015878349132932954
1.9599599599599999422, 0.0015768871901180107
1.9624624624619999569, 0.0015660639883843660
1.9649649649650000605, 0.0015553633164120165
1.9674674674670000751, 0.0015447832235891590
1.9699699699699999567, 0.0015343217993366489
1.9724724724719999713, 0.0015239771721029961
1.9749749749750000749, 0.0015137475083891595
1.9774774774770000896, 0.0015036310118021375
1.9799799799799999711, 0.0014936259221363592
1.9824824824819999858, 0.0014837305144819535
1.9849849849850000894, 0.0014739430983589700
1.9874874874870001040, 0.0014642620168766976
1.9899899899899999856, 0.0014546856459172340
1.9924924924920000002, 0.0014452123933424979
1.9949949949950001038, 0.0014358406982239191
1.9974974974969998964, 0.0014265690300940420
2.0000000000000000000, 0.0014173958882193428
