# Delta1: 0.46
# Delta2: 1.17
# Delta3: 1.34
# Dq: 0.08800000000000002
# Ds: -0.09000000000000001
# Dt: -0.01999999999999998
# k1_lab: [1, 0, 0]
# k2_lab: [-0.8660254037844387, 0.49999999999999994, 0.0]
# k1_cf: [-0.45451947767204365, -0.45451947767204365, 0.766044443118978]
# k2_cf: [0.6644630243886747, 0.6644630243886747, -0.3420201433256688]
# pol1_lab: [(0, 1, 0), (0, 0, 1)]
# pol2_lab: [array([-0.5      , -0.8660254,  0.       ]), array([0., 0., 1.])]
# pol1_cf: [array([0.54167522, 0.54167522, 0.64278761]), array([-0.70710678,  0.70710678,  0.        ])]
# pol2_cf: [array([-0.24184476, -0.24184476, -0.93969262]), array([-0.70710678,  0.70710678,  0.        ])]
# cf: [array([-0.45451948,  0.54167522, -0.70710678]), array([-0.45451948,  0.54167522,  0.70710678]), array([0.76604444, 0.64278761, 0.        ])]
# th: 40
-0.5000000000000000000, 0.0049134883810356463
-0.4974974974974999964, 0.0049585550520413009
-0.4949949949949999928, 0.0050042798289773776
-0.4924924924924999892, 0.0050506758835584349
-0.4899899899899999856, 0.0050977567218989748
-0.4874874874874999819, 0.0051455361947974265
-0.4849849849849999783, 0.0051940285083917712
-0.4824824824824999747, 0.0052432482352022403
-0.4799799799800000266, 0.0052932103255772722
-0.4774774774775000230, 0.0053439301195596497
-0.4749749749750000194, 0.0053954233591905557
-0.4724724724725000158, 0.0054477062012701534
-0.4699699699700000122, 0.0055007952305941316
-0.4674674674675000086, 0.0055547074736866878
-0.4649649649650000049, 0.0056094604130512938
-0.4624624624625000013, 0.0056650720019617512
-0.4599599599599999977, 0.0057215606798170756
-0.4574574574574999941, 0.0057789453880849303
-0.4549549549549999905, 0.0058372455868595328
-0.4524524524524999869, 0.0058964812720613312
-0.4499499499499000077, 0.0059566729933069789
-0.4474474474474000041, 0.0060178418724797338
-0.4449449449449000005, 0.0060800096230318066
-0.4424424424423999969, 0.0061431985700518537
-0.4399399399398999932, 0.0062074316711325239
-0.4374374374373999896, 0.0062727325380747129
-0.4349349349348999860, 0.0063391254594671641
-0.4324324324323999824, 0.0064066354241819794
-0.4299299299298999788, 0.0064752881458288031
-0.4274274274273999752, 0.0065451100882126722
-0.4249249249249000271, 0.0066161284918429463
-0.4224224224224000235, 0.0066883714015431956
-0.4199199199199000199, 0.0067618676952146657
-0.4174174174174000163, 0.0068366471138088403
-0.4149149149149000126, 0.0069127402925674552
-0.4124124124124000090, 0.0069901787935917111
-0.4099099099099000054, 0.0070689951398057787
-0.4074074074074000018, 0.0071492228503831877
-0.4049049049048999982, 0.0072308964777086735
-0.4024024024023999946, 0.0073140516459520421
-0.3998998998998999910, 0.0073987250913349397
-0.3973973973973999874, 0.0074849547041760433
-0.3948948948948999838, 0.0075727795728050542
-0.3923923923923999801, 0.0076622400294410588
-0.3898898898898999765, 0.0077533776981364554
-0.3873873873873999729, 0.0078462355448933822
-0.3848848848849000248, 0.0079408579300660354
-0.3823823823824000212, 0.0080372906631687863
-0.3798798798799000176, 0.0081355810602173236
-0.3773773773774000140, 0.0082357780037375285
-0.3748748748749000104, 0.0083379320055848825
-0.3723723723724000068, 0.0084420952727260710
-0.3698698698699000031, 0.0085483217761434561
-0.3673673673673999995, 0.0086566673230330897
-0.3648648648648999959, 0.0087671896324776379
-0.3623623623623999923, 0.0088799484147865770
-0.3598598598598999887, 0.0089950054547084310
-0.3573573573573999851, 0.0091124246987325623
-0.3548548548548999815, 0.0092322723467118985
-0.3523523523523999779, 0.0093546169480529309
-0.3498498498497999987, 0.0094795295027351092
-0.3473473473472999951, 0.0096070835674388309
-0.3448448448447999914, 0.0097373553670795868
-0.3423423423422999878, 0.0098704239120653656
-0.3398398398397999842, 0.0100063711216156065
-0.3373373373372999806, 0.0101452819535026110
-0.3348348348347999770, 0.0102872445406005496
-0.3323323323322999734, 0.0104323503346537404
-0.3298298298298000253, 0.0105806942577036638
-0.3273273273273000217, 0.0107323748616447844
-0.3248248248248000181, 0.0108874944964119733
-0.3223223223223000145, 0.0110461594873373526
-0.3198198198198000108, 0.0112084803222526723
-0.3173173173173000072, 0.0113745718489542263
-0.3148148148148000036, 0.0115445534836914991
-0.3123123123123000000, 0.0117185494313889541
-0.3098098098097999964, 0.0118966889183617173
-0.3073073073072999928, 0.0120791064383421153
-0.3048048048047999892, 0.0122659420126946719
-0.3023023023022999856, 0.0124573414657625243
-0.2997997997997999819, 0.0126534567163597012
-0.2972972972972999783, 0.0128544460865005032
-0.2947947947947999747, 0.0130604746285411279
-0.2922922922923000266, 0.0132717144719996898
-0.2897897897898000230, 0.0134883451914190912
-0.2872872872873000194, 0.0137105541967454080
-0.2847847847848000158, 0.0139385371478104644
-0.2822822822823000122, 0.0141724983946353161
-0.2797797797798000086, 0.0144126514454097771
-0.2772772772773000050, 0.0146592194641542665
-0.2747747747748000013, 0.0149124358002359278
-0.2722722722722999977, 0.0151725445520908449
-0.2697697697697999941, 0.0154398011677015987
-0.2672672672672999905, 0.0157144730845953408
-0.2647647647647999869, 0.0159968404123634264
-0.2622622622622999833, 0.0162871966609627744
-0.2597597597597999797, 0.0165858495183430106
-0.2572572572572999761, 0.0168931216812549523
-0.2547547547547999724, 0.0172093517434387076
-0.2522522522523000243, 0.0175348951457658456
-0.2497497497496999896, 0.0178701251933248081
-0.2472472472472000138, 0.0182154341448951818
-0.2447447447447000102, 0.0185712343807599364
-0.2422422422422000066, 0.0189379596553606380
-0.2397397397397000030, 0.0193160664419143452
-0.2372372372371999993, 0.0197060353767903110
-0.2347347347346999957, 0.0201083728121964761
-0.2322322322321999921, 0.0205236124865586615
-0.2297297297296999885, 0.0209523173229003538
-0.2272272272272000126, 0.0213950813665574231
-0.2247247247247000090, 0.0218525318747040155
-0.2222222222222000054, 0.0223253315714369190
-0.2197197197197000018, 0.0228141810835819359
-0.2172172172171999982, 0.0233198215739665766
-0.2147147147146999946, 0.0238430375906689661
-0.2122122122121999910, 0.0243846601527278189
-0.2097097097096999874, 0.0249455700950103922
-0.2072072072072000115, 0.0255267016974160058
-0.2047047047047000079, 0.0261290466263779317
-0.2022022022022000043, 0.0267536582197586761
-0.1996996996997000007, 0.0274016561497608460
-0.1971971971971999971, 0.0280742315024522272
-0.1946946946946999935, 0.0287726523169949400
-0.1921921921921999898, 0.0294982696327480594
-0.1896896896896999862, 0.0302525240981658533
-0.1871871871872000104, 0.0310369532019410012
-0.1846846846847000068, 0.0318531991942589757
-0.1821821821822000032, 0.0327030177744710646
-0.1796796796796999995, 0.0335882876311185408
-0.1771771771771999959, 0.0345110209312328789
-0.1746746746746999923, 0.0354733748684140371
-0.1721721721721999887, 0.0364776643936065015
-0.1696696696697000128, 0.0375263762690494287
-0.1671671671672000092, 0.0386221846049302417
-0.1646646646647000056, 0.0397679680602373575
-0.1621621621622000020, 0.0409668289146879749
-0.1596596596596999984, 0.0422221142479915768
-0.1571571571571999948, 0.0435374394968065098
-0.1546546546546999912, 0.0449167146993997290
-0.1521521521521999876, 0.0463641737842394250
-0.1496496496496000084, 0.0478844073127577402
-0.1471471471471000048, 0.0494823991497766527
-0.1446446446446000011, 0.0511635676093743080
-0.1421421421420999975, 0.0529338117114291004
-0.1396396396395999939, 0.0547995632873305577
-0.1371371371370999903, 0.0567678457955906185
-0.1346346346345999867, 0.0588463408532294077
-0.1321321321321000108, 0.0610434636616624879
-0.1296296296296000072, 0.0633684487123103990
-0.1271271271271000036, 0.0658314474046264725
-0.1246246246246000000, 0.0684436395068320491
-0.1221221221220999964, 0.0712173607487380511
-0.1196196196196000067, 0.0741662492709031784
-0.1171171171171000031, 0.0773054141829927488
-0.1146146146145999994, 0.0806516301292701243
-0.1121121121120999958, 0.0842235625495302148
-0.1096096096096000061, 0.0880420292962989515
-0.1071071071071000025, 0.0921303054710099489
-0.1046046046045999989, 0.0965144798340839410
-0.1021021021020999953, 0.1012238730053839353
-0.0995995995996000055, 0.1062915300054992074
-0.0970970970971000019, 0.1117548026299997749
-0.0945945945945900063, 0.1176560408768403260
-0.0920920920920900027, 0.1240434173990031946
-0.0895895895895899991, 0.1309719150481643002
-0.0870870870870899955, 0.1385045154394003164
-0.0845845845845799998, 0.1467136366842992923
-0.0820820820820799962, 0.1556828818083574595
-0.0795795795795800065, 0.1655091769908742516
-0.0770770770770800029, 0.1763054021787799630
-0.0745745745745699934, 0.1882036479933225925
-0.0720720720720700037, 0.2013592752457339374
-0.0695695695695700000, 0.2159560112241520335
-0.0670670670670699964, 0.2322123966317463650
-0.0645645645645600008, 0.2503900080930029359
-0.0620620620620599972, 0.2708040375801644695
-0.0595595595595600005, 0.2938370332160804010
-0.0570570570570599969, 0.3199569283012723697
-0.0545545545545500013, 0.3497409579125345669
-0.0520520520520499977, 0.3839077655806364398
-0.0495495495495500010, 0.4233610664479336982
-0.0470470470470499974, 0.4692498722396645228
-0.0445445445445400018, 0.5230528582758108280
-0.0420420420420399982, 0.5866985861831535143
-0.0395395395395400015, 0.6627400905001280540
-0.0370370370370399979, 0.7546138030518247941
-0.0345345345345300023, 0.8670327100181121072
-0.0320320320320299987, 1.0065993973308964282
-0.0295295295295299985, 1.1827912410886980421
-0.0270270270270299984, 1.4095993308673742117
-0.0245245245245199993, 1.7083661730819856839
-0.0220220220220199991, 2.1129344717897460271
-0.0195195195195199990, 2.6795223893591901820
-0.0170170170170199989, 3.5069732281372894001
-0.0145145145145099998, 4.7818221386233767944
-0.0120120120120099996, 6.8894036121903363679
-0.0095095095095099995, 10.7259170631729574552
-0.0070070070070070000, 18.7339384514801068349
-0.0045045045045049997, 39.0653906056848470030
-0.0020020020020019998, 101.0699282726972825230
0.0005005005005005000, 159.4903479581419389888
0.0030030030030029999, 67.9059591425502873108
0.0055055055055059999, 28.3596653512954048892
0.0080080080080079993, 14.7337738929437769286
0.0105105105105099995, 8.8849755757461679195
0.0130130130130099997, 5.9071246730491333565
0.0155155155155200005, 4.2004076557725644747
0.0180180180180199989, 3.1358774256934580649
0.0205205205205199991, 2.4288164888663521523
0.0230230230230199992, 1.9359177258445745551
0.0255255255255299983, 1.5789076884244788168
0.0280280280280299984, 1.3121792719623699419
0.0305305305305299986, 1.1077321645042301768
0.0330330330330299987, 0.9476178625547833079
0.0355355355355400013, 0.8199074004258033455
0.0380380380380399979, 0.7164249037118948227
0.0405405405405400016, 0.6314165142846261958
0.0430430430430399982, 0.5607386379637487872
0.0455455455455500008, 0.5013464459803472772
0.0480480480480499975, 0.4509622074287651938
0.0505505505505500011, 0.4078547196131748209
0.0530530530530499977, 0.3706892843548091898
0.0555555555555600003, 0.3384235907291530121
0.0580580580580599970, 0.3102341342712862104
0.0605605605605600006, 0.2854633555659848998
0.0630630630630600042, 0.2635810923649164472
0.0655655655655699998, 0.2441560832803268410
0.0680680680680700034, 0.2268346367735770142
0.0705705705705699932, 0.2113244787771071664
0.0730730730730699968, 0.1973823909244629693
0.0755755755755800063, 0.1848046561503933205
0.0780780780780799960, 0.1734196062165183905
0.0805805805805799996, 0.1630817589937164358
0.0830830830830800032, 0.1536671695305529550
0.0855855855855899988, 0.1450697160611350844
0.0880880880880900025, 0.1371981121388916036
0.0905905905905900061, 0.1299734871090423016
0.0930930930930899958, 0.1233274146746238392
0.0955955955956000053, 0.1172002971865545307
0.0980980980980999950, 0.1115400341657637878
0.1006006006005999986, 0.1063009193296099442
0.1031031031031000023, 0.1014427223900052910
0.1056056056056000059, 0.0969299210847197196
0.1081081081080999956, 0.0927310559992115535
0.1106106106105999992, 0.0888181862488882923
0.1131131131131000028, 0.0851664284009891609
0.1156156156156000064, 0.0817535644039934922
0.1181181181180999962, 0.0785597069723536906
0.1206206206205999998, 0.0755670130051539074
0.1231231231231000034, 0.0727594373202522654
0.1256256256256000070, 0.0701225203532030161
0.1281281281281000106, 0.0676432045739453203
0.1306306306305999865, 0.0653096752688955146
0.1331331331330999901, 0.0631112220644219624
0.1356356356355999937, 0.0610381181631013472
0.1381381381380999973, 0.0590815147528560014
0.1406406406406000009, 0.0572333484517195956
0.1431431431431000045, 0.0554862599839549483
0.1456456456456000081, 0.0538335225595856434
0.1481481481481000118, 0.0522689786595236516
0.1506506506506999910, 0.0507869841207424233
0.1531531531531999946, 0.0493823585770964760
0.1556556556556999982, 0.0480503414468786277
0.1581581581582000018, 0.0467865527724576624
0.1606606606607000054, 0.0455869583139626583
0.1631631631632000090, 0.0444478383809205346
0.1656656656657000126, 0.0433657599554320775
0.1681681681681999885, 0.0423375517198791157
0.1706706706706999921, 0.0413602816529350242
0.1731731731731999957, 0.0404312369011618489
0.1756756756756999993, 0.0395479056708571974
0.1781781781782000029, 0.0387079609169916974
0.1806806806807000065, 0.0379092456338550529
0.1831831831832000101, 0.0371497595760520438
0.1856856856857000138, 0.0364276472593171724
0.1881881881881999896, 0.0357411871087177507
0.1906906906906999932, 0.0350887816375721959
0.1931931931931999968, 0.0344689485541699106
0.1956956956957000004, 0.0338803127054121342
0.1981981981982000041, 0.0333215987770447974
0.2007007007007000077, 0.0327916246794312111
0.2032032032032000113, 0.0322892955559831440
0.2057057057056999871, 0.0318135983585907667
0.2082082082081999908, 0.0313635969407891416
0.2107107107106999944, 0.0309384276250836802
0.2132132132131999980, 0.0305372952059283741
0.2157157157157000016, 0.0301594693543862230
0.2182182182182000052, 0.0298042813945814736
0.2207207207207000088, 0.0294711214257345339
0.2232232232232000124, 0.0291594357669143489
0.2257257257256999883, 0.0288687247046965322
0.2282282282281999919, 0.0285985405267225670
0.2307307307306999955, 0.0283484858267593620
0.2332332332331999991, 0.0281182120692901258
0.2357357357357000027, 0.0279074184039660514
0.2382382382382000063, 0.0277158507224403994
0.2407407407407000099, 0.0275433009522238342
0.2432432432432000136, 0.0273896065842702263
0.2457457457456999894, 0.0272546504330532235
0.2482482482481999930, 0.0271383606299533016
0.2507507507508000000, 0.0270407108528713733
0.2532532532533000036, 0.0269617207971471623
0.2557557557558000072, 0.0269014568951200378
0.2582582582583000108, 0.0268600332940592788
0.2607607607608000144, 0.0268376131047463745
0.2632632632633000180, 0.0268344099357549007
0.2657657657658000216, 0.0268506897314863303
0.2682682682683000253, 0.0268867729353356941
0.2707707707707999734, 0.0269430370030354777
0.2732732732732999770, 0.0270199192953256249
0.2757757757757999806, 0.0271179203836987050
0.2782782782782999842, 0.0272376078081601053
0.2807807807807999878, 0.0273796203318267609
0.2832832832832999914, 0.0275446727438851853
0.2857857857857999950, 0.0277335612700828210
0.2882882882882999986, 0.0279471696587019550
0.2907907907908000023, 0.0281864760200638623
0.2932932932933000059, 0.0284525605092639730
0.2957957957958000095, 0.0287466139553318664
0.2982982982983000131, 0.0290699475556747029
0.3008008008008000167, 0.0294240037729021978
0.3033033033033000203, 0.0298103685924321557
0.3058058058058000239, 0.0302307853242148317
0.3083083083083000275, 0.0306871701612053821
0.3108108108107999756, 0.0311816297417069066
0.3133133133132999792, 0.0317164810034484962
0.3158158158157999829, 0.0322942736655300391
0.3183183183182999865, 0.0329178157317161074
0.3208208208207999901, 0.0335902024769273722
0.3233233233232999937, 0.0343148494605295187
0.3258258258257999973, 0.0350955302081060183
0.3283283283283000009, 0.0359364193214950084
0.3308308308308000045, 0.0368421419195464755
0.3333333333333000081, 0.0378178304850844207
0.3358358358358000118, 0.0388691904041803399
0.3383383383383000154, 0.0400025757412616964
0.3408408408408000190, 0.0412250771094843788
0.3433433433433000226, 0.0425446238851426572
0.3458458458458000262, 0.0439701034969195992
0.3483483483482999743, 0.0455115011203293118
0.3508508508509000090, 0.0471800638570916073
0.3533533533534000126, 0.0489884944206408768
0.3558558558559000162, 0.0509511805380588254
0.3583583583584000198, 0.0530844677890223854
0.3608608608609000235, 0.0554069855319081622
0.3633633633634000271, 0.0579400380476546503
0.3658658658658999752, 0.0607080762413858416
0.3683683683683999788, 0.0637392694228096218
0.3708708708708999824, 0.0670662021725914881
0.3733733733733999860, 0.0707267285556254649
0.3758758758758999896, 0.0747650256103989802
0.3783783783783999932, 0.0792329010405474210
0.3808808808808999968, 0.0841914276650269910
0.3833833833834000004, 0.0897130013302857576
0.3858858858859000041, 0.0958839524008203575
0.3883883883884000077, 0.1028078876883146142
0.3908908908909000113, 0.1106100058432085420
0.3933933933934000149, 0.1194427240681309871
0.3958958958959000185, 0.1294930917943384052
0.3983983983984000221, 0.1409926700760338047
0.4009009009009000257, 0.1542308596380602692
0.4034034034033999738, 0.1695731239067852503
0.4059059059058999774, 0.1874862725670541075
0.4084084084083999810, 0.2085741104036050730
0.4109109109108999847, 0.2336286014564411817
0.4134134134133999883, 0.2637047620311184781
0.4159159159158999919, 0.3002327230297186511
0.4184184184183999955, 0.3451895960675151476
0.4209209209208999991, 0.4013705122022802607
0.4234234234234000027, 0.4728298607355869709
0.4259259259259000063, 0.5656263434638117982
0.4284284284284000099, 0.6891356167925520859
0.4309309309309000136, 0.8584813601947300921
0.4334334334334000172, 1.0993140687759830332
0.4359359359359000208, 1.4579080845687732992
0.4384384384384000244, 2.0244843626842290440
0.4409409409408999725, 2.9934836677688934081
0.4434434434433999761, 4.8434079989392104793
0.4459459459458999797, 8.9799988800843202341
0.4484484484483999833, 20.4619292079610950452
0.4509509509510000180, 52.3788095878566366537
0.4534534534535000216, 45.3285517532029302856
0.4559559559560000253, 17.3082465436807062531
0.4584584584584999734, 7.9246339774074332496
0.4609609609609999770, 4.4012062105443678917
0.4634634634634999806, 2.7723027663533552634
0.4659659659659999842, 1.8992581549820368725
0.4684684684684999878, 1.3803859162301512775
0.4709709709709999914, 1.0479878311364216881
0.4734734734734999950, 0.8226609069385545370
0.4759759759759999986, 0.6630422982057351255
0.4784784784785000022, 0.5459220600396498257
0.4809809809810000059, 0.4574799768142993051
0.4834834834835000095, 0.3890787532569193741
0.4859859859860000131, 0.3350988789944304713
0.4884884884885000167, 0.2917581825577160726
0.4909909909910000203, 0.2564362924006842182
0.4934934934935000239, 0.2272717451897905139
0.4959959959960000275, 0.2029129914040331273
0.4984984984984999756, 0.1823596648729600700
0.5010010010009999792, 0.1648585983328922921
0.5035035035035000384, 0.1498340385518715789
0.5060060060059999865, 0.1368397937044412149
0.5085085085085000456, 0.1255257797765735317
0.5110110110109999937, 0.1156142218361277813
0.5135135135135000528, 0.1068824537996117263
0.5160160160160000009, 0.0991503067199554777
0.5185185185184999490, 0.0922707387682130259
0.5210210210210000081, 0.0861227888509046025
0.5235235235234999562, 0.0806062181608278583
0.5260260260260000154, 0.0756373930572225295
0.5285285285284999635, 0.0711460912955413916
0.5310310310310000226, 0.0670730023834481270
0.5335335335334999707, 0.0633677549074515012
0.5360360360360000298, 0.0599873476206019135
0.5385385385384999779, 0.0568948925589178034
0.5410410410410000370, 0.0540586012456792595
0.5435435435434999851, 0.0514509617131863189
0.5460460460460000442, 0.0490480663815605067
0.5485485485484999924, 0.0468290600059570183
0.5510510510510999715, 0.0447756837950638309
0.5535535535536000307, 0.0428718970233604377
0.5560560560560999788, 0.0411035614427543092
0.5585585585586000379, 0.0394581768606045366
0.5610610610610999860, 0.0379246586200398667
0.5635635635636000451, 0.0364931495633524366
0.5660660660660999932, 0.0351548605048233320
0.5685685685686000523, 0.0339019343786465949
0.5710710710711000004, 0.0327273301305455039
0.5735735735735999485, 0.0316247231410623289
0.5760760760761000077, 0.0305884195445649786
0.5785785785785999558, 0.0296132822715439795
0.5810810810811000149, 0.0286946670164840816
0.5835835835835999630, 0.0278283666378534439
0.5860860860861000221, 0.0270105627448598146
0.5885885885885999702, 0.0262377834287682785
0.5910910910911000293, 0.0255068662635610996
0.5935935935935999774, 0.0248149258385022900
0.5960960960961000366, 0.0241593251992684513
0.5985985985985999847, 0.0235376506691247767
0.6011011011011000438, 0.0229476896006858729
0.6036036036035999919, 0.0223874106749368945
0.6061061061061000510, 0.0218549464196895610
0.6086086086085999991, 0.0213485776663602661
0.6111111111110999472, 0.0208667197033911150
0.6136136136136000063, 0.0204079099180166507
0.6161161161160999544, 0.0199707967464166011
0.6186186186186000135, 0.0195541297764127084
0.6211211211210999616, 0.0191567508674477839
0.6236236236236000208, 0.0187775861701895454
0.6261261261260999689, 0.0184156389431971435
0.6286286286286000280, 0.0180699830770622016
0.6311311311310999761, 0.0177397572476126406
0.6336336336336000352, 0.0174241596294160001
0.6361361361360999833, 0.0171224431091665553
0.6386386386386000424, 0.0168339109457776234
0.6411411411410999905, 0.0165579128302870658
0.6436436436436000497, 0.0162938413041562105
0.6461461461460999978, 0.0160411284993143173
0.6486486486485999459, 0.0157992431674698203
0.6511511511512000361, 0.0155676879698590613
0.6536536536536999842, 0.0153459970018024056
0.6561561561562000433, 0.0151337335292482181
0.6586586586586999914, 0.0149304879169573947
0.6611611611612000505, 0.0147358757301599523
0.6636636636636999986, 0.0145495359934380633
0.6661661661661999467, 0.0143711295922899981
0.6686686686687000059, 0.0142003378043342957
0.6711711711711999540, 0.0140368609484479955
0.6736736736737000131, 0.0138804171413176719
0.6761761761761999612, 0.0137307411519355729
0.6786786786787000203, 0.0135875833455116786
0.6811811811811999684, 0.0134507087091086247
0.6836836836837000275, 0.0133198959520540016
0.6861861861861999756, 0.0131949366748520432
0.6886886886887000347, 0.0130756346009146714
0.6911911911911999828, 0.0129618048659681361
0.6936936936937000420, 0.0128532733604721731
0.6961961961961999901, 0.0127498761208211242
0.6986986986987000492, 0.0126514587654855785
0.7012012012011999973, 0.0125578759726033481
0.7037037037036999454, 0.0124689909958448589
0.7062062062062000045, 0.0123846752156636722
0.7087087087086999526, 0.0123048077233009374
0.7112112112112000117, 0.0122292749351465037
0.7137137137136999598, 0.0121579702352714227
0.7162162162162000190, 0.0120907936441390518
0.7187187187186999671, 0.0120276515116768783
0.7212212212212000262, 0.0119684562330506922
0.7237237237236999743, 0.0119131259856277167
0.7262262262262000334, 0.0118615844857480959
0.7287287287286999815, 0.0118137607640454445
0.7312312312312000406, 0.0117695889581681985
0.7337337337336999887, 0.0117290081218555248
0.7362362362362000479, 0.0116919620494153696
0.7387387387386999960, 0.0116583991147386316
0.7412412412412000551, 0.0116282721240632009
0.7437437437437000032, 0.0116015381817756499
0.7462462462461999513, 0.0115781585686067848
0.7487487487487000104, 0.0115580986316412733
0.7512512512512999896, 0.0115413276856211298
0.7537537537538000487, 0.0115278189250787554
0.7562562562562999968, 0.0115175493468878537
0.7587587587587999449, 0.0115104996828700734
0.7612612612613000040, 0.0115066543421425225
0.7637637637637999521, 0.0115060013629360788
0.7662662662663000113, 0.0115085323736573882
0.7687687687687999594, 0.0115142425630090778
0.7712712712713000185, 0.0115231306590226745
0.7737737737737999666, 0.0115351989168978788
0.7762762762763000257, 0.0115504531155802906
0.7787787787787999738, 0.0115689025630475017
0.7812812812813000329, 0.0115905601103110274
0.7837837837837999810, 0.0116154421741794141
0.7862862862863000402, 0.0116435687688654435
0.7887887887887999883, 0.0116749635465590376
0.7912912912913000474, 0.0117096538471264701
0.7937937937937999955, 0.0117476707571367665
0.7962962962963000546, 0.0117890491784576022
0.7987987987988000027, 0.0118338279067062829
0.8013013013012999508, 0.0118820497198860557
0.8038038038038000099, 0.0119337614775856353
0.8063063063062999580, 0.0119890142311690831
0.8088088088088000172, 0.0120478633454363052
0.8113113113112999653, 0.0121103686322900118
0.8138138138138000244, 0.0121765944970050333
0.8163163163162999725, 0.0122466100977594861
0.8188188188188000316, 0.0123204895191561439
0.8213213213212999797, 0.0123983119605361146
0.8238238238238000388, 0.0124801619399667642
0.8263263263262999869, 0.0125661295148720709
0.8288288288288000460, 0.0126563105203671943
0.8313313313312999941, 0.0127508068264609344
0.8338338338338000533, 0.0128497266154002365
0.8363363363363000014, 0.0129531846805519425
0.8388388388387999495, 0.0130613027483488207
0.8413413413413000086, 0.0131742098249715781
0.8438438438437999567, 0.0132920425695963896
0.8463463463463000158, 0.0134149456962118063
0.8488488488487999639, 0.0135430724061993343
0.8513513513514000541, 0.0136765848540823243
0.8538538538539000022, 0.0138156546490794414
0.8563563563563999503, 0.0139604633953541012
0.8588588588589000095, 0.0141112032741338798
0.8613613613613999576, 0.0142680776711858956
0.8638638638639000167, 0.0144313018534797700
0.8663663663663999648, 0.0146011036992535880
0.8688688688689000239, 0.0147777244861231026
0.8713713713713999720, 0.0149614197423485421
0.8738738738739000311, 0.0151524601668991121
0.8763763763763999792, 0.0153511326245425652
0.8788788788789000384, 0.0155577412228420676
0.8813813813813999865, 0.0157726084786734624
0.8838838838839000456, 0.0159960765826955356
0.8863863863863999937, 0.0162285087711216795
0.8888888888889000528, 0.0164702908151701834
0.8913913913914000009, 0.0167218326397258650
0.8938938938938999490, 0.0169835700840439939
0.8963963963964000081, 0.0172559668187927499
0.8988988988988999562, 0.0175395164353803271
0.9014014014014000153, 0.0178347447253789093
0.9039039039038999634, 0.0181422121699692934
0.9064064064064000226, 0.0184625166617206696
0.9089089089088999707, 0.0187962964837379218
0.9114114114114000298, 0.0191442335742948166
0.9139139139138999779, 0.0195070571085888232
0.9164164164164000370, 0.0198855474332661000
0.9189189189188999851, 0.0202805403939490050
0.9214214214214000442, 0.0206929321012513552
0.9239239239238999923, 0.0211236841867877348
0.9264264264264000515, 0.0215738296076067072
0.9289289289288999996, 0.0220444790654505673
0.9314314314313999477, 0.0225368281164420002
0.9339339339339000068, 0.0230521650574389940
0.9364364364363999549, 0.0235918796876255638
0.9389389389389000140, 0.0241574730582251665
0.9414414414413999621, 0.0247505683398929130
0.9439439439439000212, 0.0253729229567888417
0.9464464464463999693, 0.0260264421590864561
0.9489489489489000285, 0.0267131942323432132
0.9514514514515000076, 0.0274354275735199764
0.9539539539539999558, 0.0281955899004038106
0.9564564564565000149, 0.0289963499048795301
0.9589589589589999630, 0.0298406217122949846
0.9614614614615000221, 0.0307315925707411647
0.9639639639639999702, 0.0316727542675049600
0.9664664664665000293, 0.0326679388578061738
0.9689689689689999774, 0.0337213593963695893
0.9714714714715000365, 0.0348376564893780952
0.9739739739739999846, 0.0360219516378257124
0.9764764764765000438, 0.0372799085294645699
0.9789789789789999919, 0.0386178036632369506
0.9814814814815000510, 0.0400426079672131091
0.9839839839839999991, 0.0415620814112602557
0.9864864864864999472, 0.0431848830350729657
0.9889889889890000063, 0.0449206993315888065
0.9914914914914999544, 0.0467803945720415351
0.9939939939940000135, 0.0487761874668688478
0.9964964964964999616, 0.0509218595720884321
0.9989989989990000208, 0.0532330021336423556
1.0015015015019999023, 0.0557273096922240516
1.0040040040039999170, 0.0584249308543609847
1.0065065065070000205, 0.0613488893146150044
1.0090090090090000352, 0.0645255916815743041
1.0115115115119999167, 0.0679854431799002817
1.0140140140139999314, 0.0717635982338297451
1.0165165165170000350, 0.0759008807859700291
1.0190190190190000497, 0.0804449196714758785
1.0215215215219999312, 0.0854515584448834603
1.0240240240239999459, 0.0909866181635564791
1.0265265265270000494, 0.0971281178166283760
1.0290290290290000641, 0.1039690933449449184
1.0315315315319999456, 0.1116212069547154739
1.0340340340339999603, 0.1202194103255702640
1.0365365365370000639, 0.1299280284511551142
1.0390390390390000785, 0.1409487808226836947
1.0415415415419999601, 0.1535314779566629706
1.0440440440439999747, 0.1679884630050343941
1.0465465465470000783, 0.1847143741151254792
1.0490490490490000930, 0.2042135893770922750
1.0515515515519999745, 0.2271389631053400415
1.0540540540539999892, 0.2543474848282499812
1.0565565565570000928, 0.2869818556838656387
1.0590590590590001074, 0.3265927255739048407
1.0615615615619999890, 0.3753264662289629849
1.0640640640640000036, 0.4362218379037569593
1.0665665665670001072, 0.5136939621791640764
1.0690690690689998998, 0.6143535167809877073
1.0715715715720000034, 0.7484540926243234971
1.0740740740740000181, 0.9325817666405613604
1.0765765765769998996, 1.1949634033038294412
1.0790790790789999143, 1.5867379339217060341
1.0815815815820000179, 2.2081521372849994833
1.0840840840840000325, 3.2767904476938145564
1.0865865865869999141, 5.3332125491908177750
1.0890890890889999287, 9.9853237269212957727
1.0915915915920000323, 23.0745922429061778303
1.0940940940940000470, 58.0180741552612175838
1.0965965965969999285, 45.6241426612599809687
1.0990990990989999432, 17.4316704563962403540
1.1016016016020000468, 8.0998366721514027944
1.1041041041040000614, 4.5463647985364916693
1.1066066066069999430, 2.8861021416769885306
1.1091091091089999576, 1.9898712089254755320
1.1116116116120000612, 1.4546260916801077023
1.1141141141140000759, 1.1106096600516666140
1.1166166166169999574, 0.8769105596205746256
1.1191191191189999721, 0.7111655790423904167
1.1216216216220000756, 0.5895083360145363383
1.1241241241240000903, 0.4976822463437132749
1.1266266266269999718, 0.4267542111685964645
1.1291291291289999865, 0.3709000597596510129
1.1316316316320000901, 0.3261932783326885188
1.1341341341340001048, 0.2899099488523540491
1.1366366366369999863, 0.2601132544035774652
1.1391391391390000010, 0.2353961859979859517
1.1416416416420001045, 0.2147172425009647723
1.1441441441439998972, 0.1972926420229360878
1.1466466466470000007, 0.1825238977525049378
1.1491491491490000154, 0.1699481096478361875
1.1516516516519998969, 0.1592031923591330222
1.1541541541539999116, 0.1500031332969591902
1.1566566566570000152, 0.1421201164798319705
1.1591591591590000299, 0.1353714292451459467
1.1616616616619999114, 0.1296097552744047698
1.1641641641639999261, 0.1247159018314558110
1.1666666666670000296, 0.1205933022847326119
1.1691691691690000443, 0.1171638317348924208
1.1716716716719999258, 0.1143646077823719936
1.1741741741739999405, 0.1121455414818203489
1.1766766766770000441, 0.1104674690223460265
1.1791791791790000588, 0.1093007415704392027
1.1816816816819999403, 0.1086241849448737196
1.1841841841839999550, 0.1084243663738705399
1.1866866866870000585, 0.1086951252954348746
1.1891891891890000732, 0.1094373409889386750
1.1916916916919999547, 0.1106589232533044254
1.1941941941939999694, 0.1123750245564538730
1.1966966966970000730, 0.1146084841023005396
1.1991991991990000876, 0.1173905270987649768
1.2017017017019999692, 0.1207617572589951283
1.2042042042039999838, 0.1247734985509476174
1.2067067067070000874, 0.1294895651482484422
1.2092092092090001021, 0.1349885687843294380
1.2117117117119999836, 0.1413669136151049499
1.2142142142139999983, 0.1487426851165887520
1.2167167167170001019, 0.1572607187026399678
1.2192192192189998945, 0.1670992465529947957
1.2217217217219999981, 0.1784786843574001081
1.2242242242240000127, 0.1916733595189299977
1.2267267267269998943, 0.2070273405440670456
1.2292292292289999089, 0.2249760715912230702
1.2317317317320000125, 0.2460763586369889566
1.2342342342340000272, 0.2710485845451434672
1.2367367367369999087, 0.3008371796181898983
1.2392392392389999234, 0.3366989309946243347
1.2417417417420000270, 0.3803347612510204478
1.2442442442440000416, 0.4340912009579879216
1.2467467467469999232, 0.5012769774666332445
1.2492492492489999378, 0.5866762777889307223
1.2517517517520000414, 0.6974112708594513155
1.2542542542540000561, 0.8444532008631910891
1.2567567567569999376, 1.0454024650716255973
1.2592592592589999523, 1.3299100392607805521
1.2617617617620000559, 1.7510212649489849124
1.2642642642640000705, 2.4110625626462609539
1.2667667667669999521, 3.5275180996748805029
1.2692692692689999667, 5.6257407973095077125
1.2717717717720000703, 10.2117196245158439183
1.2742742742740000850, 22.5883923978895246876
1.2767767767769999665, 58.9557090026638093150
1.2792792792789999812, 62.1549256747558729330
1.2817817817820000847, 24.0069425881316078630
1.2842842842840000994, 10.6860452437072375176
1.2867867867869999809, 5.8239614031725031040
1.2892892892889999956, 3.6259947775572110018
1.2917917917920000992, 2.4660773193471721143
1.2942942942939998918, 1.7842981634104175814
1.2967967967969999954, 1.3511366171608814035
1.2992992992990000101, 1.0593959163993089678
1.3018018018019998916, 0.8538193373808747877
1.3043043043039999063, 0.7036572243098043744
1.3068068068070000098, 0.5907227029455452971
1.3093093093090000245, 0.5037127113276125279
1.3118118118119999060, 0.4353081785441770268
1.3143143143139999207, 0.3806034164910927498
1.3168168168170000243, 0.3362123180610470108
1.3193193193190000390, 0.2997378602171361095
1.3218218218219999205, 0.2694456331114479797
1.3243243243239999352, 0.2440565088625414880
1.3268268268270000387, 0.2226112954842185410
1.3293293293290000534, 0.2043802136717544071
1.3318318318319999349, 0.1888010414790103342
1.3343343343339999496, 0.1754360420107989871
1.3368368368370000532, 0.1639414711124110025
1.3393393393390000679, 0.1540456841745191929
1.3418418418419999494, 0.1455332363469385992
1.3443443443439999641, 0.1382332416050532087
1.3468468468470000676, 0.1320108205723719008
1.3493493493490000823, 0.1267608413350065355
1.3518518518519999638, 0.1224034123581185379
1.3543543543539999785, 0.1188807661266146065
1.3568568568570000821, 0.1161553048441527347
1.3593593593590000967, 0.1142086850292837047
1.3618618618619999783, 0.1130419109357673341
1.3643643643639999929, 0.1126765003627990397
1.3668668668670000965, 0.1131568943688382178
1.3693693693689998891, 0.1145544221866502121
1.3718718718719999927, 0.1169733297919594434
1.3743743743740000074, 0.1205596755935147008
1.3768768768770001110, 0.1255143573366362397
1.3793793793789999036, 0.1321122784266918482
1.3818818818820000072, 0.1407309016834674686
1.3843843843840000218, 0.1518935690726531673
1.3868868868869999034, 0.1663367493817781151
1.3893893893889999180, 0.1851173414483645030
1.3918918918920000216, 0.2097895151957647475
1.3943943943940000363, 0.2427073845877059100
1.3968968968969999178, 0.2875665717288407586
1.3993993993989999325, 0.3504255746876102084
1.4019019019020000361, 0.4417576433488511478
1.4044044044040000507, 0.5809031101452015733
1.4069069069069999323, 0.8067015180108418893
1.4094094094089999469, 1.2061582422637155965
1.4119119119120000505, 2.0047544454369350397
1.4144144144140000652, 3.9105385325050630030
1.4169169169169999467, 9.5590887156962551785
1.4194194194189999614, 20.6919506892079354543
1.4219219219220000650, 11.3784406816787786454
1.4244244244240000796, 4.4900670744833526271
1.4269269269269999612, 2.2177701273671166504
1.4294294294289999758, 1.2995992681474519692
1.4319319319320000794, 0.8513542266683158388
1.4344344344340000941, 0.6017203881846119318
1.4369369369369999756, 0.4491151968331963951
1.4394394394389999903, 0.3491961835843290229
1.4419419419420000938, 0.2802510519122941024
1.4444444444440001085, 0.2306720422397577352
1.4469469469469999900, 0.1938101310555004064
1.4494494494490000047, 0.1656393608409106877
1.4519519519520001083, 0.1436084189051572979
1.4544544544539999009, 0.1260378094985645514
1.4569569569570000045, 0.1117857214807050081
1.4594594594590000192, 0.1000541160601289142
1.4619619619619999007, 0.0902716766622940758
1.4644644644639999154, 0.0820207089826649888
1.4669669669670000189, 0.0749901110267385540
1.4694694694690000336, 0.0689443124361235615
1.4719719719719999151, 0.0637022778237038567
1.4744744744739999298, 0.0591230150245528885
1.4769769769770000334, 0.0550953841935925004
1.4794794794790000481, 0.0515308091512766200
1.4819819819819999296, 0.0483579837524942477
1.4844844844839999443, 0.0455189729270752824
1.4869869869870000478, 0.0429663038173731596
1.4894894894890000625, 0.0406607697930561479
1.4919919919919999440, 0.0385697544592554509
1.4944944944939999587, 0.0366659395465415219
1.4969969969970000623, 0.0349262993717767145
1.4994994994990000770, 0.0333313114513365538
1.5020020020019999585, 0.0318643317315402200
1.5045045045050000621, 0.0305110963224484409
1.5070070070070000767, 0.0292593212689670201
1.5095095095099999583, 0.0280983789022811216
1.5120120120119999729, 0.0270190344575429175
1.5145145145150000765, 0.0260132304527205607
1.5170170170170000912, 0.0250739091694613635
1.5195195195199999727, 0.0241948657208949855
1.5220220220219999874, 0.0233706258193258284
1.5245245245250000909, 0.0225963436020998401
1.5270270270270001056, 0.0218677158332727731
1.5295295295299999871, 0.0211809095426643557
1.5320320320320000018, 0.0205325007444670873
1.5345345345350001054, 0.0199194223334279788
1.5370370370369998980, 0.0193389196165667451
1.5395395395400000016, 0.0187885122241939206
1.5420420420420000163, 0.0182659613721013990
1.5445445445449998978, 0.0177692416297673336
1.5470470470469999125, 0.0172965164969003035
1.5495495495500000160, 0.0168461172100518725
1.5520520520520000307, 0.0164165242981394698
1.5545545545549999122, 0.0160063514850317251
1.5570570570569999269, 0.0156143316023778789
1.5595595595600000305, 0.0152393042294037204
1.5620620620620000452, 0.0148802048206276745
1.5645645645649999267, 0.0145360551191358114
1.5670670670669999414, 0.0142059546835812296
1.5695695695700000449, 0.0138890733825577199
1.5720720720720000596, 0.0135846447313510352
1.5745745745749999411, 0.0132919599640069861
1.5770770770769999558, 0.0130103627487755252
1.5795795795800000594, 0.0127392444677705292
1.5820820820820000741, 0.0124780399925141523
1.5845845845849999556, 0.0122262238962450656
1.5870870870869999703, 0.0119833070517130717
1.5895895895900000738, 0.0117488335698872001
1.5920920920920000885, 0.0115223780407464060
1.5945945945949999700, 0.0113035430422493421
1.5970970970969999847, 0.0110919568878243991
1.5995995996000000883, 0.0108872715863779796
1.6021021021020001029, 0.0106891609919822876
1.6046046046049999845, 0.0104973191231446002
1.6071071071069999991, 0.0103114586339360555
1.6096096096100001027, 0.0101313094213293323
1.6121121121119998953, 0.0099566173548953502
1.6146146146149999989, 0.0097871431165844347
1.6171171171170000136, 0.0096226611396942798
1.6196196196199998951, 0.0094629586373341165
1.6221221221219999098, 0.0093078347117541045
1.6246246246250000134, 0.0091570995368410023
1.6271271271270000280, 0.0090105736069021353
1.6296296296299999096, 0.0088680870455840680
1.6321321321319999242, 0.0087294789694128891
1.6346346346350000278, 0.0085945969010094107
1.6371371371370000425, 0.0084632962275353781
1.6396396396399999240, 0.0083354397003726662
1.6421421421419999387, 0.0082108969724341181
1.6446446446450000423, 0.0080895441698578940
1.6471471471470000569, 0.0079712634951520193
1.6496496496499999385, 0.0078559428591370509
1.6521521521519999531, 0.0077434755392860261
1.6546546546550000567, 0.0076337598622859670
1.6571571571570000714, 0.0075266989088468277
1.6596596596599999529, 0.0074222002389647884
1.6621621621619999676, 0.0073201756360094013
1.6646646646650000712, 0.0072205408681504397
1.6671671671670000858, 0.0071232154657719657
1.6696696696699999674, 0.0070281225136400597
1.6721721721719999820, 0.0069351884566977631
1.6746746746750000856, 0.0068443429184578087
1.6771771771770001003, 0.0067555185310512840
1.6796796796799999818, 0.0066686507760698194
1.6821821821819999965, 0.0065836778354108668
1.6846846846850001000, 0.0065005404514008524
1.6871871871869998927, 0.0064191817955304388
1.6896896896899999962, 0.0063395473451899357
1.6921921921920000109, 0.0062615847678420874
1.6946946946949998924, 0.0061852438121140704
1.6971971971969999071, 0.0061104762053314325
1.6996996997000000107, 0.0060372355570537679
1.7022022022020000254, 0.0059654772682060167
1.7047047047049999069, 0.0058951584454302840
1.7072072072069999216, 0.0058262378203115164
1.7097097097100000251, 0.0057586756731563930
1.7122122122120000398, 0.0056924337610286813
1.7147147147149999213, 0.0056274752497661278
1.7172172172169999360, 0.0055637646497241084
1.7197197197200000396, 0.0055012677550096666
1.7222222222220000543, 0.0054399515859865468
1.7247247247249999358, 0.0053797843348474955
1.7272272272269999505, 0.0053207353140643631
1.7297297297300000540, 0.0052627749075399022
1.7322322322320000687, 0.0052058745242973027
1.7347347347349999502, 0.0051500065545548148
1.7372372372369999649, 0.0050951443280431406
1.7397397397400000685, 0.0050412620744330382
1.7422422422420000832, 0.0049883348857492982
1.7447447447449999647, 0.0049363386806556215
1.7472472472469999794, 0.0048852501705024792
1.7497497497500000829, 0.0048350468270370872
1.7522522522520000976, 0.0047857068516812132
1.7547547547549999791, 0.0047372091462885655
1.7572572572569999938, 0.0046895332852991689
1.7597597597600000974, 0.0046426594892133429
1.7622622622619998900, 0.0045965685993128013
1.7647647647649999936, 0.0045512420535608559
1.7672672672670000082, 0.0045066618636179657
1.7697697697699998898, 0.0044628105929127703
1.7722722722719999044, 0.0044196713357123798
1.7747747747750000080, 0.0043772276971391052
1.7772772772770000227, 0.0043354637740840116
1.7797797797799999042, 0.0042943641369705627
1.7822822822819999189, 0.0042539138123244705
1.7847847847850000225, 0.0042140982661083761
1.7872872872870000371, 0.0041749033877824344
1.7897897897899999187, 0.0041363154750541061
1.7922922922919999333, 0.0040983212192825889
1.7947947947950000369, 0.0040609076915052757
1.7972972972970000516, 0.0040240623290554566
1.7997997997999999331, 0.0039877729227422833
1.8023023023019999478, 0.0039520276045655091
1.8048048048050000514, 0.0039168148359391844
1.8073073073070000660, 0.0038821233963997849
1.8098098098099999476, 0.0038479423727756758
1.8123123123119999622, 0.0038142611487960100
1.8148148148150000658, 0.0037810693951183917
1.8173173173170000805, 0.0037483570597556960
1.8198198198199999620, 0.0037161143588835036
1.8223223223219999767, 0.0036843317680105986
1.8248248248250000803, 0.0036530000134958689
1.8273273273270000949, 0.0036221100643958372
1.8298298298299999765, 0.0035916531246278690
1.8323323323319999911, 0.0035616206254348720
1.8348348348350000947, 0.0035320042181380042
1.8373373373370001094, 0.0035027957671646365
1.8398398398399999909, 0.0034739873433394181
1.8423423423420000056, 0.0034455712174269243
1.8448448448450001091, 0.0034175398539149360
1.8473473473469999018, 0.0033898859050279363
1.8498498498500000053, 0.0033626022049609459
1.8523523523520000200, 0.0033356817643242541
1.8548548548549999015, 0.0033091177647901161
1.8573573573569999162, 0.0032829035539328872
1.8598598598600000198, 0.0032570326402544710
1.8623623623620000345, 0.0032314986883873764
1.8648648648649999160, 0.0032062955144679939
1.8673673673669999307, 0.0031814170816731116
1.8698698698700000342, 0.0031568574959129655
1.8723723723720000489, 0.0031326110016744566
1.8748748748749999304, 0.0031086719780084606
1.8773773773769999451, 0.0030850349346554346
1.8798798798800000487, 0.0030616945083037856
1.8823823823820000634, 0.0030386454589757159
1.8848848848849999449, 0.0030158826665355213
1.8873873873869999596, 0.0029934011273155081
1.8898898898900000631, 0.0029711959508549437
1.8923923923920000778, 0.0029492623567476421
1.8948948948949999593, 0.0029275956715939808
1.8973973973969999740, 0.0029061913260533534
1.8998998999000000776, 0.0028850448519931811
1.9024024024020000923, 0.0028641518797308573
1.9049049049049999738, 0.0028435081353650714
1.9074074074069999885, 0.0028231094381931787
1.9099099099100000920, 0.0028029516982113795
1.9124124124120001067, 0.0027830309136946414
1.9149149149149999882, 0.0027633431688533984
1.9174174174170000029, 0.0027438846315642161
1.9199199199200001065, 0.0027246515511717010
1.9224224224219998991, 0.0027056402563590733
1.9249249249250000027, 0.0026868471530848998
1.9274274274270000173, 0.0026682687225836159
1.9299299299299998989, 0.0026499015194275406
1.9324324324319999135, 0.0026317421696481994
1.9349349349350000171, 0.0026137873689148338
1.9374374374370000318, 0.0025960338807681036
1.9399399399399999133, 0.0025784785349070166
1.9424424424419999280, 0.0025611182255272412
1.9449449449450000316, 0.0025439499097090158
1.9474474474470000462, 0.0025269706058529220
1.9499499499499999278, 0.0025101773921618964
1.9524524524519999424, 0.0024935674051678788
1.9549549549550000460, 0.0024771378383015817
1.9574574574570000607, 0.0024608859405039155
1.9599599599599999422, 0.0024448090148776686
1.9624624624619999569, 0.0024289044173780826
1.9649649649650000605, 0.0024131695555410226
1.9674674674670000751, 0.0023976018872474969
1.9699699699699999567, 0.0023821989195233180
1.9724724724719999713, 0.0023669582073727402
1.9749749749750000749, 0.0023518773526449727
1.9774774774770000896, 0.0023369540029324841
1.9799799799799999711, 0.0023221858505000658
1.9824824824819999858, 0.0023075706312436655
1.9849849849850000894, 0.0022931061236780167
1.9874874874870001040, 0.0022787901479521628
1.9899899899899999856, 0.0022646205648919702
1.9924924924920000002, 0.0022505952750687718
1.9949949949950001038, 0.0022367122178933250
1.9974974974969998964, 0.0022229693707342775
2.0000000000000000000, 0.0022093647480603824
