# Delta1: 0.46
# Delta2: 1.17
# Delta3: 1.34
# Dq: 0.08800000000000002
# Ds: -0.09000000000000001
# Dt: -0.01999999999999998
# k1_lab: [1, 0, 0]
# k2_lab: [-0.8660254037844387, 0.49999999999999994, 0.0]
# k1_cf: [-0.6123724356957946, -0.6123724356957946, 0.5000000000000001]
# k2_cf: [0.7071067811865476, 0.7071067811865476, 0.0]
# pol1_lab: [(0, 1, 0), (0, 0, 1)]
# pol2_lab: [array([-0.5      , -0.8660254,  0.       ]), array([0., 0., 1.])]
# pol1_cf: [array([0.35355339, 0.35355339, 0.8660254 ]), array([-0.70710678,  0.70710678,  0.        ])]
# pol2_cf: [array([ 0.,  0., -1.]), array([-0.70710678,  0.70710678,  0.        ])]
# cf: [array([-0.61237244,  0.35355339, -0.70710678]), array([-0.61237244,  0.35355339,  0.70710678]), array([0.5      , 0.8660254, 0.       ])]
# th: 60
-0.5000000000000000000, 0.0077564776344029411
-0.4974974974974999964, 0.0078288795904864743
-0.4949949949949999928, 0.0079023496598118002
-0.4924924924924999892, 0.0079769093391473637
-0.4899899899899999856, 0.0080525806726261494
-0.4874874874874999819, 0.0081293862686051543
-0.4849849849849999783, 0.0082073493171346077
-0.4824824824824999747, 0.0082864936080623165
-0.4799799799800000266, 0.0083668435497996005
-0.4774774774775000230, 0.0084484241887767472
-0.4749749749750000194, 0.0085312612296169332
-0.4724724724725000158, 0.0086153810560592771
-0.4699699699700000122, 0.0087008107526629092
-0.4674674674675000086, 0.0087875781273255640
-0.4649649649650000049, 0.0088757117346519119
-0.4624624624625000013, 0.0089652409002084644
-0.4599599599599999977, 0.0090561957457036338
-0.4574574574574999941, 0.0091486072151336865
-0.4549549549549999905, 0.0092425071019370461
-0.4524524524524999869, 0.0093379280772017126
-0.4499499499499000077, 0.0094349037189728098
-0.4474474474474000041, 0.0095334685427094449
-0.4449449449449000005, 0.0096336580329429017
-0.4424424424423999969, 0.0097355086761905189
-0.4399399399398999932, 0.0098390579951825163
-0.4374374374373999896, 0.0099443445844621531
-0.4349349349348999860, 0.0100514081474223377
-0.4324324324323999824, 0.0101602895348455943
-0.4299299299298999788, 0.0102710307850173623
-0.4274274274273999752, 0.0103836751654866888
-0.4249249249249000271, 0.0104982672165518844
-0.4224224224224000235, 0.0106148527965533382
-0.4199199199199000199, 0.0107334791290596889
-0.4174174174174000163, 0.0108541948520384859
-0.4149149149149000126, 0.0109770500691072879
-0.4124124124124000090, 0.0111020964029664593
-0.4099099099099000054, 0.0112293870511205405
-0.4074074074074000018, 0.0113589768440008673
-0.4049049049048999982, 0.0114909223056085148
-0.4024024024023999946, 0.0116252817168033592
-0.3998998998998999910, 0.0117621151813719262
-0.3973973973973999874, 0.0119014846950145775
-0.3948948948948999838, 0.0120434542174002995
-0.3923923923923999801, 0.0121880897474461146
-0.3898898898898999765, 0.0123354594019871155
-0.3873873873873999729, 0.0124856334980128717
-0.3848848848849000248, 0.0126386846386562640
-0.3823823823824000212, 0.0127946878031316366
-0.3798798798799000176, 0.0129537204408312050
-0.3773773773774000140, 0.0131158625698008287
-0.3748748748749000104, 0.0132811968798297059
-0.3723723723724000068, 0.0134498088404028712
-0.3698698698699000031, 0.0136217868137804426
-0.3673673673673999995, 0.0137972221734838207
-0.3648648648648999959, 0.0139762094284865343
-0.3623623623623999923, 0.0141588463534257150
-0.3598598598598999887, 0.0143452341251703568
-0.3573573573573999851, 0.0145354774661034334
-0.3548548548548999815, 0.0147296847944980262
-0.3523523523523999779, 0.0149279683823916355
-0.3498498498497999987, 0.0151304445213892719
-0.3473473473472999951, 0.0153372336968537540
-0.3448448448447999914, 0.0155484607709716963
-0.3423423423422999878, 0.0157642551752160305
-0.3398398398397999842, 0.0159847511127603689
-0.3373373373372999806, 0.0162100877714378283
-0.3348348348347999770, 0.0164404095478770038
-0.3323323323322999734, 0.0166758662834905480
-0.3298298298298000253, 0.0169166135130384664
-0.3273273273273000217, 0.0171628127265377114
-0.3248248248248000181, 0.0174146316453437297
-0.3223223223223000145, 0.0176722445132871248
-0.3198198198198000108, 0.0179358324038114345
-0.3173173173173000072, 0.0182055835441249994
-0.3148148148148000036, 0.0184816936574529606
-0.3123123123123000000, 0.0187643663245539716
-0.3098098098097999964, 0.0190538133657508595
-0.3073073073072999928, 0.0193502552448169308
-0.3048048048047999892, 0.0196539214961587855
-0.3023023023022999856, 0.0199650511768440925
-0.2997997997997999819, 0.0202838933451401707
-0.2972972972972999783, 0.0206107075673551861
-0.2947947947947999747, 0.0209457644549117181
-0.2922922922923000266, 0.0212893462337316423
-0.2897897897898000230, 0.0216417473481731772
-0.2872872872873000194, 0.0220032751019378671
-0.2847847847848000158, 0.0223742503385567851
-0.2822822822823000122, 0.0227550081642744553
-0.2797797797798000086, 0.0231458987163771397
-0.2772772772773000050, 0.0235472879802597276
-0.2747747747748000013, 0.0239595586587980150
-0.2722722722722999977, 0.0243831110978880890
-0.2697697697697999941, 0.0248183642723389837
-0.2672672672672999905, 0.0252657568366594781
-0.2647647647647999869, 0.0257257482456666117
-0.2622622622622999833, 0.0261988199502700934
-0.2597597597597999797, 0.0266854766742516403
-0.2572572572572999761, 0.0271862477783710275
-0.2547547547547999724, 0.0277016887186925416
-0.2522522522523000243, 0.0282323826066437807
-0.2497497497496999896, 0.0287789418789994728
-0.2472472472472000138, 0.0293420100867327165
-0.2447447447447000102, 0.0299222638125027605
-0.2422422422422000066, 0.0305204147274611669
-0.2397397397397000030, 0.0311372117990664429
-0.2372372372371999993, 0.0317734436627121614
-0.2347347347346999957, 0.0324299411712090993
-0.2322322322321999921, 0.0331075801375290274
-0.2297297297296999885, 0.0338072842877369800
-0.2272272272272000126, 0.0345300284427245904
-0.2247247247247000090, 0.0352768419492319463
-0.2222222222222000054, 0.0360488123827326021
-0.2197197197197000018, 0.0368470895470825871
-0.2172172172171999982, 0.0376728897984294001
-0.2147147147146999946, 0.0385275007237766698
-0.2122122122121999910, 0.0394122862078435734
-0.2097097097096999874, 0.0403286919254899207
-0.2072072072072000115, 0.0412782513010520602
-0.2047047047047000079, 0.0422625919805081282
-0.2022022022022000043, 0.0432834428675350907
-0.1996996996997000007, 0.0443426417803113107
-0.1971971971971999971, 0.0454421437924492563
-0.1946946946946999935, 0.0465840303288176036
-0.1921921921921999898, 0.0477705190953532713
-0.1896896896896999862, 0.0490039749314109402
-0.1871871871872000104, 0.0502869216839163594
-0.1846846846847000068, 0.0516220552147686057
-0.1821821821822000032, 0.0530122576667990814
-0.1796796796796999995, 0.0544606131293999748
-0.1771771771771999959, 0.0559704248629861942
-0.1746746746746999923, 0.0575452342621087035
-0.1721721721721999887, 0.0591888417607118536
-0.1696696696697000128, 0.0609053299102169654
-0.1671671671672000092, 0.0626990888924014445
-0.1646646646647000056, 0.0645748447651142421
-0.1621621621622000020, 0.0665376907805475953
-0.1596596596596999984, 0.0685931221640372624
-0.1571571571571999948, 0.0707470747973563546
-0.1546546546546999912, 0.0730059683155830502
-0.1521521521521999876, 0.0753767542025206294
-0.1496496496496000084, 0.0778669695583378008
-0.1471471471471000048, 0.0804847973169712794
-0.1446446446446000011, 0.0832391338128177921
-0.1421421421420999975, 0.0861396647398648962
-0.1396396396395999939, 0.0891969507159644653
-0.1371371371370999903, 0.0924225238656933706
-0.1346346346345999867, 0.0958289970735906466
-0.1321321321321000108, 0.0994301878434054598
-0.1296296296296000072, 0.1032412590380861750
-0.1271271271271000036, 0.1072788791816270265
-0.1246246246246000000, 0.1115614054925809367
-0.1221221221220999964, 0.1161090934087223719
-0.1196196196196000067, 0.1209443370764661518
-0.1171171171171000031, 0.1260919461467043534
-0.1146146146145999994, 0.1315794652780187257
-0.1121121121120999958, 0.1374375440461381437
-0.1096096096096000061, 0.1437003665555140475
-0.1071071071071000025, 0.1504061520225622450
-0.1046046046045999989, 0.1575977400505414461
-0.1021021021020999953, 0.1653232773729662597
-0.0995995995996000055, 0.1736370266751821045
-0.0970970970971000019, 0.1826003229343919065
-0.0945945945945900063, 0.1922827088404011342
-0.0920920920920900027, 0.2027632886626489495
-0.0895895895895899991, 0.2141323499358144533
-0.0870870870870899955, 0.2264933152504677305
-0.0845845845845799998, 0.2399651032135697859
-0.0820820820820799962, 0.2546849995966324887
-0.0795795795795800065, 0.2708121686277153439
-0.0770770770770800029, 0.2885319728312735199
-0.0745745745745699934, 0.3080613213297413999
-0.0720720720720700037, 0.3296553361429545026
-0.0695695695695700000, 0.3536157210131065654
-0.0670670670670699964, 0.3803013481906742377
-0.0645645645645600008, 0.4101417609552757138
-0.0620620620620599972, 0.4436545465339711281
-0.0595595595595600005, 0.4814679004483758962
-0.0570570570570599969, 0.5243502327346638570
-0.0545545545545500013, 0.5732494423918073068
-0.0520520520520499977, 0.6293456411023616859
-0.0495495495495500010, 0.6941228543338359147
-0.0470470470470499974, 0.7694679192893104647
-0.0445445445445400018, 0.8578090275159733213
-0.0420420420420399982, 0.9623131476636657133
-0.0395395395395400015, 1.0871727214732542777
-0.0370370370370399979, 1.2380308543567621893
-0.0345345345345300023, 1.4226269351162785792
-0.0320320320320299987, 1.6518033435163481659
-0.0295295295295299985, 1.9411232728074181431
-0.0270270270270299984, 2.3135620744738867316
-0.0245245245245199993, 2.8041671700146015844
-0.0220220220220199991, 3.4685130799808483459
-0.0195195195195199990, 4.3989180039641579967
-0.0170170170170199989, 5.7576966726999891932
-0.0145145145145099998, 7.8511662809230369220
-0.0120120120120099996, 11.3121007641379520692
-0.0095095095095099995, 17.6121867877827611437
-0.0070070070070070000, 30.7624808412435477578
-0.0045045045045049997, 64.1495975176808457263
-0.0020020020020019998, 165.9698366262870479204
0.0005005005005005000, 261.9044449196079540343
0.0030030030030029999, 111.5098615053237125494
0.0055055055055059999, 46.5692176526911225665
0.0080080080080079993, 24.1935540344006447810
0.0105105105105099995, 14.5889811880279278711
0.0130130130130099997, 9.6989113102257284993
0.0155155155155200005, 6.8962234581248615939
0.0180180180180199989, 5.1480971998489071240
0.0205205205205199991, 3.9869859830764537989
0.0230230230230199992, 3.1775591659462172345
0.0255255255255299983, 2.5912806272714603573
0.0280280280280299984, 2.1532570193577762474
0.0305305305305299986, 1.8175078474945205453
0.0330330330330299987, 1.5545591132748439733
0.0355355355355400013, 1.3448217537246702769
0.0380380380380399979, 1.1748698143389546544
0.0405405405405400016, 1.0352546349434517126
0.0430430430430399982, 0.9191718371190461534
0.0455455455455500008, 0.8216213709784477848
0.0480480480480499975, 0.7388628699562832525
0.0505505505505500011, 0.6680534441141010582
0.0530530530530499977, 0.6070013199275978710
0.0555555555555600003, 0.5539948649486062804
0.0580580580580599970, 0.5076817576824907974
0.0605605605605600006, 0.4669821816362804134
0.0630630630630600042, 0.4310255242098017248
0.0655655655655699998, 0.3991035817018351861
0.0680680680680700034, 0.3706355307470453608
0.0705705705705699932, 0.3451414038035602871
0.0730730730730699968, 0.3222217893564545133
0.0755755755755800063, 0.3015421422207387736
0.0780780780780799960, 0.2828205455037887117
0.0805805805805799996, 0.2658180831732122607
0.0830830830830800032, 0.2503312058328822642
0.0855855855855899988, 0.2361856318013584866
0.0880880880880900025, 0.2232314405912385613
0.0905905905905900061, 0.2113390996803421185
0.0930930930930899958, 0.2003962271150976915
0.0955955955956000053, 0.1903049382622083729
0.0980980980980999950, 0.1809796593085664096
0.1006006006005999986, 0.1723453159964287718
0.1031031031031000023, 0.1643358257786776411
0.1056056056056000059, 0.1568928366769213878
0.1081081081080999956, 0.1499646677776298453
0.1106106106105999992, 0.1435054153538831700
0.1131131131131000028, 0.1374741956767766005
0.1156156156156000064, 0.1318345011452604076
0.1181181181180999962, 0.1265536507639597463
0.1206206206205999998, 0.1216023194975870692
0.1231231231231000034, 0.1169541338270528585
0.1256256256256000070, 0.1125853230783900177
0.1281281281281000106, 0.1084744179080182058
0.1306306306305999865, 0.1046019887970036782
0.1331331331330999901, 0.1009504186030034528
0.1356356356355999937, 0.0975037041963359302
0.1381381381380999973, 0.0942472830091214270
0.1406406406406000009, 0.0911678809876314139
0.1431431431431000045, 0.0882533789847630423
0.1456456456456000081, 0.0854926950833274774
0.1481481481481000118, 0.0828756807187161354
0.1506506506506999910, 0.0803930287852180347
0.1531531531531999946, 0.0780361921748804477
0.1556556556556999982, 0.0757973114202735165
0.1581581581582000018, 0.0736691503001189879
0.1606606606607000054, 0.0716450384253836670
0.1631631631632000090, 0.0697188199579719392
0.1656656656657000126, 0.0678848077285449936
0.1681681681681999885, 0.0661377421175160796
0.1706706706706999921, 0.0644727541466260379
0.1731731731731999957, 0.0628853322999162745
0.1756756756756999993, 0.0613712926542581277
0.1781781781782000029, 0.0599267519523940528
0.1806806806807000065, 0.0585481032970101567
0.1831831831832000101, 0.0572319941837571497
0.1856856856857000138, 0.0559753066252791573
0.1881881881881999896, 0.0547751391479694844
0.1906906906906999932, 0.0536287904689795661
0.1931931931931999968, 0.0525337446835234673
0.1956956956957000004, 0.0514876578121964898
0.1981981981982000041, 0.0504883455752610927
0.2007007007007000077, 0.0495337722759842669
0.2032032032032000113, 0.0486220406884155798
0.2057057057056999871, 0.0477513828567311741
0.2082082082081999908, 0.0469201517236356377
0.2107107107106999944, 0.0461268135144995983
0.2132132132131999980, 0.0453699408120700823
0.2157157157157000016, 0.0446482062638554125
0.2182182182182000052, 0.0439603768707802905
0.2207207207207000088, 0.0433053088115269713
0.2232232232232000124, 0.0426819427622153746
0.2257257257256999883, 0.0420892996758111260
0.2282282282281999919, 0.0415264769899479358
0.2307307307306999955, 0.0409926452357794388
0.2332332332331999991, 0.0404870450240834498
0.2357357357357000027, 0.0400089843881827195
0.2382382382382000063, 0.0395578364663650359
0.2407407407407000099, 0.0391330375094211466
0.2432432432432000136, 0.0387340852017146187
0.2457457457456999894, 0.0383605372868866534
0.2482482482481999930, 0.0380120104919176027
0.2507507507508000000, 0.0376881797458523821
0.2532532532533000036, 0.0373887776920793641
0.2557557557558000072, 0.0371135944956731481
0.2582582582583000108, 0.0368624779500014363
0.2607607607608000144, 0.0366353338895993239
0.2632632632633000180, 0.0364321269192696834
0.2657657657658000216, 0.0362528814725213838
0.2682682682683000253, 0.0360976832158619310
0.2707707707707999734, 0.0359666808191699064
0.2732732732732999770, 0.0358600881164538865
0.2757757757757999806, 0.0357781866858296604
0.2782782782782999842, 0.0357213288826014053
0.2807807807807999878, 0.0356899413650145630
0.2832832832832999914, 0.0356845291586709024
0.2857857857857999950, 0.0357056803128958655
0.2882882882882999986, 0.0357540712106806310
0.2907907907908000023, 0.0358304726033736309
0.2932932932933000059, 0.0359357564522892192
0.2957957957958000095, 0.0360709036720979689
0.2982982982983000131, 0.0362370128855765902
0.3008008008008000167, 0.0364353103164022085
0.3033033033033000203, 0.0366671609666285037
0.3058058058058000239, 0.0369340812488219844
0.3083083083083000275, 0.0372377532702279496
0.3108108108107999756, 0.0375800409985741768
0.3133133133132999792, 0.0379630085771805875
0.3158158158157999829, 0.0383889411021171856
0.3183183183182999865, 0.0388603682276941545
0.3208208208207999901, 0.0393800910303780949
0.3233233233232999937, 0.0399512126375197660
0.3258258258257999973, 0.0405771732188006246
0.3283283283283000009, 0.0412617900484845077
0.3308308308308000045, 0.0420093034796636955
0.3333333333333000081, 0.0428244298330966652
0.3358358358358000118, 0.0437124223997026329
0.3383383383383000154, 0.0446791419958867883
0.3408408408408000190, 0.0457311388055263029
0.3433433433433000226, 0.0468757476055951042
0.3458458458458000262, 0.0481211989219931385
0.3483483483482999743, 0.0494767492213383786
0.3508508508509000090, 0.0509528339434178329
0.3533533533534000126, 0.0525612480570693263
0.3558558558559000162, 0.0543153599312876517
0.3583583583584000198, 0.0562303657219520997
0.3608608608609000235, 0.0583235932741864582
0.3633633633634000271, 0.0606148668537834223
0.3658658658658999752, 0.0631269470143965700
0.3683683683683999788, 0.0658860638066443571
0.3708708708708999824, 0.0689225666519883429
0.3733733733733999860, 0.0722717209694619389
0.3758758758758999896, 0.0759746906604771427
0.3783783783783999932, 0.0800797576785387544
0.3808808808808999968, 0.0846438463536818425
0.3833833833834000004, 0.0897344426621739799
0.3858858858859000041, 0.0954320297947641866
0.3883883883884000077, 0.1018332049725050176
0.3908908908909000113, 0.1090547041668887412
0.3933933933934000149, 0.1172386498297108004
0.3958958958959000185, 0.1265594652405566400
0.3983983983984000221, 0.1372330885143859536
0.4009009009009000257, 0.1495294030065654201
0.4034034034033999738, 0.1637892330386668260
0.4059059059058999774, 0.1804479246443522200
0.4084084084083999810, 0.2000685935270821170
0.4109109109108999847, 0.2233898434184524995
0.4134134134133999883, 0.2513956152181762715
0.4159159159158999919, 0.2854197022022172958
0.4184184184183999955, 0.3273060413937214919
0.4209209209208999991, 0.3796614985390782127
0.4234234234234000027, 0.4462673906401423141
0.4259259259259000063, 0.5327743627840915153
0.4284284284284000099, 0.6479266273221827577
0.4309309309309000136, 0.8058293063879067297
0.4334334334334000172, 1.0304053856206745188
0.4359359359359000208, 1.3648127375472407508
0.4384384384384000244, 1.8931961621551622876
0.4409409409408999725, 2.7969013456787217287
0.4434434434433999761, 4.5222044492722233144
0.4459459459458999797, 8.3801740713478523048
0.4484484484483999833, 19.0887950783334758853
0.4509509509510000180, 48.8561278943853949386
0.4534534534535000216, 42.2806558038242101816
0.4559559559560000253, 16.1474126801008388554
0.4584584584584999734, 7.3957319095051099467
0.4609609609609999770, 4.1095690654664371877
0.4634634634634999806, 2.5903401665334957471
0.4659659659659999842, 1.7760657543937974356
0.4684684684684999878, 1.2921118558764099760
0.4709709709709999914, 0.9820742635840548074
0.4734734734734999950, 0.7718975516236129542
0.4759759759759999986, 0.6230045405410953308
0.4784784784785000022, 0.5137484028893483101
0.4809809809810000059, 0.4312396678904959479
0.4834834834835000095, 0.3674227297373153234
0.4859859859860000131, 0.3170565281631101406
0.4884884884885000167, 0.2766136022918800896
0.4909909909910000203, 0.2436500473783673459
0.4934934934935000239, 0.2164297567606898454
0.4959959959960000275, 0.1936921965549856517
0.4984984984984999756, 0.1745043652555747227
0.5010010010009999792, 0.1581638123569256427
0.5035035035035000384, 0.1441335532958887555
0.5060060060059999865, 0.1319974395661381583
0.5085085085085000456, 0.1214289581271603274
0.5110110110109999937, 0.1121690354498604408
0.5135135135135000528, 0.1040099956677777576
0.5160160160160000009, 0.0967837982250295964
0.5185185185184999490, 0.0903532988990650987
0.5210210210210000081, 0.0846056779686855526
0.5235235235234999562, 0.0794474426379832982
0.5260260260260000154, 0.0748005871896583879
0.5285285285284999635, 0.0705996143030418050
0.5310310310310000226, 0.0667892037510165321
0.5335335335334999707, 0.0633223725777205398
0.5360360360360000298, 0.0601590118452845907
0.5385385385384999779, 0.0572647143951954957
0.5410410410410000370, 0.0546098293263989482
0.5435435435434999851, 0.0521686944400063801
0.5460460460460000442, 0.0499190093814082594
0.5485485485484999924, 0.0478413207646899707
0.5510510510510999715, 0.0459185969916304920
0.5535535535536000307, 0.0441358753456353586
0.5560560560560999788, 0.0424799676558469744
0.5585585585586000379, 0.0409392136818904628
0.5610610610610999860, 0.0395032735790723441
0.5635635635636000451, 0.0381629525244760459
0.5660660660660999932, 0.0369100519326185580
0.5685685685686000523, 0.0357372427519127983
0.5710710710711000004, 0.0346379571752988627
0.5735735735735999485, 0.0336062957693453040
0.5760760760761000077, 0.0326369475633887518
0.5785785785785999558, 0.0317251210725920108
0.5810810810811000149, 0.0308664845782766831
0.5835835835835999630, 0.0300571142726542041
0.5860860860861000221, 0.0292934491064762575
0.5885885885885999702, 0.0285722513675900625
0.5910910910911000293, 0.0278905721741238843
0.5935935935935999774, 0.0272457211945314054
0.5960960960961000366, 0.0266352400131382970
0.5985985985985999847, 0.0260568786482665467
0.6011011011011000438, 0.0255085748037482546
0.6036036036035999919, 0.0249884354963229686
0.6061061061061000510, 0.0244947207531739583
0.6086086086085999991, 0.0240258291174261437
0.6111111111110999472, 0.0235802847362061203
0.6136136136136000063, 0.0231567258369992611
0.6161161161160999544, 0.0227538944244678742
0.6186186186186000135, 0.0223706270523884622
0.6211211211210999616, 0.0220058465445602605
0.6236236236236000208, 0.0216585545549568929
0.6261261261260999689, 0.0213278248714712654
0.6286286286286000280, 0.0210127973797052357
0.6311311311310999761, 0.0207126726136789771
0.6336336336336000352, 0.0204267068293345067
0.6361361361360999833, 0.0201542075444934854
0.6386386386386000424, 0.0198945294956793806
0.6411411411410999905, 0.0196470709680782035
0.6436436436436000497, 0.0194112704600156311
0.6461461461460999978, 0.0191866036477798749
0.6486486486485999459, 0.0189725806205082448
0.6511511511512000361, 0.0187687433582595098
0.6536536536536999842, 0.0185746634293788987
0.6561561561562000433, 0.0183899398858839574
0.6586586586586999914, 0.0182141973379062877
0.6611611611612000505, 0.0180470841902567007
0.6636636636636999986, 0.0178882710259755280
0.6661661661661999467, 0.0177374491233160923
0.6686686686687000059, 0.0175943290940137678
0.6711711711711999540, 0.0174586396319383538
0.6736736736737000131, 0.0173301263623337719
0.6761761761761999612, 0.0172085507828323020
0.6786786786787000203, 0.0170936892883071581
0.6811811811811999684, 0.0169853322724079284
0.6836836836837000275, 0.0168832832993218197
0.6861861861861999756, 0.0167873583399272483
0.6886886886887000347, 0.0166973850670655011
0.6911911911911999828, 0.0166132022051573118
0.6936936936937000420, 0.0165346589298413019
0.6961961961961999901, 0.0164616143137159103
0.6986986986987000492, 0.0163939368146308537
0.7012012012011999973, 0.0163315038033027306
0.7037037037036999454, 0.0162742011273260441
0.7062062062062000045, 0.0162219227089191280
0.7087087087086999526, 0.0161745701739873168
0.7112112112112000117, 0.0161320525103060587
0.7137137137136999598, 0.0160942857528264122
0.7162162162162000190, 0.0160611926942878444
0.7187187187186999671, 0.0160327026194883766
0.7212212212212000262, 0.0160087510617141458
0.7237237237236999743, 0.0159892795799684052
0.7262262262262000334, 0.0159742355557670676
0.7287287287286999815, 0.0159635720083843857
0.7312312312312000406, 0.0159572474275394421
0.7337337337336999887, 0.0159552256226134018
0.7362362362362000479, 0.0159574755875787899
0.7387387387386999960, 0.0159639713809071535
0.7412412412412000551, 0.0159746920198008194
0.7437437437437000032, 0.0159896213881681286
0.7462462462461999513, 0.0160087481578311194
0.7487487487487000104, 0.0160320657225200419
0.7512512512512999896, 0.0160595721442708117
0.7537537537538000487, 0.0160912701119003167
0.7562562562562999968, 0.0161271669112909716
0.7587587587587999449, 0.0161672744072695121
0.7612612612613000040, 0.0162116090369176791
0.7637637637637999521, 0.0162601918142028824
0.7662662662663000113, 0.0163130483458669220
0.7687687687687999594, 0.0163702088585595470
0.7712712712713000185, 0.0164317082372525194
0.7737737737737999666, 0.0164975860750179448
0.7762762762763000257, 0.0165678867343036877
0.7787787787787999738, 0.0166426594198876981
0.7812812812813000329, 0.0167219582637434666
0.7837837837837999810, 0.0168058424220999397
0.7862862862863000402, 0.0168943761850323948
0.7887887887887999883, 0.0169876290989754708
0.7912912912913000474, 0.0170856761026066915
0.7937937937937999955, 0.0171885976766087030
0.7962962962963000546, 0.0172964800078811709
0.7987987987988000027, 0.0174094151688399118
0.8013013013012999508, 0.0175275013125109243
0.8038038038038000099, 0.0176508428842022599
0.8063063063062999580, 0.0177795508506163498
0.8088088088088000172, 0.0179137429473511696
0.8113113113112999653, 0.0180535439458305372
0.8138138138138000244, 0.0181990859408028283
0.8163163163162999725, 0.0183505086596541106
0.8188188188188000316, 0.0185079597948971594
0.8213213213212999797, 0.0186715953613229707
0.8238238238238000388, 0.0188415800794369953
0.8263263263262999869, 0.0190180877869499596
0.8288288288288000460, 0.0192013018802538529
0.8313313313312999941, 0.0193914157879888811
0.8338338338338000533, 0.0195886334789985017
0.8363363363363000014, 0.0197931700071791936
0.8388388388387999495, 0.0200052520959603901
0.8413413413413000086, 0.0202251187654019851
0.8438438438437999567, 0.0204530220051716699
0.8463463463463000158, 0.0206892274969687345
0.8488488488487999639, 0.0209340153902936692
0.8513513513514000541, 0.0211876811358308673
0.8538538538539000022, 0.0214505363811173591
0.8563563563563999503, 0.0217229099336174111
0.8588588588589000095, 0.0220051487968184953
0.8613613613613999576, 0.0222976192855115322
0.8638638638639000167, 0.0226007082270247607
0.8663663663663999648, 0.0229148242558548099
0.8688688688689000239, 0.0232403992098847087
0.8713713713713999720, 0.0235778896372117082
0.8738738738739000311, 0.0239277784235319355
0.8763763763763999792, 0.0242905765510610591
0.8788788788789000384, 0.0246668250011223174
0.8813813813813999865, 0.0250570968138178127
0.8838838838839000456, 0.0254619993196411459
0.8863863863863999937, 0.0258821765595000954
0.8888888888889000528, 0.0263183119114282528
0.8913913913914000009, 0.0267711309442975401
0.8938938938938999490, 0.0272414045211281930
0.8963963963964000081, 0.0277299521771708843
0.8988988988988999562, 0.0282376458008398099
0.9014014014014000153, 0.0287654136488592234
0.9039039039038999634, 0.0293142447307026786
0.9064064064064000226, 0.0298851936016120215
0.9089089089088999707, 0.0304793856082667923
0.9114114114114000298, 0.0310980226366070513
0.9139139139138999779, 0.0317423894175034582
0.9164164164164000370, 0.0324138604530327945
0.9189189189188999851, 0.0331139076341852301
0.9214214214214000442, 0.0338441086300770230
0.9239239239238999923, 0.0346061561393412598
0.9264264264264000515, 0.0354018681065574672
0.9289289289288999996, 0.0362331990206161692
0.9314314314313999477, 0.0371022524281063928
0.9339339339339000068, 0.0380112948135466894
0.9364364364363999549, 0.0389627710199799623
0.9389389389389000140, 0.0399593214086613122
0.9414414414413999621, 0.0410038009859132468
0.9439439439439000212, 0.0420993007594576973
0.9464464464463999693, 0.0432491716265889434
0.9489489489489000285, 0.0444570511435080362
0.9514514514515000076, 0.0457268935803499532
0.9539539539539999558, 0.0470630037315162633
0.9564564564565000149, 0.0484700750278448805
0.9589589589589999630, 0.0499532325883436240
0.9614614614615000221, 0.0515180819576207122
0.9639639639639999702, 0.0531707644044338429
0.9664664664665000293, 0.0549180198114500445
0.9689689689689999774, 0.0567672583719391333
0.9714714714715000365, 0.0587266425327049035
0.9739739739739999846, 0.0608051808927568202
0.9764764764765000438, 0.0630128360949955141
0.9789789789789999919, 0.0653606491473011503
0.9814814814815000510, 0.0678608830973172622
0.9839839839839999991, 0.0705271895841752539
0.9864864864864999472, 0.0733748025287962180
0.9889889889890000063, 0.0764207641388355008
0.9914914914914999544, 0.0796841895420664081
0.9939939939940000135, 0.0831865777844811582
0.9964964964964999616, 0.0869521787170686594
0.9989989989990000208, 0.0910084275538473597
1.0015015015019999023, 0.0953864617534963266
1.0040040040039999170, 0.1001217385446678820
1.0065065065070000205, 0.1052547761318096270
1.0090090090090000352, 0.1108320477236860724
1.0115115115119999167, 0.1169070654838810647
1.0140140140139999314, 0.1235417019483373569
1.0165165165170000350, 0.1308078102727885383
1.0190190190190000497, 0.1387892230996329579
1.0215215215219999312, 0.1475842346178322384
1.0240240240239999459, 0.1573087040282927229
1.0265265265270000494, 0.1680999647279088627
1.0290290290290000641, 0.1801217873582156570
1.0315315315319999456, 0.1935707342268441489
1.0340340340339999603, 0.2086843691923306598
1.0365365365370000639, 0.2257519686848233897
1.0390390390390000785, 0.2451286435738763148
1.0415415415419999601, 0.2672541711953239085
1.0440440440439999747, 0.2926784208998065573
1.0465465465470000783, 0.3220961472158079819
1.0490490490490000930, 0.3563953088381831558
1.0515515515519999745, 0.3967252669397316467
1.0540540540539999892, 0.4445947773078394172
1.0565565565570000928, 0.5020156122185539527
1.0590590590590001074, 0.5717177689450891886
1.0615615615619999890, 0.6574800596750756121
1.0640640640640000036, 0.7646524177053206639
1.0665665665670001072, 0.9010079715994356864
1.0690690690689998998, 1.0781853055681205333
1.0715715715720000034, 1.3142366516713879232
1.0740740740740000181, 1.6383631061976708931
1.0765765765769998996, 2.1002603356897147080
1.0790790790789999143, 2.7899626012285327903
1.0815815815820000179, 3.8839626085751124407
1.0840840840840000325, 5.7653357593711085372
1.0865865865869999141, 9.3857822378838928756
1.0890890890889999287, 17.5761529220908236937
1.0915915915920000323, 40.6208384028584390535
1.0940940940940000470, 102.1416816574257069306
1.0965965965969999285, 80.3210688180963217064
1.0990990990989999432, 30.6858085592253644336
1.1016016016020000468, 14.2562678909896369817
1.1041041041040000614, 8.0000108478050133698
1.1066066066069999430, 5.0769028433824656688
1.1091091091089999576, 3.4989328189315802575
1.1116116116120000612, 2.5565047447607947007
1.1141141141140000759, 1.9507468735264652526
1.1166166166169999574, 1.5392078191940488097
1.1191191191189999721, 1.2473033907797648201
1.1216216216220000756, 1.0330145848389697960
1.1241241241240000903, 0.8712412266537337135
1.1266266266269999718, 0.7462555581505756486
1.1291291291289999865, 0.6478033235802886924
1.1316316316320000901, 0.5689712234021774284
1.1341341341340001048, 0.5049631984882664293
1.1366366366369999863, 0.4523689141801039981
1.1391391391390000010, 0.4087107707388156208
1.1416416416420001045, 0.3721546354705005388
1.1441441441439998972, 0.3413200674696442172
1.1466466466470000007, 0.3151528038102550111
1.1491491491490000154, 0.2928372382087391923
1.1516516516519998969, 0.2737351953687874317
1.1541541541539999116, 0.2573423633080276218
1.1566566566570000152, 0.2432568123826646389
1.1591591591590000299, 0.2311559336808812759
1.1616616616619999114, 0.2207793378262326578
1.1641641641639999261, 0.2119160376759966491
1.1666666666670000296, 0.2043947545003755029
1.1691691691690000443, 0.1980765335582168607
1.1716716716719999258, 0.1928490911970958122
1.1741741741739999405, 0.1886224792607628931
1.1766766766770000441, 0.1853257677649524093
1.1791791791790000588, 0.1829045292119134136
1.1816816816819999403, 0.1813189679832972467
1.1841841841839999550, 0.1805425830348748040
1.1866866866870000585, 0.1805612864950300600
1.1891891891890000732, 0.1813729282181887614
1.1916916916919999547, 0.1829871994466263085
1.1941941941939999694, 0.1854259095299245486
1.1966966966970000730, 0.1887236498991730071
1.1991991991990000876, 0.1929288808824159984
1.2017017017019999692, 0.1981055013010186716
1.2042042042039999838, 0.2043349902809863117
1.2067067067070000874, 0.2117192481621447686
1.2092092092090001021, 0.2203843126292627796
1.2117117117119999836, 0.2304851926546227503
1.2142142142139999983, 0.2422121544248032055
1.2167167167170001019, 0.2557989218355576355
1.2192192192189998945, 0.2715334370648345708
1.2217217217219999981, 0.2897720913527405129
1.2242242242240000127, 0.3109587249165328693
1.2267267267269998943, 0.3356502755429820462
1.2292292292289999089, 0.3645518375846098502
1.2317317317320000125, 0.3985652586774570683
1.2342342342340000272, 0.4388575586158605657
1.2367367367369999087, 0.4869589385641003298
1.2392392392389999234, 0.5449059138801816138
1.2417417417420000270, 0.6154549052273337040
1.2442442442440000416, 0.7024087947761986639
1.2467467467469999232, 0.8111300709839989187
1.2492492492489999378, 0.9493727564915354078
1.2517517517520000414, 1.1286804398250021020
1.2542542542540000561, 1.3668355558441964703
1.2567567567569999376, 1.6923655237262771323
1.2592592592589999523, 2.1533301630310504038
1.2617617617620000559, 2.8357084816636906055
1.2642642642640000705, 3.9053576398910752054
1.2667667667669999521, 5.7147903869787466391
1.2692692692689999667, 9.1155343308227756438
1.2717717717720000703, 16.5485995017293952003
1.2742742742740000850, 36.6093521144601439232
1.2767767767769999665, 95.5557860661927662704
1.2792792792789999812, 100.7410717805055497820
1.2817817817820000847, 38.9079601156397032469
1.2842842842840000994, 17.3162900985717982394
1.2867867867869999809, 9.4352377769465807233
1.2892892892889999956, 5.8723593054357507981
1.2917917917920000992, 3.9920105350354084806
1.2942942942939998918, 2.8866482186877013838
1.2967967967969999954, 2.1842481513384330860
1.2992992992990000101, 1.7110570560195674794
1.3018018018019998916, 1.3775095140710416075
1.3043043043039999063, 1.1337626950093153688
1.3068068068070000098, 0.9503362127928361991
1.3093093093090000245, 0.8089072362039722019
1.3118118118119999060, 0.6976102297467348112
1.3143143143139999207, 0.6084911696740467058
1.3168168168170000243, 0.5360587686987684508
1.3193193193190000390, 0.4764245633168701644
1.3218218218219999205, 0.4267736921835041386
1.3243243243239999352, 0.3850287740502362777
1.3268268268270000387, 0.3496304517604665874
1.3293293293290000534, 0.3193905729954129025
1.3318318318319999349, 0.2933918191735725989
1.3343343343339999496, 0.2709177559634713406
1.3368368368370000532, 0.2514032454525365612
1.3393393393390000679, 0.2343987601948513966
1.3418418418419999494, 0.2195443662029694931
1.3443443443439999641, 0.2065505511142523842
1.3468468468470000676, 0.1951839848280927103
1.3493493493490000823, 0.1852569014167236017
1.3518518518519999638, 0.1766191970337093464
1.3543543543539999785, 0.1691526195177672498
1.3568568568570000821, 0.1627666264675546037
1.3593593593590000967, 0.1573956396344568520
1.3618618618619999783, 0.1529975456647008625
1.3643643643639999929, 0.1495534031111672157
1.3668668668670000965, 0.1470684285506410893
1.3693693693689998891, 0.1455744677836296463
1.3718718718719999927, 0.1451343344923028411
1.3743743743740000074, 0.1458486532998085894
1.3768768768770001110, 0.1478662341125959456
1.3793793793789999036, 0.1513996285633394112
1.3818818818820000072, 0.1567485541726277021
1.3843843843840000218, 0.1643356462706681009
1.3868868868869999034, 0.1747621456569069809
1.3893893893889999180, 0.1888969230890567008
1.3918918918920000216, 0.2080233462433330460
1.3943943943940000363, 0.2340907873924653604
1.3968968968969999178, 0.2701647656465717140
1.3993993993989999325, 0.3212760159888496392
1.4019019019020000361, 0.3961263397057724900
1.4044044044040000507, 0.5107902120221744502
1.4069069069069999323, 0.6975543018833527675
1.4094094094089999469, 1.0287509333550604040
1.4119119119120000505, 1.6918420090399768352
1.4144144144140000652, 3.2754976523512633335
1.4169169169169999467, 7.9709424500106429434
1.4194194194189999614, 17.2260999052934131726
1.4219219219220000650, 9.4821178708252649159
1.4244244244240000796, 3.7544356789762001192
1.4269269269269999612, 1.8646055175041880148
1.4294294294289999758, 1.1006296970926598977
1.4319319319320000794, 0.7273795384300973943
1.4344344344340000941, 0.5192815115257233272
1.4369369369369999756, 0.3918779713176067658
1.4394394394389999903, 0.3083009770071007960
1.4419419419420000938, 0.2504974928171886939
1.4444444444440001085, 0.2088155265677744121
1.4469469469469999900, 0.1777258862987033117
1.4494494494490000047, 0.1538802891049963484
1.4519519519520001083, 0.1351565531250787100
1.4544544544539999009, 0.1201573981463740781
1.4569569569570000045, 0.1079326411391633017
1.4594594594590000192, 0.0978179717421689132
1.4619619619619999007, 0.0893376316525373443
1.4644644644639999154, 0.0821436347775978265
1.4669669669670000189, 0.0759766624504638749
1.4694694694690000336, 0.0706402359148012582
1.4719719719719999151, 0.0659832563770534897
1.4744744744739999298, 0.0618879535527870617
1.4769769769770000334, 0.0582614102087994773
1.4794794794790000481, 0.0550294998762671239
1.4819819819819999296, 0.0521324834427714864
1.4844844844839999443, 0.0495217654688045530
1.4869869869870000478, 0.0471574738461884996
1.4894894894890000625, 0.0450066323008055658
1.4919919919919999440, 0.0430417653609438469
1.4944944944939999587, 0.0412398226147417252
1.4969969969970000623, 0.0395813413404562456
1.4994994994990000770, 0.0380497889529174405
1.5020020020019999585, 0.0366310424102488166
1.5045045045050000621, 0.0353129728843904617
1.5070070070070000767, 0.0340851120209840208
1.5095095095099999583, 0.0329383819422960494
1.5120120120119999729, 0.0318648754233391285
1.5145145145150000765, 0.0308576758387437908
1.5170170170170000912, 0.0299107088445939237
1.5195195195199999727, 0.0290186195425009112
1.5220220220219999874, 0.0281766702271654991
1.5245245245250000909, 0.0273806548544354086
1.5270270270270001056, 0.0266268271648129433
1.5295295295299999871, 0.0259118400162076865
1.5320320320320000018, 0.0252326939627092878
1.5345345345350001054, 0.0245866934954054109
1.5370370370369998980, 0.0239714096607581209
1.5395395395400000016, 0.0233846480098751919
1.5420420420420000163, 0.0228244210218522051
1.5445445445449998978, 0.0222889242966519269
1.5470470470469999125, 0.0217765159357620718
1.5495495495500000160, 0.0212856986282848742
1.5520520520520000307, 0.0208151040409803659
1.5545545545549999122, 0.0203634791768407750
1.5570570570569999269, 0.0199296744209443745
1.5595595595600000305, 0.0195126330369489349
1.5620620620620000452, 0.0191113819144465222
1.5645645645649999267, 0.0187250233979819360
1.5670670670669999414, 0.0183527280539918028
1.5695695695700000449, 0.0179937282531749052
1.5720720720720000596, 0.0176473124636211641
1.5745745745749999411, 0.0173128201649938550
1.5770770770769999558, 0.0169896373066826742
1.5795795795800000594, 0.0166771922435191219
1.5820820820820000741, 0.0163749520916915414
1.5845845845849999556, 0.0160824194551962563
1.5870870870869999703, 0.0157991294797181214
1.5895895895900000738, 0.0155246471964420284
1.5920920920920000885, 0.0152585651231028872
1.5945945945949999700, 0.0150005010937057648
1.5970970970969999847, 0.0147500962919048864
1.5995995996000000883, 0.0145070134660939629
1.6021021021020001029, 0.0142709353069133855
1.6046046046049999845, 0.0140415629701795257
1.6071071071069999991, 0.0138186147302355646
1.6096096096100001027, 0.0136018247504640886
1.6121121121119998953, 0.0133909419592147874
1.6146146146149999989, 0.0131857290207259750
1.6171171171170000136, 0.0129859613917775105
1.6196196196199998951, 0.0127914264558294556
1.6221221221219999098, 0.0126019227272941032
1.6246246246250000134, 0.0124172591193750289
1.6271271271270000280, 0.0122372542696002687
1.6296296296299999096, 0.0120617359177884464
1.6321321321319999242, 0.0118905403317285125
1.6346346346350000278, 0.0117235117763331721
1.6371371371370000425, 0.0115605020224517473
1.6396396396399999240, 0.0114013698919066247
1.6421421421419999387, 0.0112459808356538196
1.6446446446450000423, 0.0110942065422683887
1.6471471471470000569, 0.0109459245742230642
1.6496496496499999385, 0.0108010180296678939
1.6521521521519999531, 0.0106593752276327412
1.6546546546550000567, 0.0105208894147664576
1.6571571571570000714, 0.0103854584918988448
1.6596596596599999529, 0.0102529847588660183
1.6621621621619999676, 0.0101233746761792490
1.6646646646650000712, 0.0099965386422423991
1.6671671671670000858, 0.0098723907849363537
1.6696696696699999674, 0.0097508487664906621
1.6721721721719999820, 0.0096318336006549835
1.6746746746750000856, 0.0095152694812662385
1.6771771771770001003, 0.0094010836213829860
1.6796796796799999818, 0.0092892061022270961
1.6821821821819999965, 0.0091795697312349166
1.6846846846850001000, 0.0090721099085766636
1.6871871871869998927, 0.0089667645015542464
1.6896896896899999962, 0.0088634737263343834
1.6921921921920000109, 0.0087621800365166921
1.6946946946949998924, 0.0086628280180751777
1.6971971971969999071, 0.0085653642902471863
1.6996996997000000107, 0.0084697374119763157
1.7022022022020000254, 0.0083758977935454223
1.7047047047049999069, 0.0082837976130631479
1.7072072072069999216, 0.0081933907374922635
1.7097097097100000251, 0.0081046326479309039
1.7122122122120000398, 0.0080174803688788619
1.7147147147149999213, 0.0079318924012403216
1.7172172172169999360, 0.0078478286588321428
1.7197197197200000396, 0.0077652504081830061
1.7222222222220000543, 0.0076841202114239469
1.7247247247249999358, 0.0076044018720844596
1.7272272272269999505, 0.0075260603836211776
1.7297297297300000540, 0.0074490618805178902
1.7322322322320000687, 0.0073733735918065906
1.7347347347349999502, 0.0072989637968692289
1.7372372372369999649, 0.0072258017833891908
1.7397397397400000685, 0.0071538578073300635
1.7422422422420000832, 0.0070831030548273652
1.7447447447449999647, 0.0070135096058860959
1.7472472472469999794, 0.0069450503997840274
1.7497497497500000829, 0.0068776992020868396
1.7522522522520000976, 0.0068114305731872453
1.7547547547549999791, 0.0067462198382856530
1.7572572572569999938, 0.0066820430587350424
1.7597597597600000974, 0.0066188770046775010
1.7622622622619998900, 0.0065566991289042467
1.7647647647649999936, 0.0064954875418751189
1.7672672672670000082, 0.0064352209878373321
1.7697697697699998898, 0.0063758788219868620
1.7722722722719999044, 0.0063174409886192131
1.7747747747750000080, 0.0062598880002193843
1.7772772772770000227, 0.0062032009174437918
1.7797797797799999042, 0.0061473613299496185
1.7822822822819999189, 0.0060923513380296210
1.7847847847850000225, 0.0060381535350127920
1.7872872872870000371, 0.0059847509903934969
1.7897897897899999187, 0.0059321272336538321
1.7922922922919999333, 0.0058802662387458559
1.7947947947950000369, 0.0058291524092022248
1.7972972972970000516, 0.0057787705638454581
1.7997997997999999331, 0.0057291059230676813
1.8023023023019999478, 0.0056801440956542213
1.8048048048050000514, 0.0056318710661258401
1.8073073073070000660, 0.0055842731825757209
1.8098098098099999476, 0.0055373371449786270
1.8123123123119999622, 0.0054910499939507754
1.8148148148150000658, 0.0054453990999401170
1.8173173173170000805, 0.0054003721528277761
1.8198198198199999620, 0.0053559571519223425
1.8223223223219999767, 0.0053121423963296962
1.8248248248250000803, 0.0052689164756818735
1.8273273273270000949, 0.0052262682612093511
1.8298298298299999765, 0.0051841868971418690
1.8323323323319999911, 0.0051426617924236785
1.8348348348350000947, 0.0051016826127297894
1.8373373373370001094, 0.0050612392727704273
1.8398398398399999909, 0.0050213219288715557
1.8423423423420000056, 0.0049819209718199239
1.8448448448450001091, 0.0049430270199615775
1.8473473473469999018, 0.0049046309125433977
1.8498498498500000053, 0.0048667237032876520
1.8523523523520000200, 0.0048292966541900392
1.8548548548549999015, 0.0047923412295321688
1.8573573573569999162, 0.0047558490900998134
1.8598598598600000198, 0.0047198120875986734
1.8623623623620000345, 0.0046842222592598046
1.8648648648649999160, 0.0046490718226271698
1.8673673673669999307, 0.0046143531705201560
1.8698698698700000342, 0.0045800588661641991
1.8723723723720000489, 0.0045461816384829842
1.8748748748749999304, 0.0045127143775459556
1.8773773773769999451, 0.0044796501301651685
1.8798798798800000487, 0.0044469820956357757
1.8823823823820000634, 0.0044147036216146797
1.8848848848849999449, 0.0043828082001321272
1.8873873873869999596, 0.0043512894637312508
1.8898898898900000631, 0.0043201411817307724
1.8923923923920000778, 0.0042893572566062967
1.8948948948949999593, 0.0042589317204857922
1.8973973973969999740, 0.0042288587317550839
1.8998998999000000776, 0.0041991325717693180
1.9024024024020000923, 0.0041697476416665633
1.9049049049049999738, 0.0041406984592798259
1.9074074074069999885, 0.0041119796561439716
1.9099099099100000920, 0.0040835859745941335
1.9124124124120001067, 0.0040555122649523672
1.9149149149149999882, 0.0040277534827994092
1.9174174174170000029, 0.0040003046863285648
1.9199199199200001065, 0.0039731610337788307
1.9224224224219998991, 0.0039463177809444996
1.9249249249250000027, 0.0039197702787585886
1.9274274274270000173, 0.0038935139709475554
1.9299299299299998989, 0.0038675443917548426
1.9324324324319999135, 0.0038418571637309114
1.9349349349350000171, 0.0038164479955874958
1.9374374374370000318, 0.0037913126801139259
1.9399399399399999133, 0.0037664470921533978
1.9424424424419999280, 0.0037418471866372230
1.9449449449450000316, 0.0037175089966751014
1.9474474474470000462, 0.0036934286316995689
1.9499499499499999278, 0.0036696022756628321
1.9524524524519999424, 0.0036460261852842733
1.9549549549550000460, 0.0036226966883469713
1.9574574574570000607, 0.0035996101820416327
1.9599599599599999422, 0.0035767631313564229
1.9624624624619999569, 0.0035541520675112003
1.9649649649650000605, 0.0035317735864347308
1.9674674674670000751, 0.0035096243472835303
1.9699699699699999567, 0.0034877010710009904
1.9724724724719999713, 0.0034660005389155280
1.9749749749750000749, 0.0034445195913765307
1.9774774774770000896, 0.0034232551264269133
1.9799799799799999711, 0.0034022040985111374
1.9824824824819999858, 0.0033813635172176030
1.9849849849850000894, 0.0033607304460543542
1.9874874874870001040, 0.0033403020012570577
1.9899899899899999856, 0.0033200753506282795
1.9924924924920000002, 0.0033000477124071094
1.9949949949950001038, 0.0032802163541681964
1.9974974974969998964, 0.0032605785917493293
2.0000000000000000000, 0.0032411317882066722
