# Delta1: 0.46
# Delta2: 1.17
# Delta3: 1.34
# Dq: 0.08800000000000002
# Ds: -0.09000000000000001
# Dt: -0.01999999999999998
# k1_lab: [1, 0, 0]
# k2_lab: [-0.8660254037844387, 0.49999999999999994, 0.0]
# k1_cf: [-0.6644630243886747, -0.6644630243886747, 0.3420201433256688]
# k2_cf: [0.696364240320019, 0.696364240320019, 0.17364817766693014]
# pol1_lab: [(0, 1, 0), (0, 0, 1)]
# pol2_lab: [array([-0.5      , -0.8660254,  0.       ]), array([0., 0., 1.])]
# pol1_cf: [array([0.24184476, 0.24184476, 0.93969262]), array([-0.70710678,  0.70710678,  0.        ])]
# pol2_cf: [array([ 0.1227878 ,  0.1227878 , -0.98480775]), array([-0.70710678,  0.70710678,  0.        ])]
# cf: [array([-0.66446302,  0.24184476, -0.70710678]), array([-0.66446302,  0.24184476,  0.70710678]), array([0.34202014, 0.93969262, 0.        ])]
# th: 70
-0.5000000000000000000, 0.0085932380486481632
-0.4974974974974999964, 0.0086733394897023381
-0.4949949949949999928, 0.0087546226220143117
-0.4924924924924999892, 0.0088371112340015125
-0.4899899899899999856, 0.0089208297199211816
-0.4874874874874999819, 0.0090058030985334468
-0.4849849849849999783, 0.0090920570324393105
-0.4824824824824999747, 0.0091796178481218394
-0.4799799799800000266, 0.0092685125567197237
-0.4774774774775000230, 0.0093587688755641836
-0.4749749749750000194, 0.0094504152505113081
-0.4724724724725000158, 0.0095434808791036822
-0.4699699699700000122, 0.0096379957345966404
-0.4674674674675000086, 0.0097339905908863378
-0.4649649649650000049, 0.0098314970483784608
-0.4624624624625000013, 0.0099305475608384465
-0.4599599599599999977, 0.0100311754632659896
-0.4574574574574999941, 0.0101334150008387663
-0.4549549549549999905, 0.0102373013589725469
-0.4524524524524999869, 0.0103428706945471981
-0.4499499499499000077, 0.0104501601683505245
-0.4474474474474000041, 0.0105592079787946436
-0.4449449449449000005, 0.0106700533969622015
-0.4424424424423999969, 0.0107827368030427896
-0.4399399399398999932, 0.0108972997242229603
-0.4374374374373999896, 0.0110137848740965178
-0.4349349349348999860, 0.0111322361936652334
-0.4324324324323999824, 0.0112526988940038122
-0.4299299299298999788, 0.0113752195006667466
-0.4274274274273999752, 0.0114998458999188997
-0.4249249249249000271, 0.0116266273868759294
-0.4224224224224000235, 0.0117556147156452524
-0.4199199199199000199, 0.0118868601515632905
-0.4174174174174000163, 0.0120204175256296078
-0.4149149149149000126, 0.0121563422912444111
-0.4124124124124000090, 0.0122946915833613279
-0.4099099099099000054, 0.0124355242801739499
-0.4074074074074000018, 0.0125789010674607106
-0.4049049049048999982, 0.0127248845057201642
-0.4024024024023999946, 0.0128735391002356356
-0.3998998998998999910, 0.0130249313742164235
-0.3973973973973999874, 0.0131791299451709688
-0.3948948948948999838, 0.0133362056046762035
-0.3923923923923999801, 0.0134962314017168673
-0.3898898898898999765, 0.0136592827297787600
-0.3873873873873999729, 0.0138254374178902167
-0.3848848848849000248, 0.0139947758258180226
-0.3823823823824000212, 0.0141673809436356907
-0.3798798798799000176, 0.0143433384958953983
-0.3773773773774000140, 0.0145227370506483596
-0.3748748748749000104, 0.0147056681335734143
-0.3723723723724000068, 0.0148922263474892680
-0.3698698698699000031, 0.0150825094975426937
-0.3673673673673999995, 0.0152766187223828866
-0.3648648648648999959, 0.0154746586316515111
-0.3623623623623999923, 0.0156767374501383880
-0.3598598598598999887, 0.0158829671689748909
-0.3573573573573999851, 0.0160934637042604370
-0.3548548548548999815, 0.0163083470635428870
-0.3523523523523999779, 0.0165277415206005092
-0.3498498498497999987, 0.0167517757990019341
-0.3473473473472999951, 0.0169805832649519810
-0.3448448448447999914, 0.0172143021299639258
-0.3423423423422999878, 0.0174530756639349506
-0.3398398398397999842, 0.0176970524192396027
-0.3373373373372999806, 0.0179463864664973841
-0.3348348348347999770, 0.0182012376427148140
-0.3323323323322999734, 0.0184617718125500083
-0.3298298298298000253, 0.0187281611434990912
-0.3273273273273000217, 0.0190005843958586974
-0.3248248248248000181, 0.0192792272283788500
-0.3223223223223000145, 0.0195642825205837520
-0.3198198198198000108, 0.0198559507128080737
-0.3173173173173000072, 0.0201544401650700922
-0.3148148148148000036, 0.0204599675359842074
-0.3123123123123000000, 0.0207727581830020776
-0.3098098098097999964, 0.0210930465853656386
-0.3073073073072999928, 0.0214210767912571508
-0.3048048048047999892, 0.0217571028907419667
-0.3023023023022999856, 0.0221013895162178696
-0.2997997997997999819, 0.0224542123722158843
-0.2972972972972999783, 0.0228158587965357484
-0.2947947947947999747, 0.0231866283548531026
-0.2922922922923000266, 0.0235668334710998281
-0.2897897897898000230, 0.0239568000960983969
-0.2872872872873000194, 0.0243568684171274336
-0.2847847847848000158, 0.0247673936113069516
-0.2822822822823000122, 0.0251887466459239859
-0.2797797797798000086, 0.0256213151290716167
-0.2772772772773000050, 0.0260655042142487643
-0.2747747747748000013, 0.0265217375628694629
-0.2722722722722999977, 0.0269904583689573319
-0.2697697697697999941, 0.0274721304506598332
-0.2672672672672999905, 0.0279672394136097693
-0.2647647647647999869, 0.0284762938915896456
-0.2622622622622999833, 0.0289998268704266711
-0.2597597597597999797, 0.0295383971015611181
-0.2572572572572999761, 0.0300925906122978780
-0.2547547547547999724, 0.0306630223203742287
-0.2522522522523000243, 0.0312503377611600131
-0.2497497497496999896, 0.0318552149365610993
-0.2472472472472000138, 0.0324783662955266811
-0.2447447447447000102, 0.0331205408569762438
-0.2422422422422000066, 0.0337825264869726222
-0.2397397397397000030, 0.0344651523430838380
-0.2372372372371999993, 0.0351692915001109441
-0.2347347347346999957, 0.0358958637727265426
-0.2322322322321999921, 0.0366458387520830486
-0.2297297297296999885, 0.0374202390751307498
-0.2272272272272000126, 0.0382201439472529894
-0.2247247247247000090, 0.0390466929409009969
-0.2222222222222000054, 0.0399010900952220943
-0.2197197197197000018, 0.0407846083442500659
-0.2172172172171999982, 0.0416985943041000701
-0.2147147147146999946, 0.0426444734528207414
-0.2122122122121999910, 0.0436237557401470410
-0.2097097097096999874, 0.0446380416684183656
-0.2072072072072000115, 0.0456890288904374872
-0.2047047047047000079, 0.0467785193751087194
-0.2022022022022000043, 0.0479084271973897746
-0.1996996996997000007, 0.0490807870155026207
-0.1971971971971999971, 0.0502977633055798484
-0.1946946946946999935, 0.0515616604320880273
-0.1921921921921999898, 0.0528749336416041160
-0.1896896896896999862, 0.0542402010779808666
-0.1871871871872000104, 0.0556602569288038515
-0.1846846846847000068, 0.0571380858265271782
-0.1821821821822000032, 0.0586768786430225051
-0.1796796796796999995, 0.0602800498337750928
-0.1771771771771999959, 0.0619512565079450364
-0.1746746746746999923, 0.0636944194233801664
-0.1721721721721999887, 0.0655137461318777981
-0.1696696696697000128, 0.0674137565300960834
-0.1671671671672000092, 0.0693993111061540213
-0.1646646646647000056, 0.0714756422118983242
-0.1621621621622000020, 0.0736483887369573931
-0.1596596596596999984, 0.0759236346141282381
-0.1571571571571999948, 0.0783079516476327397
-0.1546546546546999912, 0.0808084472278733507
-0.1521521521521999876, 0.0834328175803482897
-0.1496496496496000084, 0.0861894072945799117
-0.1471471471471000048, 0.0890872759939143194
-0.1446446446446000011, 0.0921362731421052211
-0.1421421421420999975, 0.0953471221416098413
-0.1396396396395999939, 0.0987315150662422120
-0.1371371371370999903, 0.1023022195930868988
-0.1346346346345999867, 0.1060731999624527910
-0.1321321321321000108, 0.1100597541089121806
-0.1296296296296000072, 0.1142786694818992838
-0.1271271271271000036, 0.1187484005242722268
-0.1246246246246000000, 0.1234892713183031315
-0.1221221221220999964, 0.1285237075614193147
-0.1196196196196000067, 0.1338765028246593769
-0.1171171171171000031, 0.1395751250078841044
-0.1146146146145999994, 0.1456500700785779423
-0.1121121121120999958, 0.1521352716180673914
-0.1096096096096000061, 0.1590685764671094793
-0.1071071071071000025, 0.1664922989479630522
-0.1046046046045999989, 0.1744538688530473114
-0.1021021021020999953, 0.1830065917747805415
-0.0995995995996000055, 0.1922105445946026281
-0.0970970970971000019, 0.2021336342974792977
-0.0945945945945900063, 0.2128528550561361588
-0.0920920920920900027, 0.2244557871687301309
-0.0895895895895899991, 0.2370423925126280140
-0.0870870870870899955, 0.2507271754749372250
-0.0845845845845799998, 0.2656417968966200416
-0.0820820820820799962, 0.2819382528723483050
-0.0795795795795800065, 0.2997927622874626552
-0.0770770770770800029, 0.3194105495410230477
-0.0745745745745699934, 0.3410317659332523510
-0.0720720720720700037, 0.3649388702781021232
-0.0695695695695700000, 0.3914658944719009992
-0.0670670670670699964, 0.4210101646839225498
-0.0645645645645600008, 0.4540472507113345046
-0.0620620620620599972, 0.4911502004559083479
-0.0595595595595600005, 0.5330145221061921568
-0.0570570570570599969, 0.5804909627496872560
-0.0545545545545500013, 0.6346289911919709148
-0.0520520520520499977, 0.6967351711769390610
-0.0495495495495500010, 0.7684525454690382951
-0.0470470470470499974, 0.8518701310060592391
-0.0445445445445400018, 0.9496763067499991440
-0.0420420420420399982, 1.0653773908668930925
-0.0395395395395400015, 1.2036150570221182399
-0.0370370370370399979, 1.3706370853649292307
-0.0345345345345300023, 1.5750121622737041083
-0.0320320320320299987, 1.8287444595661483948
-0.0295295295295299985, 2.1490648114012120828
-0.0270270270270299984, 2.5614104444275898054
-0.0245245245245199993, 3.1045842126355935875
-0.0220220220220199991, 3.8401156072951119214
-0.0195195195195199990, 4.8702149905538876240
-0.0170170170170199989, 6.3745895871531432775
-0.0145145145145099998, 8.6923793677742331454
-0.0120120120120099996, 12.5241618310995104224
-0.0095095095095099995, 19.4993191395071505667
-0.0070070070070070000, 34.0587041259177993879
-0.0045045045045049997, 71.0233459883514086641
-0.0020020020020019998, 183.7539179384353928981
0.0005005005005005000, 289.9681966300052522456
0.0030030030030029999, 123.4583957782517558144
0.0055055055055059999, 51.5591720888967586234
0.0080080080080079993, 26.7858897781471227972
0.0105105105105099995, 16.1521576541930969029
0.0130130130130099997, 10.7381011467067253307
0.0155155155155200005, 7.6350956782652827926
0.0180180180180199989, 5.6996511094079300719
0.0205205205205199991, 4.4141219170254721860
0.0230230230230199992, 3.5179610972233161803
0.0255255255255299983, 2.8688595096030047316
0.0280280280280299984, 2.3838987661040764721
0.0305305305305299986, 2.0121714277375577495
0.0330330330330299987, 1.7210452707794841043
0.0355355355355400013, 1.4888322064336738659
0.0380380380380399979, 1.3006676493058970667
0.0405405405405400016, 1.1460904869358035096
0.0430430430430399982, 1.0175672310538972365
0.0455455455455500008, 0.9095620609314595262
0.0480480480480499975, 0.8179338178545427773
0.0505505505505500011, 0.7395349869291865108
0.0530530530530499977, 0.6719389386556084975
0.0555555555555600003, 0.6132506330852155463
0.0580580580580599970, 0.5619728423983396670
0.0605605605605600006, 0.5169100434412911005
0.0630630630630600042, 0.4770983337184959705
0.0655655655655699998, 0.4417536221777201288
0.0680680680680700034, 0.4102328472332062992
0.0705705705705699932, 0.3820046100730926097
0.0730730730730699968, 0.3566266996790349308
0.0755755755755800063, 0.3337287219307932817
0.0780780780780799960, 0.3129985502255009377
0.0805805805805799996, 0.2941716664362280520
0.0830830830830800032, 0.2770227086566563468
0.0855855855855899988, 0.2613587187601484896
0.0880880880880900025, 0.2470137101288594483
0.0905905905905900061, 0.2338442686794991177
0.0930930930930899958, 0.2217259685677312742
0.0955955955956000053, 0.2105504346339137078
0.0980980980980999950, 0.2002229216103799947
0.1006006006005999986, 0.1906603087713924505
0.1031031031031000023, 0.1817894305153713863
0.1056056056056000059, 0.1735456800847360870
0.1081081081080999956, 0.1658718365297119357
0.1106106106105999992, 0.1587170750448422263
0.1131131131131000028, 0.1520361286416620494
0.1156156156156000064, 0.1457885752820087255
0.1181181181180999962, 0.1399382294687631645
0.1206206206205999998, 0.1344526211648173764
0.1231231231231000034, 0.1293025480072083622
0.1256256256256000070, 0.1244616892700345367
0.1281281281281000106, 0.1199062720363850698
0.1306306306305999865, 0.1156147816660621774
0.1331331331330999901, 0.1115677099700672775
0.1356356356355999937, 0.1077473355853428849
0.1381381381380999973, 0.1041375319317528192
0.1406406406406000009, 0.1007235988653247261
0.1431431431431000045, 0.0974921147471459609
0.1456456456456000081, 0.0944308061496963863
0.1481481481481000118, 0.0915284328407634101
0.1506506506506999910, 0.0887746860346258215
0.1531531531531999946, 0.0861600981931588683
0.1556556556556999982, 0.0836759629058217991
0.1581581581582000018, 0.0813142635851844542
0.1606606606607000054, 0.0790676098902882984
0.1631631631632000090, 0.0769291809390824227
0.1656656656657000126, 0.0748926744978225117
0.1681681681681999885, 0.0729522614432889793
0.1706706706706999921, 0.0711025448859638198
0.1731731731731999957, 0.0693385234213640261
0.1756756756756999993, 0.0676555580446426413
0.1781781781782000029, 0.0660493423220144954
0.1806806806807000065, 0.0645158754630065223
0.1831831831832000101, 0.0630514379811435849
0.1856856856857000138, 0.0616525696684760011
0.1881881881881999896, 0.0603160496421857456
0.1906906906906999932, 0.0590388782500716261
0.1931931931931999968, 0.0578182606466337359
0.1956956956957000004, 0.0566515918732536719
0.1981981981982000041, 0.0555364432950356951
0.2007007007007000077, 0.0544705502636163297
0.2032032032032000113, 0.0534518008899665248
0.2057057057056999871, 0.0524782258241900321
0.2082082082081999908, 0.0515479889507841627
0.2107107107106999944, 0.0506593789179808213
0.2132132132131999980, 0.0498108014288004206
0.2157157157157000016, 0.0490007722294736742
0.2182182182182000052, 0.0482279107380515076
0.2207207207207000088, 0.0474909342624417613
0.2232232232232000124, 0.0467886527628804394
0.2257257257256999883, 0.0461199641190562157
0.2282282282281999919, 0.0454838498668297259
0.2307307307306999955, 0.0448793713737979730
0.2332332332331999991, 0.0443056664269053380
0.2357357357357000027, 0.0437619462089507694
0.2382382382382000063, 0.0432474926442395352
0.2407407407407000099, 0.0427616560968148568
0.2432432432432000136, 0.0423038534077309764
0.2457457457456999894, 0.0418735662607279055
0.2482482482481999930, 0.0414703398684797414
0.2507507507508000000, 0.0410937819743522337
0.2532532532533000036, 0.0407435621673528786
0.2557557557558000072, 0.0404194115107334023
0.2582582582583000108, 0.0401211224875403089
0.2607607607608000144, 0.0398485492693525234
0.2632632632633000180, 0.0396016083175348699
0.2657657657658000216, 0.0393802793296211817
0.2682682682683000253, 0.0391846065469749275
0.2707707707707999734, 0.0390147004437150571
0.2732732732732999770, 0.0388707398211074195
0.2757757757757999806, 0.0387529743362840656
0.2782782782782999842, 0.0386617274993485346
0.2807807807807999878, 0.0385974001787584425
0.2832832832832999914, 0.0385604746614612998
0.2857857857857999950, 0.0385515193217351448
0.2882882882882999986, 0.0385711939612109894
0.2907907907908000023, 0.0386202558923220834
0.2932932932933000059, 0.0386995668486579819
0.2957957957958000095, 0.0388101008186706939
0.2982982982983000131, 0.0389529529142033856
0.3008008008008000167, 0.0391293494027740649
0.3033033033033000203, 0.0393406590529088371
0.3058058058058000239, 0.0395884059656341006
0.3083083083083000275, 0.0398742840931813475
0.3108108108107999756, 0.0402001736788433206
0.3133133133132999792, 0.0405681598907395857
0.3158158158157999829, 0.0409805539682212422
0.3183183183182999865, 0.0414399172542462141
0.3208208208207999901, 0.0419490885521306839
0.3233233233232999937, 0.0425112153228794504
0.3258258258257999973, 0.0431297893326246101
0.3283283283283000009, 0.0438086874720529096
0.3308308308308000045, 0.0445522186054228414
0.3333333333333000081, 0.0453651774713582784
0.3358358358358000118, 0.0462529068579333319
0.3383383383383000154, 0.0472213695193925767
0.3408408408408000190, 0.0482772316022963555
0.3433433433433000226, 0.0494279597191599890
0.3458458458458000262, 0.0506819342660763672
0.3483483483482999743, 0.0520485821509819660
0.3508508508509000090, 0.0535385328118894929
0.3533533533534000126, 0.0551638022997262417
0.3558558558559000162, 0.0569380113312096259
0.3583583583584000198, 0.0588766446534517221
0.3608608608609000235, 0.0609973608969233763
0.3633633633634000271, 0.0633203644522456893
0.3658658658658999752, 0.0658688539583072719
0.3683683683683999788, 0.0686695659651900131
0.3708708708708999824, 0.0717534375525495233
0.3733733733733999860, 0.0751564185821062825
0.3758758758758999896, 0.0789204734570594368
0.3783783783783999932, 0.0830948246207829089
0.3808808808808999968, 0.0877375067929137969
0.3833833833834000004, 0.0929173239037450888
0.3858858858859000041, 0.0987163324622840899
0.3883883883884000077, 0.1052330195448411415
0.3908908908909000113, 0.1125864065100325162
0.3933933933934000149, 0.1209213997309374344
0.3958958958959000185, 0.1304158406600934572
0.3983983983984000221, 0.1412899006960783299
0.4009009009009000257, 0.1538187555840974385
0.4034034034033999738, 0.1683499147525599760
0.4059059059058999774, 0.1853272649305983122
0.4084084084083999810, 0.2053249707401134661
0.4109109109108999847, 0.2290961297352634984
0.4134134134133999883, 0.2576439926397478541
0.4159159159158999919, 0.2923285301296520422
0.4184184184183999955, 0.3350298706367931256
0.4209209209208999991, 0.3884060473594880269
0.4234234234234000027, 0.4563125987665457850
0.4259259259259000063, 0.5445110854986634497
0.4284284284284000099, 0.6619173607304251750
0.4309309309309000136, 0.8229134194554301729
0.4334334334334000172, 1.0518918399220547055
0.4359359359359000208, 1.3928576583499521213
0.4384384384384000244, 1.9316073908971813644
0.4409409409408999725, 2.8530464436100571035
0.4434434434433999761, 4.6122111468431725712
0.4459459459458999797, 8.5459057000454983211
0.4484484484483999833, 19.4647265875355870435
0.4509509509510000180, 49.8163721475055325527
0.4534534534535000216, 43.1118226285520336205
0.4559559559560000253, 16.4655929287401718852
0.4584584584584999734, 7.5421169407850552346
0.4609609609609999770, 4.1914443951913877839
0.4634634634634999806, 2.6423899765066956036
0.4659659659659999842, 1.8121281059558072002
0.4684684684684999878, 1.3186709337871620473
0.4709709709709999914, 1.0025441156799188569
0.4734734734734999950, 0.7882385536352618516
0.4759759759759999986, 0.6364198161028979950
0.4784784784785000022, 0.5250161578067057411
0.4809809809810000059, 0.4408850926647442936
0.4834834834835000095, 0.3758128859441761116
0.4859859859860000131, 0.3244555966176851936
0.4884884884885000167, 0.2832165202002719928
0.4909909909910000203, 0.2496037780598795996
0.4934934934935000239, 0.2218471834298852974
0.4959959959960000275, 0.1986614576382228770
0.4984984984984999756, 0.1790952837488805904
0.5010010010009999792, 0.1624324214878340167
0.5035035035035000384, 0.1481253445977963323
0.5060060060059999865, 0.1357497348898459300
0.5085085085085000456, 0.1249726691998526429
0.5110110110109999937, 0.1155299877380044082
0.5135135135135000528, 0.1072099373459506344
0.5160160160160000009, 0.0998411782550656657
0.5185185185184999490, 0.0932838735668796021
0.5210210210210000081, 0.0874229884187839174
0.5235235235234999562, 0.0821631943075466775
0.5260260260260000154, 0.0774249538678923738
0.5285285285284999635, 0.0731414837200624890
0.5310310310310000226, 0.0692563774040392405
0.5335335335334999707, 0.0657217294421163778
0.5360360360360000298, 0.0624966433624110224
0.5385385385384999779, 0.0595460364495162056
0.5410410410410000370, 0.0568396756622734090
0.5435435435434999851, 0.0543513950115894970
0.5460460460460000442, 0.0520584563975244607
0.5485485485484999924, 0.0499410246268826019
0.5510510510510999715, 0.0479817338860916848
0.5535535535536000307, 0.0461653279077815296
0.5560560560560999788, 0.0444783598572887628
0.5585585585586000379, 0.0429089408765740699
0.5610610610610999860, 0.0414465284757675398
0.5635635635636000451, 0.0400817477169589861
0.5660660660660999932, 0.0388062395095347748
0.5685685685686000523, 0.0376125314198020658
0.5710710710711000004, 0.0364939272562895892
0.5735735735735999485, 0.0354444123762223812
0.5760760760761000077, 0.0344585722064819286
0.5785785785785999558, 0.0335315219131602574
0.5810810810811000149, 0.0326588455101535294
0.5835835835835999630, 0.0318365429865779884
0.5860860860861000221, 0.0310609842687309783
0.5885885885885999702, 0.0303288690255032189
0.5910910910911000293, 0.0296371914849456602
0.5935935935935999774, 0.0289832095607199663
0.5960960960961000366, 0.0283644176956654726
0.5985985985985999847, 0.0277785229198834853
0.6011011011011000438, 0.0272234236959235688
0.6036036036035999919, 0.0266971911865496250
0.6061061061061000510, 0.0261980526333411845
0.6086086086085999991, 0.0257243765788076270
0.6111111111110999472, 0.0252746597021933292
0.6136136136136000063, 0.0248475150708970180
0.6161161161160999544, 0.0244416616363767429
0.6186186186186000135, 0.0240559148263478143
0.6211211211210999616, 0.0236891781046516155
0.6236236236236000208, 0.0233404353869156866
0.6261261261260999689, 0.0230087442144801188
0.6286286286286000280, 0.0226932296014042759
0.6311311311310999761, 0.0223930784799963659
0.6336336336336000352, 0.0221075346794841407
0.6361361361360999833, 0.0218358943803843297
0.6386386386386000424, 0.0215775019940104840
0.6411411411410999905, 0.0213317464225386659
0.6436436436436000497, 0.0210980576602543060
0.6461461461460999978, 0.0208759037011425549
0.6486486486485999459, 0.0206647877219497539
0.6511511511512000361, 0.0204642455133147647
0.6536536536536999842, 0.0202738431346124529
0.6561561561562000433, 0.0200931747708247462
0.6586586586586999914, 0.0199218607721069509
0.6611611611612000505, 0.0197595458587897753
0.6636636636636999986, 0.0196058974763871491
0.6661661661661999467, 0.0194606042867977586
0.6686686686687000059, 0.0193233747833202567
0.6711711711711999540, 0.0191939360183726176
0.6736736736737000131, 0.0190720324339339713
0.6761761761761999612, 0.0189574247857305818
0.6786786786787000203, 0.0188498891530814346
0.6811811811811999684, 0.0187492160271158226
0.6836836836837000275, 0.0186552094707873352
0.6861861861861999756, 0.0185676863447454855
0.6886886886887000347, 0.0184864755936966843
0.6911911911911999828, 0.0184114175883975488
0.6936936936937000420, 0.0183423635188835060
0.6961961961961999901, 0.0182791748349483210
0.6986986986987000492, 0.0182217227302630298
0.7012012012011999973, 0.0181698876668577800
0.7037037037036999454, 0.0181235589369938416
0.7062062062062000045, 0.0180826342597270456
0.7087087087086999526, 0.0180470194097123691
0.7112112112112000117, 0.0180166278760249335
0.7137137137136999598, 0.0179913805489775001
0.7162162162162000190, 0.0179712054331011006
0.7187187187186999671, 0.0179560373846255686
0.7212212212212000262, 0.0179458178719521834
0.7237237237236999743, 0.0179404947577529866
0.7262262262262000334, 0.0179400221014619568
0.7287287287286999815, 0.0179443599810434548
0.7312312312312000406, 0.0179534743330341182
0.7337337337336999887, 0.0179673368099568347
0.7362362362362000479, 0.0179859246543006071
0.7387387387386999960, 0.0180092205883485706
0.7412412412412000551, 0.0180372127192189452
0.7437437437437000032, 0.0180698944585614210
0.7462462462461999513, 0.0181072644564242297
0.7487487487487000104, 0.0181493265488763891
0.7512512512512999896, 0.0181960897190348997
0.7537537537538000487, 0.0182475680712099117
0.7562562562562999968, 0.0183037808179404085
0.7587587587587999449, 0.0183647522797519488
0.7612612612613000040, 0.0184305118975239338
0.7637637637637999521, 0.0185010942574098808
0.7662662662663000113, 0.0185765391283083912
0.7687687687687999594, 0.0186568915119367899
0.7712712712713000185, 0.0187422017056135398
0.7737737737737999666, 0.0188325253779096785
0.7762762762763000257, 0.0189279236573845697
0.7787787787787999738, 0.0190284632346772904
0.7812812812813000329, 0.0191342164782820484
0.7837837837837999810, 0.0192452615643952003
0.7862862862863000402, 0.0193616826212825166
0.7887887887887999883, 0.0194835698886791885
0.7912912912913000474, 0.0196110198928014200
0.7937937937937999955, 0.0197441356376188253
0.7962962962963000546, 0.0198830268131107192
0.7987987987988000027, 0.0200278100213077508
0.8013013013012999508, 0.0201786090210038342
0.8038038038038000099, 0.0203355549921123077
0.8063063063062999580, 0.0204987868207354811
0.8088088088088000172, 0.0206684514061189796
0.8113113113112999653, 0.0208447039907722342
0.8138138138138000244, 0.0210277085151552405
0.8163163163162999725, 0.0212176379984594723
0.8188188188188000316, 0.0214146749471500406
0.8213213213212999797, 0.0216190117930863263
0.8238238238238000388, 0.0218308513632018697
0.8263263263262999869, 0.0220504073829023116
0.8288288288288000460, 0.0222779050155339046
0.8313313313312999941, 0.0225135814404865790
0.8338338338338000533, 0.0227576864727270581
0.8363363363363000014, 0.0230104832268098851
0.8388388388387999495, 0.0232722488286917113
0.8413413413413000086, 0.0235432751789783103
0.8438438438437999567, 0.0238238697715663396
0.8463463463463000158, 0.0241143565720104910
0.8488488488487999639, 0.0244150769603488985
0.8513513513514000541, 0.0247263907435653074
0.8538538538539000022, 0.0250486772433579155
0.8563563563563999503, 0.0253823364654250441
0.8588588588589000095, 0.0257277903570794532
0.8613613613613999576, 0.0260854841606645363
0.8638638638639000167, 0.0264558878709816279
0.8663663663663999648, 0.0268394978057535372
0.8688688688689000239, 0.0272368382990535382
0.8713713713713999720, 0.0276484635286386692
0.8738738738739000311, 0.0280749594892456926
0.8763763763763999792, 0.0285169461251586626
0.8788788788789000384, 0.0289750796367532967
0.8813813813813999865, 0.0294500549772796459
0.8838838838839000456, 0.0299426085578925402
0.8863863863863999937, 0.0304535211808905013
0.8888888888889000528, 0.0309836212233181446
0.8913913913914000009, 0.0315337880955501929
0.8938938938938999490, 0.0321049560022443684
0.8963963963964000081, 0.0326981180361746726
0.8988988988988999562, 0.0333143306389758961
0.9014014014014000153, 0.0339547184668105018
0.9039039039038999634, 0.0346204797034723524
0.9064064064064000226, 0.0353128918685424592
0.9089089089088999707, 0.0360333181740088992
0.9114114114114000298, 0.0367832144893469118
0.9139139139138999779, 0.0375641369825586713
0.9164164164164000370, 0.0383777505132334024
0.9189189189188999851, 0.0392258378634678315
0.9214214214214000442, 0.0401103099036938734
0.9239239239238999923, 0.0410332168033072930
0.9264264264264000515, 0.0419967604107621267
0.9289289289288999996, 0.0430033079448076394
0.9314314314313999477, 0.0440554071581684553
0.9339339339339000068, 0.0451558031576733965
0.9364364364363999549, 0.0463074570911386069
0.9389389389389000140, 0.0475135669418645656
0.9414414414413999621, 0.0487775907071736209
0.9439439439439000212, 0.0501032722789084839
0.9464464464463999693, 0.0514946703923599494
0.9489489489489000285, 0.0529561910670045405
0.9514514514515000076, 0.0544926240293504976
0.9539539539539999558, 0.0561091836870714414
0.9564564564565000149, 0.0578115553168361204
0.9589589589589999630, 0.0596059472387744579
0.9614614614615000221, 0.0614991498819139060
0.9639639639639999702, 0.0634986028016233384
0.9664664664665000293, 0.0656124708975691501
0.9689689689689999774, 0.0678497313056822260
0.9714714714715000365, 0.0702202727086249506
0.9739739739739999846, 0.0727350091367420376
0.9764764764765000438, 0.0754060107287530534
0.9789789789789999919, 0.0782466544051940022
0.9814814814815000510, 0.0812717979989781569
0.9839839839839999991, 0.0844979821134108355
0.9864864864864999472, 0.0879436648729611525
0.9889889889890000063, 0.0916294958404301196
0.9914914914914999544, 0.0955786367531498565
0.9939939939940000135, 0.0998171384549700058
0.9964964964964999616, 0.1043743855675608595
0.9989989989990000208, 0.1092836231821323889
1.0015015015019999023, 0.1145825833309846026
1.0040040040039999170, 0.1203142334438142003
1.0065065065070000205, 0.1265276747106642841
1.0090090090090000352, 0.1332792256734479652
1.0115115115119999167, 0.1406337360124325642
1.0140140140139999314, 0.1486661881549407871
1.0165165165170000350, 0.1574636610815012272
1.0190190190190000497, 0.1671277530388877441
1.0215215215219999312, 0.1777775899091731948
1.0240240240239999459, 0.1895535867561811694
1.0265265265270000494, 0.2026221859474627296
1.0290290290290000641, 0.2171818726189450877
1.0315315315319999456, 0.2334708765616211879
1.0340340340339999603, 0.2517771230348213041
1.0365365365370000639, 0.2724512150985306524
1.0390390390390000785, 0.2959235500874088931
1.0415415415419999601, 0.3227271450679944920
1.0440440440439999747, 0.3535284540238564088
1.0465465465470000783, 0.3891695391303944263
1.0490490490490000930, 0.4307266361126966814
1.0515515515519999745, 0.4795928144949784810
1.0540540540539999892, 0.5375967496948164115
1.0565565565570000928, 0.6071768010094491519
1.0590590590590001074, 0.6916418567639976978
1.0615615615619999890, 0.7955720284372860274
1.0640640640640000036, 0.9254517160699059497
1.0665665665670001072, 1.0907023716341419650
1.0690690690689998998, 1.3054306024579895862
1.0715715715720000034, 1.5915167283967468492
1.0740740740740000181, 1.9843541396293951085
1.0765765765769998996, 2.5441768363288068677
1.0790790790789999143, 3.3801115412866389320
1.0815815815820000179, 4.7060776433114028805
1.0840840840840000325, 6.9863847834287993166
1.0865865865869999141, 11.3745489428534174436
1.0890890890889999287, 21.3017261493338878608
1.0915915915920000323, 49.2331965241814657475
1.0940940940940000470, 123.8000090209888952586
1.0965965965969999285, 97.3521230023984855961
1.0990990990989999432, 37.1912634483678914421
1.1016016016020000468, 17.2776678560756380421
1.1041041041040000614, 9.6946827410925191515
1.1066066066069999430, 6.1516666443818683874
1.1091091091089999576, 4.2390343187831298621
1.1116116116120000612, 3.0967139578015858703
1.1141141141140000759, 2.3624554906752921468
1.1166166166169999574, 1.8635994231019972212
1.1191191191189999721, 1.5097452431192976974
1.1216216216220000756, 1.2499633317157683443
1.1241241241240000903, 1.0538306639651715546
1.1266266266269999718, 0.9022841170802128330
1.1291291291289999865, 0.7828947579873450913
1.1316316316320000901, 0.6872830718560564156
1.1341341341340001048, 0.6096357457173076089
1.1366366366369999863, 0.5458190267627001102
1.1391391391390000010, 0.4928296706223009305
1.1416416416420001045, 0.4484443295853592915
1.1441441441439998972, 0.4109895313677195405
1.1466466466470000007, 0.3791871220339710358
1.1491491491490000154, 0.3520481817249407341
1.1516516516519998969, 0.3287988118202887500
1.1541541541539999116, 0.3088273240653159890
1.1566566566570000152, 0.2916460788523165260
1.1591591591590000299, 0.2768635275335064594
1.1616616616619999114, 0.2641634782371561352
1.1641641641639999261, 0.2532895530005462303
1.1666666666670000296, 0.2440334295466380088
1.1691691691690000443, 0.2362258807648798808
1.1716716716719999258, 0.2297299112120608500
1.1741741741739999405, 0.2244354882497716919
1.1766766766770000441, 0.2202555049638386664
1.1791791791790000588, 0.2171227118036098969
1.1816816816819999403, 0.2149874265697661879
1.1841841841839999550, 0.2138158865118678087
1.1866866866870000585, 0.2135891477765244628
1.1891891891890000732, 0.2143024704742941544
1.1916916916919999547, 0.2159651553208144503
1.1941941941939999694, 0.2186008226048208047
1.1966966966970000730, 0.2222481482415941956
1.1991991991990000876, 0.2269620968880368128
1.2017017017019999692, 0.2328157206709329796
1.2042042042039999838, 0.2399026265637640432
1.2067067067070000874, 0.2483402591235505108
1.2092092092090001021, 0.2582742026375728916
1.2117117117119999836, 0.2698837840494429652
1.2142142142139999983, 0.2833893645114189397
1.2167167167170001019, 0.2990618566536957790
1.2192192192189998945, 0.3172352172228108946
1.2217217217219999981, 0.3383229721956992897
1.2242242242240000127, 0.3628402831843400844
1.2267267267269998943, 0.3914337384819316368
1.2292292292289999089, 0.4249220769703307976
1.2317317317320000125, 0.4643526395537873053
1.2342342342340000272, 0.5110808487536289135
1.2367367367369999087, 0.5668840642262175100
1.2392392392389999234, 0.6341278593695650612
1.2417417417420000270, 0.7160141506175734527
1.2442442442440000416, 0.8169605601304588127
1.2467467467469999232, 0.9431965412854661501
1.2492492492489999378, 1.1037298391965095767
1.2517517517520000414, 1.3119706021620500813
1.2542542542540000561, 1.5885767437324340712
1.2567567567569999376, 1.9666887852779879609
1.2592592592589999523, 2.5021383197376820817
1.2617617617620000559, 3.2948082010710035838
1.2642642642640000705, 4.5373768629220903037
1.2667667667669999521, 6.6393631705426496836
1.2692692692689999667, 10.5899985856767919756
1.2717717717720000703, 19.2250387037175940463
1.2742742742740000850, 42.5298414409692639992
1.2767767767769999665, 111.0086882343522631800
1.2792792792789999812, 117.0324512012413578077
1.2817817817820000847, 45.1999969876837326410
1.2842842842840000994, 20.1165921781837546689
1.2867867867869999809, 10.9610044697778743483
1.2892892892889999956, 6.8218992757511829339
1.2917917917920000992, 4.6374114395333849714
1.2942942942939998918, 3.3532349668844902979
1.2967967967969999954, 2.5371838683720442376
1.2992992992990000101, 1.9874062697679735212
1.3018018018019998916, 1.5998524992954350488
1.3043043043039999063, 1.3166191535843640992
1.3068068068070000098, 1.1034581423728908600
1.3093093093090000245, 0.9390832345340539566
1.3118118118119999060, 0.8097096962486569627
1.3143143143139999207, 0.7060968125667896889
1.3168168168170000243, 0.6218648185357761315
1.3193193193190000390, 0.5524959192601666125
1.3218218218219999205, 0.4947194771318204620
1.3243243243239999352, 0.4461215239791112563
1.3268268268270000387, 0.4048898039144316341
1.3293293293290000534, 0.3696431969833275932
1.3318318318319999349, 0.3393150994122895447
1.3343343343339999496, 0.3130721415127520890
1.3368368368370000532, 0.2902565555741504211
1.3393393393390000679, 0.2703446882109391547
1.3418418418419999494, 0.2529167382543540121
1.3443443443439999641, 0.2376344378880252406
1.3468468468470000676, 0.2242244525330145954
1.3493493493490000823, 0.2124659729612343451
1.3518518518519999638, 0.2021814435746817629
1.3543543543539999785, 0.1932296956629731000
1.3568568568570000821, 0.1855009858901932596
1.3593593593590000967, 0.1789136126992044995
1.3618618618619999783, 0.1734119208533831946
1.3643643643639999929, 0.1689656255569871035
1.3668668668670000965, 0.1655705092324077643
1.3693693693689998891, 0.1632506843436978272
1.3718718718719999927, 0.1620627985746614375
1.3743743743740000074, 0.1621028200330906777
1.3768768768770001110, 0.1635164383255031384
1.3793793793789999036, 0.1665147526958234148
1.3818818818820000072, 0.1713979707337331959
1.3843843843840000218, 0.1785916444681386883
1.3868868868869999034, 0.1887031689178808591
1.3893893893889999180, 0.2026121531284764687
1.3918918918920000216, 0.2216195536921058140
1.3943943943940000363, 0.2477031049760451409
1.3968968968969999178, 0.2839745198484089905
1.3993993993989999325, 0.3355419083093707511
1.4019019019020000361, 0.4112424825621324720
1.4044044044040000507, 0.5274024712971188134
1.4069069069069999323, 0.7168159106601108554
1.4094094094089999469, 1.0529536490718491848
1.4119119119120000505, 1.7262304045184500012
1.4144144144140000652, 3.3345913294902702617
1.4169169169169999467, 8.1037886703454553583
1.4194194194189999614, 17.5045609734450877681
1.4219219219220000650, 9.6383378333494142964
1.4244244244240000796, 3.8201970326617176177
1.4269269269269999612, 1.9003935249403518526
1.4294294294289999758, 1.1241942179228758825
1.4319319319320000794, 0.7448859448810360995
1.4344344344340000941, 0.5333401390603366155
1.4369369369369999756, 0.4037678176256245255
1.4394394394389999903, 0.3187196418062682723
1.4419419419420000938, 0.2598576903153819728
1.4444444444440001085, 0.2173774966871491743
1.4469469469469999900, 0.1856623880625443701
1.4494494494490000047, 0.1613109919427785921
1.4519519519520001083, 0.1421673804724462309
1.4544544544539999009, 0.1268119713697419548
1.4569569569570000045, 0.1142793441579345870
1.4594594594590000192, 0.1038944735449866263
1.4619619619619999007, 0.0951738738337493673
1.4644644644639999154, 0.0877638600246524875
1.4669669669670000189, 0.0814008256500823174
1.4694694694690000336, 0.0758850072036741374
1.4719719719719999151, 0.0710627480863826322
1.4744744744739999298, 0.0668142563581833049
1.4769769769770000334, 0.0630449949125312520
1.4794794794790000481, 0.0596795229177953038
1.4819819819819999296, 0.0566570223408068424
1.4844844844839999443, 0.0539280025265423263
1.4869869869870000478, 0.0514518411453468577
1.4894894894890000625, 0.0491949273731408371
1.4919919919919999440, 0.0471292443943800571
1.4944944944939999587, 0.0452312762639594940
1.4969969969970000623, 0.0434811569332397632
1.4994994994990000770, 0.0418620019576984859
1.5020020020019999585, 0.0403593793521484223
1.5045045045050000621, 0.0389608873950467172
1.5070070070070000767, 0.0376558153320989686
1.5095095095099999583, 0.0364348688495399337
1.5120120120119999729, 0.0352899465315402519
1.5145145145150000765, 0.0342139567336715925
1.5170170170170000912, 0.0332006667084741025
1.5195195195199999727, 0.0322445776304721224
1.5220220220219999874, 0.0313408205434223680
1.5245245245250000909, 0.0304850693047731477
1.5270270270270001056, 0.0296734674129380191
1.5295295295299999871, 0.0289025662316728139
1.5320320320320000018, 0.0281692726165194314
1.5345345345350001054, 0.0274708043335830238
1.5370370370369998980, 0.0268046519651849967
1.5395395395400000016, 0.0261685462385674097
1.5420420420420000163, 0.0255604299067118505
1.5445445445449998978, 0.0249784334650772419
1.5470470470469999125, 0.0244208541128169421
1.5495495495500000160, 0.0238861374680564252
1.5520520520520000307, 0.0233728616289941120
1.5545545545549999122, 0.0228797232397193150
1.5570570570569999269, 0.0224055252746973022
1.5595595595600000305, 0.0219491663012158014
1.5620620620620000452, 0.0215096310165559003
1.5645645645649999267, 0.0210859818877368599
1.5670670670669999414, 0.0206773517475625779
1.5695695695700000449, 0.0202829372223058968
1.5720720720720000596, 0.0199019928844831502
1.5745745745749999411, 0.0195338260393914352
1.5770770770769999558, 0.0191777920669183102
1.5795795795800000594, 0.0188332902509903491
1.5820820820820000741, 0.0184997600382280220
1.5845845845849999556, 0.0181766776752074651
1.5870870870869999703, 0.0178635531804002615
1.5895895895900000738, 0.0175599276125697965
1.5920920920920000885, 0.0172653706022934811
1.5945945945949999700, 0.0169794781174779710
1.5970970970969999847, 0.0167018704373558292
1.5995995996000000883, 0.0164321903125710621
1.6021021021020001029, 0.0161701012916630679
1.6046046046049999845, 0.0159152861966004970
1.6071071071069999991, 0.0156674457320479243
1.6096096096100001027, 0.0154262972148221413
1.6121121121119998953, 0.0151915734115364021
1.6146146146149999989, 0.0149630214737821645
1.6171171171170000136, 0.0147404019613790981
1.6196196196199998951, 0.0145234879452608868
1.6221221221219999098, 0.0143120641824753814
1.6246246246250000134, 0.0141059263565797167
1.6271271271270000280, 0.0139048803774180305
1.6296296296299999096, 0.0137087417348944352
1.6321321321319999242, 0.0135173349019063402
1.6346346346350000278, 0.0133304927820931604
1.6371371371370000425, 0.0131480561984901392
1.6396396396399999240, 0.0129698734195633613
1.6421421421419999387, 0.0127957997194461260
1.6446446446450000423, 0.0126256969695034242
1.6471471471470000569, 0.0124594332586249988
1.6496496496499999385, 0.0122968825398924418
1.6521521521519999531, 0.0121379243014845140
1.6546546546550000567, 0.0119824432598817244
1.6571571571570000714, 0.0118303290736071192
1.6596596596599999529, 0.0116814760758988320
1.6621621621619999676, 0.0115357830248525584
1.6646646646650000712, 0.0113931528697003900
1.6671671671670000858, 0.0112534925320084186
1.6696696696699999674, 0.0111167127006801154
1.6721721721719999820, 0.0109827276397469909
1.6746746746750000856, 0.0108514550080137610
1.6771771771770001003, 0.0107228156897027759
1.6796796796799999818, 0.0105967336353126832
1.6821821821819999965, 0.0104731357119704910
1.6846846846850001000, 0.0103519515626139327
1.6871871871869998927, 0.0102331134733940881
1.6896896896899999962, 0.0101165562487363116
1.6921921921920000109, 0.0100022170935412970
1.6946946946949998924, 0.0098900355020482590
1.6971971971969999071, 0.0097799531529187481
1.6996996997000000107, 0.0096719138101330274
1.7022022022020000254, 0.0095658632293215626
1.7047047047049999069, 0.0094617490691822296
1.7072072072069999216, 0.0093595208076595240
1.7097097097100000251, 0.0092591296625855520
1.7122122122120000398, 0.0091605285165043595
1.7147147147149999213, 0.0090636718454210237
1.7172172172169999360, 0.0089685156512350969
1.7197197197200000396, 0.0088750173976350471
1.7222222222220000543, 0.0087831359492456986
1.7247247247249999358, 0.0086928315138350629
1.7272272272269999505, 0.0086040655874001296
1.7297297297300000540, 0.0085168009019633683
1.7322322322320000687, 0.0084310013759230067
1.7347347347349999502, 0.0083466320668104735
1.7372372372369999649, 0.0082636591263181812
1.7397397397400000685, 0.0081820497574695318
1.7422422422420000832, 0.0081017721738115868
1.7447447447449999647, 0.0080227955605182005
1.7472472472469999794, 0.0079450900372987927
1.7497497497500000829, 0.0078686266230144492
1.7522522522520000976, 0.0077933772019090483
1.7547547547549999791, 0.0077193144913691248
1.7572572572569999938, 0.0076464120111311065
1.7597597597600000974, 0.0075746440538599176
1.7622622622619998900, 0.0075039856570271379
1.7647647647649999936, 0.0074344125760215513
1.7672672672670000082, 0.0073659012584286390
1.7697697697699998898, 0.0072984288194195297
1.7722722722719999044, 0.0072319730181932438
1.7747747747750000080, 0.0071665122354193740
1.7772772772770000227, 0.0071020254516314402
1.7797797797799999042, 0.0070384922265239337
1.7822822822819999189, 0.0069758926791087441
1.7847847847850000225, 0.0069142074686891816
1.7872872872870000371, 0.0068534177766120972
1.7897897897899999187, 0.0067935052887608417
1.7922922922919999333, 0.0067344521787537949
1.7947947947950000369, 0.0066762410918151868
1.7972972972970000516, 0.0066188551292866681
1.7997997997999999331, 0.0065622778337498418
1.8023023023019999478, 0.0065064931747315230
1.8048048048050000514, 0.0064514855349649862
1.8073073073070000660, 0.0063972396971819197
1.8098098098099999476, 0.0063437408314110334
1.8123123123119999622, 0.0062909744827606305
1.8148148148150000658, 0.0062389265596634966
1.8173173173170000805, 0.0061875833225636910
1.8198198198199999620, 0.0061369313730257682
1.8223223223219999767, 0.0060869576432479745
1.8248248248250000803, 0.0060376493859619013
1.8273273273270000949, 0.0059889941647019492
1.8298298298299999765, 0.0059409798444287230
1.8323323323319999911, 0.0058935945824913506
1.8348348348350000947, 0.0058468268199143815
1.8373373373370001094, 0.0058006652729956252
1.8398398398399999909, 0.0057550989252019786
1.8423423423420000056, 0.0057101170193508792
1.8448448448450001091, 0.0056657090500656275
1.8473473473469999018, 0.0056218647564933461
1.8498498498500000053, 0.0055785741152749313
1.8523523523520000200, 0.0055358273337567758
1.8548548548549999015, 0.0054936148434345626
1.8573573573569999162, 0.0054519272936198789
1.8598598598600000198, 0.0054107555453207761
1.8623623623620000345, 0.0053700906653278641
1.8648648648649999160, 0.0053299239204978718
1.8673673673669999307, 0.0052902467722269683
1.8698698698700000342, 0.0052510508711065048
1.8723723723720000489, 0.0052123280517541474
1.8748748748749999304, 0.0051740703278136809
1.8773773773769999451, 0.0051362698871170601
1.8798798798800000487, 0.0050989190870025791
1.8823823823820000634, 0.0050620104497832606
1.8848848848849999449, 0.0050255366583598741
1.8873873873869999596, 0.0049894905519731626
1.8898898898900000631, 0.0049538651220901713
1.8923923923920000778, 0.0049186535084196946
1.8948948948949999593, 0.0048838489950521601
1.8973973973969999740, 0.0048494450067193950
1.8998998999000000776, 0.0048154351051699368
1.9024024024020000923, 0.0047818129856557470
1.9049049049049999738, 0.0047485724735263149
1.9074074074069999885, 0.0047157075209263441
1.9099099099100000920, 0.0046832122035933470
1.9124124124120001067, 0.0046510807177516196
1.9149149149149999882, 0.0046193073770992420
1.9174174174170000029, 0.0045878866098848191
1.9199199199200001065, 0.0045568129560708999
1.9224224224219998991, 0.0045260810645810379
1.9249249249250000027, 0.0044956856906276550
1.9274274274270000173, 0.0044656216931179245
1.9299299299299998989, 0.0044358840321350431
1.9324324324319999135, 0.0044064677664923252
1.9349349349350000171, 0.0043773680513576763
1.9374374374370000318, 0.0043485801359460976
1.9399399399399999133, 0.0043200993612779355
1.9424424424419999280, 0.0042919211580007277
1.9449449449450000316, 0.0042640410442725098
1.9474474474470000462, 0.0042364546237046007
1.9499499499499999278, 0.0042091575833618994
1.9524524524519999424, 0.0041821456918188392
1.9549549549550000460, 0.0041554147972691895
1.9574574574570000607, 0.0041289608256879738
1.9599599599599999422, 0.0041027797790438346
1.9624624624619999569, 0.0040768677335602391
1.9649649649650000605, 0.0040512208380239657
1.9674674674670000751, 0.0040258353121393952
1.9699699699699999567, 0.0040007074449271377
1.9724724724719999713, 0.0039758335931656397
1.9749749749750000749, 0.0039512101798744106
1.9774774774770000896, 0.0039268336928375792
1.9799799799799999711, 0.0039027006831665479
1.9824824824819999858, 0.0038788077639005207
1.9849849849850000894, 0.0038551516086437741
1.9874874874870001040, 0.0038317289502385263
1.9899899899899999856, 0.0038085365794723325
1.9924924924920000002, 0.0037855713438189752
1.9949949949950001038, 0.0037628301462118230
1.9974974974969998964, 0.0037403099438487073
2.0000000000000000000, 0.0037180077470273520
