# k1_lab: [1, 0, 0]
# k2_lab: [-0.8660254037844387, 0.49999999999999994, 0.0]
# k1_cf: [0.0, 0.0, 1.0]
# k2_cf: [0.35355339059327373, 0.35355339059327373, -0.8660254037844387]
# pol1_lab: [(0, 1, 0), (0, 0, 1)]
# pol2_lab: [array([-0.5      , -0.8660254,  0.       ]), array([0., 0., 1.])]
# pol1_cf: [array([0.70710678, 0.70710678, 0.        ]), array([-0.70710678,  0.70710678,  0.        ])]
# pol2_cf: [array([-0.61237244, -0.61237244, -0.5       ]), array([-0.70710678,  0.70710678,  0.        ])]
# cf: [array([ 0.        ,  0.70710678, -0.70710678]), array([0.        , 0.70710678, 0.70710678]), array([1., 0., 0.])]
# th: 0
-0.5000000000000000000, 0.0076330512687417858
-0.4974974974974999964, 0.0077062523203800725
-0.4949949949949999928, 0.0077805470267345179
-0.4924924924924999892, 0.0078559575009877879
-0.4899899899899999856, 0.0079325064196991181
-0.4874874874874999819, 0.0080102170401313566
-0.4849849849849999783, 0.0080891132182031276
-0.4824824824824999747, 0.0081692194270919973
-0.4799799799800000266, 0.0082505607765157689
-0.4774774774775000230, 0.0083331630327203206
-0.4749749749750000194, 0.0084170526392037381
-0.4724724724725000158, 0.0085022567382078765
-0.4699699699700000122, 0.0085888031930100427
-0.4674674674675000086, 0.0086767206110490019
-0.4649649649650000049, 0.0087660383679211782
-0.4624624624625000013, 0.0088567866322847733
-0.4599599599599999977, 0.0089489963917110914
-0.4574574574574999941, 0.0090426994795246851
-0.4549549549549999905, 0.0091379286026756559
-0.4524524524524999869, 0.0092347173706897202
-0.4499499499499000077, 0.0093331003257440572
-0.4474474474474000041, 0.0094331129739191003
-0.4449449449449000005, 0.0095347918176792636
-0.4424424424423999969, 0.0096381743896380313
-0.4399399399398999932, 0.0097432992876658533
-0.4374374374373999896, 0.0098502062114022466
-0.4349349349348999860, 0.0099589360002365762
-0.4324324324323999824, 0.0100695306728255541
-0.4299299299298999788, 0.0101820334682187954
-0.4274274274273999752, 0.0102964888886678159
-0.4249249249249000271, 0.0104129427441975210
-0.4224224224224000235, 0.0105314421990237595
-0.4199199199199000199, 0.0106520358199048131
-0.4174174174174000163, 0.0107747736265193569
-0.4149149149149000126, 0.0108997071439687725
-0.4124124124124000090, 0.0110268894575065723
-0.4099099099099000054, 0.0111563752696037799
-0.4074074074074000018, 0.0112882209594647471
-0.4049049049048999982, 0.0114224846451146042
-0.4024024024023999946, 0.0115592262481858943
-0.3998998998998999910, 0.0116985075615396276
-0.3973973973973999874, 0.0118403923198631203
-0.3948948948948999838, 0.0119849462733955352
-0.3923923923923999801, 0.0121322372649403654
-0.3898898898898999765, 0.0122823353103335559
-0.3873873873873999729, 0.0124353126825455206
-0.3848848848849000248, 0.0125912439996059018
-0.3823823823824000212, 0.0127502063165509209
-0.3798798798799000176, 0.0129122792216051011
-0.3773773773774000140, 0.0130775449368216862
-0.3748748748749000104, 0.0132460884234195143
-0.3723723723724000068, 0.0134179974920686593
-0.3698698698699000031, 0.0135933629183921968
-0.3673673673673999995, 0.0137722785639681419
-0.3648648648648999959, 0.0139548415031328157
-0.3623623623623999923, 0.0141411521559058756
-0.3598598598598999887, 0.0143313144273770794
-0.3573573573573999851, 0.0145254358539162604
-0.3548548548548999815, 0.0147236277565910949
-0.3523523523523999779, 0.0149260054022014761
-0.3498498498497999987, 0.0151326881723659809
-0.3473473473472999951, 0.0153437997411237266
-0.3448448448447999914, 0.0155594682615454449
-0.3423423423422999878, 0.0157798265618798866
-0.3398398398397999842, 0.0160050123517965145
-0.3373373373372999806, 0.0162351684393228952
-0.3348348348347999770, 0.0164704429591153688
-0.3323323323322999734, 0.0167109896127447498
-0.3298298298298000253, 0.0169569679217254562
-0.3273273273273000217, 0.0172085434940662460
-0.3248248248248000181, 0.0174658883051750889
-0.3223223223223000145, 0.0177291809940081056
-0.3198198198198000108, 0.0179986071754158691
-0.3173173173173000072, 0.0182743597697073955
-0.3148148148148000036, 0.0185566393505251191
-0.3123123123123000000, 0.0188456545122033213
-0.3098098098097999964, 0.0191416222578668360
-0.3073073073072999928, 0.0194447684096196345
-0.3048048048047999892, 0.0197553280422720010
-0.3023023023022999856, 0.0200735459421628043
-0.2997997997997999819, 0.0203996770927505691
-0.2972972972972999783, 0.0207339871887730134
-0.2947947947947999747, 0.0210767531809126253
-0.2922922922923000266, 0.0214282638530547548
-0.2897897897898000230, 0.0217888204343862912
-0.2872872872873000194, 0.0221587372487596600
-0.2847847847848000158, 0.0225383424039377958
-0.2822822822823000122, 0.0229279785235442721
-0.2797797797798000086, 0.0233280035247703313
-0.2772772772773000050, 0.0237387914451370682
-0.2747747747748000013, 0.0241607333218820906
-0.2722722722722999977, 0.0245942381278340914
-0.2697697697697999941, 0.0250397337679610296
-0.2672672672672999905, 0.0254976681411301642
-0.2647647647647999869, 0.0259685102720031841
-0.2622622622622999833, 0.0264527515184121848
-0.2597597597597999797, 0.0269509068600252907
-0.2572572572572999761, 0.0274635162746177525
-0.2547547547547999724, 0.0279911462088230922
-0.2522522522523000243, 0.0285343911508505951
-0.2497497497496999896, 0.0290938753133305750
-0.2472472472472000138, 0.0296702544351905746
-0.2447447447447000102, 0.0302642177122839362
-0.2422422422422000066, 0.0308764898673951002
-0.2397397397397000030, 0.0315078333712420500
-0.2372372372371999993, 0.0321590508271982073
-0.2347347347346999957, 0.0328309875336752835
-0.2322322322321999921, 0.0335245342394580384
-0.2297297297296999885, 0.0342406301087794171
-0.2272272272272000126, 0.0349802659145857786
-0.2247247247247000090, 0.0357444874802884671
-0.2222222222222000054, 0.0365343993923519308
-0.2197197197197000018, 0.0373511690083561942
-0.2172172172171999982, 0.0381960307877224486
-0.2147147147146999946, 0.0390702909751380056
-0.2122122122121999910, 0.0399753326699004014
-0.2097097097096999874, 0.0409126213179622431
-0.2072072072072000115, 0.0418837106674511614
-0.2047047047047000079, 0.0428902492329181970
-0.2022022022022000043, 0.0439339873186011809
-0.1996996996997000007, 0.0450167846566529861
-0.1971971971971999971, 0.0461406187226646725
-0.1946946946946999935, 0.0473075937980135808
-0.1921921921921999898, 0.0485199508567025900
-0.1896896896896999862, 0.0497800783635639899
-0.1871871871872000104, 0.0510905240811393574
-0.1846846846847000068, 0.0524540079943959237
-0.1821821821822000032, 0.0538734364759154566
-0.1796796796796999995, 0.0553519178295411099
-0.1771771771771999959, 0.0568927793679824961
-0.1746746746746999923, 0.0584995861998998529
-0.1721721721721999887, 0.0601761619249156776
-0.1696696696697000128, 0.0619266114613060414
-0.1671671671672000092, 0.0637553462613616173
-0.1646646646647000056, 0.0656671122042350869
-0.1621621621622000020, 0.0676670204962859789
-0.1596596596596999984, 0.0697605819554222156
-0.1571571571571999948, 0.0719537451098170022
-0.1546546546546999912, 0.0742529386039712386
-0.1521521521521999876, 0.0766651184779589545
-0.1496496496496000084, 0.0791978209707412950
-0.1471471471471000048, 0.0818592215979212640
-0.1446446446446000011, 0.0846582013709957781
-0.1421421421420999975, 0.0876044211623695224
-0.1396396396395999939, 0.0907084053821567149
-0.1371371371370999903, 0.0939816363240611879
-0.1346346346345999867, 0.0974366607643905314
-0.1321321321321000108, 0.1010872106679422816
-0.1296296296296000072, 0.1049483401761938661
-0.1271271271271000036, 0.1090365814381855925
-0.1246246246246000000, 0.1133701223066899549
-0.1221221221220999964, 0.1179690094790896288
-0.1196196196196000067, 0.1228553813356288299
-0.1171171171171000031, 0.1280537355446943470
-0.1146146146145999994, 0.1335912375000383179
-0.1121121121120999958, 0.1394980768721376108
-0.1096096096096000061, 0.1458078810509389200
-0.1071071071071000025, 0.1525581961014330912
-0.1046046046045999989, 0.1597910481387335713
-0.1021021021020999953, 0.1675536008744765437
-0.0995995995996000055, 0.1758989286462118162
-0.0970970970971000019, 0.1848869287186568067
-0.0945945945945900063, 0.1945854023072778882
-0.0920920920920900027, 0.2050713409748303739
-0.0895895895895899991, 0.2164324642632121931
-0.0870870870870899955, 0.2287690662825372367
-0.0845845845845799998, 0.2421962443491185168
-0.0820820820820799962, 0.2568466028223677089
-0.0795795795795800065, 0.2728735516611300316
-0.0770770770770800029, 0.2904553541598263733
-0.0745745745745699934, 0.3098001250018451169
-0.0720720720720700037, 0.3311520426721700217
-0.0695695695695700000, 0.3547991258362191425
-0.0670670670670699964, 0.3810830408375278089
-0.0645645645645600008, 0.4104115706600829916
-0.0620620620620599972, 0.4432746048409094697
-0.0595595595595600005, 0.4802648354712519829
-0.0570570570570599969, 0.5221048132999999147
-0.0545545545545500013, 0.5696827025682626999
-0.0520520520520499977, 0.6241000880829664643
-0.0495495495495500010, 0.6867367174146186137
-0.0470470470470499974, 0.7593394073603643157
-0.0445445445445400018, 0.8441460141974561626
-0.0420420420420399982, 0.9440612332499813686
-0.0395395395395400015, 1.0629105919583616835
-0.0370370370370399979, 1.2058151225035049769
-0.0345345345345300023, 1.3797570765456907971
-0.0320320320320299987, 1.5944568408046828623
-0.0295295295295299985, 1.8637734894399355934
-0.0270270270270299984, 2.2080196928571380610
-0.0245245245245199993, 2.6579430312658001156
-0.0220220220220199991, 3.2618997772728821616
-0.0195195195195199990, 4.0995163932124478734
-0.0170170170170199989, 5.3095013503201604621
-0.0145145145145099998, 7.1510971302297550167
-0.0120120120120099996, 10.1545248670231451626
-0.0095095095095099995, 15.5407685587438173513
-0.0070070070070070000, 26.6065056384228739716
-0.0045045045045049997, 54.2669566925290567383
-0.0020020020020019998, 137.6410973240187445299
0.0005005005005005000, 217.6603962775050149503
0.0030030030030029999, 103.1756259155856270127
0.0055055055055059999, 70.7365429732849122502
0.0080080080080079993, 87.9812947235863020978
0.0105105105105099995, 47.0393582292696379454
0.0130130130130099997, 21.8347347827888000893
0.0155155155155200005, 12.5214216059025140737
0.0180180180180199989, 8.2276744326944246666
0.0205205205205199991, 5.8721701384021542935
0.0230230230230199992, 4.4252346316297934692
0.0255255255255299983, 3.4656073000034139930
0.0280280280280299984, 2.7932280026743234735
0.0305305305305299986, 2.3022525304046523864
0.0330330330330299987, 1.9319942790495674423
0.0355355355355400013, 1.6454393252419743376
0.0380380380380399979, 1.4188803023859075658
0.0405405405405400016, 1.2365180034640004259
0.0430430430430399982, 1.0874716666346140315
0.0455455455455500008, 0.9640374072162762875
0.0480480480480499975, 0.8606299596461185475
0.0505505505505500011, 0.7731161753515262136
0.0530530530530499977, 0.6983821269017309596
0.0555555555555600003, 0.6340443139611143808
0.0580580580580599970, 0.5782524229797395554
0.0605605605605600006, 0.5295517848370390190
0.0630630630630600042, 0.4867856654843459863
0.0655655655655699998, 0.4490246872215670759
0.0680680680680700034, 0.4155150738640121522
0.0705705705705699932, 0.3856401766833467137
0.0730730730730699968, 0.3588915138815982342
0.0755755755755800063, 0.3348467203004488746
0.0780780780780799960, 0.3131525808027099123
0.0805805805805799996, 0.2935118477135806314
0.0830830830830800032, 0.2756729056553287593
0.0855855855855899988, 0.2594216006084812398
0.0880880880880900025, 0.2445747293911300080
0.0905905905905900061, 0.2309748141802205057
0.0930930930930899958, 0.2184858796966964722
0.0955955955956000053, 0.2069900187215591991
0.0980980980980999950, 0.1963845818851737979
0.1006006006005999986, 0.1865798651592460167
0.1031031031031000023, 0.1774971966738130846
0.1056056056056000059, 0.1690673458569010024
0.1081081081080999956, 0.1612291942250054511
0.1106106106105999992, 0.1539286197192276939
0.1131131131131000028, 0.1471175562184862673
0.1156156156156000064, 0.1407531974540985886
0.1181181181180999962, 0.1347973205076835601
0.1206206206205999998, 0.1292157087763534662
0.1231231231231000034, 0.1239776580208959700
0.1256256256256000070, 0.1190555520900708902
0.1281281281281000106, 0.1144244973018015699
0.1306306306305999865, 0.1100620063860266867
0.1331331331330999901, 0.1059477244515366900
0.1356356356355999937, 0.1020631907056304272
0.1381381381380999973, 0.0983916306896647774
0.1406406406406000009, 0.0949177746415718060
0.1431431431431000045, 0.0916276982944553842
0.1456456456456000081, 0.0885086829971211547
0.1481481481481000118, 0.0855490925206573716
0.1506506506506999910, 0.0827382643131548828
0.1531531531531999946, 0.0800664132969301778
0.1556556556556999982, 0.0775245465809356327
0.1581581581582000018, 0.0751043876948924299
0.1606606606607000054, 0.0727983091487657830
0.1631631631632000090, 0.0705992722877750722
0.1656656656657000126, 0.0685007735543201046
0.1681681681681999885, 0.0664967963881963192
0.1706706706706999921, 0.0645817680987200299
0.1731731731731999957, 0.0627505211297316595
0.1756756756756999993, 0.0609982582132536644
0.1781781781782000029, 0.0593205209717887066
0.1806806806807000065, 0.0577131615844998919
0.1831831831832000101, 0.0561723171801584084
0.1856856856857000138, 0.0546943866609206839
0.1881881881881999896, 0.0532760096966610544
0.1906906906906999932, 0.0519140476605307252
0.1931931931931999968, 0.0506055663033275552
0.1956956956957000004, 0.0493478199877073753
0.1981981981982000041, 0.0481382373237321873
0.2007007007007000077, 0.0469744080651513379
0.2032032032032000113, 0.0458540711414877344
0.2057057057056999871, 0.0447751037147632522
0.2082082082081999908, 0.0437355111617928061
0.2107107107106999944, 0.0427334178936259190
0.2132132132131999980, 0.0417670589331101544
0.2157157157157000016, 0.0408347721798446583
0.2182182182182000052, 0.0399349912991344216
0.2207207207207000088, 0.0390662391780581958
0.2232232232232000124, 0.0382271218975322111
0.2257257257256999883, 0.0374163231743807681
0.2282282282281999919, 0.0366325992319838367
0.2307307307306999955, 0.0358747740621382233
0.2332332332331999991, 0.0351417350443938986
0.2357357357357000027, 0.0344324288923658212
0.2382382382382000063, 0.0337458578994201536
0.2407407407407000099, 0.0330810764587262732
0.2432432432432000136, 0.0324371878349940385
0.2457457457456999894, 0.0318133411673028332
0.2482482482481999930, 0.0312087286843063111
0.2507507507508000000, 0.0306225831147850756
0.2532532532533000036, 0.0300541752780404993
0.2557557557558000072, 0.0295028118399943209
0.2582582582583000108, 0.0289678332220968740
0.2607607607608000144, 0.0284486116512650822
0.2632632632633000180, 0.0279445493400835437
0.2657657657658000216, 0.0274550767874180285
0.2682682682683000253, 0.0269796511904210681
0.2707707707707999734, 0.0265177549596626594
0.2732732732732999770, 0.0260688943298031973
0.2757757757757999806, 0.0256325980588471419
0.2782782782782999842, 0.0252084162095821268
0.2807807807807999878, 0.0247959190073221633
0.2832832832832999914, 0.0243946957685443541
0.2857857857857999950, 0.0240043538954348573
0.2882882882882999986, 0.0236245179317521557
0.2907907907908000023, 0.0232548286757716938
0.2932932932933000059, 0.0228949423464026962
0.2957957957958000095, 0.0225445297988667442
0.2982982982983000131, 0.0222032757866012093
0.3008008008008000167, 0.0218708782663011927
0.3033033033033000203, 0.0215470477432439175
0.3058058058058000239, 0.0212315066542502554
0.3083083083083000275, 0.0209239887858320844
0.3108108108107999756, 0.0206242387252526596
0.3133133133132999792, 0.0203320113423905192
0.3158158158157999829, 0.0200470713004490542
0.3183183183182999865, 0.0197691925936922495
0.3208208208207999901, 0.0194981581105157648
0.3233233233232999937, 0.0192337592202802901
0.3258258258257999973, 0.0189757953824433896
0.3283283283283000009, 0.0187240737766268157
0.3308308308308000045, 0.0184784089523491561
0.3333333333333000081, 0.0182386224972400646
0.3358358358358000118, 0.0180045427226316404
0.3383383383383000154, 0.0177760043654965755
0.3408408408408000190, 0.0175528483057707241
0.3433433433433000226, 0.0173349212981613113
0.3458458458458000262, 0.0171220757176004656
0.3483483483482999743, 0.0169141693175585799
0.3508508508509000090, 0.0167110650004821809
0.3533533533534000126, 0.0165126305996684056
0.3558558558559000162, 0.0163187386719316208
0.3583583583584000198, 0.0161292663004583697
0.3608608608609000235, 0.0159440949072847844
0.3633633633634000271, 0.0157631100748655412
0.3658658658658999752, 0.0155862013762365845
0.3683683683683999788, 0.0154132622133039843
0.3708708708708999824, 0.0152441896628200506
0.3733733733733999860, 0.0150788843296343605
0.3758758758758999896, 0.0149172502068320549
0.3783783783783999932, 0.0147591945423949968
0.3808808808808999968, 0.0146046277120429596
0.3833833833834000004, 0.0144534630979323252
0.3858858858859000041, 0.0143056169729085109
0.3883883883884000077, 0.0141610083900262293
0.3908908908909000113, 0.0140195590770680351
0.3933933933934000149, 0.0138811933358072466
0.3958958958959000185, 0.0137458379457757705
0.3983983983984000221, 0.0136134220723109992
0.4009009009009000257, 0.0134838771786686944
0.4034034034033999738, 0.0133571369420006445
0.4059059059058999774, 0.0132331371730073002
0.4084084084083999810, 0.0131118157390858903
0.4109109109108999847, 0.0129931124908046237
0.4134134134133999883, 0.0128769691915426310
0.4159159159158999919, 0.0127633294501443804
0.4184184184183999955, 0.0126521386564451450
0.4209209209208999991, 0.0125433439195320705
0.4234234234234000027, 0.0124368940086125417
0.4259259259259000063, 0.0123327392963684390
0.4284284284284000099, 0.0122308317046813803
0.4309309309309000136, 0.0121311246526198749
0.4334334334334000172, 0.0120335730065853110
0.4359359359359000208, 0.0119381330325190101
0.4384384384384000244, 0.0118447623500775243
0.4409409409408999725, 0.0117534198886883566
0.4434434434433999761, 0.0116640658454026588
0.4459459459458999797, 0.0115766616444658611
0.4484484484483999833, 0.0114911698985310853
0.4509509509510000180, 0.0114075543714441639
0.4534534534535000216, 0.0113257799425326364
0.4559559559560000253, 0.0112458125723342989
0.4584584584584999734, 0.0111676192697046858
0.4609609609609999770, 0.0110911680602451199
0.4634634634634999806, 0.0110164279559965446
0.4659659659659999842, 0.0109433689263467547
0.4684684684684999878, 0.0108719618701012960
0.4709709709709999914, 0.0108021785886707362
0.4734734734734999950, 0.0107339917603295441
0.4759759759759999986, 0.0106673749155036142
0.4784784784785000022, 0.0106023024130460809
0.4809809809810000059, 0.0105387494174626669
0.4834834834835000095, 0.0104766918770498648
0.4859859859860000131, 0.0104161065029110805
0.4884884884885000167, 0.0103569707488174942
0.4909909909910000203, 0.0102992627918821293
0.4934934934935000239, 0.0102429615140169818
0.4959959959960000275, 0.0101880464841448207
0.4984984984984999756, 0.0101344979411384546
0.5010010010009999792, 0.0100822967774615579
0.5035035035035000384, 0.0100314245234868205
0.5060060060059999865, 0.0099818633324678038
0.5085085085085000456, 0.0099335959661426068
0.5110110110109999937, 0.0098866057809482433
0.5135135135135000528, 0.0098408767148257872
0.5160160160160000009, 0.0097963932745973870
0.5185185185184999490, 0.0097531405238971726
0.5210210210210000081, 0.0097111040716390852
0.5235235235234999562, 0.0096702700610054957
0.5260260260260000154, 0.0096306251589413829
0.5285285285284999635, 0.0095921565461396414
0.5310310310310000226, 0.0095548519075039275
0.5335335335334999707, 0.0095186994230761941
0.5360360360360000298, 0.0094836877594168013
0.5385385385384999779, 0.0094498060614258382
0.5410410410410000370, 0.0094170439445949543
0.5435435435434999851, 0.0093853914876796847
0.5460460460460000442, 0.0093548392257829030
0.5485485485484999924, 0.0093253781438406656
0.5510510510510999715, 0.0092969996705023102
0.5535535535536000307, 0.0092696956723973163
0.5560560560560999788, 0.0092434584487819521
0.5585585585586000379, 0.0092182807265593567
0.5610610610610999860, 0.0091941556556672313
0.5635635635636000451, 0.0091710768048278834
0.5660660660660999932, 0.0091490381576559004
0.5685685685686000523, 0.0091280341091192173
0.5710710710711000004, 0.0091080594623499603
0.5735735735735999485, 0.0090891094258018397
0.5760760760761000077, 0.0090711796107515036
0.5785785785785999558, 0.0090542660291416718
0.5810810810811000149, 0.0090383650917644116
0.5835835835835999630, 0.0090234736067834678
0.5860860860861000221, 0.0090095887785949617
0.5885885885885999702, 0.0089967082070263951
0.5910910910911000293, 0.0089848298868743029
0.5935935935935999774, 0.0089739522077814590
0.5960960960961000366, 0.0089640739544550978
0.5985985985985999847, 0.0089551943072280187
0.6011011011011000438, 0.0089473128429650561
0.6036036036035999919, 0.0089404295363179793
0.6061061061061000510, 0.0089345447613322707
0.6086086086085999991, 0.0089296592934099833
0.6111111111110999472, 0.0089257743116333086
0.6136136136136000063, 0.0089228914014540892
0.6161161161160999544, 0.0089210125577552334
0.6186186186186000135, 0.0089201401882904093
0.6211211211210999616, 0.0089202771175092271
0.6236236236236000208, 0.0089214265907755844
0.6261261261260999689, 0.0089235922789877471
0.6286286286286000280, 0.0089267782836091880
0.6311311311310999761, 0.0089309891421201805
0.6336336336336000352, 0.0089362298339007180
0.6361361361360999833, 0.0089425057865562298
0.6386386386386000424, 0.0089498228826982856
0.6411411411410999905, 0.0089581874671934604
0.6436436436436000497, 0.0089676063548942732
0.6461461461460999978, 0.0089780868388672150
0.6486486486485999459, 0.0089896366991336976
0.6511511511512000361, 0.0090022642119408566
0.6536536536536999842, 0.0090159781595802596
0.6561561561562000433, 0.0090307878407735551
0.6586586586586999914, 0.0090467030816454366
0.6611611611612000505, 0.0090637342473054126
0.6636636636636999986, 0.0090818922540612905
0.6661661661661999467, 0.0091011885822885365
0.6686686686687000059, 0.0091216352899812139
0.6711711711711999540, 0.0091432450270117586
0.6736736736737000131, 0.0091660310501282746
0.6761761761761999612, 0.0091900072387200871
0.6786786786787000203, 0.0092151881113836220
0.6811811811811999684, 0.0092415888433230765
0.6836836836837000275, 0.0092692252846219882
0.6861861861861999756, 0.0092981139794241080
0.6886886886887000347, 0.0093282721860642459
0.6911911911911999828, 0.0093597178981921145
0.6936936936937000420, 0.0093924698669347190
0.6961961961961999901, 0.0094265476241455915
0.6986986986987000492, 0.0094619715067920107
0.7012012012011999973, 0.0094987626825343337
0.7037037037036999454, 0.0095369431765549018
0.7062062062062000045, 0.0095765358996973103
0.7087087087086999526, 0.0096175646779805349
0.7112112112112000117, 0.0096600542835563585
0.7137137137136999598, 0.0097040304671825121
0.7162162162162000190, 0.0097495199922885429
0.7187187187186999671, 0.0097965506707160480
0.7212212212212000262, 0.0098451514002198537
0.7237237237236999743, 0.0098953522038221879
0.7262262262262000334, 0.0099471842711176019
0.7287287287286999815, 0.0100006800016323710
0.7312312312312000406, 0.0100558730503487338
0.7337337337336999887, 0.0101127983755113469
0.7362362362362000479, 0.0101714922888405859
0.7387387387386999960, 0.0102319925082855392
0.7412412412412000551, 0.0102943382134579129
0.7437437437437000032, 0.0103585701038972910
0.7462462462461999513, 0.0104247304603279408
0.7487487487487000104, 0.0104928632090780325
0.7512512512512999896, 0.0105630139898431515
0.7537537537538000487, 0.0106352302269883507
0.7562562562562999968, 0.0107095612045958535
0.7587587587587999449, 0.0107860581454795358
0.7612612612613000040, 0.0108647742944023781
0.7637637637637999521, 0.0109457650057491907
0.7662662662663000113, 0.0110290878359242915
0.7687687687687999594, 0.0111148026407627241
0.7712712712713000185, 0.0112029716782636127
0.7737737737737999666, 0.0112936597169760698
0.7762762762763000257, 0.0113869341503917091
0.7787787787787999738, 0.0114828651177229617
0.7812812812813000329, 0.0115815256314739500
0.7837837837837999810, 0.0116829917122402531
0.7862862862863000402, 0.0117873425312058563
0.7887887887887999883, 0.0118946605608402384
0.7912912912913000474, 0.0120050317343362422
0.7937937937937999955, 0.0121185456143697561
0.7962962962963000546, 0.0122352955718065017
0.7987987987988000027, 0.0123553789750291028
0.8013013013012999508, 0.0124788973906093080
0.8038038038038000099, 0.0126059567961069666
0.8063063063062999580, 0.0127366678058384083
0.8088088088088000172, 0.0128711459105239068
0.8113113113112999653, 0.0130095117317963038
0.8138138138138000244, 0.0131518912926323148
0.8163163163162999725, 0.0132984163048541718
0.8188188188188000316, 0.0134492244749436080
0.8213213213212999797, 0.0136044598295130964
0.8238238238238000388, 0.0137642730618916138
0.8263263263262999869, 0.0139288219014053680
0.8288288288288000460, 0.0140982715070685181
0.8313313313312999941, 0.0142727948875464826
0.8338338338338000533, 0.0144525733494163151
0.8363363363363000014, 0.0146377969759260949
0.8388388388387999495, 0.0148286651386505021
0.8413413413413000086, 0.0150253870446542849
0.8438438438437999567, 0.0152281823220108813
0.8463463463463000158, 0.0154372816467843697
0.8488488488487999639, 0.0156529274148686434
0.8513513513514000541, 0.0158753744623946549
0.8538538538539000022, 0.0161048908387660325
0.8563563563563999503, 0.0163417586367693365
0.8588588588589000095, 0.0165862748846338191
0.8613613613613999576, 0.0168387525053890347
0.8638638638639000167, 0.0170995213493944469
0.8663663663663999648, 0.0173689293065000631
0.8688688688689000239, 0.0176473435049447486
0.8713713713713999720, 0.0179351516048233441
0.8738738738739000311, 0.0182327631947574210
0.8763763763763999792, 0.0185406113013035743
0.8788788788789000384, 0.0188591540216367579
0.8813813813813999865, 0.0191888762911671847
0.8838838838839000456, 0.0195302917990076083
0.8863863863863999937, 0.0198839450656154056
0.8888888888889000528, 0.0202504136985163161
0.8913913913914000009, 0.0206303108437956989
0.8938938938938999490, 0.0210242878530440061
0.8963963963964000081, 0.0214330371877025916
0.8988988988988999562, 0.0218572955853032422
0.9014014014014000153, 0.0222978475149775805
0.9039039039038999634, 0.0227555289528774927
0.9064064064064000226, 0.0232312315118479822
0.9089089089088999707, 0.0237259069639032573
0.9114114114114000298, 0.0242405721988412960
0.9139139139138999779, 0.0247763146677902196
0.9164164164164000370, 0.0253342983667116800
0.9189189189188999851, 0.0259157704220122284
0.9214214214214000442, 0.0265220683485869226
0.9239239239238999923, 0.0271546280599968548
0.9264264264264000515, 0.0278149927212756401
0.9289289289288999996, 0.0285048225473015920
0.9314314314313999477, 0.0292259056640397849
0.9339339339339000068, 0.0299801701665973440
0.9364364364363999549, 0.0307696975273305806
0.9389389389389000140, 0.0315967375296817912
0.9414414414413999621, 0.0324637249295746319
0.9439439439439000212, 0.0333732980767401516
0.9464464464463999693, 0.0343283197641224974
0.9489489489489000285, 0.0353319006155070614
0.9514514514515000076, 0.0363874253709500495
0.9539539539539999558, 0.0374985824879386642
0.9564564564565000149, 0.0386693975452669786
0.9589589589589999630, 0.0399042710185966015
0.9614614614615000221, 0.0412080210942680214
0.9639639639639999702, 0.0425859323044954496
0.9664664664665000293, 0.0440438109067422187
0.9689689689689999774, 0.0455880480979588901
0.9714714714715000365, 0.0472256923569034856
0.9739739739739999846, 0.0489645324529467477
0.9764764764765000438, 0.0508131929577135821
0.9789789789789999919, 0.0527812444593781516
0.9814814814815000510, 0.0548793311245997922
0.9839839839839999991, 0.0571193188006620528
0.9864864864864999472, 0.0595144675268249185
0.9889889889890000063, 0.0620796331634225623
0.9914914914914999544, 0.0648315038941194022
0.9939939939940000135, 0.0677888786687119022
0.9964964964964999616, 0.0709729963067160102
0.9989989989990000208, 0.0744079260756413535
1.0015015015019999023, 0.0781210332252042366
1.0040040040039999170, 0.0821435363774568189
1.0065065065070000205, 0.0865111780824254079
1.0090090090090000352, 0.0912650355745913133
1.0115115115119999167, 0.0964525062525894844
1.0140140140139999314, 0.1021285122675500839
1.0165165165170000350, 0.1083569817007070946
1.0190190190190000497, 0.1152126813423116902
1.0215215215219999312, 0.1227834997617022750
1.0240240240239999459, 0.1311733116376843089
1.0265265265270000494, 0.1405055987638412218
1.0290290290290000641, 0.1509280649930708207
1.0315315315319999456, 0.1626185694364297996
1.0340340340339999603, 0.1757928262492149118
1.0365365365370000639, 0.1907144983410931360
1.0390390390390000785, 0.2077085743728256384
1.0415415415419999601, 0.2271793078206020000
1.0440440440439999747, 0.2496345852319675485
1.0465465465470000783, 0.2757194957124299850
1.0490490490490000930, 0.3062632929217783961
1.0515515515519999745, 0.3423462148254461379
1.0540540540539999892, 0.3853963565785195056
1.0565565565570000928, 0.4373330718842371456
1.0590590590590001074, 0.5007842610955222096
1.0615615615619999890, 0.5794243838610595443
1.0640640640640000036, 0.6785161940486122978
1.0665665665670001072, 0.8058091506169026141
1.0690690690689998998, 0.9730893525039143732
1.0715715715720000034, 1.1989798311923953733
1.0740740740740000181, 1.5142842600529584640
1.0765765765769998996, 1.9728772140030856885
1.0790790790789999143, 2.6757572817221508821
1.0815815815820000179, 3.8297814179429949810
1.0840840840840000325, 5.9106144739792227938
1.0865865865869999141, 10.1950908703012359524
1.0890890890889999287, 20.8693411550748884054
1.0915915915920000323, 53.3082874977140974693
1.0940940940940000470, 93.8149635259055969527
1.0965965965969999285, 42.3155175416804212318
1.0990990990989999432, 17.3453261350466938495
1.1016016016020000468, 8.8766940474722453303
1.1041041041040000614, 5.3042751274476680479
1.1066066066069999430, 3.5074192410814934995
1.1091091091089999576, 2.4863922207592659142
1.1116116116120000612, 1.8535894625696978100
1.1141141141140000759, 1.4353570667790611637
1.1166166166169999574, 1.1449762164528287656
1.1191191191189999721, 0.9353725355591961943
1.1216216216220000756, 0.7792525428293752832
1.1241241241240000903, 0.6599271448304893095
1.1266266266269999718, 0.5667345688535160297
1.1291291291289999865, 0.4926091604484355568
1.1316316316320000901, 0.4327203672293251646
1.1341341341340001048, 0.3836761706730452137
1.1366366366369999863, 0.3430387470494890012
1.1391391391390000010, 0.3090200718756850873
1.1416416416420001045, 0.2802849973760732638
1.1441441441439998972, 0.2558205628131576814
1.1466466466470000007, 0.2348472706882195060
1.1491491491490000154, 0.2167576188865965592
1.1516516516519998969, 0.2010727323346337136
1.1541541541539999116, 0.1874112570988541726
1.1566566566570000152, 0.1754667149101366008
1.1591591591590000299, 0.1649907927944013752
1.1616616616619999114, 0.1557808603882691323
1.1641641641639999261, 0.1476705416316252129
1.1666666666670000296, 0.1405225225284404966
1.1691691691690000443, 0.1342230165026674915
1.1716716716719999258, 0.1286774733963464423
1.1741741741739999405, 0.1238072326508682514
1.1766766766770000441, 0.1195469020041377006
1.1791791791790000588, 0.1158423008357876566
1.1816816816819999403, 0.1126488492364156047
1.1841841841839999550, 0.1099303147962978622
1.1866866866870000585, 0.1076578523307182428
1.1891891891890000732, 0.1058092896194330057
1.1916916916919999547, 0.1043686264217412174
1.1941941941939999694, 0.1033257257977211740
1.1966966966970000730, 0.1026761871195616682
1.1991991991990000876, 0.1024213999526294994
1.2017017017019999692, 0.1025687880426394138
1.2042042042039999838, 0.1031322638409581105
1.2067067067070000874, 0.1041329273835615021
1.2092092092090001021, 0.1056000602748651818
1.2117117117119999836, 0.1075724879004971851
1.2142142142139999983, 0.1101004135169215692
1.2167167167170001019, 0.1132478705648951867
1.2192192192189998945, 0.1170960005350112354
1.2217217217219999981, 0.1217474524338185426
1.2242242242240000127, 0.1273323312873886615
1.2267267267269998943, 0.1340163212097701950
1.2292292292289999089, 0.1420119128515397455
1.2317317317320000125, 0.1515941418757001391
1.2342342342340000272, 0.1631230086351206920
1.2367367367369999087, 0.1770760010424790032
1.2392392392389999234, 0.1940962491410990476
1.2417417417420000270, 0.2150654886172483904
1.2442442442440000416, 0.2412175380167866645
1.2467467467469999232, 0.2743201045124677995
1.2492492492489999378, 0.3169761463241271837
1.2517517517520000414, 0.3731434745959421040
1.2542542542540000561, 0.4490728537736683457
1.2567567567569999376, 0.5550965985426186133
1.2592592592589999523, 0.7092698149836016430
1.2617617617620000559, 0.9454022470431676650
1.2642642642640000705, 1.3326386763794730861
1.2667667667669999521, 2.0296673136462928255
1.2692692692689999667, 3.4613474152138383744
1.2717717717720000703, 7.0162656786530170905
1.2742742742740000850, 17.8068662204226910717
1.2767767767769999665, 31.8607696056190476952
1.2792792792789999812, 14.5624952229810666893
1.2817817817820000847, 5.9789466361930747595
1.2842842842840000994, 3.0757818088203903173
1.2867867867869999809, 1.8553737620706090006
1.2892892892889999956, 1.2433564463374389142
1.2917917917920000992, 0.8966110196495993279
1.2942942942939998918, 0.6824368849169840656
1.2967967967969999954, 0.5414940610137684018
1.2992992992990000101, 0.4441945151945289050
1.3018018018019998916, 0.3744981745576434484
1.3043043043039999063, 0.3231174409979602480
1.3068068068070000098, 0.2843818140075768941
1.3093093093090000245, 0.2546756883726979392
1.3118118118119999060, 0.2316093432722352852
1.3143143143139999207, 0.2135552783373991792
1.3168168168170000243, 0.1993771171841784429
1.3193193193190000390, 0.1882649831967625476
1.3218218218219999205, 0.1796322270580343883
1.3243243243239999352, 0.1730488075015023108
1.3268268268270000387, 0.1681972840430728533
1.3293293293290000534, 0.1648431709541702539
1.3318318318319999349, 0.1628146626813419262
1.3343343343339999496, 0.1619886375993615513
1.3368368368370000532, 0.1622809835299176551
1.3393393393390000679, 0.1636399892827802294
1.3418418418419999494, 0.1660419915363283705
1.3443443443439999641, 0.1694887586526020451
1.3468468468470000676, 0.1740062934048402510
1.3493493493490000823, 0.1796448825179634001
1.3518518518519999638, 0.1864803367170517479
1.3543543543539999785, 0.1946164679116069440
1.3568568568570000821, 0.2041889542383973355
1.3593593593590000967, 0.2153708625264767473
1.3618618618619999783, 0.2283802470358664016
1.3643643643639999929, 0.2434904438550040129
1.3668668668670000965, 0.2610439621866115223
1.3693693693689998891, 0.2814712827480004842
1.3718718718719999927, 0.3053164820562253023
1.3743743743740000074, 0.3332725269504896448
1.3768768768770001110, 0.3662305217384380640
1.3793793793789999036, 0.4053494739349707277
1.3818818818820000072, 0.4521568563685388620
1.3843843843840000218, 0.5086964317154835102
1.3868868868869999034, 0.5777504151773836805
1.3893893893889999180, 0.6631818160524594052
1.3918918918920000216, 0.7704771676690564952
1.3943943943940000363, 0.9076353383186830381
1.3968968968969999178, 1.0866786314102265809
1.3993993993989999325, 1.3263363690816669660
1.4019019019020000361, 1.6570621314428541915
1.4044044044040000507, 2.1310087883658699326
1.4069069069069999323, 2.8433993862011686105
1.4094094094089999469, 3.9827545640470161104
1.4119119119120000505, 5.9635937209991736196
1.4144144144140000652, 9.8337628134362304877
1.4169169169169999467, 18.7810765044183440864
1.4194194194189999614, 44.5499291732100672903
1.4219219219220000650, 106.9005008392970808018
1.4244244244240000796, 71.4671837821682061076
1.4269269269269999612, 27.5074945776065469261
1.4294294294289999758, 13.0882434959621889448
1.4319319319320000794, 7.4578467025337067398
1.4344344344340000941, 4.7773059663892469828
1.4369369369369999756, 3.3110787873064992937
1.4394394394389999903, 2.4268578125160860104
1.4419419419420000938, 1.8542026778314366631
1.4444444444440001085, 1.4627154984926187264
1.4469469469469999900, 1.1835110942535105316
1.4494494494490000047, 0.9775053104627791090
1.4519519519520001083, 0.8212161185888778858
1.4544544544539999009, 0.6998588185745322487
1.4569569569570000045, 0.6037544176363949244
1.4594594594590000192, 0.5263540146205467618
1.4619619619619999007, 0.4630996734528547432
1.4644644644639999154, 0.4107406483767593874
1.4669669669670000189, 0.3669084251397469743
1.4694694694690000336, 0.3298444832390368120
1.4719719719719999151, 0.2982211782344740270
1.4744744744739999298, 0.2710210699078253183
1.4769769769770000334, 0.2474538893794719918
1.4794794794790000481, 0.2268983102533685958
1.4819819819819999296, 0.2088604079974866190
1.4844844844839999443, 0.1929435598861276580
1.4869869869870000478, 0.1788263229528090081
1.4894894894890000625, 0.1662459627434332010
1.4919919919919999440, 0.1549860421191943949
1.4944944944939999587, 0.1448669657847805325
1.4969969969970000623, 0.1357387028793227146
1.4994994994990000770, 0.1274751327265586931
1.5020020020019999585, 0.1199696129156819918
1.5045045045050000621, 0.1131314768653071262
1.5070070070070000767, 0.1068832446327018654
1.5095095095099999583, 0.1011583857082412746
1.5120120120119999729, 0.0958995124131717669
1.5145145145150000765, 0.0910569117358544372
1.5170170170170000912, 0.0865873450503376885
1.5195195195199999727, 0.0824530612848508593
1.5220220220219999874, 0.0786209812399433355
1.5245245245250000909, 0.0750620199568102081
1.5270270270270001056, 0.0717505210665049797
1.5295295295299999871, 0.0686637824603955477
1.5320320320320000018, 0.0657816568128942736
1.5345345345350001054, 0.0630862137547085339
1.5370370370369998980, 0.0605614530574770521
1.5395395395400000016, 0.0581930602123578999
1.5420420420420000163, 0.0559681973888592477
1.5445445445449998978, 0.0538753240390449084
1.5470470470469999125, 0.0519040424372222906
1.5495495495500000160, 0.0500449642705931147
1.5520520520520000307, 0.0482895950641188815
1.5545545545549999122, 0.0466302337654770499
1.5570570570569999269, 0.0450598852587617699
1.5595595595600000305, 0.0435721839384109744
1.5620620620620000452, 0.0421613267732515729
1.5645645645649999267, 0.0408220145369558723
1.5670670670669999414, 0.0395494000853768013
1.5695695695700000449, 0.0383390427309854911
1.5720720720720000596, 0.0371868679062917207
1.5745745745749999411, 0.0360891314266657826
1.5770770770769999558, 0.0350423877625243366
1.5795795795800000594, 0.0340434618146708973
1.5820820820820000741, 0.0330894237573700067
1.5845845845849999556, 0.0321775665737115413
1.5870870870869999703, 0.0313053859587375111
1.5895895895900000738, 0.0304705623091725761
1.5920920920920000885, 0.0296709445556219004
1.5945945945949999700, 0.0289045356247733184
1.5970970970969999847, 0.0281694793463290322
1.5995995996000000883, 0.0274640486427527863
1.6021021021020001029, 0.0267866348600599505
1.6046046046049999845, 0.0261357381152732757
1.6071071071069999991, 0.0255099585512141985
1.6096096096100001027, 0.0249079884023635095
1.6121121121119998953, 0.0243286047868645425
1.6146146146149999989, 0.0237706631496239842
1.6171171171170000136, 0.0232330912900831736
1.6196196196199998951, 0.0227148839157642404
1.6221221221219999098, 0.0222150976692907752
1.6246246246250000134, 0.0217328465823664538
1.6271271271270000280, 0.0212672979152770253
1.6296296296299999096, 0.0208176683449530948
1.6321321321319999242, 0.0203832204685732918
1.6346346346350000278, 0.0199632595931674983
1.6371371371370000425, 0.0195571307847573483
1.6396396396399999240, 0.0191642161532956656
1.6421421421419999387, 0.0187839323520840144
1.6446446446450000423, 0.0184157282724928748
1.6471471471470000569, 0.0180590829167184101
1.6496496496499999385, 0.0177135034330093213
1.6521521521519999531, 0.0173785232993131158
1.6546546546550000567, 0.0170537006426449041
1.6571571571570000714, 0.0167386166826916233
1.6596596596599999529, 0.0164328742892480631
1.6621621621619999676, 0.0161360966440518942
1.6646646646650000712, 0.0158479259984559903
1.6671671671670000858, 0.0155680225191591436
1.6696696696699999674, 0.0152960632149199693
1.6721721721719999820, 0.0150317409378128049
1.6746746746750000856, 0.0147747634531556343
1.6771771771770001003, 0.0145248525727554555
1.6796796796799999818, 0.0142817433465824116
1.6821821821819999965, 0.0140451833084049085
1.6846846846850001000, 0.0138149317712991052
1.6871871871869998927, 0.0135907591692915192
1.6896896896899999962, 0.0133724464417066778
1.6921921921920000109, 0.0131597844570759265
1.6946946946949998924, 0.0129525734737220496
1.6971971971969999071, 0.0127506226343690084
1.6996996997000000107, 0.0125537494923402028
1.7022022022020000254, 0.0123617795671033988
1.7047047047049999069, 0.0121745459270980582
1.7072072072069999216, 0.0119918887979431239
1.7097097097100000251, 0.0118136551942712199
1.7122122122120000398, 0.0116396985735708579
1.7147147147149999213, 0.0114698785105417853
1.7172172172169999360, 0.0113040603905823940
1.7197197197200000396, 0.0111421151211316804
1.7222222222220000543, 0.0109839188596838506
1.7247247247249999358, 0.0108293527573808460
1.7272272272269999505, 0.0106783027171686550
1.7297297297300000540, 0.0105306591655768122
1.7322322322320000687, 0.0103863168372486606
1.7347347347349999502, 0.0102451745714121738
1.7372372372369999649, 0.0101071351195388716
1.7397397397400000685, 0.0099721049634913100
1.7422422422420000832, 0.0098399941435085188
1.7447447447449999647, 0.0097107160954239512
1.7472472472469999794, 0.0095841874965521788
1.7497497497500000829, 0.0094603281197189817
1.7522522522520000976, 0.0093390606949452799
1.7547547547549999791, 0.0092203107783280450
1.7572572572569999938, 0.0091040066276921183
1.7597597597600000974, 0.0089900790846147664
1.7622622622619998900, 0.0088784614624513453
1.7647647647649999936, 0.0087690894400144145
1.7672672672670000082, 0.0086619009605813507
1.7697697697699998898, 0.0085568361359263899
1.7722722722719999044, 0.0084538371550923752
1.7747747747750000080, 0.0083528481976356487
1.7772772772770000227, 0.0082538153510942746
1.7797797797799999042, 0.0081566865324453411
1.7822822822819999189, 0.0080614114133317830
1.7847847847850000225, 0.0079679413488524843
1.7872872872870000371, 0.0078762293097223365
1.7897897897899999187, 0.0077862298176203703
1.7922922922919999333, 0.0076978988835553373
1.7947947947950000369, 0.0076111939490881905
1.7972972972970000516, 0.0075260738302605126
1.7997997997999999331, 0.0074424986640869474
1.8023023023019999478, 0.0073604298574779150
1.8048048048050000514, 0.0072798300384668089
1.8073073073070000660, 0.0072006630096231325
1.8098098098099999476, 0.0071228937035398218
1.8123123123119999622, 0.0070464881402894988
1.8148148148150000658, 0.0069714133867503072
1.8173173173170000805, 0.0068976375177076249
1.8198198198199999620, 0.0068251295786432185
1.8223223223219999767, 0.0067538595501283622
1.8248248248250000803, 0.0066837983137420127
1.8273273273270000949, 0.0066149176194395462
1.8298298298299999765, 0.0065471900543016192
1.8323323323319999911, 0.0064805890125965437
1.8348348348350000947, 0.0064150886670931717
1.8373373373370001094, 0.0063506639415647111
1.8398398398399999909, 0.0062872904844269994
1.8423423423420000056, 0.0062249446434578751
1.8448448448450001091, 0.0061636034415469727
1.8473473473469999018, 0.0061032445534280689
1.8498498498500000053, 0.0060438462833484873
1.8523523523520000200, 0.0059853875436324845
1.8548548548549999015, 0.0059278478340977752
1.8573573573569999162, 0.0058712072222864148
1.8598598598600000198, 0.0058154463244732566
1.8623623623620000345, 0.0057605462874170468
1.8648648648649999160, 0.0057064887708210086
1.8673673673669999307, 0.0056532559304714059
1.8698698698700000342, 0.0056008304020241512
1.8723723723720000489, 0.0055491952854110141
1.8748748748749999304, 0.0054983341298383871
1.8773773773769999451, 0.0054482309193528674
1.8798798798800000487, 0.0053988700589492136
1.8823823823820000634, 0.0053502363611973754
1.8848848848849999449, 0.0053023150333664426
1.8873873873869999596, 0.0052550916650244096
1.8898898898900000631, 0.0052085522160936820
1.8923923923920000778, 0.0051626830053431499
1.8948948948949999593, 0.0051174706992986353
1.8973973973969999740, 0.0050729023015542909
1.8998998999000000776, 0.0050289651424684050
1.9024024024020000923, 0.0049856468692278120
1.9049049049049999738, 0.0049429354362658141
1.9074074074069999885, 0.0049008190960192584
1.9099099099100000920, 0.0048592863900110399
1.9124124124120001067, 0.0048183261402449254
1.9149149149149999882, 0.0047779274409001935
1.9174174174170000029, 0.0047380796503141594
1.9199199199200001065, 0.0046987723832411527
1.9224224224219998991, 0.0046599955033770667
1.9249249249250000027, 0.0046217391161390581
1.9274274274270000173, 0.0045839935616904161
1.9299299299299998989, 0.0045467494082011180
1.9324324324319999135, 0.0045099974453349321
1.9349349349350000171, 0.0044737286779543608
1.9374374374370000318, 0.0044379343200351105
1.9399399399399999133, 0.0044026057887820878
1.9424424424419999280, 0.0043677346989393013
1.9449449449450000316, 0.0043333128572863467
1.9474474474470000462, 0.0042993322573144964
1.9499499499499999278, 0.0042657850740756625
1.9524524524519999424, 0.0042326636591978302
1.9549549549550000460, 0.0041999605360607921
1.9574574574570000607, 0.0041676683951262991
1.9599599599599999422, 0.0041357800894169551
1.9624624624619999569, 0.0041042886301384503
1.9649649649650000605, 0.0040731871824399206
1.9674674674670000751, 0.0040424690613074452
1.9699699699699999567, 0.0040121277275859141
1.9724724724719999713, 0.0039821567841246469
1.9749749749750000749, 0.0039525499720423811
1.9774774774770000896, 0.0039233011671073719
1.9799799799799999711, 0.0038944043762285776
1.9824824824819999858, 0.0038658537340539910
1.9849849849850000894, 0.0038376434996724002
1.9874874874870001040, 0.0038097680534149581
1.9899899899899999856, 0.0037822218937531189
1.9924924924920000002, 0.0037549996342896028
1.9949949949950001038, 0.0037280960008392126
1.9974974974969998964, 0.0037015058285964054
2.0000000000000000000, 0.0036752240593866904
