# Delta1: 0.465
# Delta2: 1.17
# Delta3: 1.355
# Dq: 0.1355
# Ds: 0.04
# Dt: 0.061000000000000006
# k1_lab: [1, 0, 0]
# k2_lab: [-0.8660254037844387, 0.49999999999999994, 0.0]
# k1_cf: [0.7071067811865476, -0.7071067811865476, 0.0]
# k2_cf: [-0.25881904510252085, 0.9659258262890683, 0.0]
# pol1_lab: [(0, 1, 0), (0, 0, 1)]
# pol2_lab: "[array([-0.5      , -0.8660254,  0.       ]), array([0., 0., 1.])]"
# pol1_cf: "[array([0.70710678, 0.70710678, 0.        ]), array([0., 0., 1.])]"
# pol2_cf: "[array([-0.96592583, -0.25881905,  0.        ]), array([0., 0., 1.])]"
# cf: "[array([0.70710678, 0.70710678, 0.        ]), array([-0.70710678,  0.70710678,  0.        ]), array([0., 0., 1.])]"
# th: 0
-0.5000000000000000000, 0.0048753942246406983
-0.4974974974974999964, 0.0049175646631743047
-0.4949949949949999928, 0.0049603354979876864
-0.4924924924924999892, 0.0050037186183923780
-0.4899899899899999856, 0.0050477262141524230
-0.4874874874874999819, 0.0050923707847050264
-0.4849849849849999783, 0.0051376651487140962
-0.4824824824824999747, 0.0051836224539704842
-0.4799799799800000266, 0.0052302561876534284
-0.4774774774775000230, 0.0052775801869683189
-0.4749749749750000194, 0.0053256086501767066
-0.4724724724725000158, 0.0053743561480351686
-0.4699699699700000122, 0.0054238376356604764
-0.4674674674675000086, 0.0054740684648393453
-0.4649649649650000049, 0.0055250643968019399
-0.4624624624625000013, 0.0055768416154792127
-0.4599599599599999977, 0.0056294167412652002
-0.4574574574574999941, 0.0056828068453063834
-0.4549549549549999905, 0.0057370294643413226
-0.4524524524524999869, 0.0057921026161149953
-0.4499499499499000077, 0.0058480448153933988
-0.4474474474474000041, 0.0059048750906053656
-0.4449449449449000005, 0.0059626130011397865
-0.4424424424423999969, 0.0060212786553280363
-0.4399399399398999932, 0.0060808927291427428
-0.4374374374373999896, 0.0061414764856458090
-0.4349349349348999860, 0.0062030517952202102
-0.4324324324323999824, 0.0062656411566218732
-0.4299299299298999788, 0.0063292677188900182
-0.4274274274273999752, 0.0063939553041560343
-0.4249249249249000271, 0.0064597284313935716
-0.4224224224224000235, 0.0065266123411542917
-0.4199199199199000199, 0.0065946330213364959
-0.4174174174174000163, 0.0066638172340362763
-0.4149149149149000126, 0.0067341925435334214
-0.4124124124124000090, 0.0068057873454674045
-0.4099099099099000054, 0.0068786308972615898
-0.4074074074074000018, 0.0069527533498571804
-0.4049049049048999982, 0.0070281857808218284
-0.4024024024023999946, 0.0071049602289013384
-0.3998998998998999910, 0.0071831097300870238
-0.3973973973973999874, 0.0072626683552751321
-0.3948948948948999838, 0.0073436712495992540
-0.3923923923923999801, 0.0074261546735212829
-0.3898898898898999765, 0.0075101560457714982
-0.3873873873873999729, 0.0075957139882334400
-0.3848848848849000248, 0.0076828683728750761
-0.3823823823824000212, 0.0077716603708336048
-0.3798798798799000176, 0.0078621325037677627
-0.3773773773774000140, 0.0079543286975981096
-0.3748748748749000104, 0.0080482943387632285
-0.3723723723724000068, 0.0081440763331274788
-0.3698698698699000031, 0.0082417231676841351
-0.3673673673673999995, 0.0083412849752067079
-0.3648648648648999959, 0.0084428136020106102
-0.3623623623623999923, 0.0085463626789975301
-0.3598598598598999887, 0.0086519876961656424
-0.3573573573573999851, 0.0087597460807803135
-0.3548548548548999815, 0.0088696972794124924
-0.3523523523523999779, 0.0089819028440650938
-0.3498498498497999987, 0.0090964265226220822
-0.3473473473472999951, 0.0092133343538700792
-0.3448448448447999914, 0.0093326947673587346
-0.3423423423422999878, 0.0094545786883837891
-0.3398398398397999842, 0.0095790596483954649
-0.3373373373372999806, 0.0097062139011551193
-0.3348348348347999770, 0.0098361205449850643
-0.3323323323322999734, 0.0099688616514796869
-0.3298298298298000253, 0.0101045224010713336
-0.3273273273273000217, 0.0102431912258716153
-0.3248248248248000181, 0.0103849599602380393
-0.3223223223223000145, 0.0105299239995472783
-0.3198198198198000108, 0.0106781824676907312
-0.3173173173173000072, 0.0108298383938443387
-0.3148148148148000036, 0.0109849988991046615
-0.3123123123123000000, 0.0111437753936257985
-0.3098098098097999964, 0.0113062837849380281
-0.3073073073072999928, 0.0114726446981793656
-0.3048048048047999892, 0.0116429837090253219
-0.3023023023022999856, 0.0118174315901606215
-0.2997997997997999819, 0.0119961245722009502
-0.2972972972972999783, 0.0121792046200409603
-0.2947947947947999747, 0.0123668197256804231
-0.2922922922923000266, 0.0125591242186614688
-0.2897897897898000230, 0.0127562790953378979
-0.2872872872873000194, 0.0129584523682944961
-0.2847847847848000158, 0.0131658194373381679
-0.2822822822823000122, 0.0133785634835967109
-0.2797797797798000086, 0.0135968758883859651
-0.2772772772773000050, 0.0138209566786401065
-0.2747747747748000013, 0.0140510150008491940
-0.2722722722722999977, 0.0142872696256082544
-0.2697697697697999941, 0.0145299494850592362
-0.2672672672672999905, 0.0147792942457004427
-0.2647647647647999869, 0.0150355549192487462
-0.2622622622622999833, 0.0152989945144722476
-0.2597597597597999797, 0.0155698887331647117
-0.2572572572572999761, 0.0158485267137119350
-0.2547547547547999724, 0.0161352118260071897
-0.2522522522523000243, 0.0164302625218089686
-0.2497497497496999896, 0.0167340132450058410
-0.2472472472472000138, 0.0170468154066614648
-0.2447447447447000102, 0.0173690384301634325
-0.2422422422422000066, 0.0177010708722968660
-0.2397397397397000030, 0.0180433216266133040
-0.2372372372371999993, 0.0183962212160727473
-0.2347347347346999957, 0.0187602231826103152
-0.2322322322321999921, 0.0191358055820235150
-0.2297297297296999885, 0.0195234725934044367
-0.2272272272272000126, 0.0199237562532594420
-0.2247247247247000090, 0.0203372183254808443
-0.2222222222222000054, 0.0207644523194723020
-0.2197197197197000018, 0.0212060856699972829
-0.2172172172171999982, 0.0216627820937342203
-0.2147147147146999946, 0.0221352441391019922
-0.2122122122121999910, 0.0226242159476868349
-0.2097097097096999874, 0.0231304862475810620
-0.2072072072072000115, 0.0236548916011636128
-0.2047047047047000079, 0.0241983199323453947
-0.2022022022022000043, 0.0247617143611046919
-0.1996996996997000007, 0.0253460773762943271
-0.1971971971971999971, 0.0259524753812607617
-0.1946946946946999935, 0.0265820436508341432
-0.1921921921921999898, 0.0272359917427937165
-0.1896896896896999862, 0.0279156094120608482
-0.1871871871872000104, 0.0286222730817130150
-0.1846846846847000068, 0.0293574529315485805
-0.1821821821822000032, 0.0301227206724863465
-0.1796796796796999995, 0.0309197580836965691
-0.1771771771771999959, 0.0317503663991964905
-0.1746746746746999923, 0.0326164766418985189
-0.1721721721721999887, 0.0335201610160003327
-0.1696696696697000128, 0.0344636454834221992
-0.1671671671672000092, 0.0354493236670461384
-0.1646646646647000056, 0.0364797722431682014
-0.1621621621622000020, 0.0375577680082866266
-0.1596596596596999984, 0.0386863068316435563
-0.1571571571571999948, 0.0398686247354486933
-0.1546546546546999912, 0.0411082213801981095
-0.1521521521521999876, 0.0424088862738584080
-0.1496496496496000084, 0.0437747280720176962
-0.1471471471471000048, 0.0452102073927071468
-0.1446446446446000011, 0.0467201736360706096
-0.1421421421420999975, 0.0483099063773241438
-0.1396396396395999939, 0.0499851619938396149
-0.1371371371370999903, 0.0517522262965796620
-0.1346346346345999867, 0.0536179740659876031
-0.1321321321321000108, 0.0555899365471136386
-0.1296296296296000072, 0.0576763781435407144
-0.1271271271271000036, 0.0598863837711227642
-0.1246246246246000000, 0.0622299585988516785
-0.1221221221220999964, 0.0647181422254992783
-0.1196196196196000067, 0.0673631397298221496
-0.1171171171171000031, 0.0701784725051492198
-0.1146146146145999994, 0.0731791523664075128
-0.1121121121120999958, 0.0763818831249079983
-0.1096096096096000061, 0.0798052946964692700
-0.1071071071071000025, 0.0834702158839589620
-0.1046046046045999989, 0.0873999933106402727
-0.1021021021020999953, 0.0916208656465100357
-0.0995995995996000055, 0.0961624043583731714
-0.0970970970971000019, 0.1010580348467605694
-0.0945945945945900063, 0.1063456551688232582
-0.0920920920920900027, 0.1120683737985713468
-0.0895895895895899991, 0.1182753933287556958
-0.0870870870870899955, 0.1250230740559785114
-0.0845845845845799998, 0.1323762205335905773
-0.0820820820820799962, 0.1404096461397163487
-0.0795795795795800065, 0.1492100864770535551
-0.0770770770770800029, 0.1588785533723559851
-0.0745745745745699934, 0.1695332493126382456
-0.0720720720720700037, 0.1813132000941687083
-0.0695695695695700000, 0.1943828152238140927
-0.0670670670670699964, 0.2089376569474724055
-0.0645645645645600008, 0.2252117981415296399
-0.0620620620620599972, 0.2434872892888145790
-0.0595595595595600005, 0.2641064544048326024
-0.0570570570570599969, 0.2874880242713970246
-0.0545545545545500013, 0.3141485381498466123
-0.0520520520520499977, 0.3447310743673271394
-0.0495495495495500010, 0.3800443221919953540
-0.0470470470470499974, 0.4211164740082979363
-0.0445445445445400018, 0.4692707209405321267
-0.0420420420420399982, 0.5262328338654781446
-0.0395395395395400015, 0.5942873918267215227
-0.0370370370370399979, 0.6765094799043616103
-0.0345345345345300023, 0.7771165048945980480
-0.0320320320320299987, 0.9020167775437210045
-0.0295295295295299985, 1.0596911078759572167
-0.0270270270270299984, 1.2626593918664890115
-0.0245245245245199993, 1.5300199236249283352
-0.0220220220220199991, 1.8920567697935535278
-0.0195195195195199990, 2.3990766233419393849
-0.0170170170170199989, 3.1395291836018288656
-0.0145145145145099998, 4.2803349941284878355
-0.0120120120120099996, 6.1663097213592941159
-0.0095095095095099995, 9.5994153071158052626
-0.0070070070070070000, 16.7653851097495554257
-0.0045045045045049997, 34.9589481114088513891
-0.0020020020020019998, 90.4435738865748817261
0.0005005005005005000, 142.7209601536671073063
0.0030030030030029999, 60.7668963591708930494
0.0055055055055059999, 25.3789998982403943728
0.0080080080080079993, 13.1859146232825761302
0.0105105105105099995, 7.9521430114624038765
0.0130130130130099997, 5.2874321104821788708
0.0155155155155200005, 3.7601925523265862239
0.0180180180180199989, 2.8076125098262654234
0.0205205205205199991, 2.1749132072911936397
0.0230230230230199992, 1.7338566100419396943
0.0255255255255299983, 1.4143999112220695391
0.0280280280280299984, 1.1757317047799105136
0.0305305305305299986, 0.9927959818068100573
0.0330330330330299987, 0.8495315706760385721
0.0355355355355400013, 0.7352638691404828064
0.0380380380380399979, 0.6426767199967894362
0.0405405405405400016, 0.5666213017524701634
0.0430430430430399982, 0.5033897339691590922
0.0455455455455500008, 0.4502573640055002047
0.0480480480480499975, 0.4051859750975675412
0.0505505505505500011, 0.3666264101292229238
0.0530530530530499977, 0.3333843232896966935
0.0555555555555600003, 0.3045270109923108870
0.0580580580580599970, 0.2793175682801923854
0.0605605605605600006, 0.2571675859250029395
0.0630630630630600042, 0.2376026559520431625
0.0655655655655699998, 0.2202368717952734034
0.0680680680680700034, 0.2047537402999300704
0.0705705705705699932, 0.1908917278134567019
0.0730730730730699968, 0.1784331982935337124
0.0755755755755800063, 0.1671958635850280261
0.0780780780780799960, 0.1570261146005288155
0.0805805805805799996, 0.1477937750914014303
0.0830830830830800032, 0.1393879415729118998
0.0855855855855899988, 0.1317136598782040202
0.0880880880880900025, 0.1246892514848934458
0.0905905905905900061, 0.1182441484187675973
0.0930930930930899958, 0.1123171291335515604
0.0955955955956000053, 0.1068548727101266693
0.0980980980980999950, 0.1018107674008135455
0.1006006006005999986, 0.0971439236508889747
0.1031031031031000023, 0.0928183524633795637
0.1056056056056000059, 0.0888022782004538463
0.1081081081080999956, 0.0850675612644697376
0.1106106106105999992, 0.0815892110346283922
0.1131131131131000028, 0.0783449732913504560
0.1156156156156000064, 0.0753149793928721140
0.1181181181180999962, 0.0724814468666631073
0.1206206206205999998, 0.0698284229850124755
0.1231231231231000034, 0.0673415644180227341
0.1256256256256000070, 0.0650079472811730535
0.1281281281281000106, 0.0628159028822535409
0.1306306306305999865, 0.0607548752730526359
0.1331331331330999901, 0.0588152973629416237
0.1356356356355999937, 0.0569884828843174596
0.1381381381380999973, 0.0552665319371823949
0.1406406406406000009, 0.0536422482004583895
0.1431431431431000045, 0.0521090661956023840
0.1456456456456000081, 0.0506609872353798313
0.1481481481481000118, 0.0492925228965855750
0.1506506506506999910, 0.0479986450275612930
0.1531531531531999946, 0.0467747414455768340
0.1556556556556999982, 0.0456165766003973072
0.1581581581582000018, 0.0445202565826096214
0.1606606606607000054, 0.0434821979417594484
0.1631631631632000090, 0.0424990998526895217
0.1656656656657000126, 0.0415679192308395506
0.1681681681681999885, 0.0406858484504468362
0.1706706706706999921, 0.0398502953650470976
0.1731731731731999957, 0.0390588653686334622
0.1756756756756999993, 0.0383093452693042125
0.1781781781782000029, 0.0375996887760514445
0.1806806806807000065, 0.0369280034242274804
0.1831831831832000101, 0.0362925387867549243
0.1856856856857000138, 0.0356916758368186968
0.1881881881881999896, 0.0351239173440129476
0.1906906906906999932, 0.0345878792000591864
0.1931931931931999968, 0.0340822825825690401
0.1956956956957000004, 0.0336059468761436830
0.1981981981982000041, 0.0331577832795996660
0.2007007007007000077, 0.0327367890364723413
0.2032032032032000113, 0.0323420422333272756
0.2057057057056999871, 0.0319726971169464330
0.2082082082081999908, 0.0316279798872617507
0.2107107107106999944, 0.0313071849280864498
0.2132132132131999980, 0.0310096714423315628
0.2157157157157000016, 0.0307348604625652944
0.2182182182182000052, 0.0304822322115452862
0.2207207207207000088, 0.0302513237907849897
0.2232232232232000124, 0.0300417271783575655
0.2257257257256999883, 0.0298530875200413784
0.2282282282281999919, 0.0296851017006102072
0.2307307307306999955, 0.0295375171846083834
0.2332332332331999991, 0.0294101311183609035
0.2357357357357000027, 0.0293027896872836563
0.2382382382382000063, 0.0292153877248113765
0.2407407407407000099, 0.0291478685714807589
0.2432432432432000136, 0.0291002241849231680
0.2457457457456999894, 0.0290724955037665322
0.2482482482481999930, 0.0290647730707493286
0.2507507507508000000, 0.0290771979227438040
0.2532532532533000036, 0.0291099627579056025
0.2557557557558000072, 0.0291633133928486110
0.2582582582583000108, 0.0292375505256292183
0.2607607607608000144, 0.0293330318234574922
0.2632632632633000180, 0.0294501743574838715
0.2657657657658000216, 0.0295894574107986794
0.2682682682683000253, 0.0297514256899885123
0.2707707707707999734, 0.0299366929752987454
0.2732732732732999770, 0.0301459462497367034
0.2757757757757999806, 0.0303799503534166460
0.2782782782782999842, 0.0306395532162159825
0.2807807807807999878, 0.0309256917295109429
0.2832832832832999914, 0.0312393983265584069
0.2857857857857999950, 0.0315818083511707967
0.2882882882882999986, 0.0319541683059181916
0.2907907907908000023, 0.0323578450844545021
0.2932932932933000059, 0.0327943363080094585
0.2957957957958000095, 0.0332652819040002296
0.2982982982983000131, 0.0337724770855381551
0.3008008008008000167, 0.0343178869148772839
0.3033033033033000203, 0.0349036626622282187
0.3058058058058000239, 0.0355321602046124868
0.3083083083083000275, 0.0362059607485244600
0.3108108108107999756, 0.0369278942062389731
0.3133133133132999792, 0.0377010656100624231
0.3158158158157999829, 0.0385288850133969074
0.3183183183182999865, 0.0394151014042647546
0.3208208208207999901, 0.0403638412485375978
0.3233233233232999937, 0.0413796523897274962
0.3258258258257999973, 0.0424675541638104698
0.3283283283283000009, 0.0436330947461420968
0.3308308308308000045, 0.0448824169392698646
0.3333333333333000081, 0.0462223338431834024
0.3358358358358000118, 0.0476604161330765608
0.3383383383383000154, 0.0492050930165322115
0.3408408408408000190, 0.0508657693680663742
0.3433433433433000226, 0.0526529620645235993
0.3458458458458000262, 0.0545784591961257920
0.3483483483482999743, 0.0566555066388946191
0.3508508508509000090, 0.0588990274888371440
0.3533533533534000126, 0.0613258811344385840
0.3558558558559000162, 0.0639551703576894809
0.3583583583584000198, 0.0668086069059848769
0.3608608608609000235, 0.0699109486023429816
0.3633633633634000271, 0.0732905244405530620
0.3658658658658999752, 0.0769798684902733565
0.3683683683683999788, 0.0810164891495324530
0.3708708708708999824, 0.0854438077895952053
0.3733733733733999860, 0.0903123107799529840
0.3758758758758999896, 0.0956809721570675703
0.3783783783783999932, 0.1016190220804355782
0.3808808808808999968, 0.1082081605219604448
0.3833833833834000004, 0.1155453489903368325
0.3858858858859000041, 0.1237463593519153721
0.3883883883884000077, 0.1329503236818654344
0.3908908908909000113, 0.1433256211408853176
0.3933933933934000149, 0.1550775701957466390
0.3958958958959000185, 0.1684585873231725928
0.3983983983984000221, 0.1837817585078163063
0.4009009009009000257, 0.2014391984121278178
0.4034034034033999738, 0.2219272274733708472
0.4059059059058999774, 0.2458814186001347935
0.4084084084083999810, 0.2741261904246875547
0.4109109109108999847, 0.3077462698897246440
0.4134134134133999883, 0.3481917639576696533
0.4159159159158999919, 0.3974361631043741294
0.4184184184183999955, 0.4582200296814782914
0.4209209209208999991, 0.5344377603243498642
0.4234234234234000027, 0.6317718323322210061
0.4259259259259000063, 0.7587728470329587749
0.4284284284284000099, 0.9287812605333294336
0.4309309309309000136, 1.1635284606366047555
0.4334334334334000172, 1.5003160045581029891
0.4359359359359000208, 2.0074488184017389436
0.4384384384384000244, 2.8206613827546114237
0.4409409409408999725, 4.2398773586724214368
0.4434434434433999761, 7.0282778892496491352
0.4459459459458999797, 13.5274262014389954345
0.4484484484483999833, 32.3983579050515331232
0.4509509509510000180, 75.9802165914297233940
0.4534534534535000216, 48.0021594315625250715
0.4559559559560000253, 18.5632898976019049542
0.4584584584584999734, 8.9099852642996140162
0.4609609609609999770, 5.1058393715764971432
0.4634634634634999806, 3.2826480550798304847
0.4659659659659999842, 2.2808180346890702950
0.4684684684684999878, 1.6747084287950086967
0.4709709709709999914, 1.2812514753910577703
0.4734734734734999950, 1.0118057722713698077
0.4759759759759999986, 0.8193925075946156822
0.4784784784785000022, 0.6772881407060120651
0.4809809809810000059, 0.5694035182358236913
0.4834834834835000095, 0.4855912217778033391
0.4859859859860000131, 0.4191985655492541651
0.4884884884885000167, 0.3657187969897343627
0.4909909909910000203, 0.3220120172254500313
0.4934934934935000239, 0.2858368207084563961
0.4959959959960000275, 0.2555588314634180680
0.4984984984984999756, 0.2299637700638992033
0.5010010010009999792, 0.2081343367373238440
0.5035035035035000384, 0.1893671923273290425
0.5060060060059999865, 0.1731157876527887052
0.5085085085085000456, 0.1589502420207954958
0.5110110110109999937, 0.1465287016387715191
0.5135135135135000528, 0.1355765737355903444
0.5160160160160000009, 0.1258712563881746183
0.5185185185184999490, 0.1172307632876956052
0.5210210210210000081, 0.1095051485338439934
0.5235235235234999562, 0.1025699708937496263
0.5260260260260000154, 0.0963212616406632638
0.5285285285284999635, 0.0906716133933412188
0.5310310310310000226, 0.0855471134723629623
0.5335335335334999707, 0.0808849196831211842
0.5360360360360000298, 0.0766313292408851710
0.5385385385384999779, 0.0727402294654464765
0.5410410410410000370, 0.0691718463840067244
0.5435435435434999851, 0.0658917275451271767
0.5460460460460000442, 0.0628699102653111075
0.5485485485484999924, 0.0600802376656172921
0.5510510510510999715, 0.0574997932373893864
0.5535535535536000307, 0.0551084310347861456
0.5560560560560999788, 0.0528883834516192947
0.5585585585586000379, 0.0508239322806628702
0.5610610610610999860, 0.0489011316521285322
0.5635635635636000451, 0.0471075737083272578
0.5660660660660999932, 0.0454321896448700649
0.5685685685686000523, 0.0438650801480610919
0.5710710710711000004, 0.0423973703683772768
0.5735735735735999485, 0.0410210854554527576
0.5760760760761000077, 0.0397290433898254761
0.5785785785785999558, 0.0385147624184457305
0.5810810810811000149, 0.0373723808635772134
0.5835835835835999630, 0.0362965874507129999
0.5860860860861000221, 0.0352825606079989751
0.5885885885885999702, 0.0343259154411297146
0.5910910910911000293, 0.0334226572945605788
0.5935935935935999774, 0.0325691409807107451
0.5960960960961000366, 0.0317620349004057445
0.5985985985985999847, 0.0309982893955425623
0.6011011011011000438, 0.0302751087731977613
0.6036036036035999919, 0.0295899265226331025
0.6061061061061000510, 0.0289403833157048755
0.6086086086085999991, 0.0283243074393402655
0.6111111111110999472, 0.0277396973578683328
0.6136136136136000063, 0.0271847061446030616
0.6161161161160999544, 0.0266576275574182328
0.6186186186186000135, 0.0261568835631495050
0.6211211211210999616, 0.0256810131413550552
0.6236236236236000208, 0.0252286622199564478
0.6261261261260999689, 0.0247985746141485761
0.6286286286286000280, 0.0243895838561903611
0.6311311311310999761, 0.0240006058176702036
0.6336336336336000352, 0.0236306320379158878
0.6361361361360999833, 0.0232787236826720208
0.6386386386386000424, 0.0229440060662336152
0.6411411411410999905, 0.0226256636781040493
0.6436436436436000497, 0.0223229356621062885
0.6461461461460999978, 0.0220351117018621409
0.6486486486485999459, 0.0217615282717861444
0.6511511511512000361, 0.0215015652173218448
0.6536536536536999842, 0.0212546426321663755
0.6561561561562000433, 0.0210202180037604297
0.6586586586586999914, 0.0207977836014280153
0.6611611611612000505, 0.0205868640842901060
0.6636636636636999986, 0.0203870143084954707
0.6661661661661999467, 0.0201978173154510297
0.6686686686687000059, 0.0200188824846292690
0.6711711711711999540, 0.0198498438362108634
0.6736736736737000131, 0.0196903584703141191
0.6761761761761999612, 0.0195401051308910396
0.6786786786787000203, 0.0193987828835538480
0.6811811811811999684, 0.0192661098976512589
0.6836836836837000275, 0.0191418223238577247
0.6861861861861999756, 0.0190256732593826958
0.6886886886887000347, 0.0189174317936632724
0.6911911911911999828, 0.0188168821280820346
0.6936936936937000420, 0.0187238227638613364
0.6961961961961999901, 0.0186380657528336484
0.6986986986987000492, 0.0185594360062813803
0.7012012012011999973, 0.0184877706574853723
0.7037037037036999454, 0.0184229184740235530
0.7062062062062000045, 0.0183647393162256860
0.7087087087086999526, 0.0183131036385198731
0.7112112112112000117, 0.0182678920307062786
0.7137137137136999598, 0.0182289947964653434
0.7162162162162000190, 0.0181963115666560309
0.7187187187186999671, 0.0181697509451855047
0.7212212212212000262, 0.0181492301854383649
0.7237237237236999743, 0.0181346748954428101
0.7262262262262000334, 0.0181260187701247771
0.7287287287286999815, 0.0181232033491610656
0.7312312312312000406, 0.0181261777990895240
0.7337337337336999887, 0.0181348987184711402
0.7362362362362000479, 0.0181493299650249962
0.7387387387386999960, 0.0181694425037750504
0.7412412412412000551, 0.0181952142753575193
0.7437437437437000032, 0.0182266300837409002
0.7462462462461999513, 0.0182636815027076779
0.7487487487487000104, 0.0183063668005389174
0.7512512512512999896, 0.0183546908824299103
0.7537537537538000487, 0.0184086652502489893
0.7562562562562999968, 0.0184683079793316295
0.7587587587587999449, 0.0185336437120795540
0.7612612612613000040, 0.0186047036682101853
0.7637637637637999521, 0.0186815256715755600
0.7662662662663000113, 0.0187641541935426384
0.7687687687687999594, 0.0188526404129993365
0.7712712712713000185, 0.0189470422931224715
0.7737737737737999666, 0.0190474246751166400
0.7762762762763000257, 0.0191538593892062597
0.7787787787787999738, 0.0192664253832376918
0.7812812812813000329, 0.0193852088693253141
0.7837837837837999810, 0.0195103034890538388
0.7862862862863000402, 0.0196418104978315217
0.7887887887887999883, 0.0197798389690739262
0.7912912912913000474, 0.0199245060189872855
0.7937937937937999955, 0.0200759370528144909
0.7962962962963000546, 0.0202342660335060043
0.7987987987988000027, 0.0203996357738832484
0.8013013013012999508, 0.0205721982534739951
0.8038038038038000099, 0.0207521149613191271
0.8063063063062999580, 0.0209395572661779071
0.8088088088088000172, 0.0211347068156969124
0.8113113113112999653, 0.0213377559662553326
0.8138138138138000244, 0.0215489082453596825
0.8163163163162999725, 0.0217683788486334323
0.8188188188188000316, 0.0219963951736340813
0.8213213213212999797, 0.0222331973929338483
0.8238238238238000388, 0.0224790390691203511
0.8263263263262999869, 0.0227341878146145454
0.8288288288288000460, 0.0229989259994649899
0.8313313313312999941, 0.0232735515105640250
0.8338338338338000533, 0.0235583785660442857
0.8363363363363000014, 0.0238537385889567230
0.8388388388387999495, 0.0241599811447065355
0.8413413413413000086, 0.0244774749471368333
0.8438438438437999567, 0.0248066089386006564
0.8463463463463000158, 0.0251477934498626904
0.8488488488487999639, 0.0255014614462190613
0.8513513513514000541, 0.0258680698668291853
0.8538538538539000022, 0.0262481010649221018
0.8563563563563999503, 0.0266420643572762746
0.8588588588589000095, 0.0270504976921902528
0.8613613613613999576, 0.0274739694460645195
0.8638638638639000167, 0.0279130803597179497
0.8663663663663999648, 0.0283684656266766193
0.8688688688689000239, 0.0288407971469076853
0.8713713713713999720, 0.0293307859608506992
0.8738738738739000311, 0.0298391848801303171
0.8763763763763999792, 0.0303667913330462232
0.8788788788789000384, 0.0309144504448478213
0.8813813813813999865, 0.0314830583749356324
0.8838838838839000456, 0.0320735659355270777
0.8863863863863999937, 0.0326869825190045649
0.8888888888889000528, 0.0333243803641758915
0.8913913913914000009, 0.0339868991950644239
0.8938938938938999490, 0.0346757512696546644
0.8963963963964000081, 0.0353922268803201559
0.8988988988988999562, 0.0361377003525098633
0.9014014014014000153, 0.0369136365937560926
0.9039039039038999634, 0.0377215982512822887
0.9064064064064000226, 0.0385632535435330714
0.9089089089088999707, 0.0394403848389604517
0.9114114114114000298, 0.0403548980645090094
0.9139139139138999779, 0.0413088330366312984
0.9164164164164000370, 0.0423043748195280345
0.9189189189188999851, 0.0433438662288724783
0.9214214214214000442, 0.0444298216148359681
0.9239239239238999923, 0.0455649420760838517
0.9264264264264000515, 0.0467521322769564734
0.9289289289288999996, 0.0479945190637352803
0.9314314314313999477, 0.0492954721032450235
0.9339339339339000068, 0.0506586267987181385
0.9364364364363999549, 0.0520879097745806999
0.9389389389389000140, 0.0535875672645372558
0.9414414414413999621, 0.0551621967871168545
0.9439439439439000212, 0.0568167825509894031
0.9464464464463999693, 0.0585567351004733505
0.9489489489489000285, 0.0603879357916027246
0.9514514514515000076, 0.0623167867832393405
0.9539539539539999558, 0.0643502673388041263
0.9564564564565000149, 0.0664959973656734371
0.9589589589589999630, 0.0687623092753711362
0.9614614614615000221, 0.0711583294334990901
0.9639639639639999702, 0.0736940706902768639
0.9664664664665000293, 0.0763805377484669951
0.9689689689689999774, 0.0792298474450980200
0.9714714714715000365, 0.0822553664090089898
0.9739739739739999846, 0.0854718690230472505
0.9764764764765000438, 0.0888957191870228536
0.9789789789789999919, 0.0925450800695351572
0.9814814814815000510, 0.0964401568843620549
0.9839839839839999991, 0.1006034787696547667
0.9864864864864999472, 0.1050602271360990825
0.9889889889890000063, 0.1098386194486142275
0.9914914914914999544, 0.1149703593993774281
0.9939939939940000135, 0.1204911669279039033
0.9964964964964999616, 0.1264414046908889921
0.9989989989990000208, 0.1328668215707723976
1.0015015015019999023, 0.1398194388905468211
1.0040040040039999170, 0.1473586115114806361
1.0065065065070000205, 0.1555523043862269417
1.0090090090090000352, 0.1644786360414519644
1.0115115115119999167, 0.1742277547192832565
1.0140140140139999314, 0.1849041316859109385
1.0165165165170000350, 0.1966293811486748144
1.0190190190190000497, 0.2095457496024511757
1.0215215215219999312, 0.2238204625082851895
1.0240240240239999459, 0.2396511776664474735
1.0265265265270000494, 0.2572728792695272437
1.0290290290290000641, 0.2769666643819591045
1.0315315315319999456, 0.2990710393357177699
1.0340340340339999603, 0.3239965796599948433
1.0365365365370000639, 0.3522451479833854093
1.0390390390390000785, 0.3844353632402227605
1.0415415415419999601, 0.4213367559597864798
1.0440440440439999747, 0.4639161646135997463
1.0465465465470000783, 0.5134016509413811269
1.0490490490490000930, 0.5713719143887954210
1.0515515515519999745, 0.6398835153896145211
1.0540540540539999892, 0.7216553193437902358
1.0565565565570000928, 0.8203415301059178155
1.0590590590590001074, 0.9409454027370255380
1.0615615615619999890, 1.0904628140280541171
1.0640640640640000036, 1.2789137173013707116
1.0665665665670001072, 1.5210527031153746602
1.0690690690689998998, 1.8393200524229924575
1.0715715715720000034, 2.2691734530063558672
1.0740740740740000181, 2.8692623454278729511
1.0765765765769998996, 3.7421628222640026529
1.0790790790789999143, 5.0801744122473406762
1.0815815815820000179, 7.2771494541690193714
1.0840840840840000325, 11.2387466919600367277
1.0865865865869999141, 19.3960403401480192542
1.0890890890889999287, 39.7193630742033647607
1.0915915915920000323, 101.4823484431368285641
1.0940940940940000470, 178.6061808755629272127
1.0965965965969999285, 80.5516283895145903671
1.0990990990989999432, 33.0083889465253506046
1.1016016016020000468, 16.8838761720695522683
1.1041041041040000614, 10.0816718243985032899
1.1066066066069999430, 6.6601007842257189395
1.1091091091089999576, 4.7156823645098100428
1.1116116116120000612, 3.5104219813228452196
1.1141141141140000759, 2.7136841451539592818
1.1166166166169999574, 2.1603564827292918160
1.1191191191189999721, 1.7608090082263201381
1.1216216216220000756, 1.4630742015639790488
1.1241241241240000903, 1.2353750593620160814
1.1266266266269999718, 1.0574104141229911935
1.1291291291289999865, 0.9157259486318585218
1.1316316316320000901, 0.8011228288105707307
1.1341341341340001048, 0.7071410362358293566
1.1366366366369999863, 0.6291371789225996825
1.1391391391390000010, 0.5637049101813531582
1.1416416416420001045, 0.5082999724104978467
1.1441441441439998972, 0.4609913448458429763
1.1466466466470000007, 0.4202922908415321901
1.1491491491490000154, 0.3850432967215295932
1.1516516516519998969, 0.3543294679259280100
1.1541541541539999116, 0.3274212680925933094
1.1566566566570000152, 0.3037313612976804134
1.1591591591590000299, 0.2827827483390321084
1.1616616616619999114, 0.2641849450198114346
1.1641641641639999261, 0.2476159670994784179
1.1666666666670000296, 0.2328085622032311230
1.1691691691690000443, 0.2195395852648902024
1.1716716716719999258, 0.2076217268746639033
1.1741741741739999405, 0.1968970213370694056
1.1766766766770000441, 0.1872317143651009985
1.1791791791790000588, 0.1785121794933557937
1.1816816816819999403, 0.1706416510177977131
1.1841841841839999550, 0.1635375986872872611
1.1866866866870000585, 0.1571296117155433214
1.1891891891890000732, 0.1513576912651227180
1.1916916916919999547, 0.1461708744005824345
1.1941941941939999694, 0.1415261307645069855
1.1966966966970000730, 0.1373874874479353025
1.1991991991990000876, 0.1337253488474343388
1.2017017017019999692, 0.1305159875881295450
1.2042042042039999838, 0.1277411905251595314
1.2067067067070000874, 0.1253880509823468992
1.2092092092090001021, 0.1234489052586850433
1.2117117117119999836, 0.1219214185414452534
1.2142142142139999983, 0.1208088332745686361
1.2167167167170001019, 0.1201204024292730349
1.2192192192189998945, 0.1198720419083805777
1.2217217217219999981, 0.1200872517242266291
1.2242242242240000127, 0.1207983763924793952
1.2267267267269998943, 0.1220483037836714302
1.2292292292289999089, 0.1238927423825932628
1.2317317317320000125, 0.1264032755167975031
1.2342342342340000272, 0.1296714769845654092
1.2367367367369999087, 0.1338145005169542046
1.2392392392389999234, 0.1389827497735308393
1.2417417417420000270, 0.1453705360459683349
1.2442442442440000416, 0.1532311051881591057
1.2467467467469999232, 0.1628981809546821702
1.2492492492489999378, 0.1748174383618239514
1.2517517517520000414, 0.1895934726935592507
1.2542542542540000561, 0.2080615980746621796
1.2567567567569999376, 0.2314006338123717477
1.2592592592589999523, 0.2613156735279336118
1.2617617617620000559, 0.3003450448125781769
1.2642642642640000705, 0.3523977054535972209
1.2667667667669999521, 0.4237410892991240186
1.2692692692689999667, 0.5249255127463973158
1.2717717717720000703, 0.6748057114731547124
1.2742742742740000850, 0.9097036172958229416
1.2767767767769999665, 1.3066793195998260835
1.2792792792789999812, 2.0514318900007491031
1.2817817817820000847, 3.6745976661123513907
1.2842842842840000994, 8.0389484062718761237
1.2867867867869999809, 20.9288840929798567458
1.2892892892889999956, 22.6433868731750074232
1.2917917917920000992, 8.8009051174672769946
1.2942942942939998918, 3.9301705231307995092
1.2967967967969999954, 2.1592313452606735069
1.2992992992990000101, 1.3613845149265650925
1.3018018018019998916, 0.9415418091427251168
1.3043043043039999063, 0.6954613192377534503
1.3068068068070000098, 0.5396288502922157448
1.3093093093090000245, 0.4351148886400272309
1.3118118118119999060, 0.3618846272497205918
1.3143143143139999207, 0.3088054534072089963
1.3168168168170000243, 0.2693032793145974657
1.3193193193190000390, 0.2393000753914434897
1.3218218218219999205, 0.2161619383544691186
1.3243243243239999352, 0.1981299590466135963
1.3268268268270000387, 0.1839967149973242566
1.3293293293290000534, 0.1729145354861768014
1.3318318318319999349, 0.1642777500939779090
1.3343343343339999496, 0.1576481529345722388
1.3368368368370000532, 0.1527066117447465898
1.3393393393390000679, 0.1492210064004675096
1.3418418418419999494, 0.1470246774783910138
1.3443443443439999641, 0.1460018453954887163
1.3468468468470000676, 0.1460778051758566121
1.3493493493490000823, 0.1472125214554655948
1.3518518518519999638, 0.1493967666593974397
1.3543543543539999785, 0.1526502889056909895
1.3568568568570000821, 0.1570217398957751975
1.3593593593590000967, 0.1625902839611431672
1.3618618618619999783, 0.1694689805133194338
1.3643643643639999929, 0.1778102106090890533
1.3668668668670000965, 0.1878136319763448470
1.3693693693689998891, 0.1997374302183958505
1.3718718718719999927, 0.2139140364511019077
1.3743743743740000074, 0.2307720800908752978
1.3768768768770001110, 0.2508672652552165760
1.3793793793789999036, 0.2749263123432200695
1.3818818818820000072, 0.3039104627177642293
1.3843843843840000218, 0.3391089686725032304
1.3868868868869999034, 0.3822797156561743570
1.3893893893889999180, 0.4358660151571184804
1.3918918918920000216, 0.5033403841456782768
1.3943943943940000363, 0.5897676183050500898
1.3968968968969999178, 0.7027621620241591982
1.3993993993989999325, 0.8541883768200827509
1.4019019019020000361, 1.0633394271429987832
1.4044044044040000507, 1.3632574402022568094
1.4069069069069999323, 1.8142741074381629751
1.4094094094089999469, 2.5358348447159624328
1.4119119119120000505, 3.7905784905799961848
1.4144144144140000652, 6.2424210055482189929
1.4169169169169999467, 11.9111670721157558717
1.4194194194189999614, 28.2380881867382420580
1.4219219219220000650, 67.7432521772402083116
1.4244244244240000796, 45.2923562933482060089
1.4269269269269999612, 17.4391974043122885973
1.4294294294289999758, 8.3029101873922570576
1.4319319319320000794, 4.7352619565573155214
1.4344344344340000941, 3.0366554701483807754
1.4369369369369999756, 2.1074481500847594972
1.4394394394389999903, 1.5470086781382352825
1.4419419419420000938, 1.1839851889129375806
1.4444444444440001085, 0.9357569638093146125
1.4469469469469999900, 0.7586778547916841475
1.4494494494490000047, 0.6279837170248897538
1.4519519519520001083, 0.5287959630646861253
1.4544544544539999009, 0.4517466705436631869
1.4569569569570000045, 0.3907029234644824323
1.4594594594590000192, 0.3415150571940264168
1.4619619619619999007, 0.3012949043830130402
1.4644644644639999154, 0.2679825526356243159
1.4669669669670000189, 0.2400770885124399456
1.4694694694690000336, 0.2164641059693813152
1.4719719719719999151, 0.1963022159392374955
1.4744744744739999298, 0.1789465874033989434
1.4769769769770000334, 0.1638963366652005649
1.4794794794790000481, 0.1507576325834815434
1.4819819819819999296, 0.1392173755781579703
1.4844844844839999443, 0.1290241254653705927
1.4869869869870000478, 0.1199740842369649285
1.4894894894890000625, 0.1119006592537077904
1.4919919919919999440, 0.1046665989444119649
1.4944944944939999587, 0.0981580013041220001
1.4969969969970000623, 0.0922797024585645664
1.4994994994990000770, 0.0869516937030270359
1.5020020020019999585, 0.0821063130464317475
1.5045045045050000621, 0.0776860257086670336
1.5070070070070000767, 0.0736416565596174633
1.5095095095099999583, 0.0699309723226640145
1.5120120120119999729, 0.0665175366325393702
1.5145145145150000765, 0.0633697795496532684
1.5170170170170000912, 0.0604602368245062277
1.5195195195199999727, 0.0577649244220285463
1.5220220220219999874, 0.0552628215027862468
1.5245245245250000909, 0.0529354408877981825
1.5270270270270001056, 0.0507664704881607282
1.5295295295299999871, 0.0487414726083638949
1.5320320320320000018, 0.0468476306875059978
1.5345345345350001054, 0.0450735351128237760
1.5370370370369998980, 0.0434090013637194391
1.5395395395400000016, 0.0418449150254959906
1.5420420420420000163, 0.0403730992282048812
1.5445445445449998978, 0.0389862008763471532
1.5470470470469999125, 0.0376775926846526082
1.5495495495500000160, 0.0364412885581691937
1.5520520520520000307, 0.0352718702780417739
1.5545545545549999122, 0.0341644237982088733
1.5570570570569999269, 0.0331144837388274091
1.5595595595600000305, 0.0321179848921586894
1.5620620620620000452, 0.0311712197457520296
1.5645645645649999267, 0.0302708011839111640
1.5670670670669999414, 0.0294136296578191223
1.5695695695700000449, 0.0285968642222777722
1.5720720720720000596, 0.0278178969267939454
1.5745745745749999411, 0.0270743301238685966
1.5770770770769999558, 0.0263639563204344160
1.5795795795800000594, 0.0256847402515170790
1.5820820820820000741, 0.0250348029000610449
1.5845845845849999556, 0.0244124072248765450
1.5870870870869999703, 0.0238159453909366596
1.5895895895900000738, 0.0232439273237431479
1.5920920920920000885, 0.0226949704329476448
1.5945945945949999700, 0.0221677903704921991
1.5970970970969999847, 0.0216611927057686754
1.5995995996000000883, 0.0211740654151055183
1.6021021021020001029, 0.0207053720956595563
1.6046046046049999845, 0.0202541458248190788
1.6071071071069999991, 0.0198194835957639405
1.6096096096100001027, 0.0194005412681122688
1.6121121121119998953, 0.0189965289797726054
1.6146146146149999989, 0.0186067069723866788
1.6171171171170000136, 0.0182303817882126344
1.6196196196199998951, 0.0178669028010746897
1.6221221221219999098, 0.0175156590481878281
1.6246246246250000134, 0.0171760763333343100
1.6271271271270000280, 0.0168476145750918391
1.6296296296299999096, 0.0165297653766501053
1.6321321321319999242, 0.0162220497962526009
1.6346346346350000278, 0.0159240162995085734
1.6371371371370000425, 0.0156352388767719806
1.6396396396399999240, 0.0153553153105132761
1.6421421421419999387, 0.0150838655791431051
1.6446446446450000423, 0.0148205303851087697
1.6471471471470000569, 0.0145649697962956792
1.6496496496499999385, 0.0143168619908444639
1.6521521521519999531, 0.0140759020964568299
1.6546546546550000567, 0.0138418011161219288
1.6571571571570000714, 0.0136142849329633914
1.6596596596599999529, 0.0133930933875945901
1.6621621621619999676, 0.0131779794219862995
1.6646646646650000712, 0.0129687082844037391
1.6671671671670000858, 0.0127650567904670845
1.6696696696699999674, 0.0125668126358365710
1.6721721721719999820, 0.0123737737564254754
1.6746746746750000856, 0.0121857477324076244
1.6771771771770001003, 0.0120025512326130002
1.6796796796799999818, 0.0118240094962010489
1.6821821821819999965, 0.0116499558487689250
1.6846846846850001000, 0.0114802312502937202
1.6871871871869998927, 0.0113146838725274451
1.6896896896899999962, 0.0111531687036623590
1.6921921921920000109, 0.0109955471782650395
1.6946946946949998924, 0.0108416868306416801
1.6971971971969999071, 0.0106914609699464841
1.6996996997000000107, 0.0105447483754810382
1.7022022022020000254, 0.0104014330107562517
1.7047047047049999069, 0.0102614037550016312
1.7072072072069999216, 0.0101245541509096312
1.7097097097100000251, 0.0099907821674971031
1.7122122122120000398, 0.0098599899770518782
1.7147147147149999213, 0.0097320837452114853
1.7172172172169999360, 0.0096069734332929965
1.7197197197200000396, 0.0094845726120592194
1.7222222222220000543, 0.0093647982861671079
1.7247247247249999358, 0.0092475707285998628
1.7272272272269999505, 0.0091328133244353744
1.7297297297300000540, 0.0090204524233506635
1.7322322322320000687, 0.0089104172003051721
1.7347347347349999502, 0.0088026395238855366
1.7372372372369999649, 0.0086970538318312113
1.7397397397400000685, 0.0085935970132939559
1.7422422422420000832, 0.0084922082974155239
1.7447447447449999647, 0.0083928291478364836
1.7472472472469999794, 0.0082954031627758031
1.7497497497500000829, 0.0081998759803452899
1.7522522522520000976, 0.0081061951887857128
1.7547547547549999791, 0.0080143102413324160
1.7572572572569999938, 0.0079241723754377331
1.7597597597600000974, 0.0078357345360954012
1.7622622622619998900, 0.0077489513030290754
1.7647647647649999936, 0.0076637788215222994
1.7672672672670000082, 0.0075801747366818616
1.7697697697699998898, 0.0074980981309396774
1.7722722722719999044, 0.0074175094646108351
1.7747747747750000080, 0.0073383705193368880
1.7772772772770000227, 0.0072606443442542589
1.7797797797799999042, 0.0071842952047375761
1.7822822822819999189, 0.0071092885335770351
1.7847847847850000225, 0.0070355908844575727
1.7872872872870000371, 0.0069631698876156537
1.7897897897899999187, 0.0068919942075570595
1.7922922922919999333, 0.0068220335027259979
1.7947947947950000369, 0.0067532583870224868
1.7972972972970000516, 0.0066856403930710294
1.7997997997999999331, 0.0066191519371493245
1.8023023023019999478, 0.0065537662856911139
1.8048048048050000514, 0.0064894575232822263
1.8073073073070000660, 0.0064262005220736074
1.8098098098099999476, 0.0063639709125394382
1.8123123123119999622, 0.0063027450555125861
1.8148148148150000658, 0.0062425000154334555
1.8173173173170000805, 0.0061832135347518902
1.8198198198199999620, 0.0061248640094251801
1.8223223223219999767, 0.0060674304654583615
1.8248248248250000803, 0.0060108925364359758
1.8273273273270000949, 0.0059552304419972710
1.8298298298299999765, 0.0059004249672093782
1.8323323323319999911, 0.0058464574427955444
1.8348348348350000947, 0.0057933097261777325
1.8373373373370001094, 0.0057409641832951389
1.8398398398399999909, 0.0056894036711621796
1.8423423423420000056, 0.0056386115211314314
1.8448448448450001091, 0.0055885715228288640
1.8473473473469999018, 0.0055392679087303354
1.8498498498500000053, 0.0054906853393499981
1.8523523523520000200, 0.0054428088890127371
1.8548548548549999015, 0.0053956240321842066
1.8573573573569999162, 0.0053491166303333724
1.8598598598600000198, 0.0053032729193037489
1.8623623623620000345, 0.0052580794971707001
1.8648648648649999160, 0.0052135233125633323
1.8673673673669999307, 0.0051695916534305469
1.8698698698700000342, 0.0051262721362318603
1.8723723723720000489, 0.0050835526955345361
1.8748748748749999304, 0.0050414215739994720
1.8773773773769999451, 0.0049998673127391651
1.8798798798800000487, 0.0049588787420318534
1.8823823823820000634, 0.0049184449723767218
1.8848848848849999449, 0.0048785553858757685
1.8873873873869999596, 0.0048391996279286194
1.8898898898900000631, 0.0048003675992272328
1.8923923923920000778, 0.0047620494480380242
1.8948948948949999593, 0.0047242355627595822
1.8973973973969999740, 0.0046869165647446124
1.8998998999000000776, 0.0046500833013753649
1.9024024024020000923, 0.0046137268393822125
1.9049049049049999738, 0.0045778384583955948
1.9074074074069999885, 0.0045424096447219103
1.9099099099100000920, 0.0045074320853344526
1.9124124124120001067, 0.0044728976620708009
1.9149149149149999882, 0.0044387984460285360
1.9174174174170000029, 0.0044051266921514617
1.9199199199200001065, 0.0043718748339988869
1.9224224224219998991, 0.0043390354786908298
1.9249249249250000027, 0.0043066014020223722
1.9274274274270000173, 0.0042745655437405900
1.9299299299299998989, 0.0042429210029778907
1.9324324324319999135, 0.0042116610338357426
1.9349349349350000171, 0.0041807790411131389
1.9374374374370000318, 0.0041502685761742996
1.9399399399399999133, 0.0041201233329504032
1.9424424424419999280, 0.0040903371440703367
1.9449449449450000316, 0.0040609039771156638
1.9474474474470000462, 0.0040318179309952297
1.9499499499499999278, 0.0040030732324349864
1.9524524524519999424, 0.0039746642325788305
1.9549549549550000460, 0.0039465854036964008
1.9574574574570000607, 0.0039188313359939646
1.9599599599599999422, 0.0038913967345246677
1.9624624624619999569, 0.0038642764161945830
1.9649649649650000605, 0.0038374653068611354
1.9674674674670000751, 0.0038109584385206162
1.9699699699699999567, 0.0037847509465816350
1.9724724724719999713, 0.0037588380672214840
1.9749749749750000749, 0.0037332151348225028
1.9774774774770000896, 0.0037078775794856618
1.9799799799799999711, 0.0036828209246186744
1.9824824824819999858, 0.0036580407845960669
1.9849849849850000894, 0.0036335328624887272
1.9874874874870001040, 0.0036092929478605627
1.9899899899899999856, 0.0035853169146299576
1.9924924924920000002, 0.0035616007189938695
1.9949949949950001038, 0.0035381403974124054
1.9974974974969998964, 0.0035149320646518825
2.0000000000000000000, 0.0034919719118843891
