# Delta1: 0.465
# Delta2: 1.17
# Delta3: 1.355
# Dq: 0.1355
# Ds: 0.04
# Dt: 0.061000000000000006
# k1_lab: [1, 0, 0]
# k2_lab: [-0.8660254037844387, 0.49999999999999994, 0.0]
# k1_cf: [0.25881904510252085, -0.9659258262890683, 0.0]
# k2_cf: [0.25881904510252063, 0.9659258262890683, 0.0]
# pol1_lab: [(0, 1, 0), (0, 0, 1)]
# pol2_lab: [array([-0.5      , -0.8660254,  0.       ]), array([0., 0., 1.])]
# pol1_cf: [array([0.96592583, 0.25881905, 0.        ]), array([0., 0., 1.])]
# pol2_cf: [array([-0.96592583,  0.25881905,  0.        ]), array([0., 0., 1.])]
# cf: [array([0.25881905, 0.96592583, 0.        ]), array([-0.96592583,  0.25881905,  0.        ]), array([0., 0., 1.])]
# th: 30
-0.5000000000000000000, 0.0051326702362205967
-0.4974974974974999964, 0.0051762592370735265
-0.4949949949949999928, 0.0052204601542717608
-0.4924924924924999892, 0.0052652850008775764
-0.4899899899899999856, 0.0053107460920627453
-0.4874874874874999819, 0.0053568560543557969
-0.4849849849849999783, 0.0054036278352226838
-0.4824824824824999747, 0.0054510747129946470
-0.4799799799800000266, 0.0054992103071578079
-0.4774774774775000230, 0.0055480485890196159
-0.4749749749750000194, 0.0055976038927680770
-0.4724724724725000158, 0.0056478909269404107
-0.4699699699700000122, 0.0056989247863185565
-0.4674674674675000086, 0.0057507209642698558
-0.4649649649650000049, 0.0058032953655520834
-0.4624624624625000013, 0.0058566643196029050
-0.4599599599599999977, 0.0059108445943349339
-0.4574574574574999941, 0.0059658534104584521
-0.4549549549549999905, 0.0060217084563550932
-0.4524524524524999869, 0.0060784279035268592
-0.4499499499499000077, 0.0061360304226460811
-0.4474474474474000041, 0.0061945352002333032
-0.4449449449449000005, 0.0062539619559912572
-0.4424424424423999969, 0.0063143309608247817
-0.4399399399398999932, 0.0063756630555778090
-0.4374374374373999896, 0.0064379796705203753
-0.4349349349348999860, 0.0065013028456201412
-0.4324324324323999824, 0.0065656552516348745
-0.4299299299298999788, 0.0066310602120640428
-0.4274274274273999752, 0.0066975417259999854
-0.4249249249249000271, 0.0067651244919209328
-0.4224224224224000235, 0.0068338339324706667
-0.4199199199199000199, 0.0069036962202719604
-0.4174174174174000163, 0.0069747383048233465
-0.4149149149149000126, 0.0070469879405316771
-0.4124124124124000090, 0.0071204737159356150
-0.4099099099099000054, 0.0071952250841784051
-0.4074074074074000018, 0.0072712723947913113
-0.4049049049048999982, 0.0073486469268527329
-0.4024024024023999946, 0.0074273809235915339
-0.3998998998998999910, 0.0075075076285069696
-0.3973973973973999874, 0.0075890613230818783
-0.3948948948948999838, 0.0076720773661698785
-0.3923923923923999801, 0.0077565922351423679
-0.3898898898898999765, 0.0078426435688856988
-0.3873873873873999729, 0.0079302702127444051
-0.3848848848849000248, 0.0080195122655119661
-0.3823823823824000212, 0.0081104111285764061
-0.3798798798799000176, 0.0082030095573346930
-0.3773773773774000140, 0.0082973517149964836
-0.3748748748749000104, 0.0083934832289050999
-0.3723723723724000068, 0.0084914512495113791
-0.3698698698699000031, 0.0085913045121444303
-0.3673673673673999995, 0.0086930934017319626
-0.3648648648648999959, 0.0087968700206324402
-0.3623623623623999923, 0.0089026882597514900
-0.3598598598598999887, 0.0090106038731256870
-0.3573573573573999851, 0.0091206745561684538
-0.3548548548548999815, 0.0092329600277852412
-0.3523523523523999779, 0.0093475221165784488
-0.3498498498497999987, 0.0094644248513766939
-0.3473473473472999951, 0.0095837345563383955
-0.3448448448447999914, 0.0097055199508959619
-0.3423423423422999878, 0.0098298522548245140
-0.3398398398397999842, 0.0099568052987377247
-0.3373373373372999806, 0.0100864556403340699
-0.3348348348347999770, 0.0102188826867381007
-0.3323323323322999734, 0.0103541688233050825
-0.3298298298298000253, 0.0104923995492825738
-0.3273273273273000217, 0.0106336636207494811
-0.3248248248248000181, 0.0107780532012827449
-0.3223223223223000145, 0.0109256640208328804
-0.3198198198198000108, 0.0110765955433241303
-0.3173173173173000072, 0.0112309511435313286
-0.3148148148148000036, 0.0113888382938253912
-0.3123123123123000000, 0.0115503687614222292
-0.3098098098097999964, 0.0117156588168159555
-0.3073073073072999928, 0.0118848294541276205
-0.3048048048047999892, 0.0120580066241549148
-0.3023023023022999856, 0.0122353214809666263
-0.2997997997997999819, 0.0124169106429499465
-0.2972972972972999783, 0.0126029164692870489
-0.2947947947947999747, 0.0127934873529128024
-0.2922922922923000266, 0.0129887780310866188
-0.2897897897898000230, 0.0131889499147997222
-0.2872872872873000194, 0.0133941714383355309
-0.2847847847848000158, 0.0136046184304052971
-0.2822822822823000122, 0.0138204745083949209
-0.2797797797798000086, 0.0140419314973834804
-0.2772772772773000050, 0.0142691898757288348
-0.2747747747748000013, 0.0145024592491639886
-0.2722722722722999977, 0.0147419588555090034
-0.2697697697697999941, 0.0149879181022796650
-0.2672672672672999905, 0.0152405771396677547
-0.2647647647647999869, 0.0155001874715782560
-0.2622622622622999833, 0.0157670126076412953
-0.2597597597597999797, 0.0160413287593703449
-0.2572572572572999761, 0.0163234255839168688
-0.2547547547547999724, 0.0166136069791787307
-0.2522522522523000243, 0.0169121919343557282
-0.2497497497496999896, 0.0172195154404171692
-0.2472472472472000138, 0.0175359294653547812
-0.2447447447447000102, 0.0178618039995445260
-0.2422422422422000066, 0.0181975281770387562
-0.2397397397397000030, 0.0185435114791590895
-0.2372372372371999993, 0.0189001850273682014
-0.2347347347346999957, 0.0192680029730720181
-0.2322322322321999921, 0.0196474439927487969
-0.2297297297296999885, 0.0200390128976290598
-0.2272272272272000126, 0.0204432423680696966
-0.2247247247247000090, 0.0208606948237864999
-0.2222222222222000054, 0.0212919644422473117
-0.2197197197197000018, 0.0217376793387951406
-0.2172172172171999982, 0.0221985039234853312
-0.2147147147146999946, 0.0226751414512003577
-0.2122122122121999910, 0.0231683367833737802
-0.2097097097096999874, 0.0236788793816338182
-0.2072072072072000115, 0.0242076065558970224
-0.2047047047047000079, 0.0247554069919349688
-0.2022022022022000043, 0.0253232245862397426
-0.1996996996997000007, 0.0259120626191700482
-0.1971971971971999971, 0.0265229883009184195
-0.1946946946946999935, 0.0271571377288589016
-0.1921921921921999898, 0.0278157212993797379
-0.1896896896896999862, 0.0285000296224538659
-0.1871871871872000104, 0.0292114399930406485
-0.1846846846847000068, 0.0299514234800491476
-0.1821821821822000032, 0.0307215527011472193
-0.1796796796796999995, 0.0315235103603134226
-0.1771771771771999959, 0.0323590986348652535
-0.1746746746746999923, 0.0332302495099521950
-0.1721721721721999887, 0.0341390361714030491
-0.1696696696697000128, 0.0350876855826336431
-0.1671671671672000092, 0.0360785923883695445
-0.1646646646647000056, 0.0371143343075957879
-0.1621621621622000020, 0.0381976892008566646
-0.1596596596596999984, 0.0393316540233237463
-0.1571571571571999948, 0.0405194659055611306
-0.1546546546546999912, 0.0417646256394014412
-0.1521521521521999876, 0.0430709238877034217
-0.1496496496496000084, 0.0444424704850931024
-0.1471471471471000048, 0.0458837272533928475
-0.1446446446446000011, 0.0473995448219163701
-0.1421421421420999975, 0.0489952040210721515
-0.1396396396395999939, 0.0506764625101100777
-0.1371371371370999903, 0.0524496074092392767
-0.1346346346345999867, 0.0543215148362209965
-0.1321321321321000108, 0.0562997174022197774
-0.1296296296296000072, 0.0583924809064751554
-0.1271271271271000036, 0.0606088916908089081
-0.1246246246246000000, 0.0629589563812848751
-0.1221221221220999964, 0.0654537160656670780
-0.1196196196196000067, 0.0681053773444665889
-0.1171171171171000031, 0.0709274631663970728
-0.1146146146145999994, 0.0739349869362948553
-0.1121121121120999958, 0.0771446540908276440
-0.1096096096096000061, 0.0805750962075697102
-0.1071071071071000025, 0.0842471437885243396
-0.1046046046045999989, 0.0881841451944833238
-0.1021021021020999953, 0.0924123408724088768
-0.0995995995996000055, 0.0969613041065863074
-0.0970970970971000019, 0.1018644621566541647
-0.0945945945945900063, 0.1071597149816461980
-0.0920920920920900027, 0.1128901730014157945
-0.0895895895895899991, 0.1191050407997409910
-0.0870870870870899955, 0.1258606807106988634
-0.0845845845845799998, 0.1332218993728673251
-0.0820820820820799962, 0.1412635122986985736
-0.0795795795795800065, 0.1500722572757107465
-0.0770770770770800029, 0.1597491483674097767
-0.0745745745745699934, 0.1704123903509805471
-0.0720720720720700037, 0.1822010113678166066
-0.0695695695695700000, 0.1952794233264537049
-0.0670670670670699964, 0.2098431909326440026
-0.0645645645645600008, 0.2261263895825118830
-0.0620620620620599972, 0.2444110723402641294
-0.0595595595595600005, 0.2650395658662410003
-0.0570570570570599969, 0.2884306036524266759
-0.0545545545545500013, 0.3151007277376109972
-0.0520520520520499977, 0.3456930192956838566
-0.0495495495495500010, 0.3810161705129218035
-0.0470470470470499974, 0.4220983767654235552
-0.0445445445445400018, 0.4702628322449032838
-0.0420420420420399982, 0.5272353109736351851
-0.0395395395395400015, 0.5953003952211699534
-0.0370370370370399979, 0.6775331733765262987
-0.0345345345345300023, 0.7781510556303457005
-0.0320320320320299987, 0.9030623562115469571
-0.0295295295295299985, 1.0607478887179373483
-0.0270270270270299984, 1.2637275527920883711
-0.0245245245245199993, 1.5310996463077850560
-0.0220220220220199991, 1.8931482397713337296
-0.0195195195195199990, 2.4001800301193960685
-0.0170170170170199989, 3.1406447207571699387
-0.0145145145145099998, 4.2814628594231907144
-0.0120120120120099996, 6.1674501168515103444
-0.0095095095095099995, 9.6005684392775325620
-0.0070070070070070000, 16.7665511895879184578
-0.0045045045045049997, 34.9601273545925295139
-0.0020020020020019998, 90.4447665135667904224
0.0005005005005005000, 142.7221663897992982584
0.0030030030030029999, 60.7681164349111071488
0.0055055055055059999, 25.3802340492368436742
0.0080080080080079993, 13.1871630905170054149
0.0105105105105099995, 7.9534060414234160064
0.0130130130130099997, 5.2887099553192831181
0.0155155155155200005, 3.7614854700123787623
0.0180180180180199989, 2.8089207643249372026
0.0205205205205199991, 2.1762370687330960806
0.0230230230230199992, 1.7351963549043256663
0.0255255255255299983, 1.4157558225162494292
0.0280280280280299984, 1.1771040722450643035
0.0305305305305299986, 0.9941851021107467323
0.0330330330330299987, 0.8509377476231744231
0.0355355355355400013, 0.7366874138873586997
0.0380380380380399979, 0.6441179512754399150
0.0405405405405400016, 0.5680805461019799996
0.0430430430430399982, 0.5048673259757627818
0.0455455455455500008, 0.4517536465515893940
0.0480480480480499975, 0.4067012996200000119
0.0505505505505500011, 0.3681611368873357604
0.0530530530530499977, 0.3349388216434549537
0.0555555555555600003, 0.3061016596910403620
0.0580580580580599970, 0.2809127557623687932
0.0605605605605600006, 0.2587837106295957090
0.0630630630630600042, 0.2392401266419361960
0.0655655655655699998, 0.2218961078933123221
0.0680680680680700034, 0.2064351722381752574
0.0705705705705699932, 0.1925957973962513781
0.0730730730730699968, 0.1801603590750288919
0.0755755755755800063, 0.1689465812618395624
0.0780780780780799960, 0.1588008674202396331
0.0805805805805799996, 0.1495930542776599814
0.0830830830830800032, 0.1412122517679174627
0.0855855855855899988, 0.1335635196034154759
0.0880880880880900025, 0.1265651936208424255
0.0905905905905900061, 0.1201467207049063818
0.0930930930930899958, 0.1142468946891187498
0.0955955955956000053, 0.1088124105770688910
0.0980980980980999950, 0.1037966731098600298
0.1006006006005999986, 0.0991588098119391553
0.1031031031031000023, 0.0948628493814306084
0.1056056056056000059, 0.0908770345183666367
0.1081081081080999956, 0.0871732446339469336
0.1106106106105999992, 0.0837265088168599320
0.1131131131131000028, 0.0805145932888681887
0.1156156156156000064, 0.0775176506142472299
0.1181181181180999962, 0.0747179203257784391
0.1206206206205999998, 0.0720994725367473666
0.1231231231231000034, 0.0696479876323003733
0.1256256256256000070, 0.0673505663574402724
0.1281281281281000106, 0.0651955656065920375
0.1306306306305999865, 0.0631724560202577556
0.1331331331330999901, 0.0612716981460538629
0.1356356356355999937, 0.0594846344542468361
0.1381381381380999973, 0.0578033949352395188
0.1406406406406000009, 0.0562208143667836668
0.1431431431431000045, 0.0547303596366828793
0.1456456456456000081, 0.0533260657540517297
0.1481481481481000118, 0.0520024793881449648
0.1506506506506999910, 0.0507546089458490030
0.1531531531531999946, 0.0495778803431629334
0.1556556556556999982, 0.0484680977472712882
0.1581581581582000018, 0.0474214086680844957
0.1606606606607000054, 0.0464342728646230871
0.1631631631632000090, 0.0455034346049879301
0.1656656656657000126, 0.0446258978810552265
0.1681681681681999885, 0.0437989042322446398
0.1706706706706999921, 0.0430199128782016646
0.1731731731731999957, 0.0422865828992303530
0.1756756756756999993, 0.0415967572368239752
0.1781781781782000029, 0.0409484483155054257
0.1806806806807000065, 0.0403398251121212248
0.1831831831832000101, 0.0397692015203123042
0.1856856856857000138, 0.0392350258766141283
0.1881881881881999896, 0.0387358715309338020
0.1906906906906999932, 0.0382704283583630428
0.1931931931931999968, 0.0378374951217164690
0.1956956956957000004, 0.0374359726050844804
0.1981981981982000041, 0.0370648574482767765
0.2007007007007000077, 0.0367232366204916505
0.2032032032032000113, 0.0364102824790343421
0.2057057057056999871, 0.0361252483655617462
0.2082082082081999908, 0.0358674646982691456
0.2107107107106999944, 0.0356363355237565779
0.2132132132131999980, 0.0354313354971101946
0.2157157157157000016, 0.0352520072630815168
0.2182182182182000052, 0.0350979592152164885
0.2207207207207000088, 0.0349688636134350556
0.2232232232232000124, 0.0348644550439468071
0.2257257257256999883, 0.0347845292085570135
0.2282282282281999919, 0.0347289420334163657
0.2307307307306999955, 0.0346976090901378736
0.2332332332331999991, 0.0346905053249858333
0.2357357357357000027, 0.0347076650945726192
0.2382382382382000063, 0.0347491825092146669
0.2407407407407000099, 0.0348152120878394006
0.2432432432432000136, 0.0349059697311335654
0.2457457457456999894, 0.0350217340225221219
0.2482482482481999930, 0.0351628478696053501
0.2507507507508000000, 0.0353297205019012309
0.2532532532533000036, 0.0355228298441937762
0.2557557557558000072, 0.0357427252885188160
0.2582582582583000108, 0.0359900308918940856
0.2607607607608000144, 0.0362654490313783495
0.2632632632633000180, 0.0365697645530001225
0.2657657657658000216, 0.0369038494566183081
0.2682682682683000253, 0.0372686681649524662
0.2707707707707999734, 0.0376652834319712304
0.2732732732732999770, 0.0380948629536737304
0.2757757757757999806, 0.0385586867531946889
0.2782782782782999842, 0.0390581554222870983
0.2807807807807999878, 0.0395947993127849229
0.2832832832832999914, 0.0401702887848735951
0.2857857857857999950, 0.0407864456341765283
0.2882882882882999986, 0.0414452558371392679
0.2907907907908000023, 0.0421488837743677763
0.2932932932933000059, 0.0428996881149160819
0.2957957957958000095, 0.0437002395716060837
0.2982982982983000131, 0.0445533407689670397
0.3008008008008000167, 0.0454620485021237780
0.3033033033033000203, 0.0464296987079344387
0.3058058058058000239, 0.0474599345200475559
0.3083083083083000275, 0.0485567378387758569
0.3108108108107999756, 0.0497244649165002467
0.3133133133132999792, 0.0509678865418548843
0.3158158158157999829, 0.0522922335038202776
0.3183183183182999865, 0.0537032481332368750
0.3208208208207999901, 0.0552072428581122862
0.3233233233232999937, 0.0568111668752753762
0.3258258258257999973, 0.0585226822404740499
0.3283283283283000009, 0.0603502509194613554
0.3308308308308000045, 0.0623032346333434600
0.3333333333333000081, 0.0643920096843457468
0.3358358358358000118, 0.0666280993780666714
0.3383383383383000154, 0.0690243271841901873
0.3408408408408000190, 0.0715949944236096425
0.3433433433433000226, 0.0743560870668181634
0.3458458458458000262, 0.0773255172160110527
0.3483483483482999743, 0.0805234060729561468
0.3508508508509000090, 0.0839724167332550619
0.3533533533534000126, 0.0876981470826852377
0.3558558558559000162, 0.0917295955181870737
0.3583583583584000198, 0.0960997153277399208
0.3608608608609000235, 0.1008460775439081608
0.3633633633634000271, 0.1060116672097755758
0.3658658658658999752, 0.1116458446351191458
0.3683683683683999788, 0.1178055118826337455
0.3708708708708999824, 0.1245565361079113142
0.3733733733733999860, 0.1319754964535000130
0.3758758758758999896, 0.1401518413280329889
0.3783783783783999932, 0.1491905700134053547
0.3808808808808999968, 0.1592155893936041955
0.3833833833834000004, 0.1703739471772592329
0.3858858858859000041, 0.1828412131313184030
0.3883883883884000077, 0.1968283782115188840
0.3908908908909000113, 0.2125907810713683066
0.3933933933934000149, 0.2304397720775187564
0.3958958958959000185, 0.2507581173411326247
0.3983983983984000221, 0.2740205776902589485
0.4009009009009000257, 0.3008217473597842306
0.4034034034033999738, 0.3319142309478957942
0.4059059059058999774, 0.3682617859993605469
0.4084084084083999810, 0.4111145230523626237
0.4109109109108999847, 0.4621172669407886402
0.4134134134133999883, 0.5234688808139902338
0.4159159159158999919, 0.5981618525195284697
0.4184184184183999955, 0.6903518080258532752
0.4209209209208999991, 0.8059439731532765938
0.4234234234234000027, 0.9535549041319127950
0.4259259259259000063, 1.1461501961246405301
0.4284284284284000099, 1.4039584725392835196
0.4309309309309000136, 1.7599318272092436821
0.4334334334334000172, 2.2706319602340876429
0.4359359359359000208, 3.0396320923643962431
0.4384384384384000244, 4.2727512980345991878
0.4409409409408999725, 6.4247746009113324561
0.4434434434433999761, 10.6529409819443046104
0.4459459459458999797, 20.5078468796632265025
0.4484484484483999833, 49.1225317519032103064
0.4509509509510000180, 115.2072794350819435749
0.4534534534535000216, 72.7831556817408795723
0.4559559559560000253, 28.1439558898832906664
0.4584584584584999734, 13.5063156540531288385
0.4609609609609999770, 7.7379635124394630097
0.4634634634634999806, 4.9734031350747347489
0.4659659659659999842, 3.4543017442861865263
0.4684684684684999878, 2.5352448416410577892
0.4709709709709999914, 1.9386402308088590551
0.4734734734734999950, 1.5300777847186388669
0.4759759759759999986, 1.2383218534857816095
0.4784784784785000022, 1.0228505799960221356
0.4809809809810000059, 0.8592674091812743109
0.4834834834835000095, 0.7321854512702075102
0.4859859859860000131, 0.6315170045108060570
0.4884884884885000167, 0.5504283223339389020
0.4909909909910000203, 0.4841582671519810699
0.4934934934935000239, 0.4293081187704083090
0.4959959959960000275, 0.3833996174612195329
0.4984984984984999756, 0.3445915107255902998
0.5010010010009999792, 0.3114928667382123040
0.5035035035035000384, 0.2830371896090271289
0.5060060060059999865, 0.2583957294946425121
0.5085085085085000456, 0.2369166449525006435
0.5110110110109999937, 0.2180815726771945517
0.5135135135135000528, 0.2014741394563424604
0.5160160160160000009, 0.1867568074613952800
0.5185185185184999490, 0.1736536255747344049
0.5210210210210000081, 0.1619372264994823063
0.5235235235234999562, 0.1514189163824590512
0.5260260260260000154, 0.1419410443688330359
0.5285285285284999635, 0.1333710719701329539
0.5310310310310000226, 0.1255969230033755490
0.5335335335334999707, 0.1185233076646065586
0.5360360360360000298, 0.1120687943712700418
0.5385385385384999779, 0.1061634604953090449
0.5410410410410000370, 0.1007469948250401121
0.5435435435434999851, 0.0957671551694892209
0.5460460460460000442, 0.0911785071407059944
0.5485485485484999924, 0.0869413870352324369
0.5510510510510999715, 0.0830210444453513274
0.5535535535536000307, 0.0793869298725116412
0.5560560560560999788, 0.0760120999844531298
0.5585585585586000379, 0.0728727188296405815
0.5610610610610999860, 0.0699476377177670056
0.5635635635636000451, 0.0672180399024959740
0.5660660660660999932, 0.0646671388915811551
0.5685685685686000523, 0.0622799213313108696
0.5710710710711000004, 0.0600429270957218014
0.5735735735735999485, 0.0579440605537796805
0.5760760760761000077, 0.0559724280640770538
0.5785785785785999558, 0.0541181976135527709
0.5810810810811000149, 0.0523724772182404819
0.5835835835835999630, 0.0507272092741832201
0.5860860860861000221, 0.0491750785119693806
0.5885885885885999702, 0.0477094315896610388
0.5910910910911000293, 0.0463242066725836066
0.5935935935935999774, 0.0450138716074823322
0.5960960960961000366, 0.0437733695132241848
0.5985985985985999847, 0.0425980707887485405
0.6011011011011000438, 0.0414837306879305770
0.6036036036035999919, 0.0404264517357149078
0.6061061061061000510, 0.0394226503645830478
0.6086086086085999991, 0.0384690272386026197
0.6111111111110999472, 0.0375625408067952887
0.6136136136136000063, 0.0367003836906543424
0.6161161161160999544, 0.0358799615642329678
0.6186186186186000135, 0.0350988742308593477
0.6211211211210999616, 0.0343548986394971445
0.6236236236236000208, 0.0336459736171148827
0.6261261261260999689, 0.0329701861220355608
0.6286286286286000280, 0.0323257588478371438
0.6311311311310999761, 0.0317110390285747015
0.6336336336336000352, 0.0311244883144067355
0.6361361361360999833, 0.0305646736025567828
0.6386386386386000424, 0.0300302587222884103
0.6411411411410999905, 0.0295199968845178892
0.6436436436436000497, 0.0290327238170921646
0.6461461461460999978, 0.0285673515158347269
0.6486486486485999459, 0.0281228625493947955
0.6511511511512000361, 0.0276983048628805552
0.6536536536536999842, 0.0272927870313493005
0.6561561561562000433, 0.0269054739195805914
0.6586586586586999914, 0.0265355827092691732
0.6611611611612000505, 0.0261823792589278431
0.6636636636636999986, 0.0258451747654568458
0.6661661661661999467, 0.0255233226995795481
0.6686686686687000059, 0.0252162159902156353
0.6711711711711999540, 0.0249232844354106385
0.6736736736737000131, 0.0246439923197031632
0.6761761761761999612, 0.0243778362198241449
0.6786786786787000203, 0.0241243429824153088
0.6811811811811999684, 0.0238830678590535514
0.6836836836837000275, 0.0236535927852965858
0.6861861861861999756, 0.0234355247917430176
0.6886886886887000347, 0.0232284945362446829
0.6911911911911999828, 0.0230321549474353515
0.6936936936937000420, 0.0228461799706618091
0.6961961961961999901, 0.0226702634082318819
0.6986986986987000492, 0.0225041178466404146
0.7012012012011999973, 0.0223474736641067276
0.7037037037036999454, 0.0222000781123644457
0.7062062062062000045, 0.0220616944671934087
0.7087087087086999526, 0.0219321012426803089
0.7112112112112000117, 0.0218110914646448203
0.7137137137136999598, 0.0216984719990770819
0.7162162162162000190, 0.0215940629318035274
0.7187187187186999671, 0.0214976969959366805
0.7212212212212000262, 0.0214092190439727631
0.7237237237236999743, 0.0213284855616828993
0.7262262262262000334, 0.0212553642212012783
0.7287287287286999815, 0.0211897334709503712
0.7312312312312000406, 0.0211314821602598957
0.7337337337336999887, 0.0210805091967368602
0.7362362362362000479, 0.0210367232346278209
0.7387387387386999960, 0.0210000423925856827
0.7412412412412000551, 0.0209703939994117412
0.7437437437437000032, 0.0209477143664908161
0.7462462462461999513, 0.0209319485857754062
0.7487487487487000104, 0.0209230503523036848
0.7512512512512999896, 0.0209209818103575293
0.7537537537538000487, 0.0209257134224816038
0.7562562562562999968, 0.0209372238606937017
0.7587587587587999449, 0.0209554999193200114
0.7612612612613000040, 0.0209805364489892739
0.7637637637637999521, 0.0210123363114156601
0.7662662662663000113, 0.0210509103546934889
0.7687687687687999594, 0.0210962774089185102
0.7712712712713000185, 0.0211484643020395102
0.7737737737737999666, 0.0212075058959330237
0.7762762762763000257, 0.0212734451427820798
0.7787787787787999738, 0.0213463331619281847
0.7812812812813000329, 0.0214262293374554262
0.7837837837837999810, 0.0215132014368558735
0.7862862862863000402, 0.0216073257512183620
0.7887887887887999883, 0.0217086872574780848
0.7912912912913000474, 0.0218173798033629782
0.7937937937937999955, 0.0219335063157754563
0.7962962962963000546, 0.0220571790334553840
0.7987987987988000027, 0.0221885197648828796
0.8013013013012999508, 0.0223276601724981989
0.8038038038038000099, 0.0224747420844424554
0.8063063063062999580, 0.0226299178351564365
0.8088088088088000172, 0.0227933506363182520
0.8113113113112999653, 0.0229652149797536162
0.8138138138138000244, 0.0231456970741171046
0.8163163163162999725, 0.0233349953173199419
0.8188188188188000316, 0.0235333208068712330
0.8213213213212999797, 0.0237408978905064329
0.8238238238238000388, 0.0239579647597011960
0.8263263263262999869, 0.0241847740889126472
0.8288288288288000460, 0.0244215937236551550
0.8313313313312999941, 0.0246687074208069811
0.8338338338338000533, 0.0249264156448597736
0.8363363363363000014, 0.0251950364241681248
0.8388388388387999495, 0.0254749062716339951
0.8413413413413000086, 0.0257663811746760250
0.8438438438437999567, 0.0260698376597874558
0.8463463463463000158, 0.0263856739374878774
0.8488488488487999639, 0.0267143111340235745
0.8513513513514000541, 0.0270561946167781481
0.8538538538539000022, 0.0274117954210251619
0.8563563563563999503, 0.0277816117863923066
0.8588588588589000095, 0.0281661708122266513
0.8613613613613999576, 0.0285660302419541226
0.8638638638639000167, 0.0289817803875311412
0.8663663663663999648, 0.0294140462062012012
0.8688688688689000239, 0.0298634895430054566
0.8713713713713999720, 0.0303308115538764231
0.8738738738739000311, 0.0308167553256768201
0.8763763763763999792, 0.0313221087112576652
0.8788788788789000384, 0.0318477073995223139
0.8813813813813999865, 0.0323944382426181524
0.8838838838839000456, 0.0329632428647736384
0.8863863863863999937, 0.0335551215799792871
0.8888888888889000528, 0.0341711376487236485
0.8913913913914000009, 0.0348124219073828664
0.8938938938938999490, 0.0354801778076710567
0.8963963963964000081, 0.0361756869078602994
0.8988988988988999562, 0.0369003148623279348
0.9014014014014000153, 0.0376555179614764673
0.9039039039038999634, 0.0384428502802863573
0.9064064064064000226, 0.0392639715008056139
0.9089089089088999707, 0.0401206554818925587
0.9114114114114000298, 0.0410147996586356645
0.9139139139138999779, 0.0419484353642634936
0.9164164164164000370, 0.0429237391792203007
0.9189189189188999851, 0.0439430454256477185
0.9214214214214000442, 0.0450088599410696441
0.9239239239238999923, 0.0461238752829295565
0.9264264264264000515, 0.0472909875361746321
0.9289289289288999996, 0.0485133149197648217
0.9314314314313999477, 0.0497942184153364539
0.9339339339339000068, 0.0511373246729234648
0.9364364364363999549, 0.0525465514853718368
0.9389389389389000140, 0.0540261361658004730
0.9414414414413999621, 0.0555806672122442641
0.9439439439439000212, 0.0572151197017624139
0.9464464464463999693, 0.0589348949244045267
0.9489489489489000285, 0.0607458648473726895
0.9514514514515000076, 0.0626544220938347607
0.9539539539539999558, 0.0646675362319294039
0.9564564564565000149, 0.0667928173009746107
0.9589589589589999630, 0.0690385876579737434
0.9614614614615000221, 0.0714139634133225398
0.9639639639639999702, 0.0739289469465476690
0.9664664664665000293, 0.0765945322588084676
0.9689689689689999774, 0.0794228252385285466
0.9714714714715000365, 0.0824271813021307254
0.9739739739739999846, 0.0856223633386555411
0.9764764764765000438, 0.0890247234543090349
0.9789789789789999919, 0.0926524127049964258
0.9814814814815000510, 0.0965256238524678234
0.9839839839839999991, 0.1006668732222496671
0.9864864864864999472, 0.1051013290294493807
0.9889889889890000063, 0.1098571951369262945
0.9914914914914999544, 0.1149661612035306202
0.9939939939940000135, 0.1204639326780508612
0.9964964964964999616, 0.1263908572414771947
0.9989989989990000208, 0.1327926682864363772
1.0015015015019999023, 0.1397213711012066650
1.0040040040039999170, 0.1472363039348607849
1.0065065065070000205, 0.1554054145158757505
1.0090090090090000352, 0.1643068034982023140
1.0115115115119999167, 0.1740306005639393749
1.0140140140139999314, 0.1846812576907805592
1.0165165165170000350, 0.1963803690253849710
1.0190190190190000497, 0.2092701601832926417
1.0215215215219999312, 0.2235178348781174384
1.0240240240239999459, 0.2393210282419674095
1.0265265265270000494, 0.2569147008224559880
1.0290290290290000641, 0.2765799250024293943
1.0315315315319999456, 0.2986551813318514270
1.0340340340339999603, 0.3235510183893393066
1.0365365365370000639, 0.3517692706115259638
1.0390390390390000785, 0.3839285274215116228
1.0415415415419999601, 0.4207982884347095665
1.0440440440439999747, 0.4633453597168494253
1.0465465465470000783, 0.5127977690142075939
1.0490490490490000930, 0.5707341800886646110
1.0515515515519999745, 0.6392111158896057743
1.0540540540539999892, 0.7209474024135150705
1.0565565565570000928, 0.8195972020650204026
1.0590590590590001074, 0.9401637262715472065
1.0615615615619999890, 1.0896428058590676979
1.0640640640640000036, 1.2780543456943420644
1.0665665665670001072, 1.5201528852176704465
1.0690690690689998998, 1.8383786514157618441
1.0715715715720000034, 2.2681892750557768323
1.0740740740740000181, 2.8682341364193044697
1.0765765765769998996, 3.7410892643010300596
1.0790790790789999143, 5.0790541198959777702
1.0815815815820000179, 7.2759809704253921581
1.0840840840840000325, 11.2375284839177478347
1.0865865865869999141, 19.3947707943390952323
1.0890890890889999287, 39.7180404915844107450
1.0915915915920000323, 101.4809710336893857630
1.0940940940940000470, 178.6047467524401497485
1.0965965965969999285, 80.5501355628148871801
1.0990990990989999432, 33.0068353164684751277
1.1016016016020000468, 16.8822595216440056731
1.1041041041040000614, 10.0799898114330463983
1.1066066066069999430, 6.6583509327788457099
1.1091091091089999576, 4.7138620555327097605
1.1116116116120000612, 3.5085284425218250526
1.1141141141140000759, 2.7117144399709842695
1.1166166166169999574, 2.1583074983498722332
1.1191191191189999721, 1.7586774425133295807
1.1216216216220000756, 1.4608565488036897584
1.1241241241240000903, 1.2330675946946589860
1.1266266266269999718, 1.0550091765142282085
1.1291291291289999865, 0.9132267222233431125
1.1316316316320000901, 0.7985211224669248598
1.1341341341340001048, 0.7044320610814489569
1.1366366366369999863, 0.6263158236342045715
1.1391391391390000010, 0.5607657137705199801
1.1416416416420001045, 0.5052370941938144622
1.1441441441439998972, 0.4577985312579785915
1.1466466466470000007, 0.4169628386973633360
1.1491491491490000154, 0.3815700124762935741
1.1516516516519998969, 0.3507046224156942782
1.1541541541539999116, 0.3236365461593666004
1.1566566566570000152, 0.2997778056120112833
1.1591591591590000299, 0.2786506966254690965
1.1616616616619999114, 0.2598639597636865362
1.1641641641639999261, 0.2430947566634317769
1.1666666666670000296, 0.2280748921037330235
1.1691691691690000443, 0.2145801781468485714
1.1716716716719999258, 0.2024221494686476719
1.1741741741739999405, 0.1914415563795506814
1.1766766766770000441, 0.1815032150959854096
1.1791791791790000588, 0.1724919039025373801
1.1816816816819999403, 0.1643090724754344145
1.1841841841839999550, 0.1568701889379645331
1.1866866866870000585, 0.1501025914152253338
1.1891891891890000732, 0.1439437422542989842
1.1916916916919999547, 0.1383398066890241807
1.1941941941939999694, 0.1332444956899815902
1.1966966966970000730, 0.1286181265814932972
1.1991991991990000876, 0.1244268658443584558
1.2017017017019999692, 0.1206421271847367693
1.2042042042039999838, 0.1172401050688300223
1.2067067067070000874, 0.1142014300024569579
1.2092092092090001021, 0.1115109372973356605
1.2117117117119999836, 0.1091575462981446976
1.2142142142139999983, 0.1071342524355569925
1.2167167167170001019, 0.1054382404564775666
1.2192192192189998945, 0.1040711343002823364
1.2217217217219999981, 0.1030394080498070464
1.2242242242240000127, 0.1023549941814066860
1.2267267267269998943, 0.1020361414105464548
1.2292292292289999089, 0.1021085969280729477
1.2317317317320000125, 0.1026072200291594655
1.2342342342340000272, 0.1035781811635948096
1.2367367367369999087, 0.1050819704030764717
1.2392392392389999234, 0.1071975453902039577
1.2417417417420000270, 0.1100281127934308600
1.2442442442440000416, 0.1137092960402105446
1.2467467467469999232, 0.1184208596825208210
1.2492492492489999378, 0.1244038513762016629
1.2517517517520000414, 0.1319861959565936105
1.2542542542540000561, 0.1416218309121461960
1.2567567567569999376, 0.1539521937252507633
1.2592592592589999523, 0.1699058712115648628
1.2617617617620000559, 0.1908659689364464729
1.2642642642640000705, 0.2189631341121255348
1.2667667667669999521, 0.2576141999478359645
1.2692692692689999667, 0.3125715165237182291
1.2717717717720000703, 0.3941158000654193527
1.2742742742740000850, 0.5220523837183428384
1.2767767767769999665, 0.7384003385018055310
1.2792792792789999812, 1.1444172345541390179
1.2817817817820000847, 2.0294471706009522549
1.2842842842840000994, 4.4092172623341046034
1.2867867867869999809, 11.4378281665179901694
1.2892892892889999956, 12.3727665619906090910
1.2917917917920000992, 4.8248809059542638877
1.2942942942939998918, 2.1691205102324691012
1.2967967967969999954, 1.2036470130160579206
1.2992992992990000101, 0.7688202451158550055
1.3018018018019998916, 0.5401543945299160931
1.3043043043039999063, 0.4062833960717148196
1.3068068068070000098, 0.3216715511965778651
1.3093093093090000245, 0.2650945350319802163
1.3118118118119999060, 0.2256312939860022904
1.3143143143139999207, 0.1972154141345596468
1.3168168168170000243, 0.1762666824214938477
1.3193193193190000390, 0.1605665462373155605
1.3218218218219999205, 0.1486846077984405601
1.3243243243239999352, 0.1396683943840746345
1.3268268268270000387, 0.1328670817988992225
1.3293293293290000534, 0.1278270943330330478
1.3318318318319999349, 0.1242280755358003419
1.3343343343339999496, 0.1218424595397488014
1.3368368368370000532, 0.1205093431067214421
1.3393393393390000679, 0.1201173170947136548
1.3418418418419999494, 0.1205930980593397928
1.3443443443439999641, 0.1218940479405584559
1.3468468468470000676, 0.1240034083278387517
1.3493493493490000823, 0.1269275299668854995
1.3518518518519999638, 0.1306946706946468528
1.3543543543539999785, 0.1353551359306402468
1.3568568568570000821, 0.1409826875560390991
1.3593593593590000967, 0.1476772774850920178
1.3618618618619999783, 0.1555692929275641900
1.3643643643639999929, 0.1648256513948175017
1.3668668668670000965, 0.1756582782575192847
1.3693693693689998891, 0.1883357698578204675
1.3718718718719999927, 0.2031994384008768972
1.3743743743740000074, 0.2206855266530270976
1.3768768768770001110, 0.2413562954015434636
1.3793793793789999036, 0.2659441362188674218
1.3818818818820000072, 0.2954152158342691070
1.3843843843840000218, 0.3310630807467332404
1.3868868868869999034, 0.3746493740533633487
1.3893893893889999180, 0.4286207068017876542
1.3918918918920000216, 0.4964525028341489343
1.3943943943940000363, 0.5832121267815199017
1.3968968968969999178, 0.6965163001145328048
1.3993993993989999325, 0.8482314084639852592
1.4019019019020000361, 1.0576524204084494230
1.4044044044040000507, 1.3578230753735662795
1.4069069069069999323, 1.8090765090852345409
1.4094094094089999469, 2.5308594343207699850
1.4119119119120000505, 3.7858118568435363827
1.4144144144140000652, 6.2378507899522537272
1.4169169169169999467, 11.9067818676867851480
1.4194194194189999614, 28.2338774482714995884
1.4219219219220000650, 67.7392061414888928539
1.4244244244240000796, 45.2884659079175762031
1.4269269269269999612, 17.4354542642251857387
1.4294294294289999758, 8.2993064782323813233
1.4319319319320000794, 4.7317904035697546661
1.4344344344340000941, 3.0333092924928259926
1.4369369369369999756, 2.1042210196638371222
1.4394394394389999903, 1.5438946824760026999
1.4419419419420000938, 1.1809787976259871201
1.4444444444440001085, 0.9328529982712563395
1.4469469469469999900, 0.7558714606417663573
1.4494494494490000047, 0.6252703392144731698
1.4519519519520001083, 0.5261713231724181039
1.4544544544539999009, 0.4492067461223365754
1.4569569569570000045, 0.3882439292104374884
1.4594594594590000192, 0.3391334277542051856
1.4619619619619999007, 0.2989872786358991896
1.4644644644639999154, 0.2657457593007556129
1.4669669669670000189, 0.2379081329593248084
1.4694694694690000336, 0.2143601581108024456
1.4719719719719999151, 0.1942605991063639792
1.4744744744739999298, 0.1769647681110644855
1.4769769769770000334, 0.1619719151853554195
1.4794794794790000481, 0.1488883342533427190
1.4819819819819999296, 0.1374010427771175658
1.4844844844839999443, 0.1272587102014014482
1.4869869869870000478, 0.1182576412891861856
1.4894894894890000625, 0.1102313398230435754
1.4919919919919999440, 0.1030426447689642838
1.4944944944939999587, 0.0965777392000607693
1.4969969969970000623, 0.0907415392510707297
1.4994994994990000770, 0.0854541115151622732
1.5020020020019999585, 0.0806478649167980122
1.5045045045050000621, 0.0762653315113971941
1.5070070070070000767, 0.0722573992026451367
1.5095095095099999583, 0.0685818942023813938
1.5120120120119999729, 0.0652024363248991379
1.5145145145150000765, 0.0620875087195231767
1.5170170170170000912, 0.0592096973366678103
1.5195195195199999727, 0.0565450656386392927
1.5220220220219999874, 0.0540726377534174185
1.5245245245250000909, 0.0517739690993296586
1.5270270270270001056, 0.0496327879628743959
1.5295295295299999871, 0.0476346949395387159
1.5320320320320000018, 0.0457669098026912205
1.5345345345350001054, 0.0440180574357604826
1.5370370370369998980, 0.0423779860866034391
1.5395395395400000016, 0.0408376124839328197
1.5420420420420000163, 0.0393887893718077309
1.5445445445449998978, 0.0380241918284763836
1.5470470470469999125, 0.0367372193852953041
1.5495495495500000160, 0.0355219114844147824
1.5520520520520000307, 0.0343728742370281518
1.5545545545549999122, 0.0332852167877967231
1.5570570570569999269, 0.0322544958716117769
1.5595595595600000305, 0.0312766673787491373
1.5620620620620000452, 0.0303480439335486948
1.5645645645649999267, 0.0294652576478759906
1.5670670670669999414, 0.0286252273399915484
1.5695695695700000449, 0.0278251296170145199
1.5720720720720000596, 0.0270623733089242688
1.5745745745749999411, 0.0263345768171521152
1.5770770770769999558, 0.0256395480038884571
1.5795795795800000594, 0.0249752663013472799
1.5820820820820000741, 0.0243398667650823811
1.5845845845849999556, 0.0237316258334540273
1.5870870870869999703, 0.0231489485876064521
1.5895895895900000738, 0.0225903573337964299
1.5920920920920000885, 0.0220544813533721934
1.5945945945949999700, 0.0215400476857710542
1.5970970970969999847, 0.0210458728271321789
1.5995995996000000883, 0.0205708552419227655
1.6021021021020001029, 0.0201139685977388440
1.6046046046049999845, 0.0196742556444642822
1.6071071071069999991, 0.0192508226685061158
1.6096096096100001027, 0.0188428344611025617
1.6121121121119998953, 0.0184495097468850011
1.6146146146149999989, 0.0180701170251374096
1.6171171171170000136, 0.0177039707816569608
1.6196196196199998951, 0.0173504280338925218
1.6221221221219999098, 0.0170088851762164942
1.6246246246250000134, 0.0166787750958508965
1.6271271271270000280, 0.0163595645331885906
1.6296296296299999096, 0.0160507516630845892
1.6321321321319999242, 0.0157518638761903126
1.6346346346350000278, 0.0154624557416090901
1.6371371371370000425, 0.0151821071341012494
1.6396396396399999240, 0.0149104215107939003
1.6421421421419999387, 0.0146470243238819957
1.6446446446450000423, 0.0143915615571674309
1.6471471471470000569, 0.0141436983754923244
1.6496496496499999385, 0.0139031178772001593
1.6521521521519999531, 0.0136695199407187162
1.6546546546550000567, 0.0134426201572169605
1.6571571571570000714, 0.0132221488420543806
1.6596596596599999529, 0.0130078501184283761
1.6621621621619999676, 0.0127994810672399702
1.6646646646650000712, 0.0125968109377508457
1.6671671671670000858, 0.0123996204141000894
1.6696696696699999674, 0.0122077009331957500
1.6721721721719999820, 0.0120208540498974760
1.6746746746750000856, 0.0118388908457689943
1.6771771771770001003, 0.0116616313780055908
1.6796796796799999818, 0.0114889041654371547
1.6821821821819999965, 0.0113205457087740546
1.6846846846850001000, 0.0111564000425047501
1.6871871871869998927, 0.0109963183160729158
1.6896896896899999962, 0.0108401584021603492
1.6921921921920000109, 0.0106877845300821350
1.6946946946949998924, 0.0105390669424642262
1.6971971971969999071, 0.0103938815735226987
1.6996996997000000107, 0.0102521097473991900
1.7022022022020000254, 0.0101136378951308670
1.7047047047049999069, 0.0099783572889456471
1.7072072072069999216, 0.0098461637926762786
1.7097097097100000251, 0.0097169576271808455
1.7122122122120000398, 0.0095906431497428911
1.7147147147149999213, 0.0094671286465031531
1.7172172172169999360, 0.0093463261370464994
1.7197197197200000396, 0.0092281511903338255
1.7222222222220000543, 0.0091125227512288964
1.7247247247249999358, 0.0089993629769256536
1.7272272272269999505, 0.0088885970826324129
1.7297297297300000540, 0.0087801531959161728
1.7322322322320000687, 0.0086739622191533399
1.7347347347349999502, 0.0085699576995727222
1.7372372372369999649, 0.0084680757064132146
1.7397397397400000685, 0.0083682547147521866
1.7422422422420000832, 0.0082704354955915743
1.7447447447449999647, 0.0081745610118173859
1.7472472472469999794, 0.0080805763196746504
1.7497497497500000829, 0.0079884284754243549
1.7522522522520000976, 0.0078980664468714691
1.7547547547549999791, 0.0078094410294740173
1.7572572572569999938, 0.0077225047667625517
1.7597597597600000974, 0.0076372118748172669
1.7622622622619998900, 0.0075535181705666107
1.7647647647649999936, 0.0074713810036866422
1.7672672672670000082, 0.0073907591918946922
1.7697697697699998898, 0.0073116129594441304
1.7722722722719999044, 0.0072339038786393773
1.7747747747750000080, 0.0071575948142017752
1.7772772772770000227, 0.0070826498703275313
1.7797797797799999042, 0.0070090343402889367
1.7822822822819999189, 0.0069367146584392138
1.7847847847850000225, 0.0068656583544900122
1.7872872872870000371, 0.0067958340099385185
1.7897897897899999187, 0.0067272112165286729
1.7922922922919999333, 0.0066597605366378980
1.7947947947950000369, 0.0065934534654873006
1.7972972972970000516, 0.0065282623950793347
1.7997997997999999331, 0.0064641605797725998
1.8023023023019999478, 0.0064011221034087767
1.8048048048050000514, 0.0063391218479116043
1.8073073073070000660, 0.0062781354632824964
1.8098098098099999476, 0.0062181393389216903
1.8123123123119999622, 0.0061591105762079084
1.8148148148150000658, 0.0061010269622733277
1.8173173173170000805, 0.0060438669449141731
1.8198198198199999620, 0.0059876096085806577
1.8223223223219999767, 0.0059322346513930773
1.8248248248250000803, 0.0058777223631338443
1.8273273273270000949, 0.0058240536041679787
1.8298298298299999765, 0.0057712097852471982
1.8323323323319999911, 0.0057191728481551666
1.8348348348350000947, 0.0056679252471537548
1.8373373373370001094, 0.0056174499311923212
1.8398398398399999909, 0.0055677303268440604
1.8423423423420000056, 0.0055187503219353319
1.8448448448450001091, 0.0054704942498357461
1.8473473473469999018, 0.0054229468743783819
1.8498498498500000053, 0.0053760933753811933
1.8523523523520000200, 0.0053299193347421010
1.8548548548549999015, 0.0052844107230816863
1.8573573573569999162, 0.0052395538869087713
1.8598598598600000198, 0.0051953355362853969
1.8623623623620000345, 0.0051517427329688895
1.8648648648649999160, 0.0051087628790098521
1.8673673673669999307, 0.0050663837057859720
1.8698698698700000342, 0.0050245932634525089
1.8723723723720000489, 0.0049833799107912918
1.8748748748749999304, 0.0049427323054409599
1.8773773773769999451, 0.0049026393944919863
1.8798798798800000487, 0.0048630904054308560
1.8823823823820000634, 0.0048240748374185245
1.8848848848849999449, 0.0047855824528889469
1.8873873873869999596, 0.0047476032694542336
1.8898898898900000631, 0.0047101275521035536
1.8923923923920000778, 0.0046731458056835191
1.8948948948949999593, 0.0046366487676484311
1.8973973973969999740, 0.0046006274010692051
1.8998998999000000776, 0.0045650728878904173
1.9024024024020000923, 0.0045299766224253021
1.9049049049049999738, 0.0044953302050790948
1.9074074074069999885, 0.0044611254362914680
1.9099099099100000920, 0.0044273543106893021
1.9124124124120001067, 0.0043940090114413556
1.9149149149149999882, 0.0043610819048068659
1.9174174174170000029, 0.0043285655348703628
1.9199199199200001065, 0.0042964526184554363
1.9224224224219998991, 0.0042647360402104139
1.9249249249250000027, 0.0042334088478593063
1.9274274274270000173, 0.0042024642476115853
1.9299299299299998989, 0.0041718955997247188
1.9324324324319999135, 0.0041416964142135916
1.9349349349350000171, 0.0041118603467012261
1.9374374374370000318, 0.0040823811944054409
1.9399399399399999133, 0.0040532528922563324
1.9424424424419999280, 0.0040244695091396542
1.9449449449450000316, 0.0039960252442614187
1.9474474474470000462, 0.0039679144236291894
1.9499499499499999278, 0.0039401314966457717
1.9524524524519999424, 0.0039126710328111674
1.9549549549550000460, 0.0038855277185288143
1.9574574574570000607, 0.0038586963540123342
1.9599599599599999422, 0.0038321718502891278
1.9624624624619999569, 0.0038059492262973466
1.9649649649650000605, 0.0037800236060728533
1.9674674674670000751, 0.0037543902160230057
1.9699699699699999567, 0.0037290443822841322
1.9724724724719999713, 0.0037039815281597662
1.9749749749750000749, 0.0036791971716367833
1.9774774774770000896, 0.0036546869229767214
1.9799799799799999711, 0.0036304464823796430
1.9824824824819999858, 0.0036064716377180459
1.9849849849850000894, 0.0035827582623383812
1.9874874874870001040, 0.0035593023129278640
1.9899899899899999856, 0.0035360998274443392
1.9924924924920000002, 0.0035131469231070500
1.9949949949950001038, 0.0034904397944462550
1.9974974974969998964, 0.0034679747114096859
2.0000000000000000000, 0.0034457480175239595
