# Delta1: 0.465
# Delta2: 1.17
# Delta3: 1.355
# Dq: 0.1355
# Ds: 0.04
# Dt: 0.061000000000000006
# k1_lab: [1, 0, 0]
# k2_lab: [-0.8660254037844387, 0.49999999999999994, 0.0]
# k1_cf: [-0.8191520442889918, -0.5735764363510462, 0.0]
# k2_cf: [0.9961946980917455, 0.0871557427476583, 0.0]
# pol1_lab: [(0, 1, 0), (0, 0, 1)]
# pol2_lab: "[array([-0.5      , -0.8660254,  0.       ]), array([0., 0., 1.])]"
# pol1_cf: "[array([ 0.57357644, -0.81915204,  0.        ]), array([0., 0., 1.])]"
# pol2_cf: "[array([-0.08715574,  0.9961947 ,  0.        ]), array([0., 0., 1.])]"
# cf: "[array([-0.81915204,  0.57357644,  0.        ]), array([-0.57357644, -0.81915204,  0.        ]), array([0., 0., 1.])]"
# th: 100
-0.5000000000000000000, 0.0049909366961678678
-0.4974974974974999964, 0.0050337442099570038
-0.4949949949949999928, 0.0050771572936783088
-0.4924924924924999892, 0.0051211878922196811
-0.4899899899899999856, 0.0051658482516656751
-0.4874874874874999819, 0.0052111509285301064
-0.4849849849849999783, 0.0052571087993217797
-0.4824824824824999747, 0.0053037350704571336
-0.4799799799800000266, 0.0053510432885343195
-0.4774774774775000230, 0.0053990473509838563
-0.4749749749750000194, 0.0054477615171117594
-0.4724724724725000158, 0.0054972004195517812
-0.4699699699700000122, 0.0055473790761442088
-0.4674674674675000086, 0.0055983129022595061
-0.4649649649650000049, 0.0056500177235859683
-0.4624624624625000013, 0.0057025097894015013
-0.4599599599599999977, 0.0057558057863506184
-0.4574574574574999941, 0.0058099228527487817
-0.4549549549549999905, 0.0058648785934373336
-0.4524524524524999869, 0.0059206910952134106
-0.4499499499499000077, 0.0059773789428604219
-0.4474474474474000041, 0.0060349612358060589
-0.4449449449449000005, 0.0060934576054360381
-0.4424424424423999969, 0.0061528882330933324
-0.4399399399398999932, 0.0062132738687941547
-0.4374374374373999896, 0.0062746358506934408
-0.4349349349348999860, 0.0063369961253345215
-0.4324324324323999824, 0.0064003772687192002
-0.4299299299298999788, 0.0064648025082366650
-0.4274274274273999752, 0.0065302957454913269
-0.4249249249249000271, 0.0065968815800721880
-0.4224224224224000235, 0.0066645853343083481
-0.4199199199199000199, 0.0067334330790577226
-0.4174174174174000163, 0.0068034516605786771
-0.4149149149149000126, 0.0068746687285369274
-0.4124124124124000090, 0.0069471127652028109
-0.4099099099099000054, 0.0070208131158973367
-0.4074074074074000018, 0.0070958000207483468
-0.4049049049048999982, 0.0071721046478218035
-0.4024024024023999946, 0.0072497591276966949
-0.3998998998998999910, 0.0073287965895559911
-0.3973973973973999874, 0.0074092511988702002
-0.3948948948948999838, 0.0074911581967544057
-0.3923923923923999801, 0.0075745539410843939
-0.3898898898898999765, 0.0076594759494623601
-0.3873873873873999729, 0.0077459629441279914
-0.3848848848849000248, 0.0078340548989164170
-0.3823823823824000212, 0.0079237930883703026
-0.3798798798799000176, 0.0080152201391200245
-0.3773773773774000140, 0.0081083800836525000
-0.3748748748749000104, 0.0082033184165964199
-0.3723723723724000068, 0.0083000821536597588
-0.3698698698699000031, 0.0083987198933632070
-0.3673673673673999995, 0.0084992818817225153
-0.3648648648648999959, 0.0086018200800418304
-0.3623623623623999923, 0.0087063882359904119
-0.3598598598598999887, 0.0088130419581458584
-0.3573573573573999851, 0.0089218387941986180
-0.3548548548548999815, 0.0090328383130248435
-0.3523523523523999779, 0.0091461021908480714
-0.3498498498497999987, 0.0092616943017242576
-0.3473473473472999951, 0.0093796808126002905
-0.3448448448447999914, 0.0095001302832119338
-0.3423423423422999878, 0.0096231137711053783
-0.3398398398397999842, 0.0097487049420849157
-0.3373373373372999806, 0.0098769801864098204
-0.3348348348347999770, 0.0100080187410852405
-0.3323323323322999734, 0.0101419028186153191
-0.3298298298298000253, 0.0102787177426120653
-0.3273273273273000217, 0.0104185520906805405
-0.3248248248248000181, 0.0105614978450304341
-0.3223223223223000145, 0.0107076505512952759
-0.3198198198198000108, 0.0108571094860749253
-0.3173173173173000072, 0.0110099778337535304
-0.3148148148148000036, 0.0111663628731846591
-0.3123123123123000000, 0.0113263761748786003
-0.3098098098097999964, 0.0114901338093723986
-0.3073073073072999928, 0.0116577565675140514
-0.3048048048047999892, 0.0118293701934461416
-0.3023023023022999856, 0.0120051056311326725
-0.2997997997997999819, 0.0121850992853372031
-0.2972972972972999783, 0.0123694932980285954
-0.2947947947947999747, 0.0125584358412662526
-0.2922922922923000266, 0.0127520814276978062
-0.2897897897898000230, 0.0129505912398903897
-0.2872872872873000194, 0.0131541334798133160
-0.2847847847848000158, 0.0133628837398940842
-0.2822822822823000122, 0.0135770253971836570
-0.2797797797798000086, 0.0137967500322915861
-0.2772772772773000050, 0.0140222578748860661
-0.2747747747748000013, 0.0142537582777027931
-0.2722722722722999977, 0.0144914702211671794
-0.2697697697697999941, 0.0147356228509111908
-0.2672672672672999905, 0.0149864560506594770
-0.2647647647647999869, 0.0152442210531701979
-0.2622622622622999833, 0.0155091810921481922
-0.2597597597597999797, 0.0157816120983019295
-0.2572572572572999761, 0.0160618034429944635
-0.2547547547547999724, 0.0163500587332455032
-0.2522522522523000243, 0.0166466966621779851
-0.2497497497496999896, 0.0169520519193740171
-0.2472472472472000138, 0.0172664761660131956
-0.2447447447447000102, 0.0175903390801171455
-0.2422422422422000066, 0.0179240294777212317
-0.2397397397397000030, 0.0182679565163440631
-0.2372372372371999993, 0.0186225509877327201
-0.2347347347346999957, 0.0189882667075351695
-0.2322322322321999921, 0.0193655820102961278
-0.2297297297296999885, 0.0197550013590005666
-0.2272272272272000126, 0.0201570570793076116
-0.2247247247247000090, 0.0205723112296393625
-0.2222222222222000054, 0.0210013576194265569
-0.2197197197197000018, 0.0214448239890804165
-0.2172172172171999982, 0.0219033743666743538
-0.2147147147146999946, 0.0223777116178995004
-0.2122122122121999910, 0.0228685802076249514
-0.2097097097096999874, 0.0233767691933733958
-0.2072072072072000115, 0.0239031154732423298
-0.2047047047047000079, 0.0244485073132936527
-0.2022022022022000043, 0.0250138881822374003
-0.1996996996997000007, 0.0256002609243910252
-0.1971971971971999971, 0.0262086923054549378
-0.1946946946946999935, 0.0268403179696630675
-0.1921921921921999898, 0.0274963478514132983
-0.1896896896896999862, 0.0281780720896299686
-0.1871871871872000104, 0.0288868674989520256
-0.1846846846847000068, 0.0296242046584767015
-0.1821821821822000032, 0.0303916556863430935
-0.1796796796796999995, 0.0311909027770521166
-0.1771771771771999959, 0.0320237475882564002
-0.1746746746746999923, 0.0328921215750082388
-0.1721721721721999887, 0.0337980973823550843
-0.1696696696697000128, 0.0347439014219880493
-0.1671671671672000092, 0.0357319277756982523
-0.1646646646647000056, 0.0367647535880525275
-0.1621621621622000020, 0.0378451561334113770
-0.1596596596596999984, 0.0389761317687069495
-0.1571571571571999948, 0.0401609170139100163
-0.1546546546546999912, 0.0414030120375989824
-0.1521521521521999876, 0.0427062068664015929
-0.1496496496496000084, 0.0440746106854109365
-0.1471471471471000048, 0.0455126846532798446
-0.1446446446446000011, 0.0470252787221713681
-0.1421421421420999975, 0.0486176730310074606
-0.1396396396395999939, 0.0502956245328503790
-0.1371371371370999903, 0.0520654196266443145
-0.1346346346345999867, 0.0539339336934209976
-0.1321321321321000108, 0.0559086985917514809
-0.1296296296296000072, 0.0579979793520069564
-0.1271271271271000036, 0.0602108615304423056
-0.1246246246246000000, 0.0625573509504194214
-0.1221221221220999964, 0.0650484878794151677
-0.1196196196196000067, 0.0676964780796049381
-0.1171171171171000031, 0.0705148436428396225
-0.1146146146145999994, 0.0735185970980732489
-0.1121121121120999958, 0.0767244429865632793
-0.1096096096096000061, 0.0801510119704213625
-0.1071071071071000025, 0.0838191336155955924
-0.1046046046045999989, 0.0877521553256718628
-0.1021021021020999953, 0.0919763165686807715
-0.0995995995996000055, 0.0965211896276562120
-0.0970970970971000019, 0.1014202007380527598
-0.0945945945945900063, 0.1067112488111555402
-0.0920920920920900027, 0.1124374431948512026
-0.0895895895895899991, 0.1186479873760593745
-0.0870870870870899955, 0.1253992425664106070
-0.0845845845845799998, 0.1327560142557294431
-0.0820820820820799962, 0.1407931167806653061
-0.0795795795795800065, 0.1495972867251169902
-0.0770770770770800029, 0.1592695369203617484
-0.0745745745745699934, 0.1699280708819280172
-0.0720720720720700037, 0.1817119154592779229
-0.0695695695695700000, 0.1947854812378656819
-0.0670670670670699964, 0.2093443315683080619
-0.0645645645645600008, 0.2256225404586033045
-0.0620620620620599972, 0.2439021595508750473
-0.0595595595595600005, 0.2645255140484220058
-0.0570570570570599969, 0.2879113359501930813
-0.0545545545545500013, 0.3145761657648777909
-0.0520520520520499977, 0.3451630830980928488
-0.0495495495495500010, 0.3804807785285200250
-0.0470470470470499974, 0.4215574457841544387
-0.0445445445445400018, 0.4697162773668681623
-0.0420420420420399982, 0.5266830455660800325
-0.0395395395395400015, 0.5947423308741538461
-0.0370370370370399979, 0.6769692198572226927
-0.0345345345345300023, 0.7775811208359271198
-0.0320320320320299987, 0.9024863461206034110
-0.0295295295295299985, 1.0601657073403703002
-0.0270270270270299984, 1.2631391021174327438
-0.0245245245245199993, 1.5305048262518905489
-0.0220220220220199991, 1.8925469481213559320
-0.0195195195195199990, 2.3995721624770220970
-0.0170170170170199989, 3.1400301704800250846
-0.0145145145145099998, 4.2808415175643457218
-0.0120120120120099996, 6.1668218720970271463
-0.0095095095095099995, 9.5999331778819723127
-0.0070070070070070000, 16.7659087953077339250
-0.0045045045045049997, 34.9594777086172783243
-0.0020020020020019998, 90.4441094944480852291
0.0005005005005005000, 142.7215018733768658876
0.0030030030030029999, 60.7674442942370731657
0.0055055055055059999, 25.3795541544979315063
0.0080080080080079993, 13.1864753089526196561
0.0105105105105099995, 7.9527102372418454479
0.0130130130130099997, 5.2880059896108848605
0.0155155155155200005, 3.7607732006597389685
0.0180180180180199989, 2.8082000459099258904
0.0205205205205199991, 2.1755077524406645217
0.0230230230230199992, 1.7344582884229222675
0.0255255255255299983, 1.4150088499347093229
0.0280280280280299984, 1.1763480339458365354
0.0305305305305299986, 0.9934198346592939544
0.0330330330330299987, 0.8501630836533980995
0.0355355355355400013, 0.7359031819828698584
0.0380380380380399979, 0.6433239758465030267
0.0405405405405400016, 0.5672766472579501285
0.0430430430430399982, 0.5040533193928139477
0.0455455455455500008, 0.4509293433355361924
0.0480480480480499975, 0.4058665061639945004
0.0505505505505500011, 0.3673156547242191761
0.0530530530530499977, 0.3340824472925253419
0.0555555555555600003, 0.3052341844989893693
0.0580580580580599970, 0.2800339657381275549
0.0605605605605600006, 0.2578933862728151616
0.0630630630630600042, 0.2383380427648147115
0.0655655655655699998, 0.2209820334354666849
0.0680680680680700034, 0.2055088700742370156
0.0705705705705699932, 0.1916570241358522553
0.0730730730730699968, 0.1792088648548219865
0.0755755755755800063, 0.1679821095291842981
0.0780780780780799960, 0.1578231547081574704
0.0805805805805799996, 0.1486018299706477197
0.0830830830830800032, 0.1402072378581810663
0.0855855855855899988, 0.1325444304370658744
0.0880880880880900025, 0.1255317356335654833
0.0905905905905900061, 0.1190985921465968489
0.0930930930930899958, 0.1131837853369345587
0.0955955955956000053, 0.1077340014363353526
0.0980980980980999950, 0.1027026361022186779
0.1006006006005999986, 0.0980488074501029566
0.1031031031031000023, 0.0937365344298688591
0.1056056056056000059, 0.0897340496392048381
0.1081081081080999956, 0.0860132220173241285
0.1106106106105999992, 0.0825490697949428226
0.1131131131131000028, 0.0793193479326716466
0.1156156156156000064, 0.0763041973123619877
0.1181181181180999962, 0.0734858453440512399
0.1206206206205999998, 0.0708483495579015632
0.1231231231231000034, 0.0683773772744224739
0.1256256256256000070, 0.0660600156701923735
0.1281281281281000106, 0.0638846075439383765
0.1306306306305999865, 0.0618406088884187743
0.1331331331330999901, 0.0599184650253184597
0.1356356356355999937, 0.0581095025931882836
0.1381381381380999973, 0.0564058351157853272
0.1406406406406000009, 0.0548002802384909143
0.1431431431431000045, 0.0532862870184621015
0.1456456456456000081, 0.0518578719014675185
0.1481481481481000118, 0.0505095622242973871
0.1506506506506999910, 0.0492363462537063062
0.1531531531531999946, 0.0480336289170726627
0.1556556556556999982, 0.0468971925012225538
0.1581581581582000018, 0.0458231616981275638
0.1606606606607000054, 0.0448079724626736717
0.1631631631632000090, 0.0438483442210493846
0.1656656656657000126, 0.0429412550306840224
0.1681681681681999885, 0.0420839193458585475
0.1706706706706999921, 0.0412737680885870775
0.1731731731731999957, 0.0405084307633416033
0.1756756756756999993, 0.0397857193876827234
0.1781781781782000029, 0.0391036140396999882
0.1806806806807000065, 0.0384602498480711014
0.1831831831832000101, 0.0378539052721013000
0.1856856856857000138, 0.0372829915378017837
0.1881881881881999896, 0.0367460431123282222
0.1906906906906999932, 0.0362417091132738872
0.1931931931931999968, 0.0357687455617023489
0.1956956956957000004, 0.0353260083986596390
0.1981981981982000041, 0.0349124471944432455
0.2007007007007000077, 0.0345270994883112303
0.2032032032032000113, 0.0341690857037421289
0.2057057057056999871, 0.0338376045909461604
0.2082082082081999908, 0.0335319291541930770
0.2107107107106999944, 0.0332514030267649918
0.2132132132131999980, 0.0329954372610514607
0.2157157157157000016, 0.0327635075055538946
0.2182182182182000052, 0.0325551515444273479
0.2207207207207000088, 0.0323699671787163398
0.2232232232232000124, 0.0322076104316927972
0.2257257257256999883, 0.0320677940637250428
0.2282282282281999919, 0.0319502863849406016
0.2307307307306999955, 0.0318549103566324390
0.2332332332331999991, 0.0317815429749345041
0.2357357357357000027, 0.0317301149327948451
0.2382382382382000063, 0.0317006105587346182
0.2407407407407000099, 0.0316930680333349993
0.2432432432432000136, 0.0317075798868724085
0.2457457457456999894, 0.0317442937840609063
0.2482482482481999930, 0.0318034136044942628
0.2507507507508000000, 0.0318852008301450177
0.2532532532533000036, 0.0319899762542168731
0.2557557557558000072, 0.0321181220288001210
0.2582582582583000108, 0.0322700840721991192
0.2607607607608000144, 0.0324463748605380922
0.2632632632633000180, 0.0326475766323676767
0.2657657657658000216, 0.0328743450395612216
0.2682682682683000253, 0.0331274132828810047
0.2707707707707999734, 0.0334075967763082377
0.2732732732732999770, 0.0337157983906658659
0.2757757757757999806, 0.0340530143343457103
0.2782782782782999842, 0.0344203407372262321
0.2807807807807999878, 0.0348189810132949196
0.2832832832832999914, 0.0352502540882759369
0.2857857857857999950, 0.0357156035909343902
0.2882882882882999986, 0.0362166081209592122
0.2907907907908000023, 0.0367549927227489304
0.2932932932933000059, 0.0373326417134140359
0.2957957957958000095, 0.0379516130353434247
0.2982982982983000131, 0.0386141543293004944
0.3008008008008000167, 0.0393227209538875577
0.3033033033033000203, 0.0400799962121473063
0.3058058058058000239, 0.0408889140870099810
0.3083083083083000275, 0.0417526848354293212
0.3108108108107999756, 0.0426748238477855438
0.3133133133132999792, 0.0436591842462025065
0.3158158158157999829, 0.0447099937749556309
0.3183183183182999865, 0.0458318966307119102
0.3208208208207999901, 0.0470300009931671481
0.3233233233232999937, 0.0483099331516621266
0.3258258258257999973, 0.0496778992854808449
0.3283283283283000009, 0.0511407561508848765
0.3308308308308000045, 0.0527060921641373942
0.3333333333333000081, 0.0543823206564636868
0.3358358358358000118, 0.0561787874261679351
0.3383383383383000154, 0.0581058951403797541
0.3408408408408000190, 0.0601752476637127248
0.3433433433433000226, 0.0623998180385336165
0.3458458458458000262, 0.0647941446438744934
0.3483483483482999743, 0.0673745610589723404
0.3508508508509000090, 0.0701594664073726115
0.3533533533534000126, 0.0731696445296037973
0.3558558558559000162, 0.0764286423202995696
0.3583583583584000198, 0.0799632200936068460
0.3608608608609000235, 0.0838038900745489840
0.3633633633634000271, 0.0879855632767531370
0.3658658658658999752, 0.0925483304206500962
0.3683683683683999788, 0.0975384095833168180
0.3708708708708999824, 0.1030093025195235046
0.3733733733733999860, 0.1090232138419373054
0.3758758758758999896, 0.1156528036027919537
0.3783783783783999932, 0.1229833658453716588
0.3808808808808999968, 0.1311155556314718973
0.3833833833834000004, 0.1401688281414337489
0.3858858858859000041, 0.1502858104301062481
0.3883883883884000077, 0.1616379063374280833
0.3908908908909000113, 0.1744325484615074084
0.3933933933934000149, 0.1889226741089770623
0.3958958958959000185, 0.2054192396711578827
0.3983983983984000221, 0.2243079391730545546
0.4009009009009000257, 0.2460718206879295433
0.4034034034033999738, 0.2713223016605448290
0.4059059059058999774, 0.3008423424515807021
0.4084084084083999810, 0.3356475395803745210
0.4109109109108999847, 0.3770741594945041797
0.4134134134133999883, 0.4269085749471006608
0.4159159159158999919, 0.4875819072988485381
0.4184184184183999955, 0.5624702228112032909
0.4209209209208999991, 0.6563709798554286934
0.4234234234234000027, 0.7762843481661444445
0.4259259259259000063, 0.9327436991665263299
0.4284284284284000099, 1.1421829592146026666
0.4309309309309000136, 1.4313727259119688462
0.4334334334334000172, 1.8462642706700369555
0.4359359359359000208, 2.4710014813670944100
0.4384384384384000244, 3.4727937711009539967
0.4409409409408999725, 5.2211129086686103307
0.4434434434433999761, 8.6561110782515182649
0.4459459459458999797, 16.6623272875754722122
0.4484484484483999833, 39.9091702322402639425
0.4509509509510000180, 93.5970582786530655994
0.4534534534535000216, 59.1312858308019571041
0.4559559559560000253, 22.8659595933991859340
0.4584584584584999734, 10.9741936519218796775
0.4609609609609999770, 6.2879242523287341982
0.4634634634634999806, 4.0419648250042641280
0.4659659659659999842, 2.8078286380653327825
0.4684684684684999878, 2.0611746477874572925
0.4709709709709999914, 1.5764842419977744825
0.4734734734734999950, 1.2445613198279839029
0.4759759759759999986, 1.0075333424556307538
0.4784784784785000022, 0.8324799561377416168
0.4809809809810000059, 0.6995811599414121229
0.4834834834835000095, 0.5963364930036931799
0.4859859859860000131, 0.5145506065847896826
0.4884884884885000167, 0.4486716969568165791
0.4909909909910000203, 0.3948317682245290339
0.4934934934935000239, 0.3502696657504961175
0.4959959959960000275, 0.3129720260363281215
0.4984984984984999756, 0.2814429965472043937
0.5010010010009999792, 0.2545525697324886316
0.5035035035035000384, 0.2314343130358473555
0.5060060060059999865, 0.2114149411835520576
0.5085085085085000456, 0.1939648910869598564
0.5110110110109999937, 0.1786630386720569896
0.5135135135135000528, 0.1651711176846812068
0.5160160160160000009, 0.1532149085783600095
0.5185185185184999490, 0.1425702255236787619
0.5210210210210000081, 0.1330523527329824929
0.5235235235234999562, 0.1245079931729702605
0.5260260260260000154, 0.1168090695160872577
0.5285285285284999635, 0.1098479060369250276
0.5310310310310000226, 0.1035334508571406353
0.5335335335334999707, 0.0977882895867314972
0.5360360360360000298, 0.0925462664600556206
0.5385385385384999779, 0.0877505757683860188
0.5410410410410000370, 0.0833522202813850865
0.5435435435434999851, 0.0793087581898357652
0.5460460460460000442, 0.0755832784801642732
0.5485485485484999924, 0.0721435583693600391
0.5510510510510999715, 0.0689613667541810332
0.5535535535536000307, 0.0660118854616018880
0.5560560560560999788, 0.0632732260742103203
0.5585585585586000379, 0.0607260247123190128
0.5610610610610999860, 0.0583531007252199516
0.5635635635636000451, 0.0561391680284719571
0.5660660660660999932, 0.0540705900086550506
0.5685685685686000523, 0.0521351706408043486
0.5710710710711000004, 0.0503219758314259261
0.5735735735735999485, 0.0486211800908619152
0.5760760760761000077, 0.0470239345132128506
0.5785785785785999558, 0.0455222527463464560
0.5810810810811000149, 0.0441089122044306114
0.5835835835835999630, 0.0427773682386067902
0.5860860860861000221, 0.0415216793594496078
0.5885885885885999702, 0.0403364419146430842
0.5910910910911000293, 0.0392167328801550780
0.5935935935935999774, 0.0381580596336358047
0.5960960960961000366, 0.0371563157531686894
0.5985985985985999847, 0.0362077420295373945
0.6011011011011000438, 0.0353088920011895915
0.6036036036035999919, 0.0344566014223813555
0.6061061061061000510, 0.0336479611600492209
0.6086086086085999991, 0.0328802930866001347
0.6111111111110999472, 0.0321511285963242063
0.6136136136136000063, 0.0314581894243945448
0.6161161161160999544, 0.0307993704909547451
0.6186186186186000135, 0.0301727245298700521
0.6211211211210999616, 0.0295764482933711242
0.6236236236236000208, 0.0290088701509099052
0.6261261261260999689, 0.0284684389237881627
0.6286286286286000280, 0.0279537138171042990
0.6311311311310999761, 0.0274633553277877085
0.6336336336336000352, 0.0269961170223663414
0.6361361361360999833, 0.0265508380909894905
0.6386386386386000424, 0.0261264365953957009
0.6411411411410999905, 0.0257219033382217743
0.6436436436436000497, 0.0253362962895003797
0.6461461461460999978, 0.0249687355135669517
0.6486486486485999459, 0.0246183985460416074
0.6511511511512000361, 0.0242845161761943290
0.6536536536536999842, 0.0239663685949518326
0.6561561561562000433, 0.0236632818731532246
0.6586586586586999914, 0.0233746247384896619
0.6611611611612000505, 0.0230998056229373416
0.6636636636636999986, 0.0228382699554727370
0.6661661661661999467, 0.0225894976774936758
0.6686686686687000059, 0.0223530009607037089
0.6711711711711999540, 0.0221283221092871650
0.6736736736737000131, 0.0219150316300408543
0.6761761761761999612, 0.0217127264557646152
0.6786786786787000203, 0.0215210283086698373
0.6811811811811999684, 0.0213395821918652764
0.6836836836837000275, 0.0211680549981408048
0.6861861861861999756, 0.0210061342263087522
0.6886886886887000347, 0.0208535267962929802
0.6911911911911999828, 0.0207099579549904975
0.6936936936937000420, 0.0205751702656805160
0.6961961961961999901, 0.0204489226744294303
0.6986986986987000492, 0.0203309896475483004
0.7012012012011999973, 0.0202211603747060945
0.7037037037036999454, 0.0201192380327971029
0.7062062062062000045, 0.0200250391061078253
0.7087087087086999526, 0.0199383927587333913
0.7112112112112000117, 0.0198591402555611911
0.7137137137136999598, 0.0197871344284724845
0.7162162162162000190, 0.0197222391847165709
0.7187187187186999671, 0.0196643290546881996
0.7212212212212000262, 0.0196132887765917141
0.7237237237236999743, 0.0195690129157057198
0.7262262262262000334, 0.0195314055161739906
0.7287287287286999815, 0.0195003797834422156
0.7312312312312000406, 0.0194758577956391163
0.7337337337336999887, 0.0194577702423651515
0.7362362362362000479, 0.0194460561895048248
0.7387387387386999960, 0.0194406628688199162
0.7412412412412000551, 0.0194415454912128180
0.7437437437437000032, 0.0194486670826722712
0.7462462462461999513, 0.0194619983420288786
0.7487487487487000104, 0.0194815175197567553
0.7512512512512999896, 0.0195072103171599759
0.7537537537538000487, 0.0195390698053802339
0.7562562562562999968, 0.0195770963637553475
0.7587587587587999449, 0.0196212976371474140
0.7612612612613000040, 0.0196716885119460339
0.7637637637637999521, 0.0197282911105359192
0.7662662662663000113, 0.0197911348041000142
0.7687687687687999594, 0.0198602562437103919
0.7712712712713000185, 0.0199356994097387198
0.7737737737737999666, 0.0200175156796982279
0.7762762762763000257, 0.0201057639147088976
0.7787787787787999738, 0.0202005105648587341
0.7812812812813000329, 0.0203018297938160758
0.7837837837837999810, 0.0204098036231322305
0.7862862862863000402, 0.0205245220967605196
0.7887887887887999883, 0.0206460834664074014
0.7912912912913000474, 0.0207745943984250780
0.7937937937937999955, 0.0209101702030527123
0.7962962962963000546, 0.0210529350869161705
0.7987987987988000027, 0.0212030224298050095
0.8013013013012999508, 0.0213605750868602999
0.8038038038038000099, 0.0215257457174296285
0.8063063063062999580, 0.0216986971419761455
0.8088088088088000172, 0.0218796027285688525
0.8113113113112999653, 0.0220686468106314100
0.8138138138138000244, 0.0222660251377889105
0.8163163163162999725, 0.0224719453618268984
0.8188188188188000316, 0.0226866275599653909
0.8213213213212999797, 0.0229103047978563013
0.8238238238238000388, 0.0231432237349344476
0.8263263263262999869, 0.0233856452749944578
0.8288288288288000460, 0.0236378452651295548
0.8313313313312999941, 0.0239001152464554147
0.8338338338338000533, 0.0241727632603569026
0.8363363363363000014, 0.0244561147143389709
0.8388388388387999495, 0.0247505133119395385
0.8413413413413000086, 0.0250563220515761728
0.8438438438437999567, 0.0253739242996507477
0.8463463463463000158, 0.0257037249437371551
0.8488488488487999639, 0.0260461516322253381
0.8513513513514000541, 0.0264016561074011252
0.8538538538539000022, 0.0267707156396105178
0.8563563563563999503, 0.0271538345708941878
0.8588588588589000095, 0.0275515459772970699
0.8613613613613999576, 0.0279644134599611426
0.8638638638639000167, 0.0283930330761133880
0.8663663663663999648, 0.0288380354221755703
0.8688688688689000239, 0.0293000878824576094
0.8713713713713999720, 0.0297798970582769697
0.8738738738739000311, 0.0302782113938776173
0.8763763763763999792, 0.0307958240172351121
0.8788788788789000384, 0.0313335758157456609
0.8813813813813999865, 0.0318923587689322052
0.8838838838839000456, 0.0324731195626960789
0.8863863863863999937, 0.0330768635123236260
0.8888888888889000528, 0.0337046588244692136
0.8913913913914000009, 0.0343576412317235860
0.8938938938938999490, 0.0350370190371849938
0.8963963963964000081, 0.0357440786107517880
0.8988988988988999562, 0.0364801903837045013
0.9014014014014000153, 0.0372468153936323307
0.9039039039038999634, 0.0380455124379743131
0.9064064064064000226, 0.0388779459014893941
0.9089089089088999707, 0.0397458943309811144
0.9114114114114000298, 0.0406512598397116842
0.9139139139138999779, 0.0415960784343280404
0.9164164164164000370, 0.0425825313689862928
0.9189189189188999851, 0.0436129576449251627
0.9214214214214000442, 0.0446898677892967194
0.9239239239238999923, 0.0458159590649143897
0.9264264264264000515, 0.0469941322831240391
0.9289289289288999996, 0.0482275104156882281
0.9314314314313999477, 0.0495194592289249710
0.9339339339339000068, 0.0508736101950168218
0.9364364364363999549, 0.0522938859721390620
0.9389389389389000140, 0.0537845287877732683
0.9414414414413999621, 0.0553501321093568671
0.9439439439439000212, 0.0569956760445659988
0.9464464464463999693, 0.0587265669816398328
0.9489489489489000285, 0.0605486820601011944
0.9514514514515000076, 0.0624684191563451424
0.9539539539539999558, 0.0644927531796553044
0.9564564564565000149, 0.0666292996056772197
0.9589589589589999630, 0.0688863863304641499
0.9614614614615000221, 0.0712731351140200031
0.9639639639639999702, 0.0737995541041915337
0.9664664664665000293, 0.0764766431976673100
0.9689689689689999774, 0.0793165143144737017
0.9714714714715000365, 0.0823325290479705874
0.9739739739739999846, 0.0855394566191541167
0.9764764764765000438, 0.0889536556313448717
0.9789789789789999919, 0.0925932838133498304
0.9814814814815000510, 0.0964785407867605610
0.9839839839839999991, 0.1006319499355982916
0.9864864864864999472, 0.1050786867444353651
0.9889889889890000063, 0.1098469625695272928
0.9914914914914999544, 0.1149684748007061830
0.9939939939940000135, 0.1204789368697250784
0.9964964964964999616, 0.1264187047077139636
0.9989989989990000208, 0.1328335202406623061
1.0015015015019999023, 0.1397753975903984203
1.0040040040039999170, 0.1473036841576805533
1.0065065065070000205, 0.1554863371598120270
1.0090090090090000352, 0.1644014670968517722
1.0115115115119999167, 0.1741392138756487351
1.0140140140139999314, 0.1848040400999609589
1.0165165165170000350, 0.1965175509679093491
1.0190190190190000497, 0.2094219835974947819
1.0215215215219999312, 0.2236845536830268932
1.0240240240239999459, 0.2395029088445420618
1.0265265265270000494, 0.2571120226557101485
1.0290290290290000641, 0.2767929810965054638
1.0315315315319999456, 0.2988842789202445505
1.0340340340339999603, 0.3237964795526611095
1.0365365365370000639, 0.3520314329613872251
1.0390390390390000785, 0.3842077448273109597
1.0415415415419999601, 0.4210949317963462724
1.0440440440439999747, 0.4636598177866291803
1.0465465465470000783, 0.5131304492714804377
1.0490490490490000930, 0.5710855096710373280
1.0515515515519999745, 0.6395815425848974112
1.0540540540539999892, 0.7213373957169811890
1.0565565565570000928, 0.8200072543067741249
1.0590590590590001074, 0.9405943538195273845
1.0615615615619999890, 1.0900945504033912048
1.0640640640640000036, 1.2785277756194022292
1.0665665665670001072, 1.5206485970689076481
1.0690690690689998998, 1.8388972714686959709
1.0715715715720000034, 2.2687314609955708811
1.0740740740740000181, 2.8688005791399247002
1.0765765765769998996, 3.7416806898339229903
1.0790790790789999143, 5.0796712914791397608
1.0815815815820000179, 7.2766246907247653652
1.0840840840840000325, 11.2381995974140149741
1.0865865865869999141, 19.3954701898941763716
1.0890890890889999287, 39.7187691052028171157
1.0915915915920000323, 101.4817298514905985485
1.0940940940940000470, 178.6055368139127779159
1.0965965965969999285, 80.5509579641888251444
1.0990990990989999432, 33.0076912145067922211
1.1016016016020000468, 16.8831501377061101721
1.1041041041040000614, 10.0809164358262108863
1.1066066066069999430, 6.6593149295038589486
1.1091091091089999576, 4.7148648674282300775
1.1116116116120000612, 3.5095715968493084169
1.1141141141140000759, 2.7127995544853691356
1.1166166166169999574, 2.1594362879060708948
1.1191191191189999721, 1.7598517262644131076
1.1216216216220000756, 1.4620782580534246176
1.1241241241240000903, 1.2343387814747415199
1.1266266266269999718, 1.0563320229653270221
1.1291291291289999865, 0.9146035508691099380
1.1316316316320000901, 0.7999544074815992944
1.1341341341340001048, 0.7059244406648711445
1.1366366366369999863, 0.6278701136231913393
1.1391391391390000010, 0.5623849226330152051
1.1416416416420001045, 0.5069244395723817576
1.1441441441439998972, 0.4595574582525374652
1.1466466466470000007, 0.4187970401041477553
1.1491491491490000154, 0.3834834512315026256
1.1516516516519998969, 0.3527015565290440025
1.1541541541539999116, 0.3257215564657069962
1.1566566566570000152, 0.3019558267195460721
1.1591591591590000299, 0.2809270514983617795
1.1616616616619999114, 0.2622443984467120459
1.1641641641639999261, 0.2455854997390182759
1.1666666666670000296, 0.2306826795698772581
1.1691691691690000443, 0.2173123245212757182
1.1716716716719999258, 0.2052866060642697110
1.1741741741739999405, 0.1944469818638241976
1.1766766766770000441, 0.1846590556484701828
1.1791791791790000588, 0.1758084845287521680
1.1816816816819999403, 0.1677977013309613352
1.1841841841839999550, 0.1605432768773345509
1.1866866866870000585, 0.1539737894215370828
1.1891891891890000732, 0.1480280999484326343
1.1916916916919999547, 0.1426539557883066134
1.1941941941939999694, 0.1378068631197094662
1.1966966966970000730, 0.1334491829837782806
1.1991991991990000876, 0.1295494165363384464
1.2017017017019999692, 0.1260816542702936915
1.2042042042039999838, 0.1230251715084440811
1.2067067067070000874, 0.1203641591340588179
1.2092092092090001021, 0.1180875847655213084
1.2117117117119999836, 0.1161891858470830291
1.2142142142139999983, 0.1146676029064615659
1.2167167167170001019, 0.1135266690958589286
1.2192192192189998945, 0.1127758818216042097
1.2217217217219999981, 0.1124310947800139238
1.2242242242240000127, 0.1125154854745486210
1.2267267267269998943, 0.1130608763729930299
1.2292292292289999089, 0.1141095203938086722
1.2317317317320000125, 0.1157165081637976378
1.2342342342340000272, 0.1179530229142518594
1.2367367367369999087, 0.1209107708225849176
1.2392392392389999234, 0.1247080692627718923
1.2417417417420000270, 0.1294983145938322089
1.2442442442440000416, 0.1354819286360332553
1.2467467467469999232, 0.1429234923249655398
1.2492492492489999378, 0.1521767828728735061
1.2517517517520000414, 0.1637221433288672534
1.2542542542540000561, 0.1782236122080701479
1.2567567567569999376, 0.1966186715365990934
1.2592592592589999523, 0.2202636870210022968
1.2617617617620000559, 0.2511781779561058636
1.2642642642640000705, 0.2924724657871208278
1.2667667667669999521, 0.3491337843017618403
1.2692692692689999667, 0.4295576910678715610
1.2717717717720000703, 0.5487483435454333369
1.2742742742740000850, 0.7356100956585429618
1.2767767767769999665, 1.0514661711517128140
1.2792792792789999812, 1.6440930954334955771
1.2817817817820000847, 2.9357632310329027092
1.2842842842840000994, 6.4088418564452638293
1.2867867867869999809, 16.6664659072111049909
1.2892892892889999956, 18.0308703800247407401
1.2917917917920000992, 7.0152801605488699366
1.2942942942939998918, 3.1392862203149327627
1.2967967967969999954, 1.7300801624914314836
1.2992992992990000101, 1.0952649700732899340
1.3018018018019998916, 0.7612794402349143397
1.3043043043039999063, 0.5655920294312899443
1.3068068068070000098, 0.4417446144102418759
1.3093093093090000245, 0.3587590490129773935
1.3118118118119999060, 0.3006934961403185391
1.3143143143139999207, 0.2586905637101758471
1.3168168168170000243, 0.2275207076363726655
1.3193193193190000390, 0.2039409860850460166
1.3218218218219999205, 0.1858579879252585942
1.3243243243239999352, 0.1718749731554826132
1.3268268268270000387, 0.1610344865938022063
1.3293293293290000534, 0.1526658448848868810
1.3318318318319999349, 0.1462915116040487962
1.3343343343339999496, 0.1415678789225977008
1.3368368368370000532, 0.1382468749512743011
1.3393393393390000679, 0.1361505906538554855
1.3418418418419999494, 0.1351543015936503833
1.3443443443439999641, 0.1351750759161198523
1.3468468468470000676, 0.1361642323453930992
1.3493493493490000823, 0.1381025674373695111
1.3518518518519999638, 0.1409976882494314576
1.3543543543539999785, 0.1448830661298159406
1.3568568568570000821, 0.1498186297174204096
1.3593593593590000967, 0.1558928790105423567
1.3618618618619999783, 0.1632266553043981994
1.3643643643639999929, 0.1719788679519537455
1.3668668668670000965, 0.1823546840579053641
1.3693693693689998891, 0.1946169646700831868
1.3718718718719999927, 0.2091021293859531283
1.3743743743740000074, 0.2262422267640145090
1.3768768768770001110, 0.2465959055106580755
1.3793793793789999036, 0.2708924329389814645
1.3818818818820000072, 0.3000952623852745083
1.3843843843840000218, 0.3354955746632791169
1.3868868868869999034, 0.3788529427750306766
1.3893893893889999180, 0.4326121600351672258
1.3918918918920000216, 0.5002470488850674357
1.3943943943940000363, 0.5868235587179222446
1.3968968968969999178, 0.6999571565560673836
1.3993993993989999325, 0.8515131129425110856
1.4019019019020000361, 1.0607854025583389745
1.4044044044040000507, 1.3608168766564177066
1.4069069069069999323, 1.8119398753031910054
1.4094094094089999469, 2.5336003968048514956
1.4119119119120000505, 3.7884378039017736484
1.4144144144140000652, 6.2403685299139493026
1.4169169169169999467, 11.9091976846736944395
1.4194194194189999614, 28.2361971516559471240
1.4219219219220000650, 67.7414351098596938527
1.4244244244240000796, 45.2906091282511127361
1.4269269269269999612, 17.4375163668432300312
1.4294294294289999758, 8.3012917681094595679
1.4319319319320000794, 4.7337028883806686608
1.4344344344340000941, 3.0351527078142206406
1.4369369369369999756, 2.1059988516555496751
1.4394394394389999903, 1.5456101883313180245
1.4419419419420000938, 1.1826350240427530025
1.4444444444440001085, 0.9344527981637706926
1.4469469469469999900, 0.7574175082858229935
1.4494494494490000047, 0.6267651439943010550
1.4519519519520001083, 0.5276172420777933691
1.4544544544539999009, 0.4506059951264320684
1.4569569569570000045, 0.3895985936436330843
1.4594594594590000192, 0.3404454717757107174
1.4619619619619999007, 0.3002585538934126608
1.4644644644639999154, 0.2669780128582074918
1.4669669669670000189, 0.2391030145638690652
1.4694694694690000336, 0.2155192268624166463
1.4719719719719999151, 0.1953853295865694839
1.4744744744739999298, 0.1780565560212523935
1.4769769769770000334, 0.1630320825398884621
1.4794794794790000481, 0.1499181341679102775
1.4819819819819999296, 0.1384016638886710338
1.4844844844839999443, 0.1282312807523161846
1.4869869869870000478, 0.1192032329050341649
1.4894894894890000625, 0.1111509710104565535
1.4919919919919999440, 0.1039372841574850437
1.4944944944939999587, 0.0974483085495764373
1.4969969969970000623, 0.0915889162443649513
1.4994994994990000770, 0.0862791323532851734
1.5020020020019999585, 0.0814513267333051294
1.5045045045050000621, 0.0770479946200337551
1.5070070070070000767, 0.0730199891917258787
1.5095095095099999583, 0.0693251038879256348
1.5120120120119999729, 0.0659269275735085841
1.5145145145150000765, 0.0627939141510238524
1.5170170170170000912, 0.0598986219156658409
1.5195195195199999727, 0.0572170881633537742
1.5220220220219999874, 0.0547283122494409552
1.5245245245250000909, 0.0524138261253234011
1.5270270270270001056, 0.0502573358346202689
1.5295295295299999871, 0.0482444208782417464
1.5320320320320000018, 0.0463622810129437207
1.5345345345350001054, 0.0445995221181426510
1.5370370370369998980, 0.0429459743894967591
1.5395395395400000016, 0.0413925373987601639
1.5420420420420000163, 0.0399310475755836475
1.5445445445449998978, 0.0385541644772490477
1.5470470470469999125, 0.0372552728617866202
1.5495495495500000160, 0.0360283981029125080
1.5520520520520000307, 0.0348681329083540339
1.5545545545549999122, 0.0337695736469629665
1.5570570570569999269, 0.0327282648705849513
1.5595595595600000305, 0.0317401508465628979
1.5620620620620000452, 0.0308015331058437460
1.5645645645649999267, 0.0299090331677957857
1.5670670670669999414, 0.0290595597322245783
1.5695695695700000449, 0.0282502797366471561
1.5720720720720000596, 0.0274785927666513496
1.5745745745749999411, 0.0267421083822848328
1.5770770770769999558, 0.0260386259864998117
1.5795795795800000594, 0.0253661169148036367
1.5820820820820000741, 0.0247227084701251536
1.5845845845849999556, 0.0241066696649170423
1.5870870870869999703, 0.0235163984647823801
1.5895895895900000738, 0.0229504103553984581
1.5920920920920000885, 0.0224073280779751895
1.5945945945949999700, 0.0218858723985589226
1.5970970970969999847, 0.0213848537937247202
1.5995995996000000883, 0.0209031649500058814
1.6021021021020001029, 0.0204397739871759535
1.6046046046049999845, 0.0199937183265241625
1.6071071071069999991, 0.0195640991348024970
1.6096096096100001027, 0.0191500762828041224
1.6121121121119998953, 0.0187508637647198599
1.6146146146149999989, 0.0183657255306841939
1.6171171171170000136, 0.0179939716903848197
1.6196196196199998951, 0.0176349550503844717
1.6221221221219999098, 0.0172880679519847105
1.6246246246250000134, 0.0169527393801282636
1.6271271271270000280, 0.0166284323170581456
1.6296296296299999096, 0.0163146413172874892
1.6321321321319999242, 0.0160108902829331698
1.6346346346350000278, 0.0157167304206729738
1.6371371371370000425, 0.0154317383635375303
1.6396396396399999240, 0.0151555144424756951
1.6421421421419999387, 0.0148876810941651148
1.6446446446450000423, 0.0146278813929002494
1.6471471471470000569, 0.0143757776956008592
1.6496496496499999385, 0.0141310503900621207
1.6521521521519999531, 0.0138933967375285301
1.6546546546550000567, 0.0136625298015328016
1.6571571571570000714, 0.0134381774557079565
1.6596596596599999529, 0.0132200814639684000
1.6621621621619999676, 0.0130079966270712551
1.6646646646650000712, 0.0128016899901222808
1.6671671671670000858, 0.0126009401060867554
1.6696696696699999674, 0.0124055363508127660
1.6721721721719999820, 0.0122152782854761041
1.6746746746750000856, 0.0120299750627187001
1.6771771771770001003, 0.0118494448730794635
1.6796796796799999818, 0.0116735144286121348
1.6821821821819999965, 0.0115020184808516598
1.6846846846850001000, 0.0113347993705328262
1.6871871871869998927, 0.0111717066066837692
1.6896896896899999962, 0.0110125964729159802
1.6921921921920000109, 0.0108573316589126896
1.6946946946949998924, 0.0107057809152817790
1.6971971971969999071, 0.0105578187300881567
1.6996996997000000107, 0.0104133250255166315
1.7022022022020000254, 0.0102721848732398400
1.7047047047049999069, 0.0101342882271786977
1.7072072072069999216, 0.0099995296724457155
1.7097097097100000251, 0.0098678081893557000
1.7122122122120000398, 0.0097390269314742463
1.7147147147149999213, 0.0096130930167531645
1.7172172172169999360, 0.0094899173308739919
1.7197197197200000396, 0.0093694143419868169
1.7222222222220000543, 0.0092515019260920664
1.7247247247249999358, 0.0091361012023686988
1.7272272272269999505, 0.0090231363778029774
1.7297297297300000540, 0.0089125346005192001
1.7322322322320000687, 0.0088042258212567438
1.7347347347349999502, 0.0086981426624775128
1.7372372372369999649, 0.0085942202946245015
1.7397397397400000685, 0.0084923963190858855
1.7422422422420000832, 0.0083926106574501308
1.7447447447449999647, 0.0082948054466663035
1.7472472472469999794, 0.0081989249397503260
1.7497497497500000829, 0.0081049154117023153
1.7522522522520000976, 0.0080127250703229125
1.7547547547549999791, 0.0079223039716373109
1.7572572572569999938, 0.0078336039396552856
1.7597597597600000974, 0.0077465784902132741
1.7622622622619998900, 0.0076611827586614365
1.7647647647649999936, 0.0075773734311738823
1.7672672672670000082, 0.0074951086794747381
1.7697697697699998898, 0.0074143480987859346
1.7722722722719999044, 0.0073350526488150172
1.7747747747750000080, 0.0072571845976127734
1.7772772772770000227, 0.0071807074681411245
1.7797797797799999042, 0.0071055859874017318
1.7822822822819999189, 0.0070317860379849910
1.7847847847850000225, 0.0069592746119077221
1.7872872872870000371, 0.0068880197666159109
1.7897897897899999187, 0.0068179905830363643
1.7922922922919999333, 0.0067491571255681110
1.7947947947950000369, 0.0066814904039109221
1.7972972972970000516, 0.0066149623366344263
1.7997997997999999331, 0.0065495457163969855
1.8023023023019999478, 0.0064852141767288048
1.8048048048050000514, 0.0064219421602987716
1.8073073073070000660, 0.0063597048885891050
1.8098098098099999476, 0.0062984783329063446
1.8123123123119999622, 0.0062382391866611974
1.8148148148150000658, 0.0061789648388536709
1.8173173173170000805, 0.0061206333487034302
1.8198198198199999620, 0.0060632234213687207
1.8223223223219999767, 0.0060067143847003590
1.8248248248250000803, 0.0059510861669801974
1.8273273273270000949, 0.0058963192755962955
1.8298298298299999765, 0.0058423947766096315
1.8323323323319999911, 0.0057892942751696088
1.8348348348350000947, 0.0057369998967379413
1.8373373373370001094, 0.0056854942690826608
1.8398398398399999909, 0.0056347605050060231
1.8423423423420000056, 0.0055847821857720036
1.8448448448450001091, 0.0055355433452008787
1.8473473473469999018, 0.0054870284544000954
1.8498498498500000053, 0.0054392224071022309
1.8523523523520000200, 0.0053921105055823211
1.8548548548549999015, 0.0053456784471283200
1.8573573573569999162, 0.0052999123110397386
1.8598598598600000198, 0.0052547985461307949
1.8623623623620000345, 0.0052103239587155976
1.8648648648649999160, 0.0051664757010540492
1.8673673673669999307, 0.0051232412602381337
1.8698698698700000342, 0.0050806084474993591
1.8723723723720000489, 0.0050385653879189991
1.8748748748749999304, 0.0049971005105237179
1.8773773773769999451, 0.0049562025387500071
1.8798798798800000487, 0.0049158604812616236
1.8823823823820000634, 0.0048760636231050631
1.8848848848849999449, 0.0048368015171887345
1.8873873873869999596, 0.0047980639760722300
1.8898898898900000631, 0.0047598410640527370
1.8923923923920000778, 0.0047221230895362083
1.8948948948949999593, 0.0046849005976815298
1.8973973973969999740, 0.0046481643633064541
1.8998998999000000776, 0.0046119053840445734
1.9024024024020000923, 0.0045761148737431447
1.9049049049049999738, 0.0045407842560919965
1.9074074074069999885, 0.0045059051584742243
1.9099099099100000920, 0.0044714694060298005
1.9124124124120001067, 0.0044374690159236022
1.9149149149149999882, 0.0044038961918097825
1.9174174174170000029, 0.0043707433184847350
1.9199199199200001065, 0.0043380029567212479
1.9224224224219998991, 0.0043056678382768152
1.9249249249250000027, 0.0042737308610693130
1.9274274274270000173, 0.0042421850845136052
1.9299299299299998989, 0.0042110237250128982
1.9324324324319999135, 0.0041802401515989209
1.9349349349350000171, 0.0041498278817152902
1.9374374374370000318, 0.0041197805771386398
1.9399399399399999133, 0.0040900920400323308
1.9424424424419999280, 0.0040607562091277884
1.9449449449450000316, 0.0040317671560287033
1.9474474474470000462, 0.0040031190816335483
1.9499499499499999278, 0.0039748063126720540
1.9524524524519999424, 0.0039468232983514515
1.9549549549550000460, 0.0039191646071084895
1.9574574574570000607, 0.0038918249234633599
1.9599599599599999422, 0.0038647990449718790
1.9624624624619999569, 0.0038380818792723643
1.9649649649650000605, 0.0038116684412238238
1.9674674674670000751, 0.0037855538501322099
1.9699699699699999567, 0.0037597333270616090
1.9724724724719999713, 0.0037342021922273719
1.9749749749750000749, 0.0037089558624683085
1.9774774774770000896, 0.0036839898487951760
1.9799799799799999711, 0.0036592997540128144
1.9824824824819999858, 0.0036348812704133787
1.9849849849850000894, 0.0036107301775382067
1.9874874874870001040, 0.0035868423400059806
1.9899899899899999856, 0.0035632137054049154
1.9924924924920000002, 0.0035398403022467860
1.9949949949950001038, 0.0035167182379807213
1.9974974974969998964, 0.0034938436970647323
2.0000000000000000000, 0.0034712129390930516
