# Delta1: 0.465
# Delta2: 1.17
# Delta3: 1.355
# Dq: 0.1355
# Ds: 0.04
# Dt: 0.061000000000000006
# k1_lab: [1, 0, 0]
# k2_lab: [-0.8660254037844387, 0.49999999999999994, 0.0]
# k1_cf: [-0.90630778703665, -0.4226182617406995, 0.0]
# k2_cf: [0.9961946980917457, -0.08715574274765808, 0.0]
# pol1_lab: [(0, 1, 0), (0, 0, 1)]
# pol2_lab: [array([-0.5      , -0.8660254,  0.       ]), array([0., 0., 1.])]
# pol1_cf: [array([ 0.42261826, -0.90630779,  0.        ]), array([0., 0., 1.])]
# pol2_cf: [array([0.08715574, 0.9961947 , 0.        ]), array([0., 0., 1.])]
# cf: [array([-0.90630779,  0.42261826,  0.        ]), array([-0.42261826, -0.90630779,  0.        ]), array([0., 0., 1.])]
# th: 110
-0.5000000000000000000, 0.0050925429284681151
-0.4974974974974999964, 0.0051359106762707699
-0.4949949949949999928, 0.0051798885436347922
-0.4924924924924999892, 0.0052244885243210660
-0.4899899899899999856, 0.0052697229139415224
-0.4874874874874999819, 0.0053156043192022651
-0.4849849849849999783, 0.0053621456674799953
-0.4824824824824999747, 0.0054093602167455800
-0.4799799799800000266, 0.0054572615658492413
-0.4774774774775000230, 0.0055058636651825329
-0.4749749749750000194, 0.0055551808277330235
-0.4724724724725000158, 0.0056052277405482902
-0.4699699699700000122, 0.0056560194766266999
-0.4674674674675000086, 0.0057075715072532765
-0.4649649649650000049, 0.0057598997147997920
-0.4624624624625000013, 0.0058130204060092474
-0.4599599599599999977, 0.0058669503257857804
-0.4574574574574999941, 0.0059217066715122231
-0.4549549549549999905, 0.0059773071079184401
-0.4524524524524999869, 0.0060337697825249559
-0.4499499499499000077, 0.0060911133416874080
-0.4474474474474000041, 0.0061493569472687738
-0.4449449449449000005, 0.0062085202939676475
-0.4424424424423999969, 0.0062686236273322930
-0.4399399399398999932, 0.0063296877624916658
-0.4374374374373999896, 0.0063917341036363613
-0.4349349349348999860, 0.0064547846642839316
-0.4324324324323999824, 0.0065188620883650152
-0.4299299299298999788, 0.0065839896721685345
-0.4274274274273999752, 0.0066501913871862316
-0.4249249249249000271, 0.0067174919038990076
-0.4224224224224000235, 0.0067859166165497526
-0.4199199199199000199, 0.0068554916689497723
-0.4174174174174000163, 0.0069262439813684521
-0.4149149149149000126, 0.0069982012785585329
-0.4124124124124000090, 0.0070713921189722011
-0.4099099099099000054, 0.0071458459252262763
-0.4074074074074000018, 0.0072215930158779371
-0.4049049049048999982, 0.0072986646385759689
-0.4024024024023999946, 0.0073770930046560199
-0.3998998998998999910, 0.0074569113252523408
-0.3973973973973999874, 0.0075381538490025893
-0.3948948948948999838, 0.0076208559014264805
-0.3923923923923999801, 0.0077050539260640448
-0.3898898898898999765, 0.0077907855274639004
-0.3873873873873999729, 0.0078780895161173863
-0.3848848848849000248, 0.0079670059554400180
-0.3823823823824000212, 0.0080575762109075973
-0.3798798798799000176, 0.0081498430014609654
-0.3773773773774000140, 0.0082438504532998010
-0.3748748748749000104, 0.0083396441561935149
-0.3723723723724000068, 0.0084372712224448261
-0.3698698698699000031, 0.0085367803486499014
-0.3673673673673999995, 0.0086382218804079702
-0.3648648648648999959, 0.0087416478801424710
-0.3623623623623999923, 0.0088471121982062421
-0.3598598598598999887, 0.0089546705474537833
-0.3573573573573999851, 0.0090643805814754844
-0.3548548548548999815, 0.0091763019767007979
-0.3523523523523999779, 0.0092904965185909155
-0.3498498498497999987, 0.0094070281921555185
-0.3473473473472999951, 0.0095259632770436156
-0.3448448448447999914, 0.0096473704474746031
-0.3423423423422999878, 0.0097713208772936648
-0.3398398398397999842, 0.0098978883504539719
-0.3373373373372999806, 0.0100271493772489360
-0.3348348348347999770, 0.0101591833166392378
-0.3323323323322999734, 0.0102940725050428700
-0.3298298298298000253, 0.0104319023919817958
-0.3273273273273000217, 0.0105727616830057665
-0.3248248248248000181, 0.0107167424903433714
-0.3223223223223000145, 0.0108639404917616651
-0.3198198198198000108, 0.0110144550981499736
-0.3173173173173000072, 0.0111683896303800944
-0.3148148148148000036, 0.0113258515060346929
-0.3123123123123000000, 0.0114869524366387702
-0.3098098098097999964, 0.0116518086360749822
-0.3073073073072999928, 0.0118205410409141076
-0.3048048048047999892, 0.0119932755434460515
-0.3023023023022999856, 0.0121701432382551530
-0.2997997997997999819, 0.0123512806832478880
-0.2972972972972999783, 0.0125368301761094279
-0.2947947947947999747, 0.0127269400472407989
-0.2922922922923000266, 0.0129217649703097896
-0.2897897897898000230, 0.0131214662916366194
-0.2872872872873000194, 0.0133262123797324022
-0.2847847847848000158, 0.0135361789964121987
-0.2822822822823000122, 0.0137515496910187371
-0.2797797797798000086, 0.0139725162194173826
-0.2772772772773000050, 0.0141992789895574473
-0.2747747747748000013, 0.0144320475355438401
-0.2722722722722999977, 0.0146710410223235502
-0.2697697697697999941, 0.0149164887832683273
-0.2672672672672999905, 0.0151686308931282994
-0.2647647647647999869, 0.0154277187790418935
-0.2622622622622999833, 0.0156940158725198016
-0.2597597597597999797, 0.0159677983055745432
-0.2572572572572999761, 0.0162493556544457199
-0.2547547547547999724, 0.0165389917346783488
-0.2522522522523000243, 0.0168370254516475026
-0.2497497497496999896, 0.0171437917109943730
-0.2472472472472000138, 0.0174596423938465951
-0.2447447447447000102, 0.0177849474021470159
-0.2422422422422000066, 0.0181200957799116137
-0.2397397397397000030, 0.0184654969167875500
-0.2372372372371999993, 0.0188215818408890428
-0.2347347347346999957, 0.0191888046085629121
-0.2322322322321999921, 0.0195676437994798426
-0.2297297297296999885, 0.0199586041262757516
-0.2272272272272000126, 0.0203622181688861911
-0.2247247247247000090, 0.0207790482447382172
-0.2222222222222000054, 0.0212096884271016778
-0.2197197197197000018, 0.0216547667251696663
-0.2172172172171999982, 0.0221149474408515422
-0.2147147147146999946, 0.0225909337188426769
-0.2122122122121999910, 0.0230834703083020662
-0.2097097097096999874, 0.0235933465564483850
-0.2072072072072000115, 0.0241213996566047618
-0.2047047047047000079, 0.0246685181757153940
-0.2022022022022000043, 0.0252356458891595421
-0.1996996996997000007, 0.0258237859538447828
-0.1971971971971999971, 0.0264340054541198841
-0.1946946946946999935, 0.0270674403590667537
-0.1921921921921999898, 0.0277253009342758316
-0.1896896896896999862, 0.0284088776563577033
-0.1871871871872000104, 0.0291195476842843366
-0.1846846846847000068, 0.0298587819482902354
-0.1821821821822000032, 0.0306281529246176520
-0.1796796796796999995, 0.0314293431730028119
-0.1771771771771999959, 0.0322641547236367371
-0.1746746746746999923, 0.0331345194115888059
-0.1721721721721999887, 0.0340425102695828610
-0.1696696696697000128, 0.0349903541048315406
-0.1671671671672000092, 0.0359804454026834489
-0.1646646646647000056, 0.0370153617194955223
-0.1621621621622000020, 0.0380978807498527985
-0.1596596596596999984, 0.0392309992795544932
-0.1571571571571999948, 0.0404179542662947214
-0.1546546546546999912, 0.0416622463254515546
-0.1521521521521999876, 0.0429676659397552896
-0.1496496496496000084, 0.0443383227599374458
-0.1471471471471000048, 0.0457786784200651456
-0.1446446446446000011, 0.0472935833577385056
-0.1421421421420999975, 0.0488883182075936853
-0.1396396396395999939, 0.0505686404289461267
-0.1371371371370999903, 0.0523408369378017824
-0.1346346346345999867, 0.0542117836433405956
-0.1321321321321000108, 0.0561890129436541860
-0.1296296296296000072, 0.0582807904203016605
-0.1271271271271000036, 0.0604962021926965590
-0.1246246246246000000, 0.0628452546596434264
-0.1221221221220999964, 0.0653389886766680694
-0.1196196196196000067, 0.0679896106069336342
-0.1171171171171000031, 0.0708106431565605210
-0.1146146146145999994, 0.0738170994824068616
-0.1121121121120999958, 0.0770256847676336898
-0.1096096096096000061, 0.0804550303306311720
-0.1071071071071000025, 0.0841259664083885972
-0.1046046046045999989, 0.0880618410906953281
-0.1021021021020999953, 0.0922888945473605421
-0.0995995995996000055, 0.0968366997791970247
-0.0970970970971000019, 0.1017386837558784812
-0.0945945945945900063, 0.1070327461398021124
-0.0920920920920900027, 0.1127619970473281025
-0.0895895895895899991, 0.1189756407516941450
-0.0870870870870899955, 0.1257300392691923785
-0.0845845845845799998, 0.1330899989131679728
-0.0820820820820799962, 0.1411303348631820498
-0.0795795795795800065, 0.1499377845659864983
-0.0770770770770800029, 0.1596133617362209267
-0.0745745745745699934, 0.1702752707938726406
-0.0720720720720700037, 0.1820625395145660519
-0.0695695695695700000, 0.1951395794322484389
-0.0670670670670699964, 0.2097019548690090551
-0.0645645645645600008, 0.2259837408279683213
-0.0620620620620599972, 0.2442669899707158865
-0.0595595595595600005, 0.2648940285450770427
-0.0570570570570599969, 0.2882835896203308490
-0.0545545545545500013, 0.3149522148020680867
-0.0520520520520499977, 0.3455429848201721499
-0.0495495495495500010, 0.3808645914057804394
-0.0470470470470499974, 0.4219452294683836979
-0.0445445445445400018, 0.4701080927212714644
-0.0420420420420399982, 0.5270789546961146543
-0.0395395395395400015, 0.5951423971593114981
-0.0370370370370399979, 0.6773735079837867046
-0.0345345345345300023, 0.7779896968307516980
-0.0320320320320299987, 0.9028992773859401133
-0.0295295295295299985, 1.0605830626897858604
-0.0270270270270299984, 1.2635609518128587681
-0.0245245245245199993, 1.5309312420418432765
-0.0220220220220199991, 1.8929780032803711354
-0.0195195195195199990, 2.4000079318463538591
-0.0170170170170199989, 3.1404707305096435377
-0.0145145145145099998, 4.2812869463562917005
-0.0120120120120099996, 6.1672722494501517332
-0.0095095095095099995, 9.6003885853380701576
-0.0070070070070070000, 16.7663693161989506564
-0.0045045045045049997, 34.9599434281138954361
-0.0020020020020019998, 90.4445804996059479208
0.0005005005005005000, 142.7219782532484089188
0.0030030030030029999, 60.7679261397973107250
0.0055055055055059999, 25.3800415587982328702
0.0080080080080079993, 13.1869683671731863228
0.0105105105105099995, 7.9532090467310583293
0.0130130130130099997, 5.2885106499510907696
0.0155155155155200005, 3.7612838137325366183
0.0180180180180199989, 2.8087167159630364033
0.0205205205205199991, 2.1760305861569508856
0.0230230230230199992, 1.7349873949918099836
0.0255255255255299983, 1.4155443411261106057
0.0280280280280299984, 1.1768900241867015222
0.0305305305305299986, 0.9939684411128967279
0.0330330330330299987, 0.8507184263014773151
0.0355355355355400013, 0.7364653837107436596
0.0380380380380399979, 0.6438931625312847018
0.0405405405405400016, 0.5678529478599980695
0.0430430430430399982, 0.5046368660505522463
0.0455455455455500008, 0.4515202714637982506
0.0480480480480499975, 0.4064649545560356514
0.0505505505505500011, 0.3679217656575639039
0.0530530530530499977, 0.3346963666388165226
0.0555555555555600003, 0.3058560618380179452
0.0580580580580599970, 0.2806639544762288274
0.0605605605605600006, 0.2585316437658277122
0.0630630630630600042, 0.2389847304458091737
0.0655655655655699998, 0.2216373169474614435
0.0680680680680700034, 0.2061729194081289573
0.0705705705705699932, 0.1923300137738034321
0.0730730730730699968, 0.1798909739193559065
0.0755755755755800063, 0.1686735219382584638
0.0780780780780799960, 0.1585240593364934392
0.0805805805805799996, 0.1493124208176153100
0.0830830830830800032, 0.1409277142225498214
0.0855855855855899988, 0.1332749970989529353
0.0880880880880900025, 0.1262726030439289271
0.0905905905905900061, 0.1198499766246406278
0.0930930930930899958, 0.1139459092758147024
0.0955955955956000053, 0.1085070935175763002
0.0980980980980999950, 0.1034869315192738226
0.1006006006005999986, 0.0988445481415166638
0.1031031031031000023, 0.0945439693225254563
0.1056056056056000059, 0.0905534349021765855
0.1081081081080999956, 0.0868448213268611796
0.1106106106105999992, 0.0833931546111798816
0.1131131131131000028, 0.0801761977886597393
0.1156156156156000064, 0.0771741001160711482
0.1181181181180999962, 0.0743690976940278442
0.1206206206205999998, 0.0717452570733058681
0.1231231231231000034, 0.0692882549402171755
0.1256256256256000070, 0.0669851881982986841
0.1281281281281000106, 0.0648244097512286344
0.1306306306305999865, 0.0627953860924687218
0.1331331331330999901, 0.0608885734588990105
0.1356356356355999937, 0.0590953098385416445
0.1381381381380999973, 0.0574077205597947268
0.1406406406406000009, 0.0558186355499266235
0.1431431431431000045, 0.0543215166485630785
0.1456456456456000081, 0.0529103936092002250
0.1481481481481000118, 0.0515798076277231288
0.1506506506506999910, 0.0503247614089833081
0.1531531531531999946, 0.0491406749267223886
0.1556556556556999982, 0.0480233461534004397
0.1581581581582000018, 0.0469689161387574633
0.1606606606607000054, 0.0459738379024337632
0.1631631631632000090, 0.0450348486793363395
0.1656656656657000126, 0.0441489451188312731
0.1681681681681999885, 0.0433133610920464901
0.1706706706706999921, 0.0425255478070571402
0.1731731731731999957, 0.0417831559707153369
0.1756756756756999993, 0.0410840197693906825
0.1781781781782000029, 0.0404261424697468577
0.1806806806807000065, 0.0398076834656026848
0.1831831831832000101, 0.0392269466184989590
0.1856856856857000138, 0.0386823697583117548
0.1881881881881999896, 0.0381725152265392567
0.1906906906906999932, 0.0376960613590895596
0.1931931931931999968, 0.0372517948178159169
0.1956956956957000004, 0.0368386036909332873
0.1981981981982000041, 0.0364554712920226870
0.2007007007007000077, 0.0361014705957739129
0.2032032032032000113, 0.0357757592560882798
0.2057057057056999871, 0.0354775751587985411
0.2082082082081999908, 0.0352062324671811103
0.2107107107106999944, 0.0349611181237350493
0.2132132132131999980, 0.0347416887764747939
0.2157157157157000016, 0.0345474681023039271
0.2182182182182000052, 0.0343780445039750457
0.2207207207207000088, 0.0342330691607561771
0.2232232232232000124, 0.0341122544162708735
0.2257257257256999883, 0.0340153724901061799
0.2282282282281999919, 0.0339422545027347963
0.2307307307306999955, 0.0338927898061161109
0.2332332332331999991, 0.0338669256150641168
0.2357357357357000027, 0.0338646669371362313
0.2382382382382000063, 0.0338860768014406233
0.2407407407407000099, 0.0339312767894184644
0.2432432432432000136, 0.0340004478733659660
0.2457457457456999894, 0.0340938315712573867
0.2482482482481999930, 0.0342117314293542557
0.2507507507508000000, 0.0343545148471769424
0.2532532532533000036, 0.0345226152627221353
0.2557557557558000072, 0.0347165347193776064
0.2582582582583000108, 0.0349368468398751283
0.2607607607608000144, 0.0351842002368902493
0.2632632632633000180, 0.0354593223946165076
0.2657657657658000216, 0.0357630240608919556
0.2682682682683000253, 0.0360962041953253876
0.2707707707707999734, 0.0364598555254692508
0.2732732732732999770, 0.0368550707705339181
0.2757757757757999806, 0.0372830496005761153
0.2782782782782999842, 0.0377451064086950921
0.2807807807807999878, 0.0382426789847175319
0.2832832832832999914, 0.0387773381913876850
0.2857857857857999950, 0.0393507987584634927
0.2882882882882999986, 0.0399649313266753764
0.2907907907908000023, 0.0406217758926166045
0.2932932932933000059, 0.0413235568277413520
0.2957957957958000095, 0.0420726996703036232
0.2982982982983000131, 0.0428718499189080018
0.3008008008008000167, 0.0437238940911404625
0.3033033033033000203, 0.0446319833514422712
0.3058058058058000239, 0.0455995600600892920
0.3083083083083000275, 0.0466303876512266652
0.3108108108107999756, 0.0477285843140203558
0.3133133133132999792, 0.0488986610291460358
0.3158158158157999829, 0.0501455646055171400
0.3183183183182999865, 0.0514747264723614817
0.3208208208207999901, 0.0528921181132453733
0.3233233233232999937, 0.0544043141860008836
0.3258258258257999973, 0.0560185645614609817
0.3283283283283000009, 0.0577428767415871166
0.3308308308308000045, 0.0595861103928644192
0.3333333333333000081, 0.0615580860649832043
0.3358358358358000118, 0.0636697105719079004
0.3383383383383000154, 0.0659331220104068388
0.3408408408408000190, 0.0683618580027922362
0.3433433433433000226, 0.0709710515051994173
0.3458458458458000262, 0.0737776594578754968
0.3483483483482999743, 0.0768007307182547172
0.3508508508509000090, 0.0800617211744520663
0.3533533533534000126, 0.0835848657691037888
0.3558558558559000162, 0.0873976194804040041
0.3583583583584000198, 0.0915311822536063330
0.3608608608609000235, 0.0960211266453898649
0.3633633633634000271, 0.1009081517952939433
0.3658658658658999752, 0.1062389936249547029
0.3683683683683999788, 0.1120675293677970003
0.3708708708708999824, 0.1184561253111311996
0.3733733733733999860, 0.1254772909085007104
0.3758758758758999896, 0.1332157214816500623
0.3783783783783999932, 0.1417708374035483443
0.3808808808808999968, 0.1512599625473875498
0.3833833833834000004, 0.1618223326787033567
0.3858858858859000041, 0.1736241908876755002
0.3883883883884000077, 0.1868653203025679166
0.3908908908909000113, 0.2017874965073458982
0.3933933933934000149, 0.2186855320763143040
0.3958958958959000185, 0.2379218624918907066
0.3983983983984000221, 0.2599460321613762392
0.4009009009009000257, 0.2853210545863947845
0.4034034034033999738, 0.3147595617315922523
0.4059059059058999774, 0.3491741241928820738
0.4084084084083999810, 0.3897484573531337371
0.4109109109108999847, 0.4380400275926112919
0.4134134134133999883, 0.4961309145770258500
0.4159159159158999919, 0.5668546731587328358
0.4184184184183999955, 0.6541462218671711959
0.4209209209208999991, 0.7635971575400197775
0.4234234234234000027, 0.9033664081793624234
0.4259259259259000063, 1.0857309624482784916
0.4284284284284000099, 1.3298450964280985609
0.4309309309309000136, 1.6669108106190764218
0.4334334334334000172, 2.1504858009104230732
0.4359359359359000208, 2.8786424925387894547
0.4384384384384000244, 4.0462688663759127650
0.4409409409408999725, 6.0839962198011345862
0.4434434434433999761, 10.0876023313409355353
0.4459459459458999797, 19.4191107149515360675
0.4484484484483999833, 46.5140623186703052738
0.4509509509510000180, 109.0890353008077937602
0.4534534534535000216, 68.9180655859943271935
0.4559559559560000253, 26.6496600963135357176
0.4584584584584999734, 12.7894262903711890544
0.4609609609609999770, 7.3274312598310746836
0.4634634634634999806, 4.7096961551263456514
0.4659659659659999842, 3.2712735494881224341
0.4684684684684999878, 2.4010270192911424836
0.4709709709709999914, 1.8361073377709040688
0.4734734734734999950, 1.4492429229360470622
0.4759759759759999986, 1.1729814624517689303
0.4784784784785000022, 0.9689532218150154197
0.4809809809810000059, 0.8140573509317396983
0.4834834834835000095, 0.6937241600925805329
0.4859859859860000131, 0.5984017068030808018
0.4884884884885000167, 0.5216191856283708406
0.4909909909910000203, 0.4588683235002191108
0.4934934934935000239, 0.4069309065314702378
0.4959959959960000275, 0.3634602955013646608
0.4984984984984999756, 0.3267130268706670559
0.5010010010009999792, 0.2953720411825833114
0.5035035035035000384, 0.2684274840855695454
0.5060060060059999865, 0.2450946205602746453
0.5085085085085000456, 0.2247562283719420906
0.5110110110109999937, 0.2069214743957471514
0.5135135135135000528, 0.1911960989082517326
0.5160160160160000009, 0.1772604906288713922
0.5185185185184999490, 0.1648533541269841529
0.5210210210210000081, 0.1537593975174731120
0.5235235235234999562, 0.1437999484254923188
0.5260260260260000154, 0.1348257287953555927
0.5285285285284999635, 0.1267112392354028394
0.5310310310310000226, 0.1193503559226329891
0.5335335335334999707, 0.1126528499053100485
0.5360360360360000298, 0.1065416144602741588
0.5385385385384999779, 0.1009504405960075513
0.5410410410410000370, 0.0958222202930936462
0.5435435435434999851, 0.0911074860254728613
0.5460460460460000442, 0.0867632165262789412
0.5485485485484999924, 0.0827518547509001751
0.5510510510510999715, 0.0790404960243548671
0.5535535535536000307, 0.0756002134897692107
0.5560560560560999788, 0.0724054949524923219
0.5585585585586000379, 0.0694337705852284687
0.5610610610610999860, 0.0666650151212856423
0.5635635635636000451, 0.0640814114084223702
0.5660660660660999932, 0.0616670647419295392
0.5685685685686000523, 0.0594077594047044272
0.5710710710711000004, 0.0572907504361602760
0.5735735735735999485, 0.0553045849232534081
0.5760760760761000077, 0.0534389481260981875
0.5785785785785999558, 0.0516845305715496611
0.5810810810811000149, 0.0500329129123797609
0.5835835835835999630, 0.0484764658895233819
0.5860860860861000221, 0.0470082631754749902
0.5885885885885999702, 0.0456220052379813570
0.5910910910911000293, 0.0443119526602126293
0.5935935935935999774, 0.0430728675988734655
0.5960960960961000366, 0.0418999622649879055
0.5985985985985999847, 0.0407888534811344794
0.6011011011011000438, 0.0397355225099575646
0.6036036036035999919, 0.0387362794668525967
0.6061061061061000510, 0.0377877317288670411
0.6086086086085999991, 0.0368867558353606073
0.6111111111110999472, 0.0360304724465006637
0.6136136136136000063, 0.0352162239854124787
0.6161161161160999544, 0.0344415546405472048
0.6186186186186000135, 0.0337041924480424512
0.6211211211210999616, 0.0330020332107432979
0.6236236236236000208, 0.0323331260421257857
0.6261261261260999689, 0.0316956603504531115
0.6286286286286000280, 0.0310879541017880963
0.6311311311310999761, 0.0305084432205593517
0.6336336336336000352, 0.0299556720037181881
0.6361361361360999833, 0.0294282844395298698
0.6386386386386000424, 0.0289250163350601650
0.6411411411410999905, 0.0284446881677296350
0.6436436436436000497, 0.0279861985861591805
0.6461461461460999978, 0.0275485184941234341
0.6486486486485999459, 0.0271306856589400361
0.6511511511512000361, 0.0267317997921995357
0.6536536536536999842, 0.0263510180565093913
0.6561561561562000433, 0.0259875509569942875
0.6586586586586999914, 0.0256406585807559054
0.6611611611612000505, 0.0253096471514278956
0.6636636636636999986, 0.0249938658694341606
0.6661661661661999467, 0.0246927040116287841
0.6686686686687000059, 0.0244055882667159191
0.6711711711711999540, 0.0241319802852597576
0.6736736736737000131, 0.0238713744252375681
0.6761761761761999612, 0.0236232956759948806
0.6786786786787000203, 0.0233872977451597686
0.6811811811811999684, 0.0231629612945879193
0.6836836836837000275, 0.0229498923127630650
0.6861861861861999756, 0.0227477206122876849
0.6886886886887000347, 0.0225560984421828634
0.6911911911911999828, 0.0223746992056882213
0.6936936936937000420, 0.0222032162751258921
0.6961961961961999901, 0.0220413618961778079
0.6986986986987000492, 0.0218888661746318644
0.7012012012011999973, 0.0217454761392905371
0.7037037037036999454, 0.0216109548753100969
0.7062062062062000045, 0.0214850807227592519
0.7087087087086999526, 0.0213676465356565197
0.7112112112112000117, 0.0212584589971726162
0.7137137137136999598, 0.0211573379870713882
0.7162162162162000190, 0.0210641159978153109
0.7187187187186999671, 0.0209786375960822197
0.7212212212212000262, 0.0209007589267325225
0.7237237237236999743, 0.0208303472565335157
0.7262262262262000334, 0.0207672805551921344
0.7287287287286999815, 0.0207114471114717702
0.7312312312312000406, 0.0206627451823752570
0.7337337337336999887, 0.0206210826735659311
0.7362362362362000479, 0.0205863768493743139
0.7387387387386999960, 0.0205585540709002750
0.7412412412412000551, 0.0205375495608715528
0.7437437437437000032, 0.0205233071940599046
0.7462462462461999513, 0.0205157793121876035
0.7487487487487000104, 0.0205149265623803499
0.7512512512512999896, 0.0205207177583385837
0.7537537537538000487, 0.0205331297635093259
0.7562562562562999968, 0.0205521473956448708
0.7587587587587999449, 0.0205777633522349103
0.7612612612613000040, 0.0206099781563941833
0.7637637637637999521, 0.0206488001228807908
0.7662662662663000113, 0.0206942453440102543
0.7687687687687999594, 0.0207463376953188651
0.7712712712713000185, 0.0208051088609164173
0.7737737737737999666, 0.0208705983785548096
0.7762762762763000257, 0.0209428537045247797
0.7787787787787999738, 0.0210219302985794401
0.7812812812813000329, 0.0211078917291704846
0.7837837837837999810, 0.0212008097993719967
0.7862862862863000402, 0.0213007646939575510
0.7887887887887999883, 0.0214078451481902986
0.7912912912913000474, 0.0215221486389826806
0.7937937937937999955, 0.0216437815991838700
0.7962962962963000546, 0.0217728596558589386
0.7987987987988000027, 0.0219095078935351989
0.8013013013012999508, 0.0220538611435092125
0.8038038038038000099, 0.0222060643004328429
0.8063063063062999580, 0.0223662726675297741
0.8088088088088000172, 0.0225346523319364320
0.8113113113112999653, 0.0227113805718132840
0.8138138138138000244, 0.0228966462970366484
0.8163163163162999725, 0.0230906505254573832
0.8188188188188000316, 0.0232936068969036396
0.8213213213212999797, 0.0235057422273112111
0.8238238238238000388, 0.0237272971055886850
0.8263263263262999869, 0.0239585265360680484
0.8288288288288000460, 0.0241997006296559569
0.8313313313312999941, 0.0244511053470897154
0.8338338338338000533, 0.0247130432980171739
0.8363363363363000014, 0.0249858345999645348
0.8388388388387999495, 0.0252698178016335893
0.8413413413413000086, 0.0255653508753843767
0.8438438438437999567, 0.0258728122842127629
0.8463463463463000158, 0.0261926021290340427
0.8488488488487999639, 0.0265251433826322013
0.8513513513514000541, 0.0268708832172418755
0.8538538538539000022, 0.0272302944333993741
0.8563563563563999503, 0.0276038769984368812
0.8588588588589000095, 0.0279921597038137564
0.8613613613613999576, 0.0283957019513823537
0.8638638638639000167, 0.0288150956796902370
0.8663663663663999648, 0.0292509674425354312
0.8688688688689000239, 0.0297039806532274596
0.8713713713713999720, 0.0301748380093870699
0.8738738738739000311, 0.0306642841146498035
0.8763763763763999792, 0.0311731083153512084
0.8788788788789000384, 0.0317021477721833866
0.8813813813813999865, 0.0322522907889479307
0.8838838838839000456, 0.0328244804229259404
0.8863863863863999937, 0.0334197184040668019
0.8888888888889000528, 0.0340390693932096852
0.8913913913914000009, 0.0346836656129393336
0.8938938938938999490, 0.0353547118884861566
0.8963963963964000081, 0.0360534911403825042
0.8988988988988999562, 0.0367813703754352392
0.9014014014014000153, 0.0375398072280632364
0.9039039039038999634, 0.0383303571102623711
0.9064064064064000226, 0.0391546810355052691
0.9089089089088999707, 0.0400145541898944690
0.9114114114114000298, 0.0409118753329962698
0.9139139139138999779, 0.0418486771211708172
0.9164164164164000370, 0.0428271374580770914
0.9189189189188999851, 0.0438495919905962581
0.9214214214214000442, 0.0449185478839733074
0.9239239239238999923, 0.0460366990278297319
0.9264264264264000515, 0.0472069428452443832
0.9289289289288999996, 0.0484323989007845040
0.9314314314313999477, 0.0497164295307192874
0.9339339339339000068, 0.0510626627503232289
0.9364364364363999549, 0.0524750177299082438
0.9389389389389000140, 0.0539577331739414939
0.9414414414413999621, 0.0555153989873890252
0.9439439439439000212, 0.0571529916715722563
0.9464464464463999693, 0.0588759139599341619
0.9489489489489000285, 0.0606900392840582503
0.9514514514515000076, 0.0626017617543999511
0.9539539539539999558, 0.0646180524512768167
0.9564564564565000149, 0.0667465229531338244
0.9589589589589999630, 0.0689954971851840099
0.9614614614615000221, 0.0713740928573339678
0.9639639639639999702, 0.0738923139822309644
0.9664664664665000293, 0.0765611562301703047
0.9689689689689999774, 0.0793927271972366538
0.9714714714715000365, 0.0824003840486609018
0.9739739739739999846, 0.0855988914661803130
0.9764764764765000438, 0.0890046033954575155
0.9789789789789999919, 0.0926356727816229492
0.9814814814815000510, 0.0965122943285783852
0.9839839839839999991, 0.1006569863602443521
0.9864864864864999472, 0.1050949191498522090
0.9889889889890000063, 0.1098542986817844930
0.9914914914914999544, 0.1149668168036798721
0.9939939939940000135, 0.1204681812244561556
0.9964964964964999616, 0.1263987419608755547
0.9989989989990000208, 0.1328042348215226209
1.0015015015019999023, 0.1397366675956225879
1.0040040040039999170, 0.1472553811232648335
1.0065065065070000205, 0.1554283258193946693
1.0090090090090000352, 0.1643336051255842312
1.0115115115119999167, 0.1740613516187548560
1.0140140140139999314, 0.1847160202850422484
1.0165165165170000350, 0.1964192083999858618
1.0190190190190000497, 0.2093131448356925217
1.0215215215219999312, 0.2235650366977406933
1.0240240240239999459, 0.2393725226538101492
1.0265265265270000494, 0.2569705669394404257
1.0290290290290000641, 0.2766402457870852372
1.0315315315319999456, 0.2987200437679502496
1.0340340340339999603, 0.3236205136641554514
1.0365365365370000639, 0.3518434943094581602
1.0390390390390000785, 0.3840075797298500015
1.0415415415419999601, 0.4208822743624056617
1.0440440440439999747, 0.4634343893272138137
1.0465465465470000783, 0.5128919576725364804
1.0490490490490000930, 0.5708336487258843794
1.0515515515519999745, 0.6393159912831141156
1.0540540540539999892, 0.7210578174865016621
1.0565565565570000928, 0.8197132962056624672
1.0590590590590001074, 0.9402856456735922963
1.0615615615619999890, 1.0897707038854578254
1.0640640640640000036, 1.2781883832656824040
1.0665665665670001072, 1.5202932312275012627
1.0690690690689998998, 1.8385254831747801507
1.0715715715720000034, 2.2683427787673551279
1.0740740740740000181, 2.8683945076888686110
1.0765765765769998996, 3.7412567086821106876
1.0790790790789999143, 5.0792288534760050567
1.0815815815820000179, 7.2761632204546353719
1.0840840840840000325, 11.2377184894851254171
1.0865865865869999141, 19.3949688070989729738
1.0890890890889999287, 39.7182467765391749026
1.0915915915920000323, 101.4811858700333289107
1.0940940940940000470, 178.6049704344512463194
1.0965965965969999285, 80.5503684008671001493
1.0990990990989999432, 33.0070776380733477140
1.1016016016020000468, 16.8825116725880093327
1.1041041041040000614, 10.0802521570259706607
1.1066066066069999430, 6.6586238591952895405
1.1091091091089999576, 4.7141459712679774086
1.1116116116120000612, 3.5088237799730057631
1.1141141141140000759, 2.7120216571556370333
1.1166166166169999574, 2.1586270807764353918
1.1191191191189999721, 1.7590099052190630857
1.1216216216220000756, 1.4612024385778734636
1.1241241241240000903, 1.2334274925069730333
1.1266266266269999718, 1.0553837001707058185
1.1291291291289999865, 0.9136165292751409206
1.1316316316320000901, 0.7989269134003973427
1.1341341341340001048, 0.7048545828217526177
1.1366366366369999863, 0.6267558733989410102
1.1391391391390000010, 0.5612241433148673631
1.1416416416420001045, 0.5057148144943086621
1.1441441441439998972, 0.4582965176887071057
1.1466466466470000007, 0.4174821367600039523
1.1491491491490000154, 0.3821117441543435134
1.1516516516519998969, 0.3512699932336375563
1.1541541541539999116, 0.3242268530396911763
1.1566566566570000152, 0.3003944456372447114
1.1591591591590000299, 0.2792951768291791481
1.1616616616619999114, 0.2605379080941749304
1.1641641641639999261, 0.2437999342872580189
1.1666666666670000296, 0.2288132072439920117
1.1691691691690000443, 0.2153537016842177743
1.1716716716719999258, 0.2032331325727660398
1.1741741741739999405, 0.1922924504857302930
1.1766766766770000441, 0.1823966945993561739
1.1791791791790000588, 0.1734308920107556218
1.1816816816819999403, 0.1652967707448416979
1.1841841841839999550, 0.1579101111201753338
1.1866866866870000585, 0.1511986023660934209
1.1891891891890000732, 0.1451001028109225044
1.1916916916919999547, 0.1395612256104196702
1.1941941941939999694, 0.1345361899930516969
1.1966966966970000730, 0.1299858918986565304
1.1991991991990000876, 0.1258771587994101382
1.2017017017019999692, 0.1221821622512498928
1.2042042042039999838, 0.1188779689700952269
1.2067067067070000874, 0.1159462174730487016
1.2092092092090001021, 0.1133729130072610725
1.2117117117119999836, 0.1111483390139903216
1.2142142142139999983, 0.1092670891593593430
1.2167167167170001019, 0.1077282304815610492
1.2192192192189998945, 0.1065356160497435839
1.2217217217219999981, 0.1056983754955225785
1.2242242242240000127, 0.1052316249784520513
1.2267267267269998943, 0.1051574562040197836
1.2292292292289999089, 0.1055062894515935851
1.2317317317320000125, 0.1063187118948862170
1.2342342342340000272, 0.1076479755824657492
1.2367367367369999087, 0.1095634084649513562
1.2392392392389999234, 0.1121551116805628162
1.2417417417420000270, 0.1155405015626124743
1.2442442442440000416, 0.1198735472072638003
1.2467467467469999232, 0.1253580263123387495
1.2492492492489999378, 0.1322669024339898081
1.2517517517520000414, 0.1409712529276390680
1.2542542542540000561, 0.1519844989116838074
1.2567567567569999376, 0.1660318937547997642
1.2592592592589999523, 0.1841631366757162103
1.2617617617620000559, 0.2079415141599959549
1.2642642642640000705, 0.2397750379571963464
1.2667667667669999521, 0.2835251517398457155
1.2692692692689999667, 0.3456925481904438158
1.2717717717720000703, 0.4378952400334191752
1.2742742742740000850, 0.5825146669457434978
1.2767767767769999665, 0.8270352737267796517
1.2792792792789999812, 1.2858850323688784112
1.2817817817820000847, 2.2860425579344196834
1.2842842842840000994, 4.9753490736024099661
1.2867867867869999809, 12.9181551831885208514
1.2892892892889999956, 13.9746856358779965035
1.2917917917920000992, 5.4450255643845180131
1.2942942942939998918, 2.4437932530382555640
1.2967967967969999954, 1.3526904359940319367
1.2992992992990000101, 0.8612430630892005112
1.3018018018019998916, 0.6027591699575465256
1.3043043043039999063, 0.4513867482748081805
1.3068068068070000098, 0.3556665544020691794
1.3093093093090000245, 0.2916127673274869769
1.3118118118119999060, 0.2468828522864424113
1.3143143143139999207, 0.2146202153590020534
1.3168168168170000243, 0.1907776859364800071
1.3193193193190000390, 0.1728466869938707073
1.3218218218219999205, 0.1592091088425499623
1.3243243243239999352, 0.1487866981031024105
1.3268268268270000387, 0.1408418174200161133
1.3293293293290000534, 0.1348594237129464024
1.3318318318319999349, 0.1304746598434927962
1.3343343343339999496, 0.1274271062232546492
1.3368368368370000532, 0.1255311804853258550
1.3393393393390000679, 0.1246566460834516998
1.3418418418419999494, 0.1247156556350866030
1.3443443443439999641, 0.1256541631290692962
1.3468468468470000676, 0.1274463721754776069
1.3493493493490000823, 0.1300913986356611041
1.3518518518519999638, 0.1336116537123344661
1.3543543543539999785, 0.1380526767745868522
1.3568568568570000821, 0.1434843132457860049
1.3593593593590000967, 0.1500032727818242095
1.3618618618619999783, 0.1577372399598953590
1.3643643643639999929, 0.1668508650272348126
1.3668668668670000965, 0.1775541599590489961
1.3693693693689998891, 0.1901140973250422528
1.3718718718719999927, 0.2048706041387680088
1.3743743743740000074, 0.2222587357054349733
1.3768768768770001110, 0.2428397301625584981
1.3793793793789999036, 0.2673450945445104976
1.3818818818820000072, 0.2967402273666848167
1.3843843843840000218, 0.3323180053569573245
1.3868868868869999034, 0.3758394855286028569
1.3893893893889999180, 0.4297507642939919492
1.3918918918920000216, 0.4975268121078358918
1.3943943943940000363, 0.5842345929200769561
1.3968968968969999178, 0.6974904730428499455
1.3993993993989999325, 0.8491605224041017808
1.4019019019020000361, 1.0585394281908642178
1.4044044044040000507, 1.3586706783699424861
1.4069069069069999323, 1.8098871834007002057
1.4094094094089999469, 2.5316354537798941848
1.4119119119120000505, 3.7865553132186571261
1.4144144144140000652, 6.2385636108124629118
1.4169169169169999467, 11.9074658321876007960
1.4194194194189999614, 28.2345342011564568452
1.4219219219220000650, 67.7398372055419599747
1.4244244244240000796, 45.2890726950577615639
1.4269269269269999612, 17.4360380853731200546
1.4294294294289999758, 8.2998685522115547286
1.4319319319320000794, 4.7323318650309280642
1.4344344344340000941, 3.0338311990499460258
1.4369369369369999756, 2.1047243583160009095
1.4394394394389999903, 1.5443803753974236770
1.4419419419420000938, 1.1814477073955456099
1.4444444444440001085, 0.9333059326039694348
1.4469469469469999900, 0.7563091766766463220
1.4494494494490000047, 0.6256935474065498104
1.4519519519520001083, 0.5265806908309148548
1.4544544544539999009, 0.4496029006319587906
1.4569569569570000045, 0.3886274609683977865
1.4594594594590000192, 0.3395048928518229481
1.4619619619619999007, 0.2993472013103167795
1.4644644644639999154, 0.2660946341794354075
1.4669669669670000189, 0.2382464271174744852
1.4694694694690000336, 0.2146883129596676154
1.4719719719719999151, 0.1945790321283863977
1.4744744744739999298, 0.1772738744562013524
1.4769769769770000334, 0.1622720691413462590
1.4794794794790000481, 0.1491798906013851456
1.4819819819819999296, 0.1376843380432361541
1.4844844844839999443, 0.1275340638127525072
1.4869869869870000478, 0.1185253566436180878
1.4894894894890000625, 0.1104917052794093940
1.4919919919919999440, 0.1032959345649522021
1.4944944944939999587, 0.0968242143036563557
1.4969969969970000623, 0.0909814481511822121
1.4994994994990000770, 0.0856876909564200095
1.5020020020019999585, 0.0808753405830719141
1.5045045045050000621, 0.0764869186621595643
1.5070070070070000767, 0.0724733032659296839
1.5095095095099999583, 0.0687923113277536941
1.5120120120119999729, 0.0654075538995483180
1.5145145145150000765, 0.0622875058503127160
1.5170170170170000912, 0.0594047453007355980
1.5195195195199999727, 0.0567353283049149282
1.5220220220219999874, 0.0542582719772226468
1.5245245245250000909, 0.0519551250920458618
1.5270270270270001056, 0.0498096096384952267
1.5295295295299999871, 0.0478073202397767752
1.5320320320320000018, 0.0459354710021703666
1.5345345345350001054, 0.0441826814287026165
1.5370370370369998980, 0.0425387946563052302
1.5395395395400000016, 0.0409947225562253895
1.5420420420420000163, 0.0395423132535988944
1.5445445445449998978, 0.0381742374323893532
1.5470470470469999125, 0.0368838904413400087
1.5495495495500000160, 0.0356653077395563886
1.5520520520520000307, 0.0345130916434523705
1.5545545545549999122, 0.0334223476806114472
1.5570570570569999269, 0.0323886291366699622
1.5595595595600000305, 0.0314078886112275080
1.5620620620620000452, 0.0304764355878706927
1.5645645645649999267, 0.0295908991795250167
1.5670670670669999414, 0.0287481953397214565
1.5695695695700000449, 0.0279454979379285193
1.5720720720720000596, 0.0271802131868602095
1.5745745745749999411, 0.0264499569847817945
1.5770770770769999558, 0.0257525347989103759
1.5795795795800000594, 0.0250859237691262900
1.5820820820820000741, 0.0244482567560658400
1.5845845845849999556, 0.0238378080956717885
1.5870870870869999703, 0.0232529808545415793
1.5895895895900000738, 0.0226922954078945249
1.5920920920920000885, 0.0221543791854396863
1.5945945945949999700, 0.0216379574504965283
1.5970970970969999847, 0.0211418449949496434
1.5995995996000000883, 0.0206649386474218252
1.6021021021020001029, 0.0202062105048136514
1.6046046046049999845, 0.0197647018083811979
1.6071071071069999991, 0.0193395173950585073
1.6096096096100001027, 0.0189298206630109898
1.6121121121119998953, 0.0185348289975911726
1.6146146146149999989, 0.0181538096101311643
1.6171171171170000136, 0.0177860757474672254
1.6196196196199998951, 0.0174309832348652043
1.6221221221219999098, 0.0170879273191950759
1.6246246246250000134, 0.0167563397828683798
1.6271271271270000280, 0.0164356863022733710
1.6296296296299999096, 0.0161254640272764926
1.6321321321319999242, 0.0158251993608578279
1.6346346346350000278, 0.0155344459201532496
1.6371371371370000425, 0.0152527826621269343
1.6396396396399999240, 0.0149798121588246951
1.6421421421419999387, 0.0147151590086904253
1.6446446446450000423, 0.0144584683717884008
1.6471471471470000569, 0.0142094046179838188
1.6496496496499999385, 0.0139676500782116991
1.6521521521519999531, 0.0137329038899248104
1.6546546546550000567, 0.0135048809286695652
1.6571571571570000714, 0.0132833108185056656
1.6596596596599999529, 0.0130679370146720101
1.6621621621619999676, 0.0128585159525169603
1.6646646646650000712, 0.0126548162572631649
1.6671671671670000858, 0.0124566180096733412
1.6696696696699999674, 0.0122637120631297458
1.6721721721719999820, 0.0120758994080417091
1.6746746746750000856, 0.0118929905798580149
1.6771771771770001003, 0.0117148051072875591
1.6796796796799999818, 0.0115411709976270798
1.6821821821819999965, 0.0113719242563616735
1.6846846846850001000, 0.0112069084384454950
1.6871871871869998927, 0.0110459742288889634
1.6896896896899999962, 0.0108889790504774504
1.6921921921920000109, 0.0107357866966265748
1.6946946946949998924, 0.0105862669875432282
1.6971971971969999071, 0.0104402954480102179
1.6996996997000000107, 0.0102977530052481732
1.7022022022020000254, 0.0101585257054319714
1.7047047047049999069, 0.0100225044475513968
1.7072072072069999216, 0.0098895847334088613
1.7097097097100000251, 0.0097596664326407220
1.7122122122120000398, 0.0096326535617347851
1.7147147147149999213, 0.0095084540760949771
1.7172172172169999360, 0.0093869796742762687
1.7197197197200000396, 0.0092681456135788043
1.7222222222220000543, 0.0091518705362505330
1.7247247247249999358, 0.0090380763056033403
1.7272272272269999505, 0.0089266878513984457
1.7297297297300000540, 0.0088176330239037384
1.7322322322320000687, 0.0087108424560688336
1.7347347347349999502, 0.0086062494333032005
1.7372372372369999649, 0.0085037897703792893
1.7397397397400000685, 0.0084034016950162108
1.7422422422420000832, 0.0083050257377305751
1.7447447447449999647, 0.0082086046275697162
1.7472472472469999794, 0.0081140831933690163
1.7497497497500000829, 0.0080214082701994469
1.7522522522520000976, 0.0079305286106940986
1.7547547547549999791, 0.0078413948009633059
1.7572572572569999938, 0.0077539591808274107
1.7597597597600000974, 0.0076681757681141029
1.7622622622619998900, 0.0075840001867838701
1.7647647647649999936, 0.0075013895986625785
1.7672672672670000082, 0.0074203026385744235
1.7697697697699998898, 0.0073406993526818429
1.7722722722719999044, 0.0072625411398512738
1.7747747747750000080, 0.0071857906958751119
1.7772772772770000227, 0.0071104119603909331
1.7797797797799999042, 0.0070363700663488900
1.7822822822819999189, 0.0069636312918875086
1.7847847847850000225, 0.0068921630144866616
1.7872872872870000371, 0.0068219336672745330
1.7897897897899999187, 0.0067529126973728806
1.7922922922919999333, 0.0066850705261718400
1.7947947947950000369, 0.0066183785114320593
1.7972972972970000516, 0.0065528089111180320
1.7997997997999999331, 0.0064883348488721133
1.8023023023019999478, 0.0064249302810441191
1.8048048048050000514, 0.0063625699651962660
1.8073073073070000660, 0.0063012294300079175
1.8098098098099999476, 0.0062408849465089176
1.8123123123119999622, 0.0061815135005743767
1.8148148148150000658, 0.0061230927666175716
1.8173173173170000805, 0.0060656010824212073
1.8198198198199999620, 0.0060090174250506225
1.8223223223219999767, 0.0059533213877956820
1.8248248248250000803, 0.0058984931580910128
1.8273273273270000949, 0.0058445134963670473
1.8298298298299999765, 0.0057913637157869036
1.8323323323319999911, 0.0057390256628265914
1.8348348348350000947, 0.0056874816986583112
1.8373373373370001094, 0.0056367146812987918
1.8398398398399999909, 0.0055867079484866189
1.8423423423420000056, 0.0055374453012544270
1.8448448448450001091, 0.0054889109881636261
1.8473473473469999018, 0.0054410896901710241
1.8498498498500000053, 0.0053939665060982796
1.8523523523520000200, 0.0053475269386766781
1.8548548548549999015, 0.0053017568811410598
1.8573573573569999162, 0.0052566426043481346
1.8598598598600000198, 0.0052121707443956392
1.8623623623620000345, 0.0051683282907199974
1.8648648648649999160, 0.0051251025746512418
1.8673673673669999307, 0.0050824812584050610
1.8698698698700000342, 0.0050404523244927885
1.8723723723720000489, 0.0049990040655311166
1.8748748748749999304, 0.0049581250744342182
1.8773773773769999451, 0.0049178042349718081
1.8798798798800000487, 0.0048780307126774329
1.8823823823820000634, 0.0048387939460921075
1.8848848848849999449, 0.0048000836383290616
1.8873873873869999596, 0.0047618897489460788
1.8898898898900000631, 0.0047242024861125515
1.8923923923920000778, 0.0046870122990589503
1.8948948948949999593, 0.0046503098707970274
1.8973973973969999740, 0.0046140861110995964
1.8998998999000000776, 0.0045783321497292334
1.9024024024020000923, 0.0045430393299057681
1.9049049049049999738, 0.0045081992020028910
1.9074074074069999885, 0.0044738035174646164
1.9099099099100000920, 0.0044398442229328060
1.9124124124120001067, 0.0044063134545773170
1.9149149149149999882, 0.0043732035326207418
1.9174174174170000029, 0.0043405069560500664
1.9199199199200001065, 0.0043082163975078800
1.9224224224219998991, 0.0042763246983561652
1.9249249249250000027, 0.0042448248639059194
1.9274274274270000173, 0.0042137100588062262
1.9299299299299998989, 0.0041829736025866329
1.9324324324319999135, 0.0041526089653469694
1.9349349349350000171, 0.0041226097635889969
1.9374374374370000318, 0.0040929697561845179
1.9399399399399999133, 0.0040636828404748016
1.9424424424419999280, 0.0040347430484963965
1.9449449449450000316, 0.0040061445433286300
1.9474474474470000462, 0.0039778816155582666
1.9499499499499999278, 0.0039499486798569919
1.9524524524519999424, 0.0039223402716675989
1.9549549549550000460, 0.0038950510439948773
1.9574574574570000607, 0.0038680757642974017
1.9599599599599999422, 0.0038414093114765742
1.9624624624619999569, 0.0038150466729594129
1.9649649649650000605, 0.0037889829418717011
1.9674674674670000751, 0.0037632133142983175
1.9699699699699999567, 0.0037377330866276092
1.9724724724719999713, 0.0037125376529768524
1.9749749749750000749, 0.0036876225026959489
1.9774774774770000896, 0.0036629832179466207
1.9799799799799999711, 0.0036386154713544615
1.9824824824819999858, 0.0036145150237313246
1.9849849849850000894, 0.0035906777218656194
1.9874874874870001040, 0.0035670994963781805
1.9899899899899999856, 0.0035437763596414605
1.9924924924920000002, 0.0035207044037599061
1.9949949949950001038, 0.0034978797986094205
1.9974974974969998964, 0.0034752987899339437
2.0000000000000000000, 0.0034529576974972097
