# Delta1: 0.465
# Delta2: 1.17
# Delta3: 1.355
# Dq: 0.1355
# Ds: 0.04
# Dt: 0.061000000000000006
# k1_lab: [1, 0, 0]
# k2_lab: [-0.8660254037844387, 0.49999999999999994, 0.0]
# k1_cf: [-0.9659258262890682, -0.25881904510252096, 0.0]
# k2_cf: [0.9659258262890684, -0.2588190451025205, 0.0]
# pol1_lab: [(0, 1, 0), (0, 0, 1)]
# pol2_lab: [array([-0.5      , -0.8660254,  0.       ]), array([0., 0., 1.])]
# pol1_cf: [array([ 0.25881905, -0.96592583,  0.        ]), array([0., 0., 1.])]
# pol2_cf: [array([0.25881905, 0.96592583, 0.        ]), array([0., 0., 1.])]
# cf: [array([-0.96592583,  0.25881905,  0.        ]), array([-0.25881905, -0.96592583,  0.        ]), array([0., 0., 1.])]
# th: 120
-0.5000000000000000000, 0.0051326702362206253
-0.4974974974974999964, 0.0051762592370735551
-0.4949949949949999928, 0.0052204601542717895
-0.4924924924924999892, 0.0052652850008776059
-0.4899899899899999856, 0.0053107460920627757
-0.4874874874874999819, 0.0053568560543558281
-0.4849849849849999783, 0.0054036278352227133
-0.4824824824824999747, 0.0054510747129946783
-0.4799799799800000266, 0.0054992103071578391
-0.4774774774775000230, 0.0055480485890196446
-0.4749749749750000194, 0.0055976038927681073
-0.4724724724725000158, 0.0056478909269404437
-0.4699699699700000122, 0.0056989247863185885
-0.4674674674675000086, 0.0057507209642698896
-0.4649649649650000049, 0.0058032953655521163
-0.4624624624625000013, 0.0058566643196029371
-0.4599599599599999977, 0.0059108445943349668
-0.4574574574574999941, 0.0059658534104584859
-0.4549549549549999905, 0.0060217084563551279
-0.4524524524524999869, 0.0060784279035268930
-0.4499499499499000077, 0.0061360304226461201
-0.4474474474474000041, 0.0061945352002333353
-0.4449449449449000005, 0.0062539619559912954
-0.4424424424423999969, 0.0063143309608248155
-0.4399399399398999932, 0.0063756630555778472
-0.4374374374373999896, 0.0064379796705204082
-0.4349349349348999860, 0.0065013028456201794
-0.4324324324323999824, 0.0065656552516349075
-0.4299299299298999788, 0.0066310602120640827
-0.4274274274273999752, 0.0066975417260000236
-0.4249249249249000271, 0.0067651244919209701
-0.4224224224224000235, 0.0068338339324707058
-0.4199199199199000199, 0.0069036962202719942
-0.4174174174174000163, 0.0069747383048233847
-0.4149149149149000126, 0.0070469879405317152
-0.4124124124124000090, 0.0071204737159356532
-0.4099099099099000054, 0.0071952250841784433
-0.4074074074074000018, 0.0072712723947913494
-0.4049049049048999982, 0.0073486469268527763
-0.4024024024023999946, 0.0074273809235915729
-0.3998998998998999910, 0.0075075076285070130
-0.3973973973973999874, 0.0075890613230819217
-0.3948948948948999838, 0.0076720773661699227
-0.3923923923923999801, 0.0077565922351424113
-0.3898898898898999765, 0.0078426435688857422
-0.3873873873873999729, 0.0079302702127444485
-0.3848848848849000248, 0.0080195122655120112
-0.3823823823824000212, 0.0081104111285764495
-0.3798798798799000176, 0.0082030095573347381
-0.3773773773774000140, 0.0082973517149965339
-0.3748748748749000104, 0.0083934832289051433
-0.3723723723724000068, 0.0084914512495114173
-0.3698698698699000031, 0.0085913045121444806
-0.3673673673673999995, 0.0086930934017320060
-0.3648648648648999959, 0.0087968700206324836
-0.3623623623623999923, 0.0089026882597515351
-0.3598598598598999887, 0.0090106038731257356
-0.3573573573573999851, 0.0091206745561685024
-0.3548548548548999815, 0.0092329600277852898
-0.3523523523523999779, 0.0093475221165784973
-0.3498498498497999987, 0.0094644248513767425
-0.3473473473472999951, 0.0095837345563384423
-0.3448448448447999914, 0.0097055199508960157
-0.3423423423422999878, 0.0098298522548245625
-0.3398398398397999842, 0.0099568052987377750
-0.3373373373372999806, 0.0100864556403341236
-0.3348348348347999770, 0.0102188826867381493
-0.3323323323322999734, 0.0103541688233051311
-0.3298298298298000253, 0.0104923995492826275
-0.3273273273273000217, 0.0106336636207495332
-0.3248248248248000181, 0.0107780532012827970
-0.3223223223223000145, 0.0109256640208329342
-0.3198198198198000108, 0.0110765955433241841
-0.3173173173173000072, 0.0112309511435313876
-0.3148148148148000036, 0.0113888382938254450
-0.3123123123123000000, 0.0115503687614222951
-0.3098098098097999964, 0.0117156588168160162
-0.3073073073072999928, 0.0118848294541276742
-0.3048048048047999892, 0.0120580066241549703
-0.3023023023022999856, 0.0122353214809666801
-0.2997997997997999819, 0.0124169106429500090
-0.2972972972972999783, 0.0126029164692871148
-0.2947947947947999747, 0.0127934873529128613
-0.2922922922923000266, 0.0129887780310866813
-0.2897897897898000230, 0.0131889499147997882
-0.2872872872873000194, 0.0133941714383355934
-0.2847847847848000158, 0.0136046184304053613
-0.2822822822823000122, 0.0138204745083949782
-0.2797797797798000086, 0.0140419314973835429
-0.2772772772773000050, 0.0142691898757288990
-0.2747747747748000013, 0.0145024592491640562
-0.2722722722722999977, 0.0147419588555090676
-0.2697697697697999941, 0.0149879181022797344
-0.2672672672672999905, 0.0152405771396678259
-0.2647647647647999869, 0.0155001874715783271
-0.2622622622622999833, 0.0157670126076413682
-0.2597597597597999797, 0.0160413287593704143
-0.2572572572572999761, 0.0163234255839169382
-0.2547547547547999724, 0.0166136069791788035
-0.2522522522523000243, 0.0169121919343557942
-0.2497497497496999896, 0.0172195154404172455
-0.2472472472472000138, 0.0175359294653548541
-0.2447447447447000102, 0.0178618039995446024
-0.2422422422422000066, 0.0181975281770388360
-0.2397397397397000030, 0.0185435114791591693
-0.2372372372371999993, 0.0189001850273682707
-0.2347347347346999957, 0.0192680029730721014
-0.2322322322321999921, 0.0196474439927488767
-0.2297297297296999885, 0.0200390128976291326
-0.2272272272272000126, 0.0204432423680697764
-0.2247247247247000090, 0.0208606948237865797
-0.2222222222222000054, 0.0212919644422473846
-0.2197197197197000018, 0.0217376793387952308
-0.2172172172171999982, 0.0221985039234854145
-0.2147147147146999946, 0.0226751414512004444
-0.2122122122121999910, 0.0231683367833738670
-0.2097097097096999874, 0.0236788793816339015
-0.2072072072072000115, 0.0242076065558971092
-0.2047047047047000079, 0.0247554069919350486
-0.2022022022022000043, 0.0253232245862398259
-0.1996996996997000007, 0.0259120626191701349
-0.1971971971971999971, 0.0265229883009184993
-0.1946946946946999935, 0.0271571377288589849
-0.1921921921921999898, 0.0278157212993798177
-0.1896896896896999862, 0.0285000296224539491
-0.1871871871872000104, 0.0292114399930407317
-0.1846846846847000068, 0.0299514234800492343
-0.1821821821822000032, 0.0307215527011473026
-0.1796796796796999995, 0.0315235103603135058
-0.1771771771771999959, 0.0323590986348653367
-0.1746746746746999923, 0.0332302495099522782
-0.1721721721721999887, 0.0341390361714031393
-0.1696696696697000128, 0.0350876855826337264
-0.1671671671672000092, 0.0360785923883696347
-0.1646646646647000056, 0.0371143343075958712
-0.1621621621622000020, 0.0381976892008567409
-0.1596596596596999984, 0.0393316540233238227
-0.1571571571571999948, 0.0405194659055612139
-0.1546546546546999912, 0.0417646256394015036
-0.1521521521521999876, 0.0430709238877034911
-0.1496496496496000084, 0.0444424704850931718
-0.1471471471471000048, 0.0458837272533929030
-0.1446446446446000011, 0.0473995448219164256
-0.1421421421420999975, 0.0489952040210722070
-0.1396396396395999939, 0.0506764625101101401
-0.1371371371370999903, 0.0524496074092392767
-0.1346346346345999867, 0.0543215148362210451
-0.1321321321321000108, 0.0562997174022198399
-0.1296296296296000072, 0.0583924809064751554
-0.1271271271271000036, 0.0606088916908089081
-0.1246246246246000000, 0.0629589563812848751
-0.1221221221220999964, 0.0654537160656670780
-0.1196196196196000067, 0.0681053773444665889
-0.1171171171171000031, 0.0709274631663970312
-0.1146146146145999994, 0.0739349869362947582
-0.1121121121120999958, 0.0771446540908275885
-0.1096096096096000061, 0.0805750962075695992
-0.1071071071071000025, 0.0842471437885242425
-0.1046046046045999989, 0.0881841451944831711
-0.1021021021020999953, 0.0924123408724086687
-0.0995995995996000055, 0.0969613041065861131
-0.0970970970971000019, 0.1018644621566539149
-0.0945945945945900063, 0.1071597149816459482
-0.0920920920920900027, 0.1128901730014155030
-0.0895895895895899991, 0.1191050407997406302
-0.0870870870870899955, 0.1258606807106984193
-0.0845845845845799998, 0.1332218993728667977
-0.0820820820820799962, 0.1412635122986979075
-0.0795795795795800065, 0.1500722572757100526
-0.0770770770770800029, 0.1597491483674088608
-0.0745745745745699934, 0.1704123903509795201
-0.0720720720720700037, 0.1822010113678154686
-0.0695695695695700000, 0.1952794233264523172
-0.0670670670670699964, 0.2098431909326424483
-0.0645645645645600008, 0.2261263895825099957
-0.0620620620620599972, 0.2444110723402619645
-0.0595595595595600005, 0.2650395658662385023
-0.0570570570570599969, 0.2884306036524236783
-0.0545545545545500013, 0.3151007277376074445
-0.0520520520520499977, 0.3456930192956795822
-0.0495495495495500010, 0.3810161705129166410
-0.0470470470470499974, 0.4220983767654174490
-0.0445445445445400018, 0.4702628322448959008
-0.0420420420420399982, 0.5272353109736260812
-0.0395395395395400015, 0.5953003952211588512
-0.0370370370370399979, 0.6775331733765119768
-0.0345345345345300023, 0.7781510556303279369
-0.0320320320320299987, 0.9030623562115243086
-0.0295295295295299985, 1.0607478887179073723
-0.0270270270270299984, 1.2637275527920484031
-0.0245245245245199993, 1.5310996463077304330
-0.0220220220220199991, 1.8931482397712571242
-0.0195195195195199990, 2.4001800301192837139
-0.0170170170170199989, 3.1406447207569976321
-0.0145145145145099998, 4.2814628594229118264
-0.0120120120120099996, 6.1674501168510200699
-0.0095095095095099995, 9.6005684392765733293
-0.0070070070070070000, 16.7665511895857157754
-0.0045045045045049997, 34.9601273545862767378
-0.0020020020020019998, 90.4447665135480036724
0.0005005005005005000, 142.7221663898127133052
0.0030030030030029999, 60.7681164349248774670
0.0055055055055059999, 25.3802340492412987771
0.0080080080080079993, 13.1871630905187853244
0.0105105105105099995, 7.9534060414242775394
0.0130130130130099997, 5.2887099553197662871
0.0155155155155200005, 3.7614854700126736375
0.0180180180180199989, 2.8089207643251312696
0.0205205205205199991, 2.1762370687332301955
0.0230230230230199992, 1.7351963549044231439
0.0255255255255299983, 1.4157558225163224819
0.0280280280280299984, 1.1771040722451207028
0.0305305305305299986, 0.9941851021107911412
0.0330330330330299987, 0.8509377476232096171
0.0355355355355400013, 0.7366874138873880096
0.0380380380380399979, 0.6441179512754641179
0.0405405405405400016, 0.5680805461020006497
0.0430430430430399982, 0.5048673259757798792
0.0455455455455500008, 0.4517536465516041044
0.0480480480480499975, 0.4067012996200127239
0.0505505505505500011, 0.3681611368873468626
0.0530530530530499977, 0.3349388216434647236
0.0555555555555600003, 0.3061016596910489662
0.0580580580580599970, 0.2809127557623765092
0.0605605605605600006, 0.2587837106296025369
0.0630630630630600042, 0.2392401266419423855
0.0655655655655699998, 0.2218961078933178732
0.0680680680680700034, 0.2064351722381803644
0.0705705705705699932, 0.1925957973962559577
0.0730730730730699968, 0.1801603590750330275
0.0755755755755800063, 0.1689465812618433371
0.0780780780780799960, 0.1588008674202431580
0.0805805805805799996, 0.1495930542776632566
0.0830830830830800032, 0.1412122517679204881
0.0855855855855899988, 0.1335635196034183070
0.0880880880880900025, 0.1265651936208450068
0.0905905905905900061, 0.1201467207049087549
0.0930930930930899958, 0.1142468946891209702
0.0955955955956000053, 0.1088124105770710143
0.0980980980980999950, 0.1037966731098619866
0.1006006006005999986, 0.0991588098119409733
0.1031031031031000023, 0.0948628493814323154
0.1056056056056000059, 0.0908770345183682465
0.1081081081080999956, 0.0871732446339484462
0.1106106106105999992, 0.0837265088168613475
0.1131131131131000028, 0.0805145932888695487
0.1156156156156000064, 0.0775176506142485483
0.1181181181180999962, 0.0747179203257796465
0.1206206206205999998, 0.0720994725367485323
0.1231231231231000034, 0.0696479876323014835
0.1256256256256000070, 0.0673505663574413410
0.1281281281281000106, 0.0651955656065929950
0.1306306306305999865, 0.0631724560202587271
0.1331331331330999901, 0.0612716981460547164
0.1356356356355999937, 0.0594846344542477451
0.1381381381380999973, 0.0578033949352403861
0.1406406406406000009, 0.0562208143667844301
0.1431431431431000045, 0.0547303596366836495
0.1456456456456000081, 0.0533260657540524721
0.1481481481481000118, 0.0520024793881456726
0.1506506506506999910, 0.0507546089458496760
0.1531531531531999946, 0.0495778803431635856
0.1556556556556999982, 0.0484680977472719127
0.1581581581582000018, 0.0474214086680851063
0.1606606606607000054, 0.0464342728646236699
0.1631631631632000090, 0.0455034346049884852
0.1656656656657000126, 0.0446258978810557677
0.1681681681681999885, 0.0437989042322451741
0.1706706706706999921, 0.0430199128782021573
0.1731731731731999957, 0.0422865828992308318
0.1756756756756999993, 0.0415967572368244332
0.1781781781782000029, 0.0409484483155058768
0.1806806806807000065, 0.0403398251121216550
0.1831831831832000101, 0.0397692015203127344
0.1856856856857000138, 0.0392350258766145515
0.1881881881881999896, 0.0387358715309342044
0.1906906906906999932, 0.0382704283583634244
0.1931931931931999968, 0.0378374951217168298
0.1956956956957000004, 0.0374359726050848551
0.1981981981982000041, 0.0370648574482771234
0.2007007007007000077, 0.0367232366204919974
0.2032032032032000113, 0.0364102824790346682
0.2057057057056999871, 0.0361252483655620654
0.2082082082081999908, 0.0358674646982694578
0.2107107107106999944, 0.0356363355237568763
0.2132132132131999980, 0.0354313354971104791
0.2157157157157000016, 0.0352520072630817943
0.2182182182182000052, 0.0350979592152167660
0.2207207207207000088, 0.0349688636134353262
0.2232232232232000124, 0.0348644550439470638
0.2257257257256999883, 0.0347845292085572633
0.2282282282281999919, 0.0347289420334166155
0.2307307307306999955, 0.0346976090901381096
0.2332332332331999991, 0.0346905053249860623
0.2357357357357000027, 0.0347076650945728482
0.2382382382382000063, 0.0347491825092148890
0.2407407407407000099, 0.0348152120878396226
0.2432432432432000136, 0.0349059697311337666
0.2457457457456999894, 0.0350217340225223300
0.2482482482481999930, 0.0351628478696055374
0.2507507507508000000, 0.0353297205019014182
0.2532532532533000036, 0.0355228298441939636
0.2557557557558000072, 0.0357427252885189894
0.2582582582583000108, 0.0359900308918942591
0.2607607607608000144, 0.0362654490313785022
0.2632632632633000180, 0.0365697645530002752
0.2657657657658000216, 0.0369038494566184538
0.2682682682683000253, 0.0372686681649526189
0.2707707707707999734, 0.0376652834319713622
0.2732732732732999770, 0.0380948629536738692
0.2757757757757999806, 0.0385586867531948069
0.2782782782782999842, 0.0390581554222872232
0.2807807807807999878, 0.0395947993127850340
0.2832832832832999914, 0.0401702887848736923
0.2857857857857999950, 0.0407864456341766254
0.2882882882882999986, 0.0414452558371393581
0.2907907907908000023, 0.0421488837743678596
0.2932932932933000059, 0.0428996881149161513
0.2957957957958000095, 0.0437002395716061531
0.2982982982983000131, 0.0445533407689670952
0.3008008008008000167, 0.0454620485021238196
0.3033033033033000203, 0.0464296987079344664
0.3058058058058000239, 0.0474599345200475836
0.3083083083083000275, 0.0485567378387758569
0.3108108108107999756, 0.0497244649165002398
0.3133133133132999792, 0.0509678865418548566
0.3158158158157999829, 0.0522922335038202429
0.3183183183182999865, 0.0537032481332368195
0.3208208208207999901, 0.0552072428581122099
0.3233233233232999937, 0.0568111668752753138
0.3258258258257999973, 0.0585226822404739527
0.3283283283283000009, 0.0603502509194612305
0.3308308308308000045, 0.0623032346333433212
0.3333333333333000081, 0.0643920096843455803
0.3358358358358000118, 0.0666280993780664910
0.3383383383383000154, 0.0690243271841899791
0.3408408408408000190, 0.0715949944236093927
0.3433433433433000226, 0.0743560870668178719
0.3458458458458000262, 0.0773255172160107196
0.3483483483482999743, 0.0805234060729557860
0.3508508508509000090, 0.0839724167332546456
0.3533533533534000126, 0.0876981470826847798
0.3558558558559000162, 0.0917295955181865463
0.3583583583584000198, 0.0960997153277393379
0.3608608608609000235, 0.1008460775439075363
0.3633633633634000271, 0.1060116672097747986
0.3658658658658999752, 0.1116458446351183548
0.3683683683683999788, 0.1178055118826327463
0.3708708708708999824, 0.1245565361079102040
0.3733733733733999860, 0.1319754964534987640
0.3758758758758999896, 0.1401518413280316011
0.3783783783783999932, 0.1491905700134038559
0.3808808808808999968, 0.1592155893936024469
0.3833833833834000004, 0.1703739471772571790
0.3858858858859000041, 0.1828412131313161271
0.3883883883884000077, 0.1968283782115162750
0.3908908908909000113, 0.2125907810713653090
0.3933933933934000149, 0.2304397720775152036
0.3958958958959000185, 0.2507581173411286279
0.3983983983984000221, 0.2740205776902542301
0.4009009009009000257, 0.3008217473597786240
0.4034034034033999738, 0.3319142309478891884
0.4059059059058999774, 0.3682617859993527754
0.4084084084083999810, 0.4111145230523531868
0.4109109109108999847, 0.4621172669407771494
0.4134134134133999883, 0.5234688808139760230
0.4159159159158999919, 0.5981618525195110392
0.4184184184183999955, 0.6903518080258310707
0.4209209209208999991, 0.8059439731532481721
0.4234234234234000027, 0.9535549041318760466
0.4259259259259000063, 1.1461501961245910142
0.4284284284284000099, 1.4039584725392160180
0.4309309309309000136, 1.7599318272091468707
0.4334334334334000172, 2.2706319602339446462
0.4359359359359000208, 3.0396320923641715339
0.4384384384384000244, 4.2727512980342226001
0.4409409409408999725, 6.4247746009106361242
0.4434434434433999761, 10.6529409819428302342
0.4459459459458999797, 20.5078468796594322043
0.4484484484483999833, 49.1225317518912305559
0.4509509509510000180, 115.2072794350715412293
0.4534534534535000216, 72.7831556817593110509
0.4559559559560000253, 28.1439558898895114680
0.4584584584584999734, 13.5063156540553741536
0.4609609609609999770, 7.7379635124404719804
0.4634634634634999806, 4.9734031350752649914
0.4659659659659999842, 3.4543017442864982769
0.4684684684684999878, 2.5352448416412567411
0.4709709709709999914, 1.9386402308089933921
0.4734734734734999950, 1.5300777847187345682
0.4759759759759999986, 1.2383218534858519977
0.4784784784785000022, 1.0228505799960752043
0.4809809809810000059, 0.8592674091813155002
0.4834834834835000095, 0.7321854512702401507
0.4859859859860000131, 0.6315170045108323693
0.4884884884885000167, 0.5504283223339606623
0.4909909909910000203, 0.4841582671519990555
0.4934934934935000239, 0.4293081187704232971
0.4959959959960000275, 0.3833996174612324115
0.4984984984984999756, 0.3445915107256012910
0.5010010010009999792, 0.3114928667382219074
0.5035035035035000384, 0.2830371896090354555
0.5060060060059999865, 0.2583957294946498950
0.5085085085085000456, 0.2369166449525070550
0.5110110110109999937, 0.2180815726772002416
0.5135135135135000528, 0.2014741394563475951
0.5160160160160000009, 0.1867568074613998319
0.5185185185184999490, 0.1736536255747385682
0.5210210210210000081, 0.1619372264994861088
0.5235235235234999562, 0.1514189163824624651
0.5260260260260000154, 0.1419410443688360890
0.5285285285284999635, 0.1333710719701358127
0.5310310310310000226, 0.1255969230033781026
0.5335335335334999707, 0.1185233076646088485
0.5360360360360000298, 0.1120687943712722623
0.5385385385384999779, 0.1061634604953110572
0.5410410410410000370, 0.1007469948250419856
0.5435435435434999851, 0.0957671551694909834
0.5460460460460000442, 0.0911785071407076181
0.5485485485484999924, 0.0869413870352339635
0.5510510510510999715, 0.0830210444453527430
0.5535535535536000307, 0.0793869298725129874
0.5560560560560999788, 0.0760120999844543788
0.5585585585586000379, 0.0728727188296417472
0.5610610610610999860, 0.0699476377177681019
0.5635635635636000451, 0.0672180399024970010
0.5660660660660999932, 0.0646671388915821682
0.5685685685686000523, 0.0622799213313118133
0.5710710710711000004, 0.0600429270957226896
0.5735735735735999485, 0.0579440605537805201
0.5760760760761000077, 0.0559724280640778449
0.5785785785785999558, 0.0541181976135535342
0.5810810810811000149, 0.0523724772182412035
0.5835835835835999630, 0.0507272092741839070
0.5860860860861000221, 0.0491750785119700329
0.5885885885885999702, 0.0477094315896616633
0.5910910910911000293, 0.0463242066725842172
0.5935935935935999774, 0.0450138716074829082
0.5960960960961000366, 0.0437733695132247330
0.5985985985985999847, 0.0425980707887490817
0.6011011011011000438, 0.0414837306879310835
0.6036036036035999919, 0.0404264517357153935
0.6061061061061000510, 0.0394226503645835127
0.6086086086085999991, 0.0384690272386030777
0.6111111111110999472, 0.0375625408067957189
0.6136136136136000063, 0.0367003836906547587
0.6161161161160999544, 0.0358799615642333702
0.6186186186186000135, 0.0350988742308597362
0.6211211211210999616, 0.0343548986394975192
0.6236236236236000208, 0.0336459736171152296
0.6261261261260999689, 0.0329701861220359146
0.6286286286286000280, 0.0323257588478374769
0.6311311311310999761, 0.0317110390285750277
0.6336336336336000352, 0.0311244883144070478
0.6361361361360999833, 0.0305646736025570881
0.6386386386386000424, 0.0300302587222886982
0.6411411411410999905, 0.0295199968845181737
0.6436436436436000497, 0.0290327238170924387
0.6461461461460999978, 0.0285673515158349905
0.6486486486485999459, 0.0281228625493950592
0.6511511511512000361, 0.0276983048628808085
0.6536536536536999842, 0.0272927870313495469
0.6561561561562000433, 0.0269054739195808273
0.6586586586586999914, 0.0265355827092694022
0.6611611611612000505, 0.0261823792589280652
0.6636636636636999986, 0.0258451747654570643
0.6661661661661999467, 0.0255233226995797598
0.6686686686687000059, 0.0252162159902158470
0.6711711711711999540, 0.0249232844354108397
0.6736736736737000131, 0.0246439923197033575
0.6761761761761999612, 0.0243778362198243392
0.6786786786787000203, 0.0241243429824154892
0.6811811811811999684, 0.0238830678590537353
0.6836836836837000275, 0.0236535927852967696
0.6861861861861999756, 0.0234355247917431946
0.6886886886887000347, 0.0232284945362448494
0.6911911911911999828, 0.0230321549474355146
0.6936936936937000420, 0.0228461799706619687
0.6961961961961999901, 0.0226702634082320414
0.6986986986987000492, 0.0225041178466405672
0.7012012012011999973, 0.0223474736641068802
0.7037037037036999454, 0.0222000781123645879
0.7062062062062000045, 0.0220616944671935544
0.7087087087086999526, 0.0219321012426804511
0.7112112112112000117, 0.0218110914646449557
0.7137137137136999598, 0.0216984719990772137
0.7162162162162000190, 0.0215940629318036592
0.7187187187186999671, 0.0214976969959368089
0.7212212212212000262, 0.0214092190439728880
0.7237237237236999743, 0.0213284855616830207
0.7262262262262000334, 0.0212553642212013998
0.7287287287286999815, 0.0211897334709504892
0.7312312312312000406, 0.0211314821602600102
0.7337337337336999887, 0.0210805091967369712
0.7362362362362000479, 0.0210367232346279284
0.7387387387386999960, 0.0210000423925857937
0.7412412412412000551, 0.0209703939994118488
0.7437437437437000032, 0.0209477143664909132
0.7462462462461999513, 0.0209319485857754999
0.7487487487487000104, 0.0209230503523037854
0.7512512512512999896, 0.0209209818103576195
0.7537537537538000487, 0.0209257134224817044
0.7562562562562999968, 0.0209372238606937953
0.7587587587587999449, 0.0209554999193201016
0.7612612612613000040, 0.0209805364489893641
0.7637637637637999521, 0.0210123363114157434
0.7662662662663000113, 0.0210509103546935757
0.7687687687687999594, 0.0210962774089185900
0.7712712712713000185, 0.0211484643020395900
0.7737737737737999666, 0.0212075058959331000
0.7762762762763000257, 0.0212734451427821561
0.7787787787787999738, 0.0213463331619282576
0.7812812812813000329, 0.0214262293374554991
0.7837837837837999810, 0.0215132014368559464
0.7862862862863000402, 0.0216073257512184314
0.7887887887887999883, 0.0217086872574781611
0.7912912912913000474, 0.0218173798033630441
0.7937937937937999955, 0.0219335063157755188
0.7962962962963000546, 0.0220571790334554534
0.7987987987988000027, 0.0221885197648829385
0.8013013013012999508, 0.0223276601724982614
0.8038038038038000099, 0.0224747420844425214
0.8063063063062999580, 0.0226299178351564920
0.8088088088088000172, 0.0227933506363183006
0.8113113113112999653, 0.0229652149797536717
0.8138138138138000244, 0.0231456970741171497
0.8163163163162999725, 0.0233349953173199905
0.8188188188188000316, 0.0235333208068712746
0.8213213213212999797, 0.0237408978905064710
0.8238238238238000388, 0.0239579647597012446
0.8263263263262999869, 0.0241847740889126958
0.8288288288288000460, 0.0244215937236551967
0.8313313313312999941, 0.0246687074208070123
0.8338338338338000533, 0.0249264156448598118
0.8363363363363000014, 0.0251950364241681594
0.8388388388387999495, 0.0254749062716340298
0.8413413413413000086, 0.0257663811746760493
0.8438438438437999567, 0.0260698376597874835
0.8463463463463000158, 0.0263856739374879051
0.8488488488487999639, 0.0267143111340235953
0.8513513513514000541, 0.0270561946167781689
0.8538538538539000022, 0.0274117954210251723
0.8563563563563999503, 0.0277816117863923170
0.8588588588589000095, 0.0281661708122266687
0.8613613613613999576, 0.0285660302419541295
0.8638638638639000167, 0.0289817803875311412
0.8663663663663999648, 0.0294140462062012012
0.8688688688689000239, 0.0298634895430054566
0.8713713713713999720, 0.0303308115538764300
0.8738738738739000311, 0.0308167553256768166
0.8763763763763999792, 0.0313221087112576582
0.8788788788789000384, 0.0318477073995223001
0.8813813813813999865, 0.0323944382426181315
0.8838838838839000456, 0.0329632428647736175
0.8863863863863999937, 0.0335551215799792663
0.8888888888889000528, 0.0341711376487236207
0.8913913913914000009, 0.0348124219073828317
0.8938938938938999490, 0.0354801778076710150
0.8963963963964000081, 0.0361756869078602508
0.8988988988988999562, 0.0369003148623278793
0.9014014014014000153, 0.0376555179614764188
0.9039039039038999634, 0.0384428502802862948
0.9064064064064000226, 0.0392639715008055445
0.9089089089088999707, 0.0401206554818924893
0.9114114114114000298, 0.0410147996586355881
0.9139139139138999779, 0.0419484353642634034
0.9164164164164000370, 0.0429237391792201967
0.9189189189188999851, 0.0439430454256476144
0.9214214214214000442, 0.0450088599410695261
0.9239239239238999923, 0.0461238752829294385
0.9264264264264000515, 0.0472909875361744933
0.9289289289288999996, 0.0485133149197646760
0.9314314314313999477, 0.0497942184153363013
0.9339339339339000068, 0.0511373246729232706
0.9364364364363999549, 0.0525465514853716564
0.9389389389389000140, 0.0540261361658002787
0.9414414414413999621, 0.0555806672122440421
0.9439439439439000212, 0.0572151197017621918
0.9464464464463999693, 0.0589348949244042630
0.9489489489489000285, 0.0607458648473724119
0.9514514514515000076, 0.0626544220938344970
0.9539539539539999558, 0.0646675362319290709
0.9564564564565000149, 0.0667928173009742915
0.9589589589589999630, 0.0690385876579734103
0.9614614614615000221, 0.0714139634133221790
0.9639639639639999702, 0.0739289469465472387
0.9664664664665000293, 0.0765945322588080513
0.9689689689689999774, 0.0794228252385280747
0.9714714714715000365, 0.0824271813021301980
0.9739739739739999846, 0.0856223633386549582
0.9764764764765000438, 0.0890247234543084381
0.9789789789789999919, 0.0926524127049957319
0.9814814814815000510, 0.0965256238524670879
0.9839839839839999991, 0.1006668732222488760
0.9864864864864999472, 0.1051013290294484925
0.9889889889890000063, 0.1098571951369253508
0.9914914914914999544, 0.1149661612035295932
0.9939939939940000135, 0.1204639326780498204
0.9964964964964999616, 0.1263908572414760290
0.9989989989990000208, 0.1327926682864350449
1.0015015015019999023, 0.1397213711012052495
1.0040040040039999170, 0.1472363039348592306
1.0065065065070000205, 0.1554054145158739741
1.0090090090090000352, 0.1643068034982004266
1.0115115115119999167, 0.1740306005639372655
1.0140140140139999314, 0.1846812576907782277
1.0165165165170000350, 0.1963803690253823064
1.0190190190190000497, 0.2092701601832896718
1.0215215215219999312, 0.2235178348781141355
1.0240240240239999459, 0.2393210282419637736
1.0265265265270000494, 0.2569147008224518802
1.0290290290290000641, 0.2765799250024246758
1.0315315315319999456, 0.2986551813318460979
1.0340340340339999603, 0.3235510183893332559
1.0365365365370000639, 0.3517692706115189694
1.0390390390390000785, 0.3839285274215035737
1.0415415415419999601, 0.4207982884347002406
1.0440440440439999747, 0.4633453597168386562
1.0465465465470000783, 0.5127977690141948264
1.0490490490490000930, 0.5707341800886492900
1.0515515515519999745, 0.6392111158895877887
1.0540540540539999892, 0.7209474024134927550
1.0565565565570000928, 0.8195972020649933132
1.0590590590590001074, 0.9401637262715136778
1.0615615615619999890, 1.0896428058590250654
1.0640640640640000036, 1.2780543456942883296
1.0665665665670001072, 1.5201528852175996143
1.0690690690689998998, 1.8383786514156663650
1.0715715715720000034, 2.2681892750556453819
1.0740740740740000181, 2.8682341364191157318
1.0765765765769998996, 3.7410892643007471747
1.0790790790789999143, 5.0790541198955274638
1.0815815815820000179, 7.2759809704246194428
1.0840840840840000325, 11.2375284839162681294
1.0865865865869999141, 19.3947707943357983140
1.0890890890889999287, 39.7180404915753229034
1.0915915915920000323, 101.4809710336615324877
1.0940940940940000470, 178.6047467524523710836
1.0965965965969999285, 80.5501355628377666562
1.0990990990989999432, 33.0068353164757795071
1.1016016016020000468, 16.8822595216468442914
1.1041041041040000614, 10.0799898114343893241
1.1066066066069999430, 6.6583509327795811217
1.1091091091089999576, 4.7138620555331502970
1.1116116116120000612, 3.5085284425221114901
1.1141141141140000759, 2.7117144399711805569
1.1166166166169999574, 2.1583074983500121213
1.1191191191189999721, 1.7586774425134332756
1.1216216216220000756, 1.4608565488037685842
1.1241241241240000903, 1.2330675946947204924
1.1266266266269999718, 1.0550091765142768363
1.1291291291289999865, 0.9132267222233825255
1.1316316316320000901, 0.7985211224669575003
1.1341341341340001048, 0.7044320610814761574
1.1366366366369999863, 0.6263158236342273311
1.1391391391390000010, 0.5607657137705391870
1.1416416416420001045, 0.5052370941938310045
1.1441441441439998972, 0.4577985312579928023
1.1466466466470000007, 0.4169628386973758261
1.1491491491490000154, 0.3815700124763045098
1.1516516516519998969, 0.3507046224157038816
1.1541541541539999116, 0.3236365461593750936
1.1566566566570000152, 0.2997778056120188328
1.1591591591590000299, 0.2786506966254758688
1.1616616616619999114, 0.2598639597636925869
1.1641641641639999261, 0.2430947566634372170
1.1666666666670000296, 0.2280748921037379362
1.1691691691690000443, 0.2145801781468530955
1.1716716716719999258, 0.2024221494686516687
1.1741741741739999405, 0.1914415563795544284
1.1766766766770000441, 0.1815032150959887680
1.1791791791790000588, 0.1724919039025404888
1.1816816816819999403, 0.1643090724754372456
1.1841841841839999550, 0.1568701889379671144
1.1866866866870000585, 0.1501025914152277763
1.1891891891890000732, 0.1439437422543012601
1.1916916916919999547, 0.1383398066890262901
1.1941941941939999694, 0.1332444956899835886
1.1966966966970000730, 0.1286181265814950736
1.1991991991990000876, 0.1244268658443600795
1.2017017017019999692, 0.1206421271847382820
1.2042042042039999838, 0.1172401050688314239
1.2067067067070000874, 0.1142014300024581930
1.2092092092090001021, 0.1115109372973368818
1.2117117117119999836, 0.1091575462981457800
1.2142142142139999983, 0.1071342524355579778
1.2167167167170001019, 0.1054382404564784270
1.2192192192189998945, 0.1040711343002831274
1.2217217217219999981, 0.1030394080498077541
1.2242242242240000127, 0.1023549941814072828
1.2267267267269998943, 0.1020361414105469683
1.2292292292289999089, 0.1021085969280732808
1.2317317317320000125, 0.1026072200291597014
1.2342342342340000272, 0.1035781811635949901
1.2367367367369999087, 0.1050819704030764856
1.2392392392389999234, 0.1071975453902037911
1.2417417417420000270, 0.1100281127934304576
1.2442442442440000416, 0.1137092960402099617
1.2467467467469999232, 0.1184208596825199467
1.2492492492489999378, 0.1244038513762005110
1.2517517517520000414, 0.1319861959565920007
1.2542542542540000561, 0.1416218309121440588
1.2567567567569999376, 0.1539521937252478490
1.2592592592589999523, 0.1699058712115609771
1.2617617617620000559, 0.1908659689364411993
1.2642642642640000705, 0.2189631341121182628
1.2667667667669999521, 0.2576141999478255840
1.2692692692689999667, 0.3125715165237029636
1.2717717717720000703, 0.3941158000653958160
1.2742742742740000850, 0.5220523837183042026
1.2767767767769999665, 0.7384003385017363641
1.2792792792789999812, 1.1444172345539995739
1.2817817817820000847, 2.0294471706006205203
1.2842842842840000994, 4.4092172623331116199
1.2867867867869999809, 11.4378281665155903113
1.2892892892889999956, 12.3727665619930498053
1.2917917917920000992, 4.8248809059554336187
1.2942942942939998918, 2.1691205102328594556
1.2967967967969999954, 1.2036470130162215675
1.2992992992990000101, 0.7688202451159369399
1.3018018018019998916, 0.5401543945299623894
1.3043043043039999063, 0.4062833960717435744
1.3068068068070000098, 0.3216715511965969609
1.3093093093090000245, 0.2650945350319933169
1.3118118118119999060, 0.2256312939860117550
1.3143143143139999207, 0.1972154141345666134
1.3168168168170000243, 0.1762666824214991212
1.3193193193190000390, 0.1605665462373195573
1.3218218218219999205, 0.1486846077984436409
1.3243243243239999352, 0.1396683943840770215
1.3268268268270000387, 0.1328670817989010544
1.3293293293290000534, 0.1278270943330344633
1.3318318318319999349, 0.1242280755358013550
1.3343343343339999496, 0.1218424595397494536
1.3368368368370000532, 0.1205093431067217891
1.3393393393390000679, 0.1201173170947137520
1.3418418418419999494, 0.1205930980593397095
1.3443443443439999641, 0.1218940479405581090
1.3468468468470000676, 0.1240034083278381966
1.3493493493490000823, 0.1269275299668846391
1.3518518518519999638, 0.1306946706946457981
1.3543543543539999785, 0.1353551359306388868
1.3568568568570000821, 0.1409826875560374060
1.3593593593590000967, 0.1476772774850900471
1.3618618618619999783, 0.1555692929275618586
1.3643643643639999929, 0.1648256513948148094
1.3668668668670000965, 0.1756582782575160928
1.3693693693689998891, 0.1883357698578167483
1.3718718718719999927, 0.2031994384008726229
1.3743743743740000074, 0.2206855266530219628
1.3768768768770001110, 0.2413562954015373574
1.3793793793789999036, 0.2659441362188602609
1.3818818818820000072, 0.2954152158342605028
1.3843843843840000218, 0.3310630807467228043
1.3868868868869999034, 0.3746493740533504702
1.3893893893889999180, 0.4286207068017716670
1.3918918918920000216, 0.4964525028341288393
1.3943943943940000363, 0.5832121267814941445
1.3968968968969999178, 0.6965163001144989430
1.3993993993989999325, 0.8482314084639392959
1.4019019019020000361, 1.0576524204083859182
1.4044044044040000507, 1.3578230753734741310
1.4069069069069999323, 1.8090765090850930985
1.4094094094089999469, 2.5308594343205368382
1.4119119119120000505, 3.7858118568431153861
1.4144144144140000652, 6.2378507899513815360
1.4169169169169999467, 11.9067818676845966763
1.4194194194189999614, 28.2338774482647067998
1.4219219219220000650, 67.7392061414812332032
1.4244244244240000796, 45.2884659079279927596
1.4269269269269999612, 17.4354542642287455578
1.4294294294289999758, 8.2993064782336354313
1.4319319319320000794, 4.7317904035703053367
1.4344344344340000941, 3.0333092924931093215
1.4369369369369999756, 2.1042210196639992148
1.4394394394389999903, 1.5438946824761048404
1.4419419419420000938, 1.1809787976260548437
1.4444444444440001085, 0.9328529982713031909
1.4469469469469999900, 0.7558714606418001081
1.4494494494490000047, 0.6252703392144983718
1.4519519519520001083, 0.5261713231724373108
1.4544544544539999009, 0.4492067461223515079
1.4569569569570000045, 0.3882439292104493678
1.4594594594590000192, 0.3391334277542147890
1.4619619619619999007, 0.2989872786359070167
1.4644644644639999154, 0.2657457593007621077
1.4669669669670000189, 0.2379081329593302208
1.4694694694690000336, 0.2143601581108070531
1.4719719719719999151, 0.1942605991063679483
1.4744744744739999298, 0.1769647681110678439
1.4769769769770000334, 0.1619719151853583616
1.4794794794790000481, 0.1488883342533452447
1.4819819819819999296, 0.1374010427771198140
1.4844844844839999443, 0.1272587102014034466
1.4869869869870000478, 0.1182576412891879203
1.4894894894890000625, 0.1102313398230450742
1.4919919919919999440, 0.1030426447689656300
1.4944944944939999587, 0.0965777392000620460
1.4969969969970000623, 0.0907415392510718538
1.4994994994990000770, 0.0854541115151632447
1.5020020020019999585, 0.0806478649167988865
1.5045045045050000621, 0.0762653315113979990
1.5070070070070000767, 0.0722573992026459000
1.5095095095099999583, 0.0685818942023820877
1.5120120120119999729, 0.0652024363248997485
1.5145145145150000765, 0.0620875087195237596
1.5170170170170000912, 0.0592096973366683446
1.5195195195199999727, 0.0565450656386397854
1.5220220220219999874, 0.0540726377534178695
1.5245245245250000909, 0.0517739690993301027
1.5270270270270001056, 0.0496327879628748053
1.5295295295299999871, 0.0476346949395390906
1.5320320320320000018, 0.0457669098026915674
1.5345345345350001054, 0.0440180574357608018
1.5370370370369998980, 0.0423779860866037444
1.5395395395400000016, 0.0408376124839330973
1.5420420420420000163, 0.0393887893718079946
1.5445445445449998978, 0.0380241918284766334
1.5470470470469999125, 0.0367372193852955470
1.5495495495500000160, 0.0355219114844150044
1.5520520520520000307, 0.0343728742370283530
1.5545545545549999122, 0.0332852167877969174
1.5570570570569999269, 0.0322544958716119781
1.5595595595600000305, 0.0312766673787493246
1.5620620620620000452, 0.0303480439335488753
1.5645645645649999267, 0.0294652576478761641
1.5670670670669999414, 0.0286252273399917045
1.5695695695700000449, 0.0278251296170146760
1.5720720720720000596, 0.0270623733089244214
1.5745745745749999411, 0.0263345768171522540
1.5770770770769999558, 0.0256395480038885890
1.5795795795800000594, 0.0249752663013474152
1.5820820820820000741, 0.0243398667650825060
1.5845845845849999556, 0.0237316258334541383
1.5870870870869999703, 0.0231489485876065666
1.5895895895900000738, 0.0225903573337965374
1.5920920920920000885, 0.0220544813533722975
1.5945945945949999700, 0.0215400476857711548
1.5970970970969999847, 0.0210458728271322726
1.5995995996000000883, 0.0205708552419228627
1.6021021021020001029, 0.0201139685977389342
1.6046046046049999845, 0.0196742556444643654
1.6071071071069999991, 0.0192508226685062026
1.6096096096100001027, 0.0188428344611026380
1.6121121121119998953, 0.0184495097468850740
1.6146146146149999989, 0.0180701170251374790
1.6171171171170000136, 0.0177039707816570441
1.6196196196199998951, 0.0173504280338925981
1.6221221221219999098, 0.0170088851762165705
1.6246246246250000134, 0.0166787750958509590
1.6271271271270000280, 0.0163595645331886599
1.6296296296299999096, 0.0160507516630846551
1.6321321321319999242, 0.0157518638761903751
1.6346346346350000278, 0.0154624557416091490
1.6371371371370000425, 0.0151821071341013102
1.6396396396399999240, 0.0149104215107939593
1.6421421421419999387, 0.0146470243238820512
1.6446446446450000423, 0.0143915615571674864
1.6471471471470000569, 0.0141436983754923799
1.6496496496499999385, 0.0139031178772002044
1.6521521521519999531, 0.0136695199407187700
1.6546546546550000567, 0.0134426201572170056
1.6571571571570000714, 0.0132221488420544292
1.6596596596599999529, 0.0130078501184284212
1.6621621621619999676, 0.0127994810672400153
1.6646646646650000712, 0.0125968109377508908
1.6671671671670000858, 0.0123996204141001362
1.6696696696699999674, 0.0122077009331957899
1.6721721721719999820, 0.0120208540498975246
1.6746746746750000856, 0.0118388908457690394
1.6771771771770001003, 0.0116616313780056359
1.6796796796799999818, 0.0114889041654371964
1.6821821821819999965, 0.0113205457087740963
1.6846846846850001000, 0.0111564000425047848
1.6871871871869998927, 0.0109963183160729505
1.6896896896899999962, 0.0108401584021603908
1.6921921921920000109, 0.0106877845300821714
1.6946946946949998924, 0.0105390669424642626
1.6971971971969999071, 0.0103938815735227334
1.6996996997000000107, 0.0102521097473992247
1.7022022022020000254, 0.0101136378951309086
1.7047047047049999069, 0.0099783572889456801
1.7072072072069999216, 0.0098461637926763115
1.7097097097100000251, 0.0097169576271808784
1.7122122122120000398, 0.0095906431497429258
1.7147147147149999213, 0.0094671286465031861
1.7172172172169999360, 0.0093463261370465307
1.7197197197200000396, 0.0092281511903338567
1.7222222222220000543, 0.0091125227512289277
1.7247247247249999358, 0.0089993629769256848
1.7272272272269999505, 0.0088885970826324406
1.7297297297300000540, 0.0087801531959162023
1.7322322322320000687, 0.0086739622191533694
1.7347347347349999502, 0.0085699576995727500
1.7372372372369999649, 0.0084680757064132441
1.7397397397400000685, 0.0083682547147522143
1.7422422422420000832, 0.0082704354955916021
1.7447447447449999647, 0.0081745610118174137
1.7472472472469999794, 0.0080805763196746781
1.7497497497500000829, 0.0079884284754243792
1.7522522522520000976, 0.0078980664468714951
1.7547547547549999791, 0.0078094410294740416
1.7572572572569999938, 0.0077225047667625769
1.7597597597600000974, 0.0076372118748172912
1.7622622622619998900, 0.0075535181705666359
1.7647647647649999936, 0.0074713810036866673
1.7672672672670000082, 0.0073907591918947173
1.7697697697699998898, 0.0073116129594441538
1.7722722722719999044, 0.0072339038786394015
1.7747747747750000080, 0.0071575948142017995
1.7772772772770000227, 0.0070826498703275547
1.7797797797799999042, 0.0070090343402889601
1.7822822822819999189, 0.0069367146584392372
1.7847847847850000225, 0.0068656583544900347
1.7872872872870000371, 0.0067958340099385419
1.7897897897899999187, 0.0067272112165286946
1.7922922922919999333, 0.0066597605366379188
1.7947947947950000369, 0.0065934534654873232
1.7972972972970000516, 0.0065282623950793555
1.7997997997999999331, 0.0064641605797726206
1.8023023023019999478, 0.0064011221034087967
1.8048048048050000514, 0.0063391218479116251
1.8073073073070000660, 0.0062781354632825180
1.8098098098099999476, 0.0062181393389217111
1.8123123123119999622, 0.0061591105762079275
1.8148148148150000658, 0.0061010269622733477
1.8173173173170000805, 0.0060438669449141922
1.8198198198199999620, 0.0059876096085806768
1.8223223223219999767, 0.0059322346513930955
1.8248248248250000803, 0.0058777223631338634
1.8273273273270000949, 0.0058240536041679969
1.8298298298299999765, 0.0057712097852472173
1.8323323323319999911, 0.0057191728481551865
1.8348348348350000947, 0.0056679252471537730
1.8373373373370001094, 0.0056174499311923403
1.8398398398399999909, 0.0055677303268440777
1.8423423423420000056, 0.0055187503219353510
1.8448448448450001091, 0.0054704942498357634
1.8473473473469999018, 0.0054229468743783992
1.8498498498500000053, 0.0053760933753812115
1.8523523523520000200, 0.0053299193347421192
1.8548548548549999015, 0.0052844107230817037
1.8573573573569999162, 0.0052395538869087878
1.8598598598600000198, 0.0051953355362854142
1.8623623623620000345, 0.0051517427329689069
1.8648648648649999160, 0.0051087628790098694
1.8673673673669999307, 0.0050663837057859885
1.8698698698700000342, 0.0050245932634525262
1.8723723723720000489, 0.0049833799107913083
1.8748748748749999304, 0.0049427323054409755
1.8773773773769999451, 0.0049026393944920019
1.8798798798800000487, 0.0048630904054308716
1.8823823823820000634, 0.0048240748374185393
1.8848848848849999449, 0.0047855824528889607
1.8873873873869999596, 0.0047476032694542493
1.8898898898900000631, 0.0047101275521035683
1.8923923923920000778, 0.0046731458056835339
1.8948948948949999593, 0.0046366487676484450
1.8973973973969999740, 0.0046006274010692199
1.8998998999000000776, 0.0045650728878904329
1.9024024024020000923, 0.0045299766224253177
1.9049049049049999738, 0.0044953302050791104
1.9074074074069999885, 0.0044611254362914837
1.9099099099100000920, 0.0044273543106893160
1.9124124124120001067, 0.0043940090114413704
1.9149149149149999882, 0.0043610819048068806
1.9174174174170000029, 0.0043285655348703775
1.9199199199200001065, 0.0042964526184554501
1.9224224224219998991, 0.0042647360402104286
1.9249249249250000027, 0.0042334088478593211
1.9274274274270000173, 0.0042024642476115991
1.9299299299299998989, 0.0041718955997247327
1.9324324324319999135, 0.0041416964142136055
1.9349349349350000171, 0.0041118603467012399
1.9374374374370000318, 0.0040823811944054548
1.9399399399399999133, 0.0040532528922563454
1.9424424424419999280, 0.0040244695091396681
1.9449449449450000316, 0.0039960252442614325
1.9474474474470000462, 0.0039679144236292024
1.9499499499499999278, 0.0039401314966457848
1.9524524524519999424, 0.0039126710328111804
1.9549549549550000460, 0.0038855277185288269
1.9574574574570000607, 0.0038586963540123463
1.9599599599599999422, 0.0038321718502891421
1.9624624624619999569, 0.0038059492262973596
1.9649649649650000605, 0.0037800236060728659
1.9674674674670000751, 0.0037543902160230192
1.9699699699699999567, 0.0037290443822841448
1.9724724724719999713, 0.0037039815281597775
1.9749749749750000749, 0.0036791971716367959
1.9774774774770000896, 0.0036546869229767335
1.9799799799799999711, 0.0036304464823796552
1.9824824824819999858, 0.0036064716377180580
1.9849849849850000894, 0.0035827582623383933
1.9874874874870001040, 0.0035593023129278758
1.9899899899899999856, 0.0035360998274443505
1.9924924924920000002, 0.0035131469231070613
1.9949949949950001038, 0.0034904397944462663
1.9974974974969998964, 0.0034679747114096972
2.0000000000000000000, 0.0034457480175239703
