# Delta1: 0.465
# Delta2: 1.17
# Delta3: 1.355
# Dq: 0.1355
# Ds: 0.04
# Dt: 0.061000000000000006
# k1_lab: [1, 0, 0]
# k2_lab: [-0.8660254037844387, 0.49999999999999994, 0.0]
# k1_cf: [-0.9961946980917457, 0.08715574274765803, 0.0]
# k2_cf: [0.8191520442889921, -0.5735764363510459, 0.0]
# pol1_lab: [(0, 1, 0), (0, 0, 1)]
# pol2_lab: "[array([-0.5      , -0.8660254,  0.       ]), array([0., 0., 1.])]"
# pol1_cf: "[array([-0.08715574, -0.9961947 ,  0.        ]), array([0., 0., 1.])]"
# pol2_cf: "[array([0.57357644, 0.81915204, 0.        ]), array([0., 0., 1.])]"
# cf: "[array([-0.9961947 , -0.08715574,  0.        ]), array([ 0.08715574, -0.9961947 ,  0.        ]), array([0., 0., 1.])]"
# th: 140
-0.5000000000000000000, 0.0049909362023672927
-0.4974974974974999964, 0.0050337437136685186
-0.4949949949949999928, 0.0050771567948826608
-0.4924924924924999892, 0.0051211873908974179
-0.4899899899899999856, 0.0051658477477971362
-0.4874874874874999819, 0.0052111504220954293
-0.4849849849849999783, 0.0052571082903008892
-0.4824824824824999747, 0.0053037345588297412
-0.4799799799800000266, 0.0053510427742799252
-0.4774774774775000230, 0.0053990468340817388
-0.4749749749750000194, 0.0054477609975409772
-0.4724724724725000158, 0.0054971998972911705
-0.4699699699700000122, 0.0055473785511723763
-0.4674674674675000086, 0.0055983123745548284
-0.4649649649650000049, 0.0056500171931265913
-0.4624624624625000013, 0.0057025092561653317
-0.4599599599599999977, 0.0057558052503153233
-0.4574574574574999941, 0.0058099223138917853
-0.4549549549549999905, 0.0058648780517358166
-0.4524524524524999869, 0.0059206905506443020
-0.4499499499499000077, 0.0059773783954003967
-0.4474474474474000041, 0.0060349606854315369
-0.4449449449449000005, 0.0060934570521231773
-0.4424424424423999969, 0.0061528876768180271
-0.4399399399398999932, 0.0062132733095320346
-0.4374374374373999896, 0.0062746352884198598
-0.4349349349348999860, 0.0063369955600245612
-0.4324324324323999824, 0.0064003767003476698
-0.4299299299298999788, 0.0064648019367780736
-0.4274274274273999752, 0.0065302951709199104
-0.4249249249249000271, 0.0065968810023618978
-0.4224224224224000235, 0.0066645847534328225
-0.4199199199199000199, 0.0067334324949903067
-0.4174174174174000163, 0.0068034510732924176
-0.4149149149149000126, 0.0068746681380045622
-0.4124124124124000090, 0.0069471121713967649
-0.4099099099099000054, 0.0070208125187897104
-0.4074074074074000018, 0.0070957994203109265
-0.4049049049048999982, 0.0071721040440260540
-0.4024024024023999946, 0.0072497585205137391
-0.3998998998998999910, 0.0073287959789566258
-0.3973973973973999874, 0.0074092505848248691
-0.3948948948948999838, 0.0074911575792332256
-0.3923923923923999801, 0.0075745533200571140
-0.3898898898898999765, 0.0076594753248983745
-0.3873873873873999729, 0.0077459623159963466
-0.3848848848849000248, 0.0078340542671857770
-0.3823823823824000212, 0.0079237924530089661
-0.3798798798799000176, 0.0080152195000959235
-0.3773773773774000140, 0.0081083794409331604
-0.3748748748749000104, 0.0082033177701490000
-0.3723723723724000068, 0.0083000815034510057
-0.3698698698699000031, 0.0083987192393594721
-0.3673673673673999995, 0.0084992812238897496
-0.3648648648648999959, 0.0086018194183455667
-0.3623623623623999923, 0.0087063875703957561
-0.3598598598598999887, 0.0088130412886175021
-0.3573573573573999851, 0.0089218381207008136
-0.3548548548548999815, 0.0090328376355214082
-0.3523523523523999779, 0.0091461015093023644
-0.3498498498497999987, 0.0092616936160992130
-0.3473473473472999951, 0.0093796801228583498
-0.3448448448447999914, 0.0095001295893150893
-0.3423423423422999878, 0.0096231130730151399
-0.3398398398397999842, 0.0097487042397623111
-0.3373373373372999806, 0.0098769794798153898
-0.3348348348347999770, 0.0100080180301790316
-0.3323323323322999734, 0.0101419021033568747
-0.3298298298298000253, 0.0102787170229604041
-0.3273273273273000217, 0.0104185513665941663
-0.3248248248248000181, 0.0105614971164673214
-0.3223223223223000145, 0.0107076498182128513
-0.3198198198198000108, 0.0108571087484300808
-0.3173173173173000072, 0.0110099770915025909
-0.3148148148148000036, 0.0111663621262833943
-0.3123123123123000000, 0.0113263754232822006
-0.3098098098097999964, 0.0114901330530354680
-0.3073073073072999928, 0.0116577558063906076
-0.3048048048047999892, 0.0118293694274895864
-0.3023023023022999856, 0.0120051048602958128
-0.2997997997997999819, 0.0121850985095722023
-0.2972972972972999783, 0.0123694925172869973
-0.2947947947947999747, 0.0125584350554989489
-0.2922922922923000266, 0.0127520806368550399
-0.2897897897898000230, 0.0129505904439217237
-0.2872872872873000194, 0.0131541326786676627
-0.2847847847848000158, 0.0133628829335196344
-0.2822822822823000122, 0.0135770245855279179
-0.2797797797798000086, 0.0137967492153013571
-0.2772772772773000050, 0.0140222570525074079
-0.2747747747748000013, 0.0142537574498810497
-0.2722722722722999977, 0.0144914693878469142
-0.2697697697697999941, 0.0147356220120362334
-0.2672672672672999905, 0.0149864552061728645
-0.2647647647647999869, 0.0152442202030141829
-0.2622622622622999833, 0.0155091802362642243
-0.2597597597597999797, 0.0157816112366306431
-0.2572572572572999761, 0.0160618025754756498
-0.2547547547547999724, 0.0163500578598181068
-0.2522522522523000243, 0.0166466957827801076
-0.2497497497496999896, 0.0169520510339428651
-0.2472472472472000138, 0.0172664752744850977
-0.2447447447447000102, 0.0175903381824275076
-0.2422422422422000066, 0.0179240285738045402
-0.2397397397397000030, 0.0182679556061338677
-0.2372372372371999993, 0.0186225500711615921
-0.2347347347346999957, 0.0189882657845347191
-0.2322322322321999921, 0.0193655810807969835
-0.2297297297296999885, 0.0197550004229323263
-0.2272272272272000126, 0.0201570561365988395
-0.2247247247247000090, 0.0205723102802175817
-0.2222222222222000054, 0.0210013566632182257
-0.2197197197197000018, 0.0214448230260108862
-0.2172172172171999982, 0.0219033733966678898
-0.2147147147146999946, 0.0223777106408792163
-0.2122122122121999910, 0.0228685792235128263
-0.2097097097096999874, 0.0233767682020902187
-0.2072072072072000115, 0.0239031144747076964
-0.2047047047047000079, 0.0244485063074259545
-0.2022022022022000043, 0.0250138871689537801
-0.1996996996997000007, 0.0256002599036073593
-0.1971971971971999971, 0.0262086912770858015
-0.1946946946946999935, 0.0268403169336217350
-0.1921921921921999898, 0.0274963468076116976
-0.1896896896896999862, 0.0281780710379786678
-0.1871871871872000104, 0.0288868664393601843
-0.1846846846847000068, 0.0296242035908520739
-0.1821821821822000032, 0.0303916546105919769
-0.1796796796796999995, 0.0311909016930793440
-0.1771771771771999959, 0.0320237464959652746
-0.1746746746746999923, 0.0328921204743005610
-0.1721721721721999887, 0.0337980962731310453
-0.1696696696697000128, 0.0347439003041462649
-0.1671671671672000092, 0.0357319266491357077
-0.1646646646647000056, 0.0367647524526645494
-0.1621621621622000020, 0.0378451549890915645
-0.1596596596596999984, 0.0389761306153471945
-0.1571571571571999948, 0.0401609158514004347
-0.1546546546546999912, 0.0414030108658278995
-0.1521521521521999876, 0.0427062056852554675
-0.1496496496496000084, 0.0440746094947743611
-0.1471471471471000048, 0.0455126834530354824
-0.1446446446446000011, 0.0470252775121999186
-0.1421421421420999975, 0.0486176718111876530
-0.1396396396395999939, 0.0502956233030588534
-0.1371371371370999903, 0.0520654183867556505
-0.1346346346345999867, 0.0539339324433076514
-0.1321321321321000108, 0.0559086973312836882
-0.1296296296296000072, 0.0579979780810527673
-0.1271271271271000036, 0.0602108602488675149
-0.1246246246246000000, 0.0625573496580874855
-0.1221221221220999964, 0.0650484865761871422
-0.1196196196196000067, 0.0676964767653393945
-0.1171171171171000031, 0.0705148423173928285
-0.1146146146145999994, 0.0735185957612988633
-0.1121121121120999958, 0.0767244416383122962
-0.1096096096096000061, 0.0801510106105421671
-0.1071071071071000025, 0.0838191322439339609
-0.1046046046045999989, 0.0877521539420706292
-0.1021021021020999953, 0.0919763151729800915
-0.0995995995996000055, 0.0965211882196932158
-0.0970970970971000019, 0.1014201993176617744
-0.0945945945945900063, 0.1067112473781677562
-0.0920920920920900027, 0.1124374417490947992
-0.0895895895895899991, 0.1186479859173592416
-0.0870870870870899955, 0.1253992410945884151
-0.0845845845845799998, 0.1327560127706037263
-0.0820820820820799962, 0.1407931152820508514
-0.0795795795795800065, 0.1495972852128254482
-0.0770770770770800029, 0.1592695353942010783
-0.0745745745745699934, 0.1699280693417024313
-0.0720720720720700037, 0.1817119139047880250
-0.0695695695695700000, 0.1947854796689081902
-0.0670670670670699964, 0.2093443299846758088
-0.0645645645645600008, 0.2256225388600851256
-0.0620620620620599972, 0.2439021579372556703
-0.0595595595595600005, 0.2645255124194818563
-0.0570570570570599969, 0.2879113343057081997
-0.0545545545545500013, 0.3145761641046200263
-0.0520520520520499977, 0.3451630814218290544
-0.0495495495495500010, 0.3804807768360127795
-0.0470470470470499974, 0.4215574440751613805
-0.0445445445445400018, 0.4697162756411418227
-0.0420420420420399982, 0.5266830438233675027
-0.0395395395395400015, 0.5947423291141983315
-0.0370370370370399979, 0.6769692180797601821
-0.0345345345345300023, 0.7775811190406880513
-0.0320320320320299987, 0.9024863443073128932
-0.0295295295295299985, 1.0601657055087461146
-0.0270270270270299984, 1.2631391002671856771
-0.0245245245245199993, 1.5305048243827230614
-0.0220220220220199991, 1.8925469462329593817
-0.0195195195195199990, 2.3995721605690740752
-0.0170170170170199989, 3.1400301685521783135
-0.0145145145145099998, 4.2808415156162142878
-0.0120120120120099996, 6.1668218701281372063
-0.0095095095095099995, 9.5999331758916124357
-0.0070070070070070000, 16.7659087932944466104
-0.0045045045045049997, 34.9594777065766706414
-0.0020020020020019998, 90.4441094923676303097
0.0005005005005005000, 142.7215018713186793775
0.0030030030030029999, 60.7674442921576769550
0.0055055055055059999, 25.3795541523829584207
0.0080080080080079993, 13.1864753068107347644
0.0105105105105099995, 7.9527102350750498161
0.0130130130130099997, 5.2880059874194902392
0.0155155155155200005, 3.7607731984435930350
0.0180180180180199989, 2.8082000436687208911
0.0205205205205199991, 2.1755077501740247570
0.0230230230230199992, 1.7344582861304354005
0.0255255255255299983, 1.4150088476159392581
0.0280280280280299984, 1.1763480316003320780
0.0305305305305299986, 0.9934198322865885888
0.0330330330330299987, 0.8501630812530112102
0.0355355355355400013, 0.7359031795543078402
0.0380380380380399979, 0.6433239733892599510
0.0405405405405400016, 0.5672766447715076321
0.0430430430430399982, 0.5040533168766396788
0.0455455455455500008, 0.4509293407890845873
0.0480480480480499975, 0.4058665035867063398
0.0505505505505500011, 0.3673156521155213072
0.0530530530530499977, 0.3340824446518297908
0.0555555555555600003, 0.3052341818256935069
0.0580580580580599970, 0.2800339630316130424
0.0605605605605600006, 0.2578933835324482282
0.0630630630630600042, 0.2383380399899449886
0.0655655655655699998, 0.2209820306254268174
0.0680680680680700034, 0.2055088672283422457
0.0705705705705699932, 0.1916570212533998396
0.0730730730730699968, 0.1792088619350906131
0.0755755755755800063, 0.1679821065714334205
0.0780780780780799960, 0.1578231517116267524
0.0805805805805799996, 0.1486018269345560916
0.0830830830830800032, 0.1402072347817263920
0.0855855855855899988, 0.1325444273194239242
0.0880880880880900025, 0.1255317324738894624
0.0905905905905900061, 0.1190985889440163564
0.0930930930930899958, 0.1131837820905549352
0.0955955955956000053, 0.1077339981452365703
0.0980980980980999950, 0.1027026327654549098
0.1006006006005999986, 0.0980488040667011895
0.1031031031031000023, 0.0937365309988281159
0.1056056056056000059, 0.0897340461594951511
0.1081081081080999956, 0.0860132184878855538
0.1106106106105999992, 0.0825490662146841497
0.1131131131131000028, 0.0793193443004694132
0.1156156156156000064, 0.0763041936270592025
0.1181181181180999962, 0.0734858416044561619
0.1206206206205999998, 0.0708483457627862301
0.1231231231231000034, 0.0683773734225215785
0.1256256256256000070, 0.0660600117602015979
0.1281281281281000106, 0.0638846035745130048
0.1306306306305999865, 0.0618406048581721379
0.1331331331330999901, 0.0599184609328200848
0.1356356356355999937, 0.0581094984369624618
0.1381381381380999973, 0.0564058308943089989
0.1406406406406000009, 0.0548002759501919276
0.1431431431431000045, 0.0532862826617171853
0.1456456456456000081, 0.0518578674746001667
0.1481481481481000118, 0.0505095577255757003
0.1506506506506999910, 0.0492363416813406188
0.1531531531531999946, 0.0480336242692131488
0.1556556556556999982, 0.0468971877759566322
0.1581581581582000018, 0.0458231568934773445
0.1606606606607000054, 0.0448079675765929650
0.1631631631632000090, 0.0438483392514208217
0.1656656656657000126, 0.0429412499753159052
0.1681681681681999885, 0.0420839142024815871
0.1706706706706999921, 0.0412737628548508623
0.1731731731731999957, 0.0405084254368110325
0.1756756756756999993, 0.0397857139658340728
0.1781781781782000029, 0.0391036085199168576
0.1806806806807000065, 0.0384602442276401335
0.1831831831832000101, 0.0378538995482076354
0.1856856856857000138, 0.0372829857075242938
0.1881881881881999896, 0.0367460371726343743
0.1906906906906999932, 0.0362417030610144159
0.1931931931931999968, 0.0357687393936056350
0.1956956956957000004, 0.0353260021113256106
0.1981981981982000041, 0.0349124407843370635
0.2007007007007000077, 0.0345270929517565162
0.2032032032032000113, 0.0341690790369138520
0.2057057057056999871, 0.0338375977898629776
0.2082082082081999908, 0.0335319222147092838
0.2107107107106999944, 0.0332513959445619595
0.2132132132131999980, 0.0329954300316285254
0.2157157157157000016, 0.0327635001242186502
0.2182182182182000052, 0.0325551440062852790
0.2207207207207000088, 0.0323699594786598932
0.2232232232232000124, 0.0322076025643895925
0.2257257257256999883, 0.0320677860236053824
0.2282282282281999919, 0.0319502781661841484
0.2307307307306999955, 0.0318549019531538732
0.2332332332331999991, 0.0317815343803683273
0.2357357357357000027, 0.0317301061404790322
0.2382382382382000063, 0.0317006015616931591
0.2407407407407000099, 0.0316930588242591571
0.2432432432432000136, 0.0317075704581006174
0.2457457457456999894, 0.0317442841275572679
0.2482482482481999930, 0.0318034037118253635
0.2507507507508000000, 0.0318851906924549899
0.2532532532533000036, 0.0319899658622006811
0.2557557557558000072, 0.0321181113726746598
0.2582582582583000108, 0.0322700731416721009
0.2607607607608000144, 0.0324463636447744758
0.2632632632633000180, 0.0326475651199534256
0.2657657657658000216, 0.0328743332184640857
0.2682682682683000253, 0.0331274011404080818
0.2707707707707999734, 0.0334075842990599545
0.2732732732732999770, 0.0337157855644861573
0.2757757757757999806, 0.0340530011442678054
0.2782782782782999842, 0.0344203271674138056
0.2807807807807999878, 0.0348189670469779833
0.2832832832832999914, 0.0352502397076809651
0.2857857857857999950, 0.0357155887772081376
0.2882882882882999986, 0.0362165928540854540
0.2907907907908000023, 0.0367549769814573407
0.2932932932933000059, 0.0373326254750804554
0.2957957957958000095, 0.0379515962758802949
0.2982982982983000131, 0.0386141370230366904
0.3008008008008000167, 0.0393227030734360217
0.3033033033033000203, 0.0400799777282592473
0.3058058058058000239, 0.0408888949684138928
0.3083083083083000275, 0.0417526650486531037
0.3108108108107999756, 0.0426748033569594593
0.3133133133132999792, 0.0436591630128405350
0.3158158158157999829, 0.0447099717577125605
0.3183183183182999865, 0.0458318737851128033
0.3208208208207999901, 0.0470299772713054509
0.3233233233232999937, 0.0483099085018622657
0.3258258258257999973, 0.0496778736519200917
0.3283283283283000009, 0.0511407294731689027
0.3308308308308000045, 0.0527060643768225076
0.3333333333333000081, 0.0543822916885179225
0.3358358358358000118, 0.0561787572003616398
0.3383383383383000154, 0.0581058635725946598
0.3408408408408000190, 0.0601752146621565148
0.3433433433433000226, 0.0623997835028445025
0.3458458458458000262, 0.0647941084640974579
0.3483483483482999743, 0.0673745231143851320
0.3508508508509000090, 0.0701594265651349636
0.3533533533534000126, 0.0731696026431981339
0.3558558558559000162, 0.0764285982277247145
0.3583583583584000198, 0.0799631736152777717
0.3608608608609000235, 0.0838038410108451898
0.3633633633634000271, 0.0879855114051454057
0.3658658658658999752, 0.0925482754923181300
0.3683683683683999788, 0.0975383513191500351
0.3708708708708999824, 0.1030092406053686183
0.3733733733733999860, 0.1090231479229233080
0.3758758758758999896, 0.1156527332765151517
0.3783783783783999932, 0.1229832906536658943
0.3808808808808999968, 0.1311154750504081035
0.3833833833834000004, 0.1401687415690888172
0.3858858858859000041, 0.1502857171714982454
0.3883883883884000077, 0.1616378055858220808
0.3908908908909000113, 0.1744324392750296604
0.3933933933934000149, 0.1889225553811048619
0.3958958958959000185, 0.2054191100931312408
0.3983983983984000221, 0.2243077971855075847
0.4009009009009000257, 0.2460716644179590240
0.4034034034033999738, 0.2713221288388359409
0.4059059059058999774, 0.3008421503018161025
0.4084084084083999810, 0.3356473246694922086
0.4109109109108999847, 0.3770739175266477616
0.4134134134133999883, 0.4269083004749594235
0.4159159159158999919, 0.4875815933110739797
0.4184184184183999955, 0.5624698601292227318
0.4209209209208999991, 0.6563705562286961115
0.4234234234234000027, 0.7762838468746443565
0.4259259259259000063, 0.9327430967877039514
0.4284284284284000099, 1.1421822219108668239
0.4309309309309000136, 1.4313718029622388705
0.4334334334334000172, 1.8462630825460504269
0.4359359359359000208, 2.4709998961859045430
0.4384384384384000244, 3.4727915539475278095
0.4409409409408999725, 5.2211095998871162038
0.4434434434433999761, 8.6561056562855291929
0.4459459459458999797, 16.6623170460711911289
0.4484484484483999833, 39.9091462941804593356
0.4509509509510000180, 93.5969984559810086466
0.4534534534535000216, 59.1312428106212948364
0.4559559559560000253, 22.8659431521565288392
0.4584584584584999734, 10.9741859179277643221
0.4609609609609999770, 6.2879198809274763349
0.4634634634634999806, 4.0419620412433054923
0.4659659659659999842, 2.8078267175825066815
0.4684684684684999878, 2.0611732456254960866
0.4709709709709999914, 1.5764831743803648934
0.4734734734734999950, 1.2445604802927761057
0.4759759759759999986, 1.0075326652165670360
0.4784784784785000022, 0.8324793984121767743
0.4809809809810000059, 0.6995806927301846390
0.4834834834835000095, 0.5963360959664979477
0.4859859859860000131, 0.5145502650391673427
0.4884884884885000167, 0.4486714000421987425
0.4909909909910000203, 0.3948315077365386339
0.4934934934935000239, 0.3502694353767936142
0.4959959959960000275, 0.3129718208415891434
0.4984984984984999756, 0.2814428126174586264
0.5010010010009999792, 0.2545524039241678915
0.5035035035035000384, 0.2314341627952934410
0.5060060060059999865, 0.2114148044149559147
0.5085085085085000456, 0.1939647660542291874
0.5110110110109999937, 0.1786629239248693490
0.5135135135135000528, 0.1651710120020459804
0.5160160160160000009, 0.1532148109250399681
0.5185185185184999490, 0.1425701350161789061
0.5210210210210000081, 0.1330522686127447451
0.5235235235234999562, 0.1245079147850527423
0.5260260260260000154, 0.1168089962920643710
0.5285285285284999635, 0.1098478374810638314
0.5310310310310000226, 0.1035333865351449056
0.5335335335334999707, 0.0977882291165133033
0.5360360360360000298, 0.0925462095041217903
0.5385385385384999779, 0.0877505220275181519
0.5410410410410000370, 0.0833521694893645942
0.5435435435434999851, 0.0793087101090178409
0.5460460460460000442, 0.0755832328977451284
0.5485485485484999924, 0.0721435150942143916
0.5510510510510999715, 0.0689613256141705516
0.5535535535536000307, 0.0660118463012748097
0.5560560560560999788, 0.0632731887528276138
0.5585585585586000379, 0.0607259891021540293
0.5610610610610999860, 0.0583530667100886843
0.5635635635636000451, 0.0561391355024578945
0.5660660660660999932, 0.0540705588749994803
0.5685685685686000523, 0.0521351408109374803
0.5710710710711000004, 0.0503219472241184240
0.5735735735735999485, 0.0486211526314797998
0.5760760760761000077, 0.0470239081330612735
0.5785785785785999558, 0.0455222273820903717
0.5810810810811000149, 0.0441088877975818403
0.5835835835835999630, 0.0427773447350689520
0.5860860860861000221, 0.0415216567091133346
0.5885885885885999702, 0.0403364200710251697
0.5910910910911000293, 0.0392167118000761525
0.5935935935935999774, 0.0381580392769317253
0.5960960960961000366, 0.0371562960824317473
0.5985985985985999847, 0.0362077230098835773
0.6011011011011000438, 0.0353088736000491885
0.6036036036035999919, 0.0344565836093099556
0.6061061061061000510, 0.0336479439065569610
0.6086086086085999991, 0.0328802763659971353
0.6111111111110999472, 0.0321511123835804685
0.6136136136136000063, 0.0314581736960126979
0.6161161161160999544, 0.0307993552248543578
0.6186186186186000135, 0.0301727097052821719
0.6211211211210999616, 0.0295764338907422049
0.6236236236236000208, 0.0290088561518139845
0.6261261261260999689, 0.0284684253108465693
0.6286286286286000280, 0.0279537005739120964
0.6311311311310999761, 0.0274633424388462666
0.6336336336336000352, 0.0269961044730214310
0.6361361361360999833, 0.0265508258673743669
0.6386386386386000424, 0.0261264246843787157
0.6411411411410999905, 0.0257218917273581635
0.6436436436436000497, 0.0253362849669877266
0.6461461461460999978, 0.0249687244682040843
0.6486486486485999459, 0.0246183877671906498
0.6511511511512000361, 0.0242845056537455417
0.6536536536536999842, 0.0239663583192910520
0.6561561561562000433, 0.0236632718351317065
0.6586586586586999914, 0.0233746149293960620
0.6611611611612000505, 0.0230997960344717229
0.6636636636636999986, 0.0228382605797223803
0.6661661661661999467, 0.0225894885069105843
0.6686686686687000059, 0.0223529919880836661
0.6711711711711999540, 0.0221283133277501848
0.6736736736737000131, 0.0219150230330129939
0.6761761761761999612, 0.0217127180369609540
0.6786786786787000203, 0.0215210200620785906
0.6811811811811999684, 0.0213395741117329216
0.6836836836837000275, 0.0211680470789582000
0.6861861861861999756, 0.0210061264627981296
0.6886886886887000347, 0.0208535191833957058
0.6911911911911999828, 0.0207099504878556807
0.6936936936937000420, 0.0205751629396542200
0.6961961961961999901, 0.0204489154850446657
0.6986986986987000492, 0.0203309825905154812
0.7012012012011999973, 0.0202211534459041525
0.7037037037036999454, 0.0201192312282651373
0.7062062062062000045, 0.0200250324220371603
0.7087087087086999526, 0.0199383861914601973
0.7112112112112000117, 0.0198591338015594379
0.7137137137136999598, 0.0197871280843473496
0.7162162162162000190, 0.0197222329471982011
0.7187187187186999671, 0.0196643229206258235
0.7212212212212000262, 0.0196132827429480704
0.7237237237236999743, 0.0195690069795517937
0.7262262262262000334, 0.0195313996746840600
0.7287287287286999815, 0.0195003740338891111
0.7312312312312000406, 0.0194758521353897776
0.7337337337336999887, 0.0194577646688764150
0.7362362362362000479, 0.0194460507003193922
0.7387387387386999960, 0.0194406574615625695
0.7412412412412000551, 0.0194415401635868144
0.7437437437437000032, 0.0194486618324559157
0.7462462462461999513, 0.0194619931670723008
0.7487487487487000104, 0.0194815124179787795
0.7512512512512999896, 0.0195072052865452039
0.7537537537538000487, 0.0195390648439762692
0.7562562562562999968, 0.0195770914696701097
0.7587587587587999449, 0.0196212928085466101
0.7612612612613000040, 0.0196716837470507604
0.7637637637637999521, 0.0197282864076203449
0.7662662662663000113, 0.0197911301614892218
0.7687687687687999594, 0.0198602516597782448
0.7712712712713000185, 0.0199356948829059015
0.7737737737737999666, 0.0200175112084303060
0.7762762762763000257, 0.0201057594975145304
0.7787787787787999738, 0.0202005062002879252
0.7812812812813000329, 0.0203018254804584741
0.7837837837837999810, 0.0204097993596155936
0.7862862862863000402, 0.0205245178817491658
0.7887887887887999883, 0.0206460792986007252
0.7912912912913000474, 0.0207745902765561902
0.7937937937937999955, 0.0209101661258870690
0.7962962962963000546, 0.0210529310532503143
0.7987987987988000027, 0.0212030184384653098
0.8013013013012999508, 0.0213605711367017836
0.8038038038038000099, 0.0215257418073348458
0.8063063063062999580, 0.0216986932708540560
0.8088088088088000172, 0.0218795988953537912
0.8113113113112999653, 0.0220686430142820501
0.8138138138138000244, 0.0222660213772873372
0.8163163163162999725, 0.0224719416361776128
0.8188188188188000316, 0.0226866238681944429
0.8213213213212999797, 0.0229103011390104014
0.8238238238238000388, 0.0231432201080801273
0.8263263263262999869, 0.0233856416792172506
0.8288288288288000460, 0.0236378416995332158
0.8313313313312999941, 0.0239001117101611434
0.8338338338338000533, 0.0241727597525026525
0.8363363363363000014, 0.0244561112340786722
0.8388388388387999495, 0.0247505098584424599
0.8413413413413000086, 0.0250563186240262033
0.8438438438437999567, 0.0253739208972458032
0.8463463463463000158, 0.0257037215656884879
0.8488488488487999639, 0.0260461482777569614
0.8513513513514000541, 0.0264016527757491813
0.8538538538539000022, 0.0267707123300227195
0.8563563563563999503, 0.0271538312826292566
0.8588588588589000095, 0.0275515427096241564
0.8613613613613999576, 0.0279644102121592679
0.8638638638639000167, 0.0283930298474709825
0.8663663663663999648, 0.0288380322119898697
0.8688688688689000239, 0.0293000846900341935
0.8713713713713999720, 0.0297798938829292523
0.8738738738739000311, 0.0302782082349263362
0.8763763763763999792, 0.0307958208740078884
0.8788788788789000384, 0.0313335726875764789
0.8813813813813999865, 0.0318923556551609505
0.8838838838839000456, 0.0324731164626680807
0.8863863863863999937, 0.0330768604253892026
0.8888888888889000528, 0.0337046557499832145
0.8913913913914000009, 0.0343576381690449129
0.8938938938938999490, 0.0350370159856761773
0.8963963963964000081, 0.0357440755697785648
0.8988988988988999562, 0.0364801873526353140
0.9014014014014000153, 0.0372468123718379188
0.9039039039038999634, 0.0380455094248272965
0.9064064064064000226, 0.0388779428963637319
0.9089089089088999707, 0.0397458913332517857
0.9114114114114000298, 0.0406512568487541540
0.9139139139138999779, 0.0415960754495178359
0.9164164164164000370, 0.0425825283896985457
0.9189189189188999851, 0.0436129546705342000
0.9214214214214000442, 0.0446898648191755427
0.9239239239238999923, 0.0458159560984342240
0.9264264264264000515, 0.0469941293196538615
0.9289289289288999996, 0.0482275074545943441
0.9314314314313999477, 0.0495194562695704527
0.9339339339339000068, 0.0508736072367610495
0.9364364364363999549, 0.0522938830143372183
0.9389389389389000140, 0.0537845258297758380
0.9414414414413999621, 0.0553501291505090892
0.9439439439439000212, 0.0569956730842073461
0.9464464464463999693, 0.0587265640191034499
0.9489489489489000285, 0.0605486790947133285
0.9514514514515000076, 0.0624684161874246718
0.9539539539539999558, 0.0644927502065129193
0.9564564564565000149, 0.0666292966276149506
0.9589589589589999630, 0.0688863833467748682
0.9614614614615000221, 0.0712731321239865045
0.9639639639639999702, 0.0737995511070859977
0.9664664664665000293, 0.0764766401927506195
0.9689689689689999774, 0.0793165113009947631
0.9714714714715000365, 0.0823325260251653868
0.9739739739739999846, 0.0855394535862452066
0.9764764764765000438, 0.0889536525875403300
0.9789789789789999919, 0.0925932807578425804
0.9814814814815000510, 0.0964785377187274557
0.9839839839839999991, 0.1006319468541992668
0.9864864864864999472, 0.1050786836488123155
0.9889889889890000063, 0.1098469594588032949
0.9914914914914999544, 0.1149684716739843571
0.9939939939940000135, 0.1204789337260875892
0.9964964964964999616, 0.1264187015462207297
0.9989989989990000208, 0.1328335170603500703
1.0015015015019999023, 0.1397753943902793339
1.0040040040039999170, 0.1473036809367408717
1.0065065065070000205, 0.1554863339170109160
1.0090090090090000352, 0.1644014638311198373
1.0115115115119999167, 0.1741392105858864392
1.0140140140139999314, 0.1848040367850370957
1.0165165165170000350, 0.1965175476266593224
1.0190190190190000497, 0.2094219802287190235
1.0215215215219999312, 0.2236845502854890588
1.0240240240239999459, 0.2395029054169668659
1.0265265265270000494, 0.2571120191967813939
1.0290290290290000641, 0.2767929776048640989
1.0315315315319999456, 0.2988842753944863095
1.0340340340339999603, 0.3237964759913339319
1.0365365365370000639, 0.3520314293629887570
1.0390390390390000785, 0.3842077411902861117
1.0415415415419999601, 0.4210949281190842219
1.0440440440439999747, 0.4636598140674601520
1.0465465465470000783, 0.5131304455086727057
1.0490490490490000930, 0.5710855058627939407
1.0515515515519999745, 0.6395815387293528609
1.0540540540539999892, 0.7213373918121958051
1.0565565565570000928, 0.8200072503507325195
1.0590590590590001074, 0.9405943498101324574
1.0615615615619999890, 1.0900945463384597023
1.0640640640640000036, 1.2785277714966600815
1.0665665665670001072, 1.5206485928859856394
1.0690690690689998998, 1.8388972672231207461
1.0715715715720000034, 2.2687314566847631703
1.0740740740740000181, 2.8688005747611873275
1.0765765765769998996, 3.7416806853844399861
1.0790790790789999143, 5.0796712869559588199
1.0815815815820000179, 7.2766246861247960709
1.0840840840840000325, 11.2381995927339897179
1.0865865865869999141, 19.3954701851306055005
1.0890890890889999287, 39.7187691003517358013
1.0915915915920000323, 101.4817298465469121993
1.0940940940940000470, 178.6055368088794068626
1.0965965965969999285, 80.5509579590577828867
1.0990990990989999432, 33.0076912092708596447
1.1016016016020000468, 16.8831501323621182564
1.1041041041040000614, 10.0809164303697613718
1.1066066066069999430, 6.6593149239300295505
1.1091091091089999576, 4.7148648617317485687
1.1116116116120000612, 3.5095715910245823821
1.1141141141140000759, 2.7127995485264810860
1.1166166166169999574, 2.1594362818067573961
1.1191191191189999721, 1.7598517200180432418
1.1216216216220000756, 1.4620782516529733375
1.1241241241240000903, 1.2343387749127585629
1.1266266266269999718, 1.0563320162339049357
1.1291291291289999865, 0.9146035439598475536
1.1316316316320000901, 0.7999544003855638685
1.1341341341340001048, 0.7059244333725532838
1.1366366366369999863, 0.6278701061244582604
1.1391391391390000010, 0.5623849149170571105
1.1416416416420001045, 0.5069244316276547702
1.1441441441439998972, 0.4595574500666995688
1.1466466466470000007, 0.4187970316639873514
1.1491491491490000154, 0.3834834425228605403
1.1516516516519998969, 0.3527015475367265007
1.1541541541539999116, 0.3257215471733883039
1.1566566566570000152, 0.3019558171096607957
1.1591591591590000299, 0.2809270415519841690
1.1616616616619999114, 0.2622443881434211588
1.1641641641639999261, 0.2455854890567464588
1.1666666666670000296, 0.2306826684847402831
1.1691691691690000443, 0.2173123130073813247
1.1716716716719999258, 0.2052865940935011124
1.1741741741739999405, 0.1944469694055954712
1.1766766766770000441, 0.1846590426694483256
1.1791791791790000588, 0.1758084709925409328
1.1816816816819999403, 0.1677976871977404361
1.1841841841839999550, 0.1605432621034464102
1.1866866866870000585, 0.1539737739590127108
1.1891891891890000732, 0.1480280837444452047
1.1916916916919999547, 0.1426539387845397744
1.1941941941939999694, 0.1378068452516247322
1.1966966966970000730, 0.1334491641797616590
1.1991991991990000876, 0.1295493967167029303
1.2017017017019999692, 0.1260816333461083905
1.2042042042039999838, 0.1230251493801530621
1.2067067067070000874, 0.1203641356898453862
1.2092092092090001021, 0.1180875598793604542
1.2117117117119999836, 0.1161891593764104863
1.2142142142139999983, 0.1146675746893695280
1.2167167167170001019, 0.1135266389477006532
1.2192192192189998945, 0.1127758495308583547
1.2217217217219999981, 0.1124310601032131596
1.2242242242240000127, 0.1125154481300156134
1.2267267267269998943, 0.1130608360330439682
1.2292292292289999089, 0.1141094766749683465
1.2317317317320000125, 0.1157164606144093777
1.2342342342340000272, 0.1179529709986361780
1.2367367367369999087, 0.1209107139005724807
1.2392392392389999234, 0.1247080065629566081
1.2417417417420000270, 0.1294982451781790944
1.2442442442440000416, 0.1354818513524023160
1.2467467467469999232, 0.1429234057424579041
1.2492492492489999378, 0.1521766851923007646
1.2517517517520000414, 0.1637220322564460484
1.2542542542540000561, 0.1782234847734813499
1.2567567567569999376, 0.1966185238246689893
1.2592592592589999523, 0.2202635137652785291
1.2617617617620000559, 0.2511779719040893033
1.2642642642640000705, 0.2924722166730776007
1.2667667667669999521, 0.3491334771141167970
1.2692692692689999667, 0.4295573029795722864
1.2717717717720000703, 0.5487478381449819587
1.2742742742740000850, 0.7356094112990529954
1.2767767767769999665, 1.0514651952252584977
1.2792792792789999812, 1.6440916008151114092
1.2817817817820000847, 2.9357606947684606880
1.2842842842840000994, 6.4088368241200868169
1.2867867867869999809, 16.6664523284750600851
1.2892892892889999956, 18.0308447336351242996
1.2917917917920000992, 7.0152697403454471470
1.2942942942939998918, 3.1392818812343841195
1.2967967967969999954, 1.7300779127848104899
1.2992992992990000101, 1.0952636168697664765
1.3018018018019998916, 0.7612785427245620795
1.3043043043039999063, 0.5655913925587967572
1.3068068068070000098, 0.4417441397751677434
1.3093093093090000245, 0.3587586819357925227
1.3118118118119999060, 0.3006932039190450823
1.3143143143139999207, 0.2586903256290690178
1.3168168168170000243, 0.2275205099531575625
1.3193193193190000390, 0.2039408193325999430
1.3218218218219999205, 0.1858578453731573044
1.3243243243239999352, 0.1718748498898787225
1.3268268268270000387, 0.1610343789444452778
1.3293293293290000534, 0.1526657500557836999
1.3318318318319999349, 0.1462914274281746085
1.3343343343339999496, 0.1415678036946923513
1.3368368368370000532, 0.1382468073112187446
1.3393393393390000679, 0.1361505295036548047
1.3418418418419999494, 0.1351542460372540388
1.3443443443439999641, 0.1351750252150783482
1.3468468468470000676, 0.1361641858856974530
1.3493493493490000823, 0.1381025247043183579
1.3518518518519999638, 0.1409976488083485302
1.3543543543539999785, 0.1448830296110895921
1.3568568568570000821, 0.1498185958047759114
1.3593593593590000967, 0.1558928474317611834
1.3618618618619999783, 0.1632266258239090662
1.3643643643639999929, 0.1719788403648691566
1.3668668668670000965, 0.1823546581851853143
1.3693693693689998891, 0.1946169403545857379
1.3718718718719999927, 0.2091021064891865344
1.3743743743740000074, 0.2262422051634512821
1.3768768768770001110, 0.2465958850974996897
1.3793793793789999036, 0.2708924136162882412
1.3818818818820000072, 0.3000952440663928744
1.3843843843840000218, 0.3354955572705131672
1.3868868868869999034, 0.3788529262385135765
1.3893893893889999180, 0.4326121442918994253
1.3918918918920000216, 0.5002470338780933279
1.3943943943940000363, 0.5868235443956220099
1.3968968968969999178, 0.6999571428715456456
1.3993993993989999325, 0.8515130998530685558
1.4019019019020000361, 1.0607853900250114876
1.4044044044040000507, 1.3608168646435747640
1.4069069069069999323, 1.8119398637781800598
1.4094094094089999469, 2.5336003857376829806
1.4119119119120000505, 3.7884377932648192200
1.4144144144140000652, 6.2403685196816018887
1.4169169169169999467, 11.9091976748217689419
1.4194194194189999614, 28.2361971421598312304
1.4219219219220000650, 67.7414351007029580387
1.4244244244240000796, 45.2906091194323678906
1.4269269269269999612, 17.4375163583221564068
1.4294294294289999758, 8.3012917598743687364
1.4319319319320000794, 4.7337028804181775499
1.4344344344340000941, 3.0351527001108595805
1.4369369369369999756, 2.1059988441985044716
1.4394394394389999903, 1.5456101811085445341
1.4419419419420000938, 1.1826350170429624775
1.4444444444440001085, 0.9344527913763804872
1.4469469469469999900, 0.7574175017009099342
1.4494494494490000047, 0.6267651376025542564
1.4519519519520001083, 0.5276172358704651622
1.4544544544539999009, 0.4506059890952989200
1.4569569569570000045, 0.3895985877809561848
1.4594594594590000192, 0.3404454660742013972
1.4619619619619999007, 0.3002585483461997495
1.4644644644639999154, 0.2669780074588081198
1.4669669669670000189, 0.2391030093061613515
1.4694694694690000336, 0.2155192217406151911
1.4719719719719999151, 0.1953853245952023032
1.4744744744739999298, 0.1780565511551401026
1.4769769769770000334, 0.1630320777941248744
1.4794794794790000481, 0.1499181295378447243
1.4819819819819999296, 0.1384016593698917663
1.4844844844839999443, 0.1282312763406352474
1.4869869869870000478, 0.1192032285964733790
1.4894894894890000625, 0.1111509668012344576
1.4919919919919999440, 0.1039372800440050287
1.4944944944939999587, 0.0974483045284153804
1.4969969969970000623, 0.0915889123122628768
1.4994994994990000770, 0.0862791285071357883
1.5020020020019999585, 0.0814513229701466501
1.5045045045050000621, 0.0770479909370406502
1.5070070070070000767, 0.0730199855862011665
1.5095095095099999583, 0.0693251003572935565
1.5120120120119999729, 0.0659269241153079277
1.5145145145150000765, 0.0627939107629015419
1.5170170170170000912, 0.0598986185953711281
1.5195195195199999727, 0.0572170849087326600
1.5220220220219999874, 0.0547283090584310544
1.5245245245250000909, 0.0524138229959491414
1.5270270270270001056, 0.0502573327649882828
1.5295295295299999871, 0.0482444178665366874
1.5320320320320000018, 0.0463622780574242388
1.5345345345350001054, 0.0445995192171376592
1.5370370370369998980, 0.0429459715414019158
1.5395395395400000016, 0.0413925346020345489
1.5420420420420000163, 0.0399310448287466396
1.5445445445449998978, 0.0385541617788774313
1.5470470470469999125, 0.0372552702105117609
1.5495495495500000160, 0.0360283954974178061
1.5520520520520000307, 0.0348681303473724127
1.5545545545549999122, 0.0337695711292745893
1.5570570570569999269, 0.0327282623950150356
1.5595595595600000305, 0.0317401484119796129
1.5620620620620000452, 0.0308015307111562803
1.5645645645649999267, 0.0299090308119524806
1.5670670670669999414, 0.0290595574142112102
1.5695695695700000449, 0.0282502774554852301
1.5720720720720000596, 0.0274785905213965689
1.5745745745749999411, 0.0267421061720255933
1.5770770770769999558, 0.0260386238103557932
1.5795795795800000594, 0.0253661147719244709
1.5820820820820000741, 0.0247227063596891436
1.5845845845849999556, 0.0241066675861299692
1.5870870870869999703, 0.0235163964168763513
1.5895895895900000738, 0.0229504083376308003
1.5920920920920000885, 0.0224073260896274565
1.5945945945949999700, 0.0218858704389358616
1.5970970970969999847, 0.0213848518621533729
1.5995995996000000883, 0.0209031630458346787
1.6021021021020001029, 0.0204397721097738724
1.6046046046049999845, 0.0199937164752798900
1.6071071071069999991, 0.0195640973091237014
1.6096096096100001027, 0.0191500744821167038
1.6121121121119998953, 0.0187508619884672149
1.6146146146149999989, 0.0183657237783266120
1.6171171171170000136, 0.0179939699613987751
1.6196196196199998951, 0.0176349533442620582
1.6221221221219999098, 0.0172880662682330620
1.6246246246250000134, 0.0169527377182689745
1.6271271271270000280, 0.0166284306766267508
1.6296296296299999096, 0.0163146396978329535
1.6321321321319999242, 0.0160108886840173922
1.6346346346350000278, 0.0157167288418703539
1.6371371371370000425, 0.0154317368044344858
1.6396396396399999240, 0.0151555129026702592
1.6421421421419999387, 0.0148876795732665254
1.6446446446450000423, 0.0146278798905285258
1.6471471471470000569, 0.0143757762113864949
1.6496496496499999385, 0.0141310489236456550
1.6521521521519999531, 0.0138933952885602445
1.6546546546550000567, 0.0136625283696723745
1.6571571571570000714, 0.0134381760406241599
1.6596596596599999529, 0.0132200800653387643
1.6621621621619999676, 0.0130079952445818145
1.6646646646650000712, 0.0128016886234672764
1.6671671671670000858, 0.0126009387549683542
1.6696696696699999674, 0.0124055350149408251
1.6721721721719999820, 0.0122152769645679105
1.6746746746750000856, 0.0120299737564987207
1.6771771771770001003, 0.0118494435812791440
1.6796796796799999818, 0.0116735131509696395
1.6821821821819999965, 0.0115020172171116999
1.6846846846850001000, 0.0113347981204464307
1.6871871871869998927, 0.0111717053700080941
1.6896896896899999962, 0.0110125952494141005
1.6921921921920000109, 0.0108573304483534656
1.6946946946949998924, 0.0107057797174396393
1.6971971971969999071, 0.0105578175447429284
1.6996996997000000107, 0.0104133238524533930
1.7022022022020000254, 0.0102721837122487572
1.7047047047049999069, 0.0101342870780548773
1.7072072072069999216, 0.0099995285349890502
1.7097097097100000251, 0.0098678070633707350
1.7122122122120000398, 0.0097390258167700423
1.7147147147149999213, 0.0096130919131431590
1.7172172172169999360, 0.0094899162381758811
1.7197197197200000396, 0.0093694132600224255
1.7222222222220000543, 0.0092515008546872456
1.7247247247249999358, 0.0091361001413531873
1.7272272272269999505, 0.0090231353270103093
1.7297297297300000540, 0.0089125335597865958
1.7322322322320000687, 0.0088042247904250061
1.7347347347349999502, 0.0086981416413909225
1.7372372372369999649, 0.0085942192831307256
1.7397397397400000685, 0.0084923953170358869
1.7422422422420000832, 0.0083926096646980714
1.7447447447449999647, 0.0082948044630694641
1.7472472472469999794, 0.0081989239651690179
1.7497497497500000829, 0.0081049144459998008
1.7522522522520000976, 0.0080127241133653264
1.7547547547549999791, 0.0079223030232935844
1.7572572572569999938, 0.0078336029997970701
1.7597597597600000974, 0.0077465775587148705
1.7622622622619998900, 0.0076611818353997290
1.7647647647649999936, 0.0075773725160282685
1.7672672672670000082, 0.0074951077723270643
1.7697697697699998898, 0.0074143471995204331
1.7722722722719999044, 0.0073350517573182485
1.7747747747750000080, 0.0072571837137735597
1.7772772772770000227, 0.0071807065918504977
1.7797797797799999042, 0.0071055851185528821
1.7822822822819999189, 0.0070317851764732028
1.7847847847850000225, 0.0069592737576303285
1.7872872872870000371, 0.0068880189194722389
1.7897897897899999187, 0.0068179897429276933
1.7922922922919999333, 0.0067491562923976175
1.7947947947950000369, 0.0066814895775836342
1.7972972972970000516, 0.0066149615170571809
1.7997997997999999331, 0.0065495449034783850
1.8023023023019999478, 0.0064852133703791736
1.8048048048050000514, 0.0064219413604301168
1.8073073073070000660, 0.0063597040951150711
1.8098098098099999476, 0.0062984775457421809
1.8123123123119999622, 0.0062382384057237186
1.8148148148150000658, 0.0061789640640612167
1.8173173173170000805, 0.0061206325799758321
1.8198198198199999620, 0.0060632226586272717
1.8223223223219999767, 0.0060067136278677737
1.8248248248250000803, 0.0059510854159805799
1.8273273273270000949, 0.0058963185303551133
1.8298298298299999765, 0.0058423940370536777
1.8323323323319999911, 0.0057892935412269756
1.8348348348350000947, 0.0057369991683379890
1.8373373373370001094, 0.0056854935461559918
1.8398398398399999909, 0.0056347597874844522
1.8423423423420000056, 0.0055847814735885317
1.8448448448450001091, 0.0055355426382896651
1.8473473473469999018, 0.0054870277526964384
1.8498498498500000053, 0.0054392217105425304
1.8523523523520000200, 0.0053921098141040662
1.8548548548549999015, 0.0053456777606700643
1.8573573573569999162, 0.0052999116295410712
1.8598598598600000198, 0.0052547978695323180
1.8623623623620000345, 0.0052103232869589143
1.8648648648649999160, 0.0051664750340817316
1.8673673673669999307, 0.0051232405979937078
1.8698698698700000342, 0.0050806077899272842
1.8723723723720000489, 0.0050385647349646453
1.8748748748749999304, 0.0049970998621333522
1.8773773773769999451, 0.0049562018948707681
1.8798798798800000487, 0.0049158598418415087
1.8823823823820000634, 0.0048760629880929083
1.8848848848849999449, 0.0048368008865341981
1.8873873873869999596, 0.0047980633497257761
1.8898898898900000631, 0.0047598404419656182
1.8923923923920000778, 0.0047221224716604490
1.8948948948949999593, 0.0046848999839699118
1.8973973973969999740, 0.0046481637537125016
1.8998998999000000776, 0.0046119047785225364
1.9024024024020000923, 0.0045761142722479872
1.9049049049049999738, 0.0045407836585793790
1.9074074074069999885, 0.0045059045649004942
1.9099099099100000920, 0.0044714688163519723
1.9124124124120001067, 0.0044374684300993511
1.9149149149149999882, 0.0044038956097974284
1.9174174174170000029, 0.0043707427402432291
1.9199199199200001065, 0.0043380023822101616
1.9224224224219998991, 0.0043056672674563297
1.9249249249250000027, 0.0042737302939002044
1.9274274274270000173, 0.0042421845209572344
1.9299299299299998989, 0.0042110231650312000
1.9324324324319999135, 0.0041802395951543950
1.9349349349350000171, 0.0041498273287709862
1.9374374374370000318, 0.0041197800276581500
1.9399399399399999133, 0.0040900914939797795
1.9424424424419999280, 0.0040607556664678229
1.9449449449450000316, 0.0040317666167264798
1.9474474474470000462, 0.0040031185456547288
1.9499499499499999278, 0.0039748057799827916
1.9524524524519999424, 0.0039468227689183856
1.9549549549550000460, 0.0039191640808987323
1.9574574574570000607, 0.0038918244004444921
1.9599599599599999422, 0.0038647985251119401
1.9624624624619999569, 0.0038380813625398416
1.9649649649650000605, 0.0038116679275876485
1.9674674674670000751, 0.0037855533395617447
1.9699699699699999567, 0.0037597328195266445
1.9724724724719999713, 0.0037342016876981184
1.9749749749750000749, 0.0037089553609153851
1.9774774774770000896, 0.0036839893501896055
1.9799799799799999711, 0.0036592992583260185
1.9824824824819999858, 0.0036348807776171665
1.9849849849850000894, 0.0036107296876047718
1.9874874874870001040, 0.0035868418529078922
1.9899899899899999856, 0.0035632132211151119
1.9924924924920000002, 0.0035398398207385703
1.9949949949950001038, 0.0035167177592277535
1.9974974974969998964, 0.0034938432210410214
2.0000000000000000000, 0.0034712124657729541
