# Delta1: 0.465
# Delta2: 1.17
# Delta3: 1.355
# Dq: 0.1355
# Ds: 0.04
# Dt: 0.061000000000000006
# k1_lab: [1, 0, 0]
# k2_lab: [-0.8660254037844387, 0.49999999999999994, 0.0]
# k1_cf: [0.5735764363510462, -0.8191520442889918, 0.0]
# k2_cf: [-0.0871557427476583, 0.9961946980917455, 0.0]
# pol1_lab: [(0, 1, 0), (0, 0, 1)]
# pol2_lab: [array([-0.5      , -0.8660254,  0.       ]), array([0., 0., 1.])]
# pol1_cf: [array([0.81915204, 0.57357644, 0.        ]), array([0., 0., 1.])]
# pol2_cf: [array([-0.9961947 , -0.08715574,  0.        ]), array([0., 0., 1.])]
# cf: [array([0.57357644, 0.81915204, 0.        ]), array([-0.81915204,  0.57357644,  0.        ]), array([0., 0., 1.])]
# th: 10
-0.5000000000000000000, 0.0049909366961678634
-0.4974974974974999964, 0.0050337442099569977
-0.4949949949949999928, 0.0050771572936783036
-0.4924924924924999892, 0.0051211878922196785
-0.4899899899899999856, 0.0051658482516656699
-0.4874874874874999819, 0.0052111509285301012
-0.4849849849849999783, 0.0052571087993217745
-0.4824824824824999747, 0.0053037350704571284
-0.4799799799800000266, 0.0053510432885343134
-0.4774774774775000230, 0.0053990473509838511
-0.4749749749750000194, 0.0054477615171117533
-0.4724724724725000158, 0.0054972004195517751
-0.4699699699700000122, 0.0055473790761442019
-0.4674674674675000086, 0.0055983129022594991
-0.4649649649650000049, 0.0056500177235859622
-0.4624624624625000013, 0.0057025097894014970
-0.4599599599599999977, 0.0057558057863506115
-0.4574574574574999941, 0.0058099228527487730
-0.4549549549549999905, 0.0058648785934373266
-0.4524524524524999869, 0.0059206910952134036
-0.4499499499499000077, 0.0059773789428604184
-0.4474474474474000041, 0.0060349612358060536
-0.4449449449449000005, 0.0060934576054360277
-0.4424424424423999969, 0.0061528882330933281
-0.4399399399398999932, 0.0062132738687941461
-0.4374374374373999896, 0.0062746358506934365
-0.4349349349348999860, 0.0063369961253345068
-0.4324324324323999824, 0.0064003772687191906
-0.4299299299298999788, 0.0064648025082366545
-0.4274274274273999752, 0.0065302957454913112
-0.4249249249249000271, 0.0065968815800721784
-0.4224224224224000235, 0.0066645853343083386
-0.4199199199199000199, 0.0067334330790577079
-0.4174174174174000163, 0.0068034516605786632
-0.4149149149149000126, 0.0068746687285369179
-0.4124124124124000090, 0.0069471127652028005
-0.4099099099099000054, 0.0070208131158973263
-0.4074074074074000018, 0.0070958000207483329
-0.4049049049048999982, 0.0071721046478217948
-0.4024024024023999946, 0.0072497591276966863
-0.3998998998998999910, 0.0073287965895559816
-0.3973973973973999874, 0.0074092511988701855
-0.3948948948948999838, 0.0074911581967543918
-0.3923923923923999801, 0.0075745539410843801
-0.3898898898898999765, 0.0076594759494623453
-0.3873873873873999729, 0.0077459629441279775
-0.3848848848849000248, 0.0078340548989164031
-0.3823823823824000212, 0.0079237930883702835
-0.3798798798799000176, 0.0080152201391200106
-0.3773773773774000140, 0.0081083800836524809
-0.3748748748749000104, 0.0082033184165964061
-0.3723723723724000068, 0.0083000821536597415
-0.3698698698699000031, 0.0083987198933631879
-0.3673673673673999995, 0.0084992818817224963
-0.3648648648648999959, 0.0086018200800418113
-0.3623623623623999923, 0.0087063882359903928
-0.3598598598598999887, 0.0088130419581458393
-0.3573573573573999851, 0.0089218387941985954
-0.3548548548548999815, 0.0090328383130248227
-0.3523523523523999779, 0.0091461021908480454
-0.3498498498497999987, 0.0092616943017242402
-0.3473473473472999951, 0.0093796808126002714
-0.3448448448447999914, 0.0095001302832119147
-0.3423423423422999878, 0.0096231137711053558
-0.3398398398397999842, 0.0097487049420848931
-0.3373373373372999806, 0.0098769801864097961
-0.3348348348347999770, 0.0100080187410852128
-0.3323323323322999734, 0.0101419028186152897
-0.3298298298298000253, 0.0102787177426120358
-0.3273273273273000217, 0.0104185520906805128
-0.3248248248248000181, 0.0105614978450304063
-0.3223223223223000145, 0.0107076505512952481
-0.3198198198198000108, 0.0108571094860748976
-0.3173173173173000072, 0.0110099778337534957
-0.3148148148148000036, 0.0111663628731846262
-0.3123123123123000000, 0.0113263761748785673
-0.3098098098097999964, 0.0114901338093723639
-0.3073073073072999928, 0.0116577565675140150
-0.3048048048047999892, 0.0118293701934461034
-0.3023023023022999856, 0.0120051056311326343
-0.2997997997997999819, 0.0121850992853371649
-0.2972972972972999783, 0.0123694932980285520
-0.2947947947947999747, 0.0125584358412662109
-0.2922922922923000266, 0.0127520814276977628
-0.2897897897898000230, 0.0129505912398903463
-0.2872872872873000194, 0.0131541334798132743
-0.2847847847848000158, 0.0133628837398940357
-0.2822822822823000122, 0.0135770253971836032
-0.2797797797798000086, 0.0137967500322915340
-0.2772772772773000050, 0.0140222578748860124
-0.2747747747748000013, 0.0142537582777027376
-0.2722722722722999977, 0.0144914702211671222
-0.2697697697697999941, 0.0147356228509111353
-0.2672672672672999905, 0.0149864560506594163
-0.2647647647647999869, 0.0152442210531701389
-0.2622622622622999833, 0.0155091810921481315
-0.2597597597597999797, 0.0157816120983018705
-0.2572572572572999761, 0.0160618034429944045
-0.2547547547547999724, 0.0163500587332454303
-0.2522522522523000243, 0.0166466966621779122
-0.2497497497496999896, 0.0169520519193739443
-0.2472472472472000138, 0.0172664761660131227
-0.2447447447447000102, 0.0175903390801170657
-0.2422422422422000066, 0.0179240294777211449
-0.2397397397397000030, 0.0182679565163439729
-0.2372372372371999993, 0.0186225509877326265
-0.2347347347346999957, 0.0189882667075350689
-0.2322322322321999921, 0.0193655820102960376
-0.2297297297296999885, 0.0197550013590004798
-0.2272272272272000126, 0.0201570570793075110
-0.2247247247247000090, 0.0205723112296392549
-0.2222222222222000054, 0.0210013576194264459
-0.2197197197197000018, 0.0214448239890802986
-0.2172172172171999982, 0.0219033743666742359
-0.2147147147146999946, 0.0223777116178993755
-0.2122122122121999910, 0.0228685802076248230
-0.2097097097096999874, 0.0233767691933732674
-0.2072072072072000115, 0.0239031154732421910
-0.2047047047047000079, 0.0244485073132935105
-0.2022022022022000043, 0.0250138881822372441
-0.1996996996997000007, 0.0256002609243908726
-0.1971971971971999971, 0.0262086923054547748
-0.1946946946946999935, 0.0268403179696629010
-0.1921921921921999898, 0.0274963478514131214
-0.1896896896896999862, 0.0281780720896297916
-0.1871871871872000104, 0.0288868674989518313
-0.1846846846847000068, 0.0296242046584765037
-0.1821821821822000032, 0.0303916556863428819
-0.1796796796796999995, 0.0311909027770518980
-0.1771771771771999959, 0.0320237475882561712
-0.1746746746746999923, 0.0328921215750080029
-0.1721721721721999887, 0.0337980973823548414
-0.1696696696697000128, 0.0347439014219877787
-0.1671671671672000092, 0.0357319277756979817
-0.1646646646647000056, 0.0367647535880522500
-0.1621621621622000020, 0.0378451561334110856
-0.1596596596596999984, 0.0389761317687066303
-0.1571571571571999948, 0.0401609170139096833
-0.1546546546546999912, 0.0414030120375986285
-0.1521521521521999876, 0.0427062068664012182
-0.1496496496496000084, 0.0440746106854105479
-0.1471471471471000048, 0.0455126846532794282
-0.1446446446446000011, 0.0470252787221709379
-0.1421421421420999975, 0.0486176730310070027
-0.1396396396395999939, 0.0502956245328499002
-0.1371371371370999903, 0.0520654196266438080
-0.1346346346345999867, 0.0539339336934204563
-0.1321321321321000108, 0.0559086985917508911
-0.1296296296296000072, 0.0579979793520063180
-0.1271271271271000036, 0.0602108615304416672
-0.1246246246246000000, 0.0625573509504187275
-0.1221221221220999964, 0.0650484878794144322
-0.1196196196196000067, 0.0676964780796041471
-0.1171171171171000031, 0.0705148436428387898
-0.1146146146145999994, 0.0735185970980723746
-0.1121121121120999958, 0.0767244429865623634
-0.1096096096096000061, 0.0801510119704203217
-0.1071071071071000025, 0.0838191336155945099
-0.1046046046045999989, 0.0877521553256706832
-0.1021021021020999953, 0.0919763165686794948
-0.0995995995996000055, 0.0965211896276548242
-0.0970970970971000019, 0.1014202007380512749
-0.0945945945945900063, 0.1067112488111539165
-0.0920920920920900027, 0.1124374431948494679
-0.0895895895895899991, 0.1186479873760574871
-0.0870870870870899955, 0.1253992425664085253
-0.0845845845845799998, 0.1327560142557272782
-0.0820820820820799962, 0.1407931167806628914
-0.0795795795795800065, 0.1495972867251142424
-0.0770770770770800029, 0.1592695369203587785
-0.0745745745745699934, 0.1699280708819247421
-0.0720720720720700037, 0.1817119154592742036
-0.0695695695695700000, 0.1947854812378614908
-0.0670670670670699964, 0.2093443315683034267
-0.0645645645645600008, 0.2256225404585981420
-0.0620620620620599972, 0.2439021595508692741
-0.0595595595595600005, 0.2645255140484154555
-0.0570570570570599969, 0.2879113359501855318
-0.0545545545545500013, 0.3145761657648692977
-0.0520520520520499977, 0.3451630830980829678
-0.0495495495495500010, 0.3804807785285085342
-0.0470470470470499974, 0.4215574457841410050
-0.0445445445445400018, 0.4697162773668522862
-0.0420420420420399982, 0.5266830455660610477
-0.0395395395395400015, 0.5947423308741314196
-0.0370370370370399979, 0.6769692198571951591
-0.0345345345345300023, 0.7775811208358931470
-0.0320320320320299987, 0.9024863461205604453
-0.0295295295295299985, 1.0601657073403156772
-0.0270270270270299984, 1.2631391021173616895
-0.0245245245245199993, 1.5305048262517966240
-0.0220220220220199991, 1.8925469481212262579
-0.0195195195195199990, 2.3995721624768378000
-0.0170170170170199989, 3.1400301704797479729
-0.0145145145145099998, 4.2808415175639060735
-0.0120120120120099996, 6.1668218720962721946
-0.0095095095095099995, 9.5999331778805228055
-0.0070070070070070000, 16.7659087953044689812
-0.0045045045045049997, 34.9594777086081265338
-0.0020020020020019998, 90.4441094944208288098
0.0005005005005005000, 142.7215018733939757567
0.0030030030030029999, 60.7674442942555756986
0.0055055055055059999, 25.3795541545038538800
0.0080080080080079993, 13.1864753089549449072
0.0105105105105099995, 7.9527102372429547827
0.0130130130130099997, 5.2880059896114959272
0.0155155155155200005, 3.7607732006601066743
0.0180180180180199989, 2.8082000459101634782
0.0205205205205199991, 2.1755077524408275025
0.0230230230230199992, 1.7344582884230383968
0.0255255255255299983, 1.4150088499347948101
0.0280280280280299984, 1.1763480339459015944
0.0305305305305299986, 0.9934198346593445805
0.0330330330330299987, 0.8501630836534381785
0.0355355355355400013, 0.7359031819829019438
0.0380380380380399979, 0.6433239758465290059
0.0405405405405400016, 0.5672766472579721109
0.0430430430430399982, 0.5040533193928321554
0.0455455455455500008, 0.4509293433355516245
0.0480480480480499975, 0.4058665061640076011
0.0505505505505500011, 0.3673156547242305003
0.0530530530530499977, 0.3340824472925351118
0.0555555555555600003, 0.3052341844989979180
0.0580580580580599970, 0.2800339657381349934
0.0605605605605600006, 0.2578933862728217674
0.0630630630630600042, 0.2383380427648206512
0.0655655655655699998, 0.2209820334354719029
0.0680680680680700034, 0.2055088700742417618
0.0705705705705699932, 0.1916570241358564741
0.0730730730730699968, 0.1792088648548257612
0.0755755755755800063, 0.1679821095291877397
0.0780780780780799960, 0.1578231547081606068
0.0805805805805799996, 0.1486018299706506063
0.0830830830830800032, 0.1402072378581837031
0.0855855855855899988, 0.1325444304370682058
0.0880880880880900025, 0.1255317356335677315
0.0905905905905900061, 0.1190985921465988612
0.0930930930930899958, 0.1131837853369364322
0.0955955955956000053, 0.1077340014363370735
0.0980980980980999950, 0.1027026361022202600
0.1006006006005999986, 0.0980488074501044415
0.1031031031031000023, 0.0937365344298702885
0.1056056056056000059, 0.0897340496392061149
0.1081081081080999956, 0.0860132220173253081
0.1106106106105999992, 0.0825490697949439606
0.1131131131131000028, 0.0793193479326727152
0.1156156156156000064, 0.0763041973123630146
0.1181181181180999962, 0.0734858453440521697
0.1206206206205999998, 0.0708483495579024514
0.1231231231231000034, 0.0683773772744232927
0.1256256256256000070, 0.0660600156701931507
0.1281281281281000106, 0.0638846075439391120
0.1306306306305999865, 0.0618406088884194960
0.1331331331330999901, 0.0599184650253190912
0.1356356356355999937, 0.0581095025931889150
0.1381381381380999973, 0.0564058351157859586
0.1406406406406000009, 0.0548002802384914833
0.1431431431431000045, 0.0532862870184626428
0.1456456456456000081, 0.0518578719014680181
0.1481481481481000118, 0.0505095622242978728
0.1506506506506999910, 0.0492363462537067711
0.1531531531531999946, 0.0480336289170731137
0.1556556556556999982, 0.0468971925012229632
0.1581581581582000018, 0.0458231616981279732
0.1606606606607000054, 0.0448079724626740603
0.1631631631632000090, 0.0438483442210497593
0.1656656656657000126, 0.0429412550306843832
0.1681681681681999885, 0.0420839193458589014
0.1706706706706999921, 0.0412737680885873967
0.1731731731731999957, 0.0405084307633419224
0.1756756756756999993, 0.0397857193876830356
0.1781781781782000029, 0.0391036140397002935
0.1806806806807000065, 0.0384602498480713789
0.1831831831832000101, 0.0378539052721015637
0.1856856856857000138, 0.0372829915378020474
0.1881881881881999896, 0.0367460431123284720
0.1906906906906999932, 0.0362417091132741231
0.1931931931931999968, 0.0357687455617025848
0.1956956956957000004, 0.0353260083986598680
0.1981981981982000041, 0.0349124471944434606
0.2007007007007000077, 0.0345270994883114385
0.2032032032032000113, 0.0341690857037423371
0.2057057057056999871, 0.0338376045909463616
0.2082082082081999908, 0.0335319291541932643
0.2107107107106999944, 0.0332514030267651722
0.2132132132131999980, 0.0329954372610516411
0.2157157157157000016, 0.0327635075055540681
0.2182182182182000052, 0.0325551515444275213
0.2207207207207000088, 0.0323699671787165133
0.2232232232232000124, 0.0322076104316929568
0.2257257257256999883, 0.0320677940637252024
0.2282282282281999919, 0.0319502863849407612
0.2307307307306999955, 0.0318549103566325917
0.2332332332331999991, 0.0317815429749346498
0.2357357357357000027, 0.0317301149327949769
0.2382382382382000063, 0.0317006105587347570
0.2407407407407000099, 0.0316930680333351381
0.2432432432432000136, 0.0317075798868725334
0.2457457457456999894, 0.0317442937840610243
0.2482482482481999930, 0.0318034136044943877
0.2507507507508000000, 0.0318852008301451356
0.2532532532533000036, 0.0319899762542169772
0.2557557557558000072, 0.0321181220288002250
0.2582582582583000108, 0.0322700840721992302
0.2607607607608000144, 0.0324463748605381963
0.2632632632633000180, 0.0326475766323677807
0.2657657657658000216, 0.0328743450395613118
0.2682682682683000253, 0.0331274132828811019
0.2707707707707999734, 0.0334075967763083348
0.2732732732732999770, 0.0337157983906659561
0.2757757757757999806, 0.0340530143343457867
0.2782782782782999842, 0.0344203407372263154
0.2807807807807999878, 0.0348189810132950028
0.2832832832832999914, 0.0352502540882760201
0.2857857857857999950, 0.0357156035909344666
0.2882882882882999986, 0.0362166081209592816
0.2907907907908000023, 0.0367549927227489928
0.2932932932933000059, 0.0373326417134141192
0.2957957957958000095, 0.0379516130353434872
0.2982982982983000131, 0.0386141543293005499
0.3008008008008000167, 0.0393227209538875994
0.3033033033033000203, 0.0400799962121473619
0.3058058058058000239, 0.0408889140870100296
0.3083083083083000275, 0.0417526848354293628
0.3108108108107999756, 0.0426748238477855785
0.3133133133132999792, 0.0436591842462025342
0.3158158158157999829, 0.0447099937749556448
0.3183183183182999865, 0.0458318966307119241
0.3208208208207999901, 0.0470300009931671550
0.3233233233232999937, 0.0483099331516621405
0.3258258258257999973, 0.0496778992854808449
0.3283283283283000009, 0.0511407561508848696
0.3308308308308000045, 0.0527060921641373803
0.3333333333333000081, 0.0543823206564636591
0.3358358358358000118, 0.0561787874261679004
0.3383383383383000154, 0.0581058951403797055
0.3408408408408000190, 0.0601752476637126554
0.3433433433433000226, 0.0623998180385335610
0.3458458458458000262, 0.0647941446438744101
0.3483483483482999743, 0.0673745610589722432
0.3508508508509000090, 0.0701594664073725005
0.3533533533534000126, 0.0731696445296036585
0.3558558558559000162, 0.0764286423202994031
0.3583583583584000198, 0.0799632200936066517
0.3608608608609000235, 0.0838038900745487758
0.3633633633634000271, 0.0879855632767529011
0.3658658658658999752, 0.0925483304206497770
0.3683683683683999788, 0.0975384095833164988
0.3708708708708999824, 0.1030093025195231160
0.3733733733733999860, 0.1090232138419368890
0.3758758758758999896, 0.1156528036027914541
0.3783783783783999932, 0.1229833658453711454
0.3808808808808999968, 0.1311155556314712867
0.3833833833834000004, 0.1401688281414329995
0.3858858858859000041, 0.1502858104301053599
0.3883883883884000077, 0.1616379063374271396
0.3908908908909000113, 0.1744325484615062982
0.3933933933934000149, 0.1889226741089757022
0.3958958958959000185, 0.2054192396711563839
0.3983983983984000221, 0.2243079391730527505
0.4009009009009000257, 0.2460718206879274061
0.4034034034033999738, 0.2713223016605423310
0.4059059059058999774, 0.3008423424515776490
0.4084084084083999810, 0.3356475395803709127
0.4109109109108999847, 0.3770741594944997388
0.4134134134133999883, 0.4269085749470951097
0.4159159159158999919, 0.4875819072988416547
0.4184184184183999955, 0.5624702228111946312
0.4209209209208999991, 0.6563709798554175912
0.4234234234234000027, 0.7762843481661295675
0.4259259259259000063, 0.9327436991665069010
0.4284284284284000099, 1.1421829592145753551
0.4309309309309000136, 1.4313727259119306545
0.4334334334334000172, 1.8462642706699790018
0.4359359359359000208, 2.4710014813670033718
0.4384384384384000244, 3.4727937711008016741
0.4409409409408999725, 5.2211129086683261136
0.4434434434433999761, 8.6561110782509143036
0.4459459459458999797, 16.6623272875739161236
0.4484484484483999833, 39.9091702322353398813
0.4509509509510000180, 93.5970582786488023430
0.4534534534535000216, 59.1312858308096167548
0.4559559559560000253, 22.8659595934017687568
0.4584584584584999734, 10.9741936519228104885
0.4609609609609999770, 6.2879242523291551947
0.4634634634634999806, 4.0419648250044870608
0.4659659659659999842, 2.8078286380654633447
0.4684684684684999878, 2.0611746477875412253
0.4709709709709999914, 1.5764842419978315480
0.4734734734734999950, 1.2445613198280245371
0.4759759759759999986, 1.0075333424556605078
0.4784784784785000022, 0.8324799561377641544
0.4809809809810000059, 0.6995811599414296644
0.4834834834835000095, 0.5963364930037070577
0.4859859859860000131, 0.5145506065848008959
0.4884884884885000167, 0.4486716969568258495
0.4909909909910000203, 0.3948317682245368054
0.4934934934935000239, 0.3502696657505026678
0.4959959959960000275, 0.3129720260363336726
0.4984984984984999756, 0.2814429965472091677
0.5010010010009999792, 0.2545525697324927950
0.5035035035035000384, 0.2314343130358509359
0.5060060060059999865, 0.2114149411835553050
0.5085085085085000456, 0.1939648910869626319
0.5110110110109999937, 0.1786630386720595154
0.5135135135135000528, 0.1651711176846835105
0.5160160160160000009, 0.1532149085783620079
0.5185185185184999490, 0.1425702255236805382
0.5210210210210000081, 0.1330523527329841027
0.5235235235234999562, 0.1245079931729717454
0.5260260260260000154, 0.1168090695160886455
0.5285285285284999635, 0.1098479060369262628
0.5310310310310000226, 0.1035334508571418011
0.5335335335334999707, 0.0977882895867325241
0.5360360360360000298, 0.0925462664600565921
0.5385385385384999779, 0.0877505757683869347
0.5410410410410000370, 0.0833522202813859470
0.5435435435434999851, 0.0793087581898365701
0.5460460460460000442, 0.0755832784801650226
0.5485485485484999924, 0.0721435583693607330
0.5510510510510999715, 0.0689613667541816855
0.5535535535536000307, 0.0660118854616024986
0.5560560560560999788, 0.0632732260742109032
0.5585585585586000379, 0.0607260247123195540
0.5610610610610999860, 0.0583531007252204581
0.5635635635636000451, 0.0561391680284724429
0.5660660660660999932, 0.0540705900086555016
0.5685685685686000523, 0.0521351706408047857
0.5710710710711000004, 0.0503219758314263355
0.5735735735735999485, 0.0486211800908623107
0.5760760760761000077, 0.0470239345132132253
0.5785785785785999558, 0.0455222527463468099
0.5810810810811000149, 0.0441089122044309584
0.5835835835835999630, 0.0427773682386071163
0.5860860860861000221, 0.0415216793594499201
0.5885885885885999702, 0.0403364419146433756
0.5910910910911000293, 0.0392167328801553694
0.5935935935935999774, 0.0381580596336360753
0.5960960960961000366, 0.0371563157531689600
0.5985985985985999847, 0.0362077420295376443
0.6011011011011000438, 0.0353088920011898344
0.6036036036035999919, 0.0344566014223815983
0.6061061061061000510, 0.0336479611600494638
0.6086086086085999991, 0.0328802930866003706
0.6111111111110999472, 0.0321511285963244284
0.6136136136136000063, 0.0314581894243947530
0.6161161161160999544, 0.0307993704909549464
0.6186186186186000135, 0.0301727245298702498
0.6211211211210999616, 0.0295764482933713151
0.6236236236236000208, 0.0290088701509100891
0.6261261261260999689, 0.0284684389237883397
0.6286286286286000280, 0.0279537138171044724
0.6311311311310999761, 0.0274633553277878750
0.6336336336336000352, 0.0269961170223665115
0.6361361361360999833, 0.0265508380909896501
0.6386386386386000424, 0.0261264365953958536
0.6411411411410999905, 0.0257219033382219305
0.6436436436436000497, 0.0253362962895005289
0.6461461461460999978, 0.0249687355135671044
0.6486486486485999459, 0.0246183985460417566
0.6511511511512000361, 0.0242845161761944678
0.6536536536536999842, 0.0239663685949519784
0.6561561561562000433, 0.0236632818731533565
0.6586586586586999914, 0.0233746247384897868
0.6611611611612000505, 0.0230998056229374735
0.6636636636636999986, 0.0228382699554728653
0.6661661661661999467, 0.0225894976774937972
0.6686686686687000059, 0.0223530009607038303
0.6711711711711999540, 0.0221283221092872934
0.6736736736737000131, 0.0219150316300409723
0.6761761761761999612, 0.0217127264557647331
0.6786786786787000203, 0.0215210283086699483
0.6811811811811999684, 0.0213395821918653840
0.6836836836837000275, 0.0211680549981409089
0.6861861861861999756, 0.0210061342263088632
0.6886886886887000347, 0.0208535267962930843
0.6911911911911999828, 0.0207099579549906085
0.6936936936937000420, 0.0205751702656806201
0.6961961961961999901, 0.0204489226744295309
0.6986986986987000492, 0.0203309896475484045
0.7012012012011999973, 0.0202211603747061951
0.7037037037036999454, 0.0201192380327972035
0.7062062062062000045, 0.0200250391061079294
0.7087087087086999526, 0.0199383927587334954
0.7112112112112000117, 0.0198591402555612917
0.7137137137136999598, 0.0197871344284725817
0.7162162162162000190, 0.0197222391847166646
0.7187187187186999671, 0.0196643290546883003
0.7212212212212000262, 0.0196132887765918147
0.7237237237236999743, 0.0195690129157058204
0.7262262262262000334, 0.0195314055161740809
0.7287287287286999815, 0.0195003797834423058
0.7312312312312000406, 0.0194758577956392065
0.7337337337336999887, 0.0194577702423652452
0.7362362362362000479, 0.0194460561895049219
0.7387387387386999960, 0.0194406628688200099
0.7412412412412000551, 0.0194415454912129117
0.7437437437437000032, 0.0194486670826723579
0.7462462462461999513, 0.0194619983420289654
0.7487487487487000104, 0.0194815175197568455
0.7512512512512999896, 0.0195072103171600592
0.7537537537538000487, 0.0195390698053803172
0.7562562562562999968, 0.0195770963637554411
0.7587587587587999449, 0.0196212976371475042
0.7612612612613000040, 0.0196716885119461241
0.7637637637637999521, 0.0197282911105360059
0.7662662662663000113, 0.0197911348041001044
0.7687687687687999594, 0.0198602562437104786
0.7712712712713000185, 0.0199356994097388135
0.7737737737737999666, 0.0200175156796983215
0.7762762762763000257, 0.0201057639147089844
0.7787787787787999738, 0.0202005105648588312
0.7812812812813000329, 0.0203018297938161590
0.7837837837837999810, 0.0204098036231323207
0.7862862862863000402, 0.0205245220967606098
0.7887887887887999883, 0.0206460834664074916
0.7912912912913000474, 0.0207745943984251717
0.7937937937937999955, 0.0209101702030528060
0.7962962962963000546, 0.0210529350869162642
0.7987987987988000027, 0.0212030224298050997
0.8013013013012999508, 0.0213605750868603901
0.8038038038038000099, 0.0215257457174297152
0.8063063063062999580, 0.0216986971419762392
0.8088088088088000172, 0.0218796027285689497
0.8113113113112999653, 0.0220686468106314933
0.8138138138138000244, 0.0222660251377890112
0.8163163163162999725, 0.0224719453618269990
0.8188188188188000316, 0.0226866275599654776
0.8213213213212999797, 0.0229103047978563984
0.8238238238238000388, 0.0231432237349345447
0.8263263263262999869, 0.0233856452749945654
0.8288288288288000460, 0.0236378452651296589
0.8313313313312999941, 0.0239001152464555083
0.8338338338338000533, 0.0241727632603570067
0.8363363363363000014, 0.0244561147143390681
0.8388388388387999495, 0.0247505133119396460
0.8413413413413000086, 0.0250563220515762804
0.8438438438437999567, 0.0253739242996508553
0.8463463463463000158, 0.0257037249437372592
0.8488488488487999639, 0.0260461516322254422
0.8513513513514000541, 0.0264016561074012328
0.8538538538539000022, 0.0267707156396106219
0.8563563563563999503, 0.0271538345708943023
0.8588588588589000095, 0.0275515459772971844
0.8613613613613999576, 0.0279644134599612501
0.8638638638639000167, 0.0283930330761135094
0.8663663663663999648, 0.0288380354221756847
0.8688688688689000239, 0.0293000878824577343
0.8713713713713999720, 0.0297798970582770842
0.8738738738739000311, 0.0302782113938777318
0.8763763763763999792, 0.0307958240172352266
0.8788788788789000384, 0.0313335758157457928
0.8813813813813999865, 0.0318923587689323301
0.8838838838839000456, 0.0324731195626962107
0.8863863863863999937, 0.0330768635123237578
0.8888888888889000528, 0.0337046588244693524
0.8913913913914000009, 0.0343576412317237317
0.8938938938938999490, 0.0350370190371851326
0.8963963963964000081, 0.0357440786107519337
0.8988988988988999562, 0.0364801903837046471
0.9014014014014000153, 0.0372468153936324764
0.9039039039038999634, 0.0380455124379744727
0.9064064064064000226, 0.0388779459014895398
0.9089089089088999707, 0.0397458943309812809
0.9114114114114000298, 0.0406512598397118369
0.9139139139138999779, 0.0415960784343282139
0.9164164164164000370, 0.0425825313689864524
0.9189189189188999851, 0.0436129576449253292
0.9214214214214000442, 0.0446898677892968998
0.9239239239238999923, 0.0458159590649145701
0.9264264264264000515, 0.0469941322831242125
0.9289289289288999996, 0.0482275104156884155
0.9314314314313999477, 0.0495194592289251653
0.9339339339339000068, 0.0508736101950170161
0.9364364364363999549, 0.0522938859721392563
0.9389389389389000140, 0.0537845287877734626
0.9414414414413999621, 0.0553501321093570753
0.9439439439439000212, 0.0569956760445662139
0.9464464464463999693, 0.0587265669816400410
0.9489489489489000285, 0.0605486820601013886
0.9514514514515000076, 0.0624684191563453853
0.9539539539539999558, 0.0644927531796555542
0.9564564564565000149, 0.0666292996056774556
0.9589589589589999630, 0.0688863863304644275
0.9614614614615000221, 0.0712731351140202807
0.9639639639639999702, 0.0737995541041918113
0.9664664664665000293, 0.0764766431976675876
0.9689689689689999774, 0.0793165143144740209
0.9714714714715000365, 0.0823325290479709065
0.9739739739739999846, 0.0855394566191544359
0.9764764764765000438, 0.0889536556313452326
0.9789789789789999919, 0.0925932838133501634
0.9814814814815000510, 0.0964785407867608386
0.9839839839839999991, 0.1006319499355986663
0.9864864864864999472, 0.1050786867444357259
0.9889889889890000063, 0.1098469625695276397
0.9914914914914999544, 0.1149684748007065854
0.9939939939940000135, 0.1204789368697254670
0.9964964964964999616, 0.1264187047077143244
0.9989989989990000208, 0.1328335202406627502
1.0015015015019999023, 0.1397753975903989199
1.0040040040039999170, 0.1473036841576809697
1.0065065065070000205, 0.1554863371598125266
1.0090090090090000352, 0.1644014670968522995
1.0115115115119999167, 0.1741392138756492347
1.0140140140139999314, 0.1848040400999614863
1.0165165165170000350, 0.1965175509679099042
1.0190190190190000497, 0.2094219835974953647
1.0215215215219999312, 0.2236845536830274761
1.0240240240239999459, 0.2395029088445427279
1.0265265265270000494, 0.2571120226557107591
1.0290290290290000641, 0.2767929810965060744
1.0315315315319999456, 0.2988842789202452721
1.0340340340339999603, 0.3237964795526618311
1.0365365365370000639, 0.3520314329613879467
1.0390390390390000785, 0.3842077448273117923
1.0415415415419999601, 0.4210949317963471050
1.0440440440439999747, 0.4636598177866299020
1.0465465465470000783, 0.5131304492714812149
1.0490490490490000930, 0.5710855096710383272
1.0515515515519999745, 0.6395815425848980773
1.0540540540539999892, 0.7213373957169819661
1.0565565565570000928, 0.8200072543067746800
1.0590590590590001074, 0.9405943538195276066
1.0615615615619999890, 1.0900945504033907607
1.0640640640640000036, 1.2785277756194008969
1.0665665665670001072, 1.5206485970689056497
1.0690690690689998998, 1.8388972714686926402
1.0715715715720000034, 2.2687314609955659961
1.0740740740740000181, 2.8688005791399158184
1.0765765765769998996, 3.7416806898339078913
1.0790790790789999143, 5.0796712914791104510
1.0815815815820000179, 7.2766246907247085218
1.0840840840840000325, 11.2381995974138941818
1.0865865865869999141, 19.3954701898938886018
1.0890890890889999287, 39.7187691052019431481
1.0915915915920000323, 101.4817298514877990101
1.0940940940940000470, 178.6055368139149379658
1.0965965965969999285, 80.5509579641918378456
1.0990990990989999432, 33.0076912145077869809
1.1016016016020000468, 16.8831501377065151814
1.1041041041040000614, 10.0809164358264098382
1.1066066066069999430, 6.6593149295039761881
1.1091091091089999576, 4.7148648674283029081
1.1116116116120000612, 3.5095715968493572667
1.1141141141140000759, 2.7127995544854037746
1.1166166166169999574, 2.1594362879060966520
1.1191191191189999721, 1.7598517262644324255
1.1216216216220000756, 1.4620782580534403827
1.1241241241240000903, 1.2343387814747539544
1.1266266266269999718, 1.0563320229653376803
1.1291291291289999865, 0.9146035508691184868
1.1316316316320000901, 0.7999544074816067329
1.1341341341340001048, 0.7059244406648774728
1.1366366366369999863, 0.6278701136231966684
1.1391391391390000010, 0.5623849226330198681
1.1416416416420001045, 0.5069244395723857544
1.1441441441439998972, 0.4595574582525411289
1.1466466466470000007, 0.4187970401041509194
1.1491491491490000154, 0.3834834512315055122
1.1516516516519998969, 0.3527015565290465560
1.1541541541539999116, 0.3257215564657092721
1.1566566566570000152, 0.3019558267195482371
1.1591591591590000299, 0.2809270514983637224
1.1616616616619999114, 0.2622443984467138778
1.1641641641639999261, 0.2455854997390198857
1.1666666666670000296, 0.2306826795698787014
1.1691691691690000443, 0.2173123245212770227
1.1716716716719999258, 0.2052866060642709600
1.1741741741739999405, 0.1944469818638253633
1.1766766766770000441, 0.1846590556484712098
1.1791791791790000588, 0.1758084845287531672
1.1816816816819999403, 0.1677977013309622789
1.1841841841839999550, 0.1605432768773354391
1.1866866866870000585, 0.1539737894215378877
1.1891891891890000732, 0.1480280999484333559
1.1916916916919999547, 0.1426539557883072518
1.1941941941939999694, 0.1378068631197100768
1.1966966966970000730, 0.1334491829837788079
1.1991991991990000876, 0.1295494165363389183
1.2017017017019999692, 0.1260816542702941634
1.2042042042039999838, 0.1230251715084444836
1.2067067067070000874, 0.1203641591340591788
1.2092092092090001021, 0.1180875847655216138
1.2117117117119999836, 0.1161891858470832373
1.2142142142139999983, 0.1146676029064617186
1.2167167167170001019, 0.1135266690958590396
1.2192192192189998945, 0.1127758818216042791
1.2217217217219999981, 0.1124310947800139238
1.2242242242240000127, 0.1125154854745485655
1.2267267267269998943, 0.1130608763729928634
1.2292292292289999089, 0.1141095203938084224
1.2317317317320000125, 0.1157165081637972770
1.2342342342340000272, 0.1179530229142514014
1.2367367367369999087, 0.1209107708225843347
1.2392392392389999234, 0.1247080692627711151
1.2417417417420000270, 0.1294983145938312374
1.2442442442440000416, 0.1354819286360320063
1.2467467467469999232, 0.1429234923249640410
1.2492492492489999378, 0.1521767828728716465
1.2517517517520000414, 0.1637221433288648664
1.2542542542540000561, 0.1782236122080671503
1.2567567567569999376, 0.1966186715365951798
1.2592592592589999523, 0.2202636870209971343
1.2617617617620000559, 0.2511781779560990913
1.2642642642640000705, 0.2924724657871115574
1.2667667667669999521, 0.3491337843017489617
1.2692692692689999667, 0.4295576910678527427
1.2717717717720000703, 0.5487483435454046932
1.2742742742740000850, 0.7356100956584965544
1.2767767767769999665, 1.0514661711516304354
1.2792792792789999812, 1.6440930954333308200
1.2817817817820000847, 2.9357632310325127989
1.2842842842840000994, 6.4088418564441074210
1.2867867867869999809, 16.6664659072083054525
1.2892892892889999956, 18.0308703800274869877
1.2917917917920000992, 7.0152801605501915461
1.2942942942939998918, 3.1392862203153715228
1.2967967967969999954, 1.7300801624916140042
1.2992992992990000101, 1.0952649700733809723
1.3018018018019998916, 0.7612794402349657430
1.3043043043039999063, 0.5655920294313215857
1.3068068068070000098, 0.4417446144102626926
1.3093093093090000245, 0.3587590490129918264
1.3118118118119999060, 0.3006934961403289197
1.3143143143139999207, 0.2586905637101835076
1.3168168168170000243, 0.2275207076363784942
1.3193193193190000390, 0.2039409860850505407
1.3218218218219999205, 0.1858579879252621470
1.3243243243239999352, 0.1718749731554853888
1.3268268268270000387, 0.1610344865938044268
1.3293293293290000534, 0.1526658448848887684
1.3318318318319999349, 0.1462915116040502395
1.3343343343339999496, 0.1415678789225988110
1.3368368368370000532, 0.1382468749512751616
1.3393393393390000679, 0.1361505906538561517
1.3418418418419999494, 0.1351543015936508274
1.3443443443439999641, 0.1351750759161201021
1.3468468468470000676, 0.1361642323453931547
1.3493493493490000823, 0.1381025674373694001
1.3518518518519999638, 0.1409976882494311523
1.3543543543539999785, 0.1448830661298154410
1.3568568568570000821, 0.1498186297174196879
1.3593593593590000967, 0.1558928790105413575
1.3618618618619999783, 0.1632266553043970059
1.3643643643639999929, 0.1719788679519523023
1.3668668668670000965, 0.1823546840579035044
1.3693693693689998891, 0.1946169646700810496
1.3718718718719999927, 0.2091021293859504637
1.3743743743740000074, 0.2262422267640112894
1.3768768768770001110, 0.2465959055106541342
1.3793793793789999036, 0.2708924329389767460
1.3818818818820000072, 0.3000952623852686796
1.3843843843840000218, 0.3354955746632719005
1.3868868868869999034, 0.3788529427750216283
1.3893893893889999180, 0.4326121600351556240
1.3918918918920000216, 0.5002470488850525587
1.3943943943940000363, 0.5868235587179029267
1.3968968968969999178, 0.6999571565560415154
1.3993993993989999325, 0.8515131129424757805
1.4019019019020000361, 1.0607854025582883484
1.4044044044040000507, 1.3608168766563426555
1.4069069069069999323, 1.8119398753030735438
1.4094094094089999469, 2.5336003968046565404
1.4119119119120000505, 3.7884378039014148243
1.4144144144140000652, 6.2403685299131925746
1.4169169169169999467, 11.9091976846717670924
1.4194194194189999614, 28.2361971516498968526
1.4219219219220000650, 67.7414351098531426487
1.4244244244240000796, 45.2906091282611100723
1.4269269269269999612, 17.4375163668466583999
1.4294294294289999758, 8.3012917681106870305
1.4319319319320000794, 4.7337028883812157787
1.4344344344340000941, 3.0351527078145075222
1.4369369369369999756, 2.1059988516557162086
1.4394394394389999903, 1.5456101883314237178
1.4419419419420000938, 1.1826350240428251670
1.4444444444440001085, 0.9344527981638216518
1.4469469469469999900, 0.7574175082858600749
1.4494494494490000047, 0.6267651439943293656
1.4519519519520001083, 0.5276172420778152405
1.4544544544539999009, 0.4506059951264494989
1.4569569569570000045, 0.3895985936436469621
1.4594594594590000192, 0.3404454717757221527
1.4619619619619999007, 0.3002585538934221532
1.4644644644639999154, 0.2669780128582154299
1.4669669669670000189, 0.2391030145638758930
1.4694694694690000336, 0.2155192268624225582
1.4719719719719999151, 0.1953853295865745909
1.4744744744739999298, 0.1780565560212568066
1.4769769769770000334, 0.1630320825398923201
1.4794794794790000481, 0.1499181341679137192
1.4819819819819999296, 0.1384016638886740591
1.4844844844839999443, 0.1282312807523188769
1.4869869869870000478, 0.1192032329050366213
1.4894894894890000625, 0.1111509710104587323
1.4919919919919999440, 0.1039372841574870004
1.4944944944939999587, 0.0974483085495782553
1.4969969969970000623, 0.0915889162443666166
1.4994994994990000770, 0.0862791323532866583
1.5020020020019999585, 0.0814513267333065172
1.5045045045050000621, 0.0770479946200350874
1.5070070070070000767, 0.0730199891917270583
1.5095095095099999583, 0.0693251038879267173
1.5120120120119999729, 0.0659269275735095972
1.5145145145150000765, 0.0627939141510247822
1.5170170170170000912, 0.0598986219156667221
1.5195195195199999727, 0.0572170881633545930
1.5220220220219999874, 0.0547283122494417185
1.5245245245250000909, 0.0524138261253241228
1.5270270270270001056, 0.0502573358346209420
1.5295295295299999871, 0.0482444208782423847
1.5320320320320000018, 0.0463622810129443175
1.5345345345350001054, 0.0445995221181432269
1.5370370370369998980, 0.0429459743894972934
1.5395395395400000016, 0.0413925373987606843
1.5420420420420000163, 0.0399310475755841332
1.5445445445449998978, 0.0385541644772495057
1.5470470470469999125, 0.0372552728617870574
1.5495495495500000160, 0.0360283981029129313
1.5520520520520000307, 0.0348681329083544364
1.5545545545549999122, 0.0337695736469633412
1.5570570570569999269, 0.0327282648705853121
1.5595595595600000305, 0.0317401508465632448
1.5620620620620000452, 0.0308015331058440825
1.5645645645649999267, 0.0299090331677961049
1.5670670670669999414, 0.0290595597322248836
1.5695695695700000449, 0.0282502797366474545
1.5720720720720000596, 0.0274785927666516341
1.5745745745749999411, 0.0267421083822851000
1.5770770770769999558, 0.0260386259865000649
1.5795795795800000594, 0.0253661169148038899
1.5820820820820000741, 0.0247227084701253895
1.5845845845849999556, 0.0241066696649172713
1.5870870870869999703, 0.0235163984647826091
1.5895895895900000738, 0.0229504103553986698
1.5920920920920000885, 0.0224073280779754011
1.5945945945949999700, 0.0218858723985591239
1.5970970970969999847, 0.0213848537937249075
1.5995995996000000883, 0.0209031649500060687
1.6021021021020001029, 0.0204397739871761408
1.6046046046049999845, 0.0199937183265243429
1.6071071071069999991, 0.0195640991348026635
1.6096096096100001027, 0.0191500762828042889
1.6121121121119998953, 0.0187508637647200230
1.6146146146149999989, 0.0183657255306843500
1.6171171171170000136, 0.0179939716903849758
1.6196196196199998951, 0.0176349550503846139
1.6221221221219999098, 0.0172880679519848562
1.6246246246250000134, 0.0169527393801284024
1.6271271271270000280, 0.0166284323170582810
1.6296296296299999096, 0.0163146413172876245
1.6321321321319999242, 0.0160108902829332982
1.6346346346350000278, 0.0157167304206731057
1.6371371371370000425, 0.0154317383635376552
1.6396396396399999240, 0.0151555144424758148
1.6421421421419999387, 0.0148876810941652345
1.6446446446450000423, 0.0146278813929003638
1.6471471471470000569, 0.0143757776956009702
1.6496496496499999385, 0.0141310503900622247
1.6521521521519999531, 0.0138933967375286342
1.6546546546550000567, 0.0136625298015329057
1.6571571571570000714, 0.0134381774557080641
1.6596596596599999529, 0.0132200814639684954
1.6621621621619999676, 0.0130079966270713540
1.6646646646650000712, 0.0128016899901223745
1.6671671671670000858, 0.0126009401060868491
1.6696696696699999674, 0.0124055363508128545
1.6721721721719999820, 0.0122152782854761943
1.6746746746750000856, 0.0120299750627187903
1.6771771771770001003, 0.0118494448730795555
1.6796796796799999818, 0.0116735144286122198
1.6821821821819999965, 0.0115020184808517448
1.6846846846850001000, 0.0113347993705329095
1.6871871871869998927, 0.0111717066066838559
1.6896896896899999962, 0.0110125964729160600
1.6921921921920000109, 0.0108573316589127694
1.6946946946949998924, 0.0107057809152818553
1.6971971971969999071, 0.0105578187300882278
1.6996996997000000107, 0.0104133250255167027
1.7022022022020000254, 0.0102721848732399111
1.7047047047049999069, 0.0101342882271787671
1.7072072072069999216, 0.0099995296724457849
1.7097097097100000251, 0.0098678081893557659
1.7122122122120000398, 0.0097390269314743122
1.7147147147149999213, 0.0096130930167532304
1.7172172172169999360, 0.0094899173308740578
1.7197197197200000396, 0.0093694143419868776
1.7222222222220000543, 0.0092515019260921306
1.7247247247249999358, 0.0091361012023687613
1.7272272272269999505, 0.0090231363778030364
1.7297297297300000540, 0.0089125346005192573
1.7322322322320000687, 0.0088042258212568010
1.7347347347349999502, 0.0086981426624775718
1.7372372372369999649, 0.0085942202946245570
1.7397397397400000685, 0.0084923963190859410
1.7422422422420000832, 0.0083926106574501846
1.7447447447449999647, 0.0082948054466663573
1.7472472472469999794, 0.0081989249397503780
1.7497497497500000829, 0.0081049154117023691
1.7522522522520000976, 0.0080127250703229628
1.7547547547549999791, 0.0079223039716373629
1.7572572572569999938, 0.0078336039396553342
1.7597597597600000974, 0.0077465784902133227
1.7622622622619998900, 0.0076611827586614842
1.7647647647649999936, 0.0075773734311739300
1.7672672672670000082, 0.0074951086794747858
1.7697697697699998898, 0.0074143480987859823
1.7722722722719999044, 0.0073350526488150623
1.7747747747750000080, 0.0072571845976128176
1.7772772772770000227, 0.0071807074681411670
1.7797797797799999042, 0.0071055859874017751
1.7822822822819999189, 0.0070317860379850352
1.7847847847850000225, 0.0069592746119077654
1.7872872872870000371, 0.0068880197666159534
1.7897897897899999187, 0.0068179905830364051
1.7922922922919999333, 0.0067491571255681527
1.7947947947950000369, 0.0066814904039109628
1.7972972972970000516, 0.0066149623366344662
1.7997997997999999331, 0.0065495457163970245
1.8023023023019999478, 0.0064852141767288447
1.8048048048050000514, 0.0064219421602988106
1.8073073073070000660, 0.0063597048885891440
1.8098098098099999476, 0.0062984783329063810
1.8123123123119999622, 0.0062382391866612347
1.8148148148150000658, 0.0061789648388537082
1.8173173173170000805, 0.0061206333487034649
1.8198198198199999620, 0.0060632234213687554
1.8223223223219999767, 0.0060067143847003946
1.8248248248250000803, 0.0059510861669802313
1.8273273273270000949, 0.0058963192755963293
1.8298298298299999765, 0.0058423947766096662
1.8323323323319999911, 0.0057892942751696427
1.8348348348350000947, 0.0057369998967379751
1.8373373373370001094, 0.0056854942690826946
1.8398398398399999909, 0.0056347605050060551
1.8423423423420000056, 0.0055847821857720366
1.8448448448450001091, 0.0055355433452009099
1.8473473473469999018, 0.0054870284544001283
1.8498498498500000053, 0.0054392224071022621
1.8523523523520000200, 0.0053921105055823523
1.8548548548549999015, 0.0053456784471283504
1.8573573573569999162, 0.0052999123110397690
1.8598598598600000198, 0.0052547985461308235
1.8623623623620000345, 0.0052103239587156271
1.8648648648649999160, 0.0051664757010540779
1.8673673673669999307, 0.0051232412602381632
1.8698698698700000342, 0.0050806084474993869
1.8723723723720000489, 0.0050385653879190268
1.8748748748749999304, 0.0049971005105237465
1.8773773773769999451, 0.0049562025387500349
1.8798798798800000487, 0.0049158604812616514
1.8823823823820000634, 0.0048760636231050909
1.8848848848849999449, 0.0048368015171887623
1.8873873873869999596, 0.0047980639760722569
1.8898898898900000631, 0.0047598410640527639
1.8923923923920000778, 0.0047221230895362343
1.8948948948949999593, 0.0046849005976815558
1.8973973973969999740, 0.0046481643633064793
1.8998998999000000776, 0.0046119053840445986
1.9024024024020000923, 0.0045761148737431707
1.9049049049049999738, 0.0045407842560920217
1.9074074074069999885, 0.0045059051584742504
1.9099099099100000920, 0.0044714694060298257
1.9124124124120001067, 0.0044374690159236264
1.9149149149149999882, 0.0044038961918098068
1.9174174174170000029, 0.0043707433184847592
1.9199199199200001065, 0.0043380029567212713
1.9224224224219998991, 0.0043056678382768394
1.9249249249250000027, 0.0042737308610693355
1.9274274274270000173, 0.0042421850845136277
1.9299299299299998989, 0.0042110237250129207
1.9324324324319999135, 0.0041802401515989443
1.9349349349350000171, 0.0041498278817153128
1.9374374374370000318, 0.0041197805771386615
1.9399399399399999133, 0.0040900920400323525
1.9424424424419999280, 0.0040607562091278110
1.9449449449450000316, 0.0040317671560287241
1.9474474474470000462, 0.0040031190816335700
1.9499499499499999278, 0.0039748063126720757
1.9524524524519999424, 0.0039468232983514741
1.9549549549550000460, 0.0039191646071085103
1.9574574574570000607, 0.0038918249234633799
1.9599599599599999422, 0.0038647990449718998
1.9624624624619999569, 0.0038380818792723859
1.9649649649650000605, 0.0038116684412238446
1.9674674674670000751, 0.0037855538501322299
1.9699699699699999567, 0.0037597333270616290
1.9724724724719999713, 0.0037342021922273918
1.9749749749750000749, 0.0037089558624683284
1.9774774774770000896, 0.0036839898487951951
1.9799799799799999711, 0.0036592997540128339
1.9824824824819999858, 0.0036348812704133978
1.9849849849850000894, 0.0036107301775382249
1.9874874874870001040, 0.0035868423400059997
1.9899899899899999856, 0.0035632137054049345
1.9924924924920000002, 0.0035398403022468055
1.9949949949950001038, 0.0035167182379807404
1.9974974974969998964, 0.0034938436970647505
2.0000000000000000000, 0.0034712129390930702
