# Delta1: 0.465
# Delta2: 1.17
# Delta3: 1.355
# Dq: 0.1355
# Ds: 0.04
# Dt: 0.061000000000000006
# k1_lab: [1, 0, 0]
# k2_lab: [-0.8660254037844387, 0.49999999999999994, 0.0]
# k1_cf: [-0.08715574274765808, -0.9961946980917455, 0.0]
# k2_cf: [0.5735764363510459, 0.8191520442889919, 0.0]
# pol1_lab: [(0, 1, 0), (0, 0, 1)]
# pol2_lab: "[array([-0.5      , -0.8660254,  0.       ]), array([0., 0., 1.])]"
# pol1_cf: "[array([ 0.9961947 , -0.08715574,  0.        ]), array([0., 0., 1.])]"
# pol2_cf: "[array([-0.81915204,  0.57357644,  0.        ]), array([0., 0., 1.])]"
# cf: "[array([-0.08715574,  0.9961947 ,  0.        ]), array([-0.9961947 , -0.08715574,  0.        ]), array([0., 0., 1.])]"
# th: 50
-0.5000000000000000000, 0.0049909362023672858
-0.4974974974974999964, 0.0050337437136685100
-0.4949949949949999928, 0.0050771567948826530
-0.4924924924924999892, 0.0051211873908974092
-0.4899899899899999856, 0.0051658477477971284
-0.4874874874874999819, 0.0052111504220954206
-0.4849849849849999783, 0.0052571082903008813
-0.4824824824824999747, 0.0053037345588297334
-0.4799799799800000266, 0.0053510427742799165
-0.4774774774775000230, 0.0053990468340817301
-0.4749749749750000194, 0.0054477609975409694
-0.4724724724725000158, 0.0054971998972911627
-0.4699699699700000122, 0.0055473785511723685
-0.4674674674675000086, 0.0055983123745548188
-0.4649649649650000049, 0.0056500171931265818
-0.4624624624625000013, 0.0057025092561653222
-0.4599599599599999977, 0.0057558052503153137
-0.4574574574574999941, 0.0058099223138917775
-0.4549549549549999905, 0.0058648780517358079
-0.4524524524524999869, 0.0059206905506442916
-0.4499499499499000077, 0.0059773783954003871
-0.4474474474474000041, 0.0060349606854315290
-0.4449449449449000005, 0.0060934570521231678
-0.4424424424423999969, 0.0061528876768180175
-0.4399399399398999932, 0.0062132733095320242
-0.4374374374373999896, 0.0062746352884198511
-0.4349349349348999860, 0.0063369955600245517
-0.4324324324323999824, 0.0064003767003476602
-0.4299299299298999788, 0.0064648019367780649
-0.4274274274273999752, 0.0065302951709199008
-0.4249249249249000271, 0.0065968810023618873
-0.4224224224224000235, 0.0066645847534328130
-0.4199199199199000199, 0.0067334324949902963
-0.4174174174174000163, 0.0068034510732924072
-0.4149149149149000126, 0.0068746681380045527
-0.4124124124124000090, 0.0069471121713967510
-0.4099099099099000054, 0.0070208125187897017
-0.4074074074074000018, 0.0070957994203109170
-0.4049049049048999982, 0.0071721040440260436
-0.4024024024023999946, 0.0072497585205137305
-0.3998998998998999910, 0.0073287959789566162
-0.3973973973973999874, 0.0074092505848248596
-0.3948948948948999838, 0.0074911575792332100
-0.3923923923923999801, 0.0075745533200571036
-0.3898898898898999765, 0.0076594753248983658
-0.3873873873873999729, 0.0077459623159963371
-0.3848848848849000248, 0.0078340542671857666
-0.3823823823824000212, 0.0079237924530089574
-0.3798798798799000176, 0.0080152195000959096
-0.3773773773774000140, 0.0081083794409331500
-0.3748748748749000104, 0.0082033177701489896
-0.3723723723724000068, 0.0083000815034509953
-0.3698698698699000031, 0.0083987192393594617
-0.3673673673673999995, 0.0084992812238897392
-0.3648648648648999959, 0.0086018194183455562
-0.3623623623623999923, 0.0087063875703957457
-0.3598598598598999887, 0.0088130412886174934
-0.3573573573573999851, 0.0089218381207008032
-0.3548548548548999815, 0.0090328376355214030
-0.3523523523523999779, 0.0091461015093023557
-0.3498498498497999987, 0.0092616936160991991
-0.3473473473472999951, 0.0093796801228583394
-0.3448448448447999914, 0.0095001295893150737
-0.3423423423422999878, 0.0096231130730151295
-0.3398398398397999842, 0.0097487042397623007
-0.3373373373372999806, 0.0098769794798153811
-0.3348348348347999770, 0.0100080180301790212
-0.3323323323322999734, 0.0101419021033568590
-0.3298298298298000253, 0.0102787170229603902
-0.3273273273273000217, 0.0104185513665941507
-0.3248248248248000181, 0.0105614971164673110
-0.3223223223223000145, 0.0107076498182128409
-0.3198198198198000108, 0.0108571087484300704
-0.3173173173173000072, 0.0110099770915025753
-0.3148148148148000036, 0.0111663621262833839
-0.3123123123123000000, 0.0113263754232821902
-0.3098098098097999964, 0.0114901330530354576
-0.3073073073072999928, 0.0116577558063905920
-0.3048048048047999892, 0.0118293694274895778
-0.3023023023022999856, 0.0120051048602957972
-0.2997997997997999819, 0.0121850985095721918
-0.2972972972972999783, 0.0123694925172869816
-0.2947947947947999747, 0.0125584350554989333
-0.2922922922923000266, 0.0127520806368550260
-0.2897897897898000230, 0.0129505904439217133
-0.2872872872873000194, 0.0131541326786676453
-0.2847847847848000158, 0.0133628829335196188
-0.2822822822823000122, 0.0135770245855279074
-0.2797797797798000086, 0.0137967492153013398
-0.2772772772773000050, 0.0140222570525073958
-0.2747747747748000013, 0.0142537574498810288
-0.2722722722722999977, 0.0144914693878469038
-0.2697697697697999941, 0.0147356220120362213
-0.2672672672672999905, 0.0149864552061728523
-0.2647647647647999869, 0.0152442202030141725
-0.2622622622622999833, 0.0155091802362642122
-0.2597597597597999797, 0.0157816112366306327
-0.2572572572572999761, 0.0160618025754756359
-0.2547547547547999724, 0.0163500578598180964
-0.2522522522523000243, 0.0166466957827800972
-0.2497497497496999896, 0.0169520510339428547
-0.2472472472472000138, 0.0172664752744850838
-0.2447447447447000102, 0.0175903381824275007
-0.2422422422422000066, 0.0179240285738045263
-0.2397397397397000030, 0.0182679556061338504
-0.2372372372371999993, 0.0186225500711615782
-0.2347347347346999957, 0.0189882657845347087
-0.2322322322321999921, 0.0193655810807969765
-0.2297297297296999885, 0.0197550004229323194
-0.2272272272272000126, 0.0201570561365988325
-0.2247247247247000090, 0.0205723102802175747
-0.2222222222222000054, 0.0210013566632182118
-0.2197197197197000018, 0.0214448230260108792
-0.2172172172171999982, 0.0219033733966678829
-0.2147147147146999946, 0.0223777106408792059
-0.2122122122121999910, 0.0228685792235128194
-0.2097097097096999874, 0.0233767682020902083
-0.2072072072072000115, 0.0239031144747076894
-0.2047047047047000079, 0.0244485063074259476
-0.2022022022022000043, 0.0250138871689537731
-0.1996996996997000007, 0.0256002599036073558
-0.1971971971971999971, 0.0262086912770857980
-0.1946946946946999935, 0.0268403169336217280
-0.1921921921921999898, 0.0274963468076116942
-0.1896896896896999862, 0.0281780710379786643
-0.1871871871872000104, 0.0288868664393601808
-0.1846846846847000068, 0.0296242035908520704
-0.1821821821822000032, 0.0303916546105919803
-0.1796796796796999995, 0.0311909016930793370
-0.1771771771771999959, 0.0320237464959652815
-0.1746746746746999923, 0.0328921204743005610
-0.1721721721721999887, 0.0337980962731310522
-0.1696696696697000128, 0.0347439003041462718
-0.1671671671672000092, 0.0357319266491357146
-0.1646646646647000056, 0.0367647524526645564
-0.1621621621622000020, 0.0378451549890915784
-0.1596596596596999984, 0.0389761306153472015
-0.1571571571571999948, 0.0401609158514004555
-0.1546546546546999912, 0.0414030108658279133
-0.1521521521521999876, 0.0427062056852554883
-0.1496496496496000084, 0.0440746094947743819
-0.1471471471471000048, 0.0455126834530355101
-0.1446446446446000011, 0.0470252775121999533
-0.1421421421420999975, 0.0486176718111876877
-0.1396396396395999939, 0.0502956233030589020
-0.1371371371370999903, 0.0520654183867556852
-0.1346346346345999867, 0.0539339324433077000
-0.1321321321321000108, 0.0559086973312837299
-0.1296296296296000072, 0.0579979780810528089
-0.1271271271271000036, 0.0602108602488676120
-0.1246246246246000000, 0.0625573496580875271
-0.1221221221220999964, 0.0650484865761871700
-0.1196196196196000067, 0.0676964767653394778
-0.1171171171171000031, 0.0705148423173929256
-0.1146146146145999994, 0.0735185957612989605
-0.1121121121120999958, 0.0767244416383123795
-0.1096096096096000061, 0.0801510106105422504
-0.1071071071071000025, 0.0838191322439340997
-0.1046046046045999989, 0.0877521539420707680
-0.1021021021020999953, 0.0919763151729802303
-0.0995995995996000055, 0.0965211882196934101
-0.0970970970971000019, 0.1014201993176620104
-0.0945945945945900063, 0.1067112473781679921
-0.0920920920920900027, 0.1124374417490950490
-0.0895895895895899991, 0.1186479859173595330
-0.0870870870870899955, 0.1253992410945887481
-0.0845845845845799998, 0.1327560127706040316
-0.0820820820820799962, 0.1407931152820513232
-0.0795795795795800065, 0.1495972852128259478
-0.0770770770770800029, 0.1592695353942016057
-0.0745745745745699934, 0.1699280693417030697
-0.0720720720720700037, 0.1817119139047886633
-0.0695695695695700000, 0.1947854796689089674
-0.0670670670670699964, 0.2093443299846767247
-0.0645645645645600008, 0.2256225388600860970
-0.0620620620620599972, 0.2439021579372568638
-0.0595595595595600005, 0.2645255124194830776
-0.0570570570570599969, 0.2879113343057097540
-0.0545545545545500013, 0.3145761641046217472
-0.0520520520520499977, 0.3451630814218312193
-0.0495495495495500010, 0.3804807768360153331
-0.0470470470470499974, 0.4215574440751643781
-0.0445445445445400018, 0.4697162756411453755
-0.0420420420420399982, 0.5266830438233720546
-0.0395395395395400015, 0.5947423291142033275
-0.0370370370370399979, 0.6769692180797666214
-0.0345345345345300023, 0.7775811190406960449
-0.0320320320320299987, 0.9024863443073228852
-0.0295295295295299985, 1.0601657055087596593
-0.0270270270270299984, 1.2631391002672036628
-0.0245245245245199993, 1.5305048243827465981
-0.0220220220220199991, 1.8925469462329922443
-0.0195195195195199990, 2.3995721605691211487
-0.0170170170170199989, 3.1400301685522507000
-0.0145145145145099998, 4.2808415156163306392
-0.0120120120120099996, 6.1668218701283370464
-0.0095095095095099995, 9.5999331758920085633
-0.0070070070070070000, 16.7659087932953418942
-0.0045045045045049997, 34.9594777065792001736
-0.0020020020020019998, 90.4441094923752331169
0.0005005005005005000, 142.7215018713135350481
0.0030030030030029999, 60.7674442921522768302
0.0055055055055059999, 25.3795541523812318019
0.0080080080080079993, 13.1864753068100508671
0.0105105105105099995, 7.9527102350747203019
0.0130130130130099997, 5.2880059874193046099
0.0155155155155200005, 3.7607731984434806805
0.0180180180180199989, 2.8082000436686476164
0.0205205205205199991, 2.1755077501739736867
0.0230230230230199992, 1.7344582861303980970
0.0255255255255299983, 1.4150088476159121686
0.0280280280280299984, 1.1763480316003116499
0.0305305305305299986, 0.9934198322865724906
0.0330330330330299987, 0.8501630812529979986
0.0355355355355400013, 0.7359031795542972931
0.0380380380380399979, 0.6433239733892515133
0.0405405405405400016, 0.5672766447715006377
0.0430430430430399982, 0.5040533168766334615
0.0455455455455500008, 0.4509293407890792582
0.0480480480480499975, 0.4058665035867018989
0.0505505505505500011, 0.3673156521155173659
0.0530530530530499977, 0.3340824446518263491
0.0555555555555600003, 0.3052341818256903982
0.0580580580580599970, 0.2800339630316104333
0.0605605605605600006, 0.2578933835324458967
0.0630630630630600042, 0.2383380399899428237
0.0655655655655699998, 0.2209820306254248190
0.0680680680680700034, 0.2055088672283405249
0.0705705705705699932, 0.1916570212533982576
0.0730730730730699968, 0.1792088619350891698
0.0755755755755800063, 0.1679821065714321160
0.0780780780780799960, 0.1578231517116255866
0.0805805805805799996, 0.1486018269345550091
0.0830830830830800032, 0.1402072347817253650
0.0855855855855899988, 0.1325444273194229250
0.0880880880880900025, 0.1255317324738886020
0.0905905905905900061, 0.1190985889440155376
0.0930930930930899958, 0.1131837820905541581
0.0955955955956000053, 0.1077339981452358486
0.0980980980980999950, 0.1027026327654542298
0.1006006006005999986, 0.0980488040667005512
0.1031031031031000023, 0.0937365309988275608
0.1056056056056000059, 0.0897340461594946376
0.1081081081080999956, 0.0860132184878850264
0.1106106106105999992, 0.0825490662146836779
0.1131131131131000028, 0.0793193443004689969
0.1156156156156000064, 0.0763041936270587862
0.1181181181180999962, 0.0734858416044557455
0.1206206206205999998, 0.0708483457627858138
0.1231231231231000034, 0.0683773734225212176
0.1256256256256000070, 0.0660600117602012787
0.1281281281281000106, 0.0638846035745126856
0.1306306306305999865, 0.0618406048581718257
0.1331331331330999901, 0.0599184609328198142
0.1356356356355999937, 0.0581094984369621842
0.1381381381380999973, 0.0564058308943087283
0.1406406406406000009, 0.0548002759501916639
0.1431431431431000045, 0.0532862826617169355
0.1456456456456000081, 0.0518578674745999238
0.1481481481481000118, 0.0505095577255754644
0.1506506506506999910, 0.0492363416813403898
0.1531531531531999946, 0.0480336242692129267
0.1556556556556999982, 0.0468971877759564310
0.1581581581582000018, 0.0458231568934771433
0.1606606606607000054, 0.0448079675765927707
0.1631631631632000090, 0.0438483392514206344
0.1656656656657000126, 0.0429412499753157179
0.1681681681681999885, 0.0420839142024814067
0.1706706706706999921, 0.0412737628548507027
0.1731731731731999957, 0.0405084254368108729
0.1756756756756999993, 0.0397857139658339201
0.1781781781782000029, 0.0391036085199167049
0.1806806806807000065, 0.0384602442276399809
0.1831831831832000101, 0.0378538995482075036
0.1856856856857000138, 0.0372829857075241550
0.1881881881881999896, 0.0367460371726342286
0.1906906906906999932, 0.0362417030610142840
0.1931931931931999968, 0.0357687393936055031
0.1956956956957000004, 0.0353260021113254857
0.1981981981982000041, 0.0349124407843369317
0.2007007007007000077, 0.0345270929517563913
0.2032032032032000113, 0.0341690790369137409
0.2057057057056999871, 0.0338375977898628597
0.2082082082081999908, 0.0335319222147091658
0.2107107107106999944, 0.0332513959445618554
0.2132132132131999980, 0.0329954300316284213
0.2157157157157000016, 0.0327635001242185392
0.2182182182182000052, 0.0325551440062851749
0.2207207207207000088, 0.0323699594786597822
0.2232232232232000124, 0.0322076025643894953
0.2257257257256999883, 0.0320677860236052922
0.2282282282281999919, 0.0319502781661840513
0.2307307307306999955, 0.0318549019531537830
0.2332332332331999991, 0.0317815343803682371
0.2357357357357000027, 0.0317301061404789420
0.2382382382382000063, 0.0317006015616930620
0.2407407407407000099, 0.0316930588242590600
0.2432432432432000136, 0.0317075704581005272
0.2457457457456999894, 0.0317442841275571846
0.2482482482481999930, 0.0318034037118252733
0.2507507507508000000, 0.0318851906924549067
0.2532532532533000036, 0.0319899658622005978
0.2557557557558000072, 0.0321181113726745834
0.2582582582583000108, 0.0322700731416720177
0.2607607607608000144, 0.0324463636447743925
0.2632632632633000180, 0.0326475651199533423
0.2657657657658000216, 0.0328743332184640025
0.2682682682683000253, 0.0331274011404079985
0.2707707707707999734, 0.0334075842990598781
0.2732732732732999770, 0.0337157855644860810
0.2757757757757999806, 0.0340530011442677291
0.2782782782782999842, 0.0344203271674137432
0.2807807807807999878, 0.0348189670469779000
0.2832832832832999914, 0.0352502397076808818
0.2857857857857999950, 0.0357155887772080682
0.2882882882882999986, 0.0362165928540853846
0.2907907907908000023, 0.0367549769814572713
0.2932932932933000059, 0.0373326254750803860
0.2957957957958000095, 0.0379515962758802186
0.2982982982983000131, 0.0386141370230366210
0.3008008008008000167, 0.0393227030734359523
0.3033033033033000203, 0.0400799777282591710
0.3058058058058000239, 0.0408888949684138303
0.3083083083083000275, 0.0417526650486530412
0.3108108108107999756, 0.0426748033569593899
0.3133133133132999792, 0.0436591630128404656
0.3158158158157999829, 0.0447099717577125050
0.3183183183182999865, 0.0458318737851127408
0.3208208208207999901, 0.0470299772713053885
0.3233233233232999937, 0.0483099085018621963
0.3258258258257999973, 0.0496778736519200292
0.3283283283283000009, 0.0511407294731688403
0.3308308308308000045, 0.0527060643768224313
0.3333333333333000081, 0.0543822916885178462
0.3358358358358000118, 0.0561787572003615773
0.3383383383383000154, 0.0581058635725946043
0.3408408408408000190, 0.0601752146621564593
0.3433433433433000226, 0.0623997835028444470
0.3458458458458000262, 0.0647941084640974024
0.3483483483482999743, 0.0673745231143850765
0.3508508508509000090, 0.0701594265651349080
0.3533533533534000126, 0.0731696026431980645
0.3558558558559000162, 0.0764285982277246589
0.3583583583584000198, 0.0799631736152777162
0.3608608608609000235, 0.0838038410108451481
0.3633633633634000271, 0.0879855114051453502
0.3658658658658999752, 0.0925482754923181161
0.3683683683683999788, 0.0975383513191499935
0.3708708708708999824, 0.1030092406053685905
0.3733733733733999860, 0.1090231479229232525
0.3758758758758999896, 0.1156527332765151517
0.3783783783783999932, 0.1229832906536659082
0.3808808808808999968, 0.1311154750504081590
0.3833833833834000004, 0.1401687415690888450
0.3858858858859000041, 0.1502857171714982454
0.3883883883884000077, 0.1616378055858221918
0.3908908908909000113, 0.1744324392750297437
0.3933933933934000149, 0.1889225553811049729
0.3958958958959000185, 0.2054191100931314906
0.3983983983984000221, 0.2243077971855078623
0.4009009009009000257, 0.2460716644179594126
0.4034034034033999738, 0.2713221288388363295
0.4059059059058999774, 0.3008421503018166021
0.4084084084083999810, 0.3356473246694928747
0.4109109109108999847, 0.3770739175266485388
0.4134134134133999883, 0.4269083004749605337
0.4159159159158999919, 0.4875815933110753120
0.4184184184183999955, 0.5624698601292246192
0.4209209209208999991, 0.6563705562286985540
0.4234234234234000027, 0.7762838468746477982
0.4259259259259000063, 0.9327430967877079482
0.4284284284284000099, 1.1421822219108732632
0.4309309309309000136, 1.4313718029622486405
0.4334334334334000172, 1.8462630825460650819
0.4359359359359000208, 2.4709998961859271915
0.4384384384384000244, 3.4727915539475686657
0.4409409409408999725, 5.2211095998871908108
0.4434434434433999761, 8.6561056562856890650
0.4459459459458999797, 16.6623170460716210073
0.4484484484483999833, 39.9091462941818235777
0.4509509509510000180, 93.5969984559821028824
0.4534534534535000216, 59.1312428106190282051
0.4559559559560000253, 22.8659431521557614531
0.4584584584584999734, 10.9741859179274854341
0.4609609609609999770, 6.2879198809273484372
0.4634634634634999806, 4.0419620412432371026
0.4659659659659999842, 2.8078267175824667135
0.4684684684684999878, 2.0611732456254694412
0.4709709709709999914, 1.5764831743803471298
0.4734734734734999950, 1.2445604802927623389
0.4759759759759999986, 1.0075326652165570440
0.4784784784785000022, 0.8324793984121693358
0.4809809809810000059, 0.6995806927301788658
0.4834834834835000095, 0.5963360959664932848
0.4859859859860000131, 0.5145502650391634569
0.4884884884885000167, 0.4486714000421955229
0.4909909909910000203, 0.3948315077365359693
0.4934934934935000239, 0.3502694353767912272
0.4959959959960000275, 0.3129718208415871450
0.4984984984984999756, 0.2814428126174569056
0.5010010010009999792, 0.2545524039241662817
0.5035035035035000384, 0.2314341627952921643
0.5060060060059999865, 0.2114148044149547490
0.5085085085085000456, 0.1939647660542281882
0.5110110110109999937, 0.1786629239248683776
0.5135135135135000528, 0.1651710120020451478
0.5160160160160000009, 0.1532148109250391355
0.5185185185184999490, 0.1425701350161782399
0.5210210210210000081, 0.1330522686127441068
0.5235235235234999562, 0.1245079147850521595
0.5260260260260000154, 0.1168089962920638158
0.5285285285284999635, 0.1098478374810633318
0.5310310310310000226, 0.1035333865351444060
0.5335335335334999707, 0.0977882291165128870
0.5360360360360000298, 0.0925462095041214294
0.5385385385384999779, 0.0877505220275177633
0.5410410410410000370, 0.0833521694893642473
0.5435435435434999851, 0.0793087101090175217
0.5460460460460000442, 0.0755832328977448231
0.5485485485484999924, 0.0721435150942141001
0.5510510510510999715, 0.0689613256141702741
0.5535535535536000307, 0.0660118463012745460
0.5560560560560999788, 0.0632731887528273640
0.5585585585586000379, 0.0607259891021538004
0.5610610610610999860, 0.0583530667100884623
0.5635635635636000451, 0.0561391355024576863
0.5660660660660999932, 0.0540705588749992860
0.5685685685686000523, 0.0521351408109372860
0.5710710710711000004, 0.0503219472241182297
0.5735735735735999485, 0.0486211526314796194
0.5760760760761000077, 0.0470239081330611070
0.5785785785785999558, 0.0455222273820902051
0.5810810810811000149, 0.0441088877975816945
0.5835835835835999630, 0.0427773447350687994
0.5860860860861000221, 0.0415216567091131888
0.5885885885885999702, 0.0403364200710250309
0.5910910910911000293, 0.0392167118000760068
0.5935935935935999774, 0.0381580392769315935
0.5960960960961000366, 0.0371562960824316224
0.5985985985985999847, 0.0362077230098834524
0.6011011011011000438, 0.0353088736000490705
0.6036036036035999919, 0.0344565836093098377
0.6061061061061000510, 0.0336479439065568500
0.6086086086085999991, 0.0328802763659970243
0.6111111111110999472, 0.0321511123835803644
0.6136136136136000063, 0.0314581736960126007
0.6161161161160999544, 0.0307993552248542538
0.6186186186186000135, 0.0301727097052820678
0.6211211211210999616, 0.0295764338907421043
0.6236236236236000208, 0.0290088561518138943
0.6261261261260999689, 0.0284684253108464791
0.6286286286286000280, 0.0279537005739120062
0.6311311311310999761, 0.0274633424388461764
0.6336336336336000352, 0.0269961044730213442
0.6361361361360999833, 0.0265508258673742767
0.6386386386386000424, 0.0261264246843786324
0.6411411411410999905, 0.0257218917273580872
0.6436436436436000497, 0.0253362849669876398
0.6461461461460999978, 0.0249687244682040080
0.6486486486485999459, 0.0246183877671905735
0.6511511511512000361, 0.0242845056537454654
0.6536536536536999842, 0.0239663583192909792
0.6561561561562000433, 0.0236632718351316301
0.6586586586586999914, 0.0233746149293959857
0.6611611611612000505, 0.0230997960344716501
0.6636636636636999986, 0.0228382605797223109
0.6661661661661999467, 0.0225894885069105149
0.6686686686687000059, 0.0223529919880835967
0.6711711711711999540, 0.0221283133277501189
0.6736736736737000131, 0.0219150230330129314
0.6761761761761999612, 0.0217127180369608951
0.6786786786787000203, 0.0215210200620785247
0.6811811811811999684, 0.0213395741117328556
0.6836836836837000275, 0.0211680470789581340
0.6861861861861999756, 0.0210061264627980603
0.6886886886887000347, 0.0208535191833956329
0.6911911911911999828, 0.0207099504878556148
0.6936936936937000420, 0.0205751629396541645
0.6961961961961999901, 0.0204489154850446067
0.6986986986987000492, 0.0203309825905154187
0.7012012012011999973, 0.0202211534459040901
0.7037037037036999454, 0.0201192312282650748
0.7062062062062000045, 0.0200250324220371013
0.7087087087086999526, 0.0199383861914601349
0.7112112112112000117, 0.0198591338015593824
0.7137137137136999598, 0.0197871280843472906
0.7162162162162000190, 0.0197222329471981456
0.7187187187186999671, 0.0196643229206257646
0.7212212212212000262, 0.0196132827429480114
0.7237237237236999743, 0.0195690069795517348
0.7262262262262000334, 0.0195313996746839941
0.7287287287286999815, 0.0195003740338890452
0.7312312312312000406, 0.0194758521353897186
0.7337337337336999887, 0.0194577646688763560
0.7362362362362000479, 0.0194460507003193298
0.7387387387386999960, 0.0194406574615625036
0.7412412412412000551, 0.0194415401635867555
0.7437437437437000032, 0.0194486618324558533
0.7462462462461999513, 0.0194619931670722383
0.7487487487487000104, 0.0194815124179787205
0.7512512512512999896, 0.0195072052865451449
0.7537537537538000487, 0.0195390648439762102
0.7562562562562999968, 0.0195770914696700507
0.7587587587587999449, 0.0196212928085465442
0.7612612612613000040, 0.0196716837470506944
0.7637637637637999521, 0.0197282864076202859
0.7662662662663000113, 0.0197911301614891594
0.7687687687687999594, 0.0198602516597781789
0.7712712712713000185, 0.0199356948829058356
0.7737737737737999666, 0.0200175112084302435
0.7762762762763000257, 0.0201057594975144645
0.7787787787787999738, 0.0202005062002878558
0.7812812812813000329, 0.0203018254804584117
0.7837837837837999810, 0.0204097993596155346
0.7862862862863000402, 0.0205245178817490999
0.7887887887887999883, 0.0206460792986006593
0.7912912912913000474, 0.0207745902765561243
0.7937937937937999955, 0.0209101661258870065
0.7962962962963000546, 0.0210529310532502449
0.7987987987988000027, 0.0212030184384652334
0.8013013013012999508, 0.0213605711367017212
0.8038038038038000099, 0.0215257418073347764
0.8063063063062999580, 0.0216986932708539901
0.8088088088088000172, 0.0218795988953537184
0.8113113113112999653, 0.0220686430142819773
0.8138138138138000244, 0.0222660213772872678
0.8163163163162999725, 0.0224719416361775365
0.8188188188188000316, 0.0226866238681943701
0.8213213213212999797, 0.0229103011390103251
0.8238238238238000388, 0.0231432201080800475
0.8263263263262999869, 0.0233856416792171812
0.8288288288288000460, 0.0236378416995331291
0.8313313313312999941, 0.0239001117101610705
0.8338338338338000533, 0.0241727597525025692
0.8363363363363000014, 0.0244561112340785924
0.8388388388387999495, 0.0247505098584423801
0.8413413413413000086, 0.0250563186240261235
0.8438438438437999567, 0.0253739208972457199
0.8463463463463000158, 0.0257037215656884047
0.8488488488487999639, 0.0260461482777568712
0.8513513513514000541, 0.0264016527757490911
0.8538538538539000022, 0.0267707123300226398
0.8563563563563999503, 0.0271538312826291733
0.8588588588589000095, 0.0275515427096240592
0.8613613613613999576, 0.0279644102121591812
0.8638638638639000167, 0.0283930298474708957
0.8663663663663999648, 0.0288380322119897725
0.8688688688689000239, 0.0293000846900340964
0.8713713713713999720, 0.0297798938829291447
0.8738738738739000311, 0.0302782082349262356
0.8763763763763999792, 0.0307958208740077913
0.8788788788789000384, 0.0313335726875763748
0.8813813813813999865, 0.0318923556551608464
0.8838838838839000456, 0.0324731164626679766
0.8863863863863999937, 0.0330768604253890916
0.8888888888889000528, 0.0337046557499830965
0.8913913913914000009, 0.0343576381690447949
0.8938938938938999490, 0.0350370159856760593
0.8963963963964000081, 0.0357440755697784399
0.8988988988988999562, 0.0364801873526351891
0.9014014014014000153, 0.0372468123718378008
0.9039039039038999634, 0.0380455094248271578
0.9064064064064000226, 0.0388779428963636070
0.9089089089088999707, 0.0397458913332516539
0.9114114114114000298, 0.0406512568487540082
0.9139139139138999779, 0.0415960754495176901
0.9164164164164000370, 0.0425825283896984139
0.9189189189188999851, 0.0436129546705340543
0.9214214214214000442, 0.0446898648191753761
0.9239239239238999923, 0.0458159560984340575
0.9264264264264000515, 0.0469941293196537019
0.9289289289288999996, 0.0482275074545941776
0.9314314314313999477, 0.0495194562695702792
0.9339339339339000068, 0.0508736072367608760
0.9364364364363999549, 0.0522938830143370378
0.9389389389389000140, 0.0537845258297756507
0.9414414414413999621, 0.0553501291505089019
0.9439439439439000212, 0.0569956730842071518
0.9464464464463999693, 0.0587265640191032487
0.9489489489489000285, 0.0605486790947131412
0.9514514514515000076, 0.0624684161874244290
0.9539539539539999558, 0.0644927502065126834
0.9564564564565000149, 0.0666292966276147564
0.9589589589589999630, 0.0688863833467746323
0.9614614614615000221, 0.0712731321239862547
0.9639639639639999702, 0.0737995511070857618
0.9664664664665000293, 0.0764766401927503836
0.9689689689689999774, 0.0793165113009944717
0.9714714714715000365, 0.0823325260251651092
0.9739739739739999846, 0.0855394535862448735
0.9764764764765000438, 0.0889536525875399969
0.9789789789789999919, 0.0925932807578422473
0.9814814814815000510, 0.0964785377187271226
0.9839839839839999991, 0.1006319468541988921
0.9864864864864999472, 0.1050786836488119408
0.9889889889890000063, 0.1098469594588028508
0.9914914914914999544, 0.1149684716739839685
0.9939939939940000135, 0.1204789337260871590
0.9964964964964999616, 0.1264187015462203134
0.9989989989990000208, 0.1328335170603495985
1.0015015015019999023, 0.1397753943902788343
1.0040040040039999170, 0.1473036809367403999
1.0065065065070000205, 0.1554863339170104164
1.0090090090090000352, 0.1644014638311192822
1.0115115115119999167, 0.1741392105858858286
1.0140140140139999314, 0.1848040367850364019
1.0165165165170000350, 0.1965175476266586563
1.0190190190190000497, 0.2094219802287183574
1.0215215215219999312, 0.2236845502854882817
1.0240240240239999459, 0.2395029054169660054
1.0265265265270000494, 0.2571120191967805613
1.0290290290290000641, 0.2767929776048632662
1.0315315315319999456, 0.2988842753944853659
1.0340340340339999603, 0.3237964759913328217
1.0365365365370000639, 0.3520314293629876468
1.0390390390390000785, 0.3842077411902848905
1.0415415415419999601, 0.4210949281190828897
1.0440440440439999747, 0.4636598140674587087
1.0465465465470000783, 0.5131304455086712624
1.0490490490490000930, 0.5710855058627923864
1.0515515515519999745, 0.6395815387293507515
1.0540540540539999892, 0.7213373918121939177
1.0565565565570000928, 0.8200072503507302990
1.0590590590590001074, 0.9405943498101299038
1.0615615615619999890, 1.0900945463384570377
1.0640640640640000036, 1.2785277714966571949
1.0665665665670001072, 1.5206485928859816426
1.0690690690689998998, 1.8388972672231167493
1.0715715715720000034, 2.2687314566847578412
1.0740740740740000181, 2.8688005747611819984
1.0765765765769998996, 3.7416806853844337688
1.0790790790789999143, 5.0796712869559534909
1.0815815815820000179, 7.2766246861247898536
1.0840840840840000325, 11.2381995927339914942
1.0865865865869999141, 19.3954701851306339222
1.0890890890889999287, 39.7187691003518779098
1.0915915915920000323, 101.4817298465474522118
1.0940940940940000470, 178.6055368088783552594
1.0965965965969999285, 80.5509579590567170726
1.0990990990989999432, 33.0076912092704830570
1.1016016016020000468, 16.8831501323619583843
1.1041041041040000614, 10.0809164303696778830
1.1066066066069999430, 6.6593149239299789244
1.1091091091089999576, 4.7148648617317157061
1.1116116116120000612, 3.5095715910245592895
1.1141141141140000759, 2.7127995485264637665
1.1166166166169999574, 2.1594362818067445176
1.1191191191189999721, 1.7598517200180332498
1.1216216216220000756, 1.4620782516529648998
1.1241241241240000903, 1.2343387749127512354
1.1266266266269999718, 1.0563320162338987185
1.1291291291289999865, 0.9146035439598426686
1.1316316316320000901, 0.7999544003855597607
1.1341341341340001048, 0.7059244333725498421
1.1366366366369999863, 0.6278701061244550408
1.1391391391390000010, 0.5623849149170543349
1.1416416416420001045, 0.5069244316276523277
1.1441441441439998972, 0.4595574500666974038
1.1466466466470000007, 0.4187970316639853530
1.1491491491490000154, 0.3834834425228588195
1.1516516516519998969, 0.3527015475367248354
1.1541541541539999116, 0.3257215471733868051
1.1566566566570000152, 0.3019558171096594634
1.1591591591590000299, 0.2809270415519828923
1.1616616616619999114, 0.2622443881434199930
1.1641641641639999261, 0.2455854890567453486
1.1666666666670000296, 0.2306826684847393116
1.1691691691690000443, 0.2173123130073803533
1.1716716716719999258, 0.2052865940935002798
1.1741741741739999405, 0.1944469694055947495
1.1766766766770000441, 0.1846590426694475762
1.1791791791790000588, 0.1758084709925402667
1.1816816816819999403, 0.1677976871977397422
1.1841841841839999550, 0.1605432621034458274
1.1866866866870000585, 0.1539737739590121557
1.1891891891890000732, 0.1480280837444447051
1.1916916916919999547, 0.1426539387845393303
1.1941941941939999694, 0.1378068452516242881
1.1966966966970000730, 0.1334491641797612149
1.1991991991990000876, 0.1295493967167025695
1.2017017017019999692, 0.1260816333461080296
1.2042042042039999838, 0.1230251493801527152
1.2067067067070000874, 0.1203641356898450532
1.2092092092090001021, 0.1180875598793601211
1.2117117117119999836, 0.1161891593764102781
1.2142142142139999983, 0.1146675746893693337
1.2167167167170001019, 0.1135266389477004312
1.2192192192189998945, 0.1127758495308581466
1.2217217217219999981, 0.1124310601032129653
1.2242242242240000127, 0.1125154481300154885
1.2267267267269998943, 0.1130608360330438711
1.2292292292289999089, 0.1141094766749682909
1.2317317317320000125, 0.1157164606144093499
1.2342342342340000272, 0.1179529709986362196
1.2367367367369999087, 0.1209107139005725917
1.2392392392389999234, 0.1247080065629566914
1.2417417417420000270, 0.1294982451781792610
1.2442442442440000416, 0.1354818513524025936
1.2467467467469999232, 0.1429234057424582649
1.2492492492489999378, 0.1521766851923012642
1.2517517517520000414, 0.1637220322564467145
1.2542542542540000561, 0.1782234847734821548
1.2567567567569999376, 0.1966185238246700440
1.2592592592589999523, 0.2202635137652800001
1.2617617617620000559, 0.2511779719040912462
1.2642642642640000705, 0.2924722166730801542
1.2667667667669999521, 0.3491334771141204607
1.2692692692689999667, 0.4295573029795776154
1.2717717717720000703, 0.5487478381449901743
1.2742742742740000850, 0.7356094112990662071
1.2767767767769999665, 1.0514651952252818123
1.2792792792789999812, 1.6440916008151584826
1.2817817817820000847, 2.9357606947685717103
1.2842842842840000994, 6.4088368241204189957
1.2867867867869999809, 16.6664523284758594457
1.2892892892889999956, 18.0308447336343355971
1.2917917917920000992, 7.0152697403450678948
1.2942942942939998918, 3.1392818812342584422
1.2967967967969999954, 1.7300779127847580874
1.2992992992990000101, 1.0952636168697402752
1.3018018018019998916, 0.7612785427245472025
1.3043043043039999063, 0.5655913925587878754
1.3068068068070000098, 0.4417441397751618593
1.3093093093090000245, 0.3587586819357884149
1.3118118118119999060, 0.3006932039190421402
1.3143143143139999207, 0.2586903256290668529
1.3168168168170000243, 0.2275205099531560082
1.3193193193190000390, 0.2039408193325986662
1.3218218218219999205, 0.1858578453731564162
1.3243243243239999352, 0.1718748498898780008
1.3268268268270000387, 0.1610343789444448059
1.3293293293290000534, 0.1526657500557833114
1.3318318318319999349, 0.1462914274281743587
1.3343343343339999496, 0.1415678036946921015
1.3368368368370000532, 0.1382468073112186613
1.3393393393390000679, 0.1361505295036548047
1.3418418418419999494, 0.1351542460372540944
1.3443443443439999641, 0.1351750252150785148
1.3468468468470000676, 0.1361641858856976472
1.3493493493490000823, 0.1381025247043186632
1.3518518518519999638, 0.1409976488083488910
1.3543543543539999785, 0.1448830296110900639
1.3568568568570000821, 0.1498185958047764388
1.3593593593590000967, 0.1558928474317618496
1.3618618618619999783, 0.1632266258239097878
1.3643643643639999929, 0.1719788403648699893
1.3668668668670000965, 0.1823546581851863135
1.3693693693689998891, 0.1946169403545868481
1.3718718718719999927, 0.2091021064891878667
1.3743743743740000074, 0.2262422051634528919
1.3768768768770001110, 0.2465958850975015215
1.3793793793789999036, 0.2708924136162904617
1.3818818818820000072, 0.3000952440663954834
1.3843843843840000218, 0.3354955572705162758
1.3868868868869999034, 0.3788529262385174068
1.3893893893889999180, 0.4326121442919041993
1.3918918918920000216, 0.5002470338780993231
1.3943943943940000363, 0.5868235443956295594
1.3968968968969999178, 0.6999571428715554156
1.3993993993989999325, 0.8515130998530819895
1.4019019019020000361, 1.0607853900250296952
1.4044044044040000507, 1.3608168646436011873
1.4069069069069999323, 1.8119398637782204720
1.4094094094089999469, 2.5336003857377491499
1.4119119119120000505, 3.7884377932649364595
1.4144144144140000652, 6.2403685196818434733
1.4169169169169999467, 11.9091976748223693505
1.4194194194189999614, 28.2361971421616892997
1.4219219219220000650, 67.7414351007050896669
1.4244244244240000796, 45.2906091194296109848
1.4269269269269999612, 17.4375163583212113849
1.4294294294289999758, 8.3012917598740436631
1.4319319319320000794, 4.7337028804180345531
1.4344344344340000941, 3.0351527001107871939
1.4369369369369999756, 2.1059988441984631713
1.4394394394389999903, 1.5456101811085192210
1.4419419419420000938, 1.1826350170429453801
1.4444444444440001085, 0.9344527913763687188
1.4469469469469999900, 0.7574175017009019406
1.4494494494490000047, 0.6267651376025481502
1.4519519519520001083, 0.5276172358704604992
1.4544544544539999009, 0.4506059890952953673
1.4569569569570000045, 0.3895985877809533537
1.4594594594590000192, 0.3404454660741992322
1.4619619619619999007, 0.3002585483461980287
1.4644644644639999154, 0.2669780074588066210
1.4669669669670000189, 0.2391030093061601303
1.4694694694690000336, 0.2155192217406142197
1.4719719719719999151, 0.1953853245952014428
1.4744744744739999298, 0.1780565511551394087
1.4769769769770000334, 0.1630320777941242916
1.4794794794790000481, 0.1499181295378441692
1.4819819819819999296, 0.1384016593698912667
1.4844844844839999443, 0.1282312763406348033
1.4869869869870000478, 0.1192032285964730043
1.4894894894890000625, 0.1111509668012341384
1.4919919919919999440, 0.1039372800440047789
1.4944944944939999587, 0.0974483045284151167
1.4969969969970000623, 0.0915889123122626964
1.4994994994990000770, 0.0862791285071355663
1.5020020020019999585, 0.0814513229701464281
1.5045045045050000621, 0.0770479909370404975
1.5070070070070000767, 0.0730199855862010139
1.5095095095099999583, 0.0693251003572934316
1.5120120120119999729, 0.0659269241153078167
1.5145145145150000765, 0.0627939107629014170
1.5170170170170000912, 0.0598986185953710309
1.5195195195199999727, 0.0572170849087325628
1.5220220220219999874, 0.0547283090584309642
1.5245245245250000909, 0.0524138229959490581
1.5270270270270001056, 0.0502573327649882065
1.5295295295299999871, 0.0482444178665366250
1.5320320320320000018, 0.0463622780574241833
1.5345345345350001054, 0.0445995192171376106
1.5370370370369998980, 0.0429459715414018603
1.5395395395400000016, 0.0413925346020345003
1.5420420420420000163, 0.0399310448287465911
1.5445445445449998978, 0.0385541617788773827
1.5470470470469999125, 0.0372552702105117192
1.5495495495500000160, 0.0360283954974177645
1.5520520520520000307, 0.0348681303473723780
1.5545545545549999122, 0.0337695711292745615
1.5570570570569999269, 0.0327282623950150009
1.5595595595600000305, 0.0317401484119795851
1.5620620620620000452, 0.0308015307111562490
1.5645645645649999267, 0.0299090308119524528
1.5670670670669999414, 0.0290595574142111790
1.5695695695700000449, 0.0282502774554852058
1.5720720720720000596, 0.0274785905213965481
1.5745745745749999411, 0.0267421061720255690
1.5770770770769999558, 0.0260386238103557655
1.5795795795800000594, 0.0253661147719244431
1.5820820820820000741, 0.0247227063596891228
1.5845845845849999556, 0.0241066675861299484
1.5870870870869999703, 0.0235163964168763270
1.5895895895900000738, 0.0229504083376307795
1.5920920920920000885, 0.0224073260896274287
1.5945945945949999700, 0.0218858704389358408
1.5970970970969999847, 0.0213848518621533520
1.5995995996000000883, 0.0209031630458346579
1.6021021021020001029, 0.0204397721097738516
1.6046046046049999845, 0.0199937164752798761
1.6071071071069999991, 0.0195640973091236875
1.6096096096100001027, 0.0191500744821166795
1.6121121121119998953, 0.0187508619884671976
1.6146146146149999989, 0.0183657237783265842
1.6171171171170000136, 0.0179939699613987578
1.6196196196199998951, 0.0176349533442620443
1.6221221221219999098, 0.0172880662682330516
1.6246246246250000134, 0.0169527377182689606
1.6271271271270000280, 0.0166284306766267334
1.6296296296299999096, 0.0163146396978329396
1.6321321321319999242, 0.0160108886840173749
1.6346346346350000278, 0.0157167288418703401
1.6371371371370000425, 0.0154317368044344719
1.6396396396399999240, 0.0151555129026702453
1.6421421421419999387, 0.0148876795732665098
1.6446446446450000423, 0.0146278798905285154
1.6471471471470000569, 0.0143757762113864793
1.6496496496499999385, 0.0141310489236456359
1.6521521521519999531, 0.0138933952885602306
1.6546546546550000567, 0.0136625283696723606
1.6571571571570000714, 0.0134381760406241460
1.6596596596599999529, 0.0132200800653387504
1.6621621621619999676, 0.0130079952445818041
1.6646646646650000712, 0.0128016886234672660
1.6671671671670000858, 0.0126009387549683455
1.6696696696699999674, 0.0124055350149408113
1.6721721721719999820, 0.0122152769645678949
1.6746746746750000856, 0.0120299737564987103
1.6771771771770001003, 0.0118494435812791302
1.6796796796799999818, 0.0116735131509696256
1.6821821821819999965, 0.0115020172171116895
1.6846846846850001000, 0.0113347981204464151
1.6871871871869998927, 0.0111717053700080803
1.6896896896899999962, 0.0110125952494140953
1.6921921921920000109, 0.0108573304483534604
1.6946946946949998924, 0.0107057797174396271
1.6971971971969999071, 0.0105578175447429146
1.6996996997000000107, 0.0104133238524533808
1.7022022022020000254, 0.0102721837122487451
1.7047047047049999069, 0.0101342870780548686
1.7072072072069999216, 0.0099995285349890398
1.7097097097100000251, 0.0098678070633707246
1.7122122122120000398, 0.0097390258167700302
1.7147147147149999213, 0.0096130919131431486
1.7172172172169999360, 0.0094899162381758724
1.7197197197200000396, 0.0093694132600224168
1.7222222222220000543, 0.0092515008546872352
1.7247247247249999358, 0.0091361001413531786
1.7272272272269999505, 0.0090231353270102989
1.7297297297300000540, 0.0089125335597865854
1.7322322322320000687, 0.0088042247904249974
1.7347347347349999502, 0.0086981416413909139
1.7372372372369999649, 0.0085942192831307170
1.7397397397400000685, 0.0084923953170358765
1.7422422422420000832, 0.0083926096646980627
1.7447447447449999647, 0.0082948044630694537
1.7472472472469999794, 0.0081989239651690075
1.7497497497500000829, 0.0081049144459997939
1.7522522522520000976, 0.0080127241133653177
1.7547547547549999791, 0.0079223030232935757
1.7572572572569999938, 0.0078336029997970597
1.7597597597600000974, 0.0077465775587148627
1.7622622622619998900, 0.0076611818353997203
1.7647647647649999936, 0.0075773725160282607
1.7672672672670000082, 0.0074951077723270565
1.7697697697699998898, 0.0074143471995204262
1.7722722722719999044, 0.0073350517573182398
1.7747747747750000080, 0.0072571837137735511
1.7772772772770000227, 0.0071807065918504890
1.7797797797799999042, 0.0071055851185528734
1.7822822822819999189, 0.0070317851764731950
1.7847847847850000225, 0.0069592737576303198
1.7872872872870000371, 0.0068880189194722320
1.7897897897899999187, 0.0068179897429276855
1.7922922922919999333, 0.0067491562923976088
1.7947947947950000369, 0.0066814895775836255
1.7972972972970000516, 0.0066149615170571739
1.7997997997999999331, 0.0065495449034783763
1.8023023023019999478, 0.0064852133703791667
1.8048048048050000514, 0.0064219413604301081
1.8073073073070000660, 0.0063597040951150641
1.8098098098099999476, 0.0062984775457421739
1.8123123123119999622, 0.0062382384057237108
1.8148148148150000658, 0.0061789640640612098
1.8173173173170000805, 0.0061206325799758243
1.8198198198199999620, 0.0060632226586272639
1.8223223223219999767, 0.0060067136278677668
1.8248248248250000803, 0.0059510854159805730
1.8273273273270000949, 0.0058963185303551064
1.8298298298299999765, 0.0058423940370536716
1.8323323323319999911, 0.0057892935412269687
1.8348348348350000947, 0.0057369991683379811
1.8373373373370001094, 0.0056854935461559848
1.8398398398399999909, 0.0056347597874844453
1.8423423423420000056, 0.0055847814735885248
1.8448448448450001091, 0.0055355426382896582
1.8473473473469999018, 0.0054870277526964297
1.8498498498500000053, 0.0054392217105425234
1.8523523523520000200, 0.0053921098141040602
1.8548548548549999015, 0.0053456777606700565
1.8573573573569999162, 0.0052999116295410634
1.8598598598600000198, 0.0052547978695323110
1.8623623623620000345, 0.0052103232869589074
1.8648648648649999160, 0.0051664750340817238
1.8673673673669999307, 0.0051232405979937008
1.8698698698700000342, 0.0050806077899272772
1.8723723723720000489, 0.0050385647349646383
1.8748748748749999304, 0.0049970998621333453
1.8773773773769999451, 0.0049562018948707612
1.8798798798800000487, 0.0049158598418415009
1.8823823823820000634, 0.0048760629880929022
1.8848848848849999449, 0.0048368008865341920
1.8873873873869999596, 0.0047980633497257700
1.8898898898900000631, 0.0047598404419656121
1.8923923923920000778, 0.0047221224716604421
1.8948948948949999593, 0.0046848999839699066
1.8973973973969999740, 0.0046481637537124946
1.8998998999000000776, 0.0046119047785225303
1.9024024024020000923, 0.0045761142722479803
1.9049049049049999738, 0.0045407836585793730
1.9074074074069999885, 0.0045059045649004873
1.9099099099100000920, 0.0044714688163519662
1.9124124124120001067, 0.0044374684300993441
1.9149149149149999882, 0.0044038956097974223
1.9174174174170000029, 0.0043707427402432230
1.9199199199200001065, 0.0043380023822101564
1.9224224224219998991, 0.0043056672674563236
1.9249249249250000027, 0.0042737302939001975
1.9274274274270000173, 0.0042421845209572283
1.9299299299299998989, 0.0042110231650311948
1.9324324324319999135, 0.0041802395951543890
1.9349349349350000171, 0.0041498273287709810
1.9374374374370000318, 0.0041197800276581448
1.9399399399399999133, 0.0040900914939797743
1.9424424424419999280, 0.0040607556664678177
1.9449449449450000316, 0.0040317666167264746
1.9474474474470000462, 0.0040031185456547227
1.9499499499499999278, 0.0039748057799827863
1.9524524524519999424, 0.0039468227689183804
1.9549549549550000460, 0.0039191640808987262
1.9574574574570000607, 0.0038918244004444869
1.9599599599599999422, 0.0038647985251119340
1.9624624624619999569, 0.0038380813625398364
1.9649649649650000605, 0.0038116679275876425
1.9674674674670000751, 0.0037855533395617386
1.9699699699699999567, 0.0037597328195266388
1.9724724724719999713, 0.0037342016876981132
1.9749749749750000749, 0.0037089553609153791
1.9774774774770000896, 0.0036839893501896008
1.9799799799799999711, 0.0036592992583260129
1.9824824824819999858, 0.0036348807776171608
1.9849849849850000894, 0.0036107296876047661
1.9874874874870001040, 0.0035868418529078870
1.9899899899899999856, 0.0035632132211151071
1.9924924924920000002, 0.0035398398207385651
1.9949949949950001038, 0.0035167177592277479
1.9974974974969998964, 0.0034938432210410170
2.0000000000000000000, 0.0034712124657729484
