# Delta1: 0.465
# Delta2: 1.17
# Delta3: 1.355
# Dq: 0.1355
# Ds: 0.04
# Dt: 0.061000000000000006
# k1_lab: [1, 0, 0]
# k2_lab: [-0.8660254037844387, 0.49999999999999994, 0.0]
# k1_cf: [-0.25881904510252074, -0.9659258262890684, 0.0]
# k2_cf: [0.7071067811865476, 0.7071067811865477, 0.0]
# pol1_lab: [(0, 1, 0), (0, 0, 1)]
# pol2_lab: [array([-0.5      , -0.8660254,  0.       ]), array([0., 0., 1.])]
# pol1_cf: [array([ 0.96592583, -0.25881905,  0.        ]), array([0., 0., 1.])]
# pol2_cf: [array([-0.70710678,  0.70710678,  0.        ]), array([0., 0., 1.])]
# cf: [array([-0.25881905,  0.96592583,  0.        ]), array([-0.96592583, -0.25881905,  0.        ]), array([0., 0., 1.])]
# th: 60
-0.5000000000000000000, 0.0048753937903997600
-0.4974974974974999964, 0.0049175642267455348
-0.4949949949949999928, 0.0049603350593541541
-0.4924924924924999892, 0.0050037181775369763
-0.4899899899899999856, 0.0050477257710578663
-0.4874874874874999819, 0.0050923703393538442
-0.4849849849849999783, 0.0051376647010886352
-0.4824824824824999747, 0.0051836220040529062
-0.4799799799800000266, 0.0052302557354257026
-0.4774774774775000230, 0.0052775797324122239
-0.4749749749750000194, 0.0053256081932738300
-0.4724724724725000158, 0.0053743556887668967
-0.4699699699700000122, 0.0054238371740079946
-0.4674674674675000086, 0.0054740680007836435
-0.4649649649650000049, 0.0055250639303237930
-0.4624624624625000013, 0.0055768411465591935
-0.4599599599599999977, 0.0056294162698836735
-0.4574574574574999941, 0.0056828063714434961
-0.4549549549549999905, 0.0057370289879770031
-0.4524524524524999869, 0.0057921021372289560
-0.4499499499499000077, 0.0058480443339651326
-0.4474474474474000041, 0.0059048746066141331
-0.4449449449449000005, 0.0059626125145646226
-0.4424424424423999969, 0.0060212781661477428
-0.4399399399398999932, 0.0060808922373358897
-0.4374374374373999896, 0.0061414759911907254
-0.4349349349348999860, 0.0062030512980949769
-0.4324324324323999824, 0.0062656406568043395
-0.4299299299298999788, 0.0063292672163577698
-0.4274274274273999752, 0.0063939547988864209
-0.4249249249249000271, 0.0064597279233636730
-0.4224224224224000235, 0.0065266118303409278
-0.4199199199199000199, 0.0065946325077162367
-0.4174174174174000163, 0.0066638167175854125
-0.4149149149149000126, 0.0067341920242279816
-0.4124124124124000090, 0.0068057868232831355
-0.4099099099099000054, 0.0068786303721739611
-0.4074074074074000018, 0.0069527528218413870
-0.4049049049048999982, 0.0070281852498527636
-0.4024024024023999946, 0.0071049596949536156
-0.3998998998998999910, 0.0071831091931349551
-0.3973973973973999874, 0.0072626678152927391
-0.3948948948948999838, 0.0073436707065602453
-0.3923923923923999801, 0.0074261541273990591
-0.3898898898898999765, 0.0075101554965391545
-0.3873873873873999729, 0.0075957134358637414
-0.3848848848849000248, 0.0076828678173404778
-0.3823823823824000212, 0.0077716598121062314
-0.3798798798799000176, 0.0078621319418194103
-0.3773773773774000140, 0.0079543281324002159
-0.3748748748749000104, 0.0080482937702869104
-0.3723723723724000068, 0.0081440757613435062
-0.3698698698699000031, 0.0082417225925629171
-0.3673673673673999995, 0.0083412843967182945
-0.3648648648648999959, 0.0084428130201246905
-0.3623623623623999923, 0.0085463620936834222
-0.3598598598598999887, 0.0086519871073922981
-0.3573573573573999851, 0.0087597454885162945
-0.3548548548548999815, 0.0088696966836259768
-0.3523523523523999779, 0.0089819022447238748
-0.3498498498497999987, 0.0090964259196935487
-0.3473473473472999951, 0.0092133337473212056
-0.3448448448447999914, 0.0093326941571560944
-0.3423423423422999878, 0.0094545780744935432
-0.3398398398397999842, 0.0095790590307833403
-0.3373373373372999806, 0.0097062132797864215
-0.3348348348347999770, 0.0098361199198246548
-0.3323323323322999734, 0.0099688610224919795
-0.3298298298298000253, 0.0101045217682202981
-0.3273273273273000217, 0.0102431905891207601
-0.3248248248248000181, 0.0103849593195504061
-0.3223223223223000145, 0.0105299233548854353
-0.3198198198198000108, 0.0106781818190167608
-0.3173173173173000072, 0.0108298377411198375
-0.3148148148148000036, 0.0109849982422907336
-0.3123123123123000000, 0.0111437747326830414
-0.3098098098097999964, 0.0113062831198265171
-0.3073073073072999928, 0.0114726440288586626
-0.3048048048047999892, 0.0116429830354544562
-0.3023023023022999856, 0.0118174309122980915
-0.2997997997997999819, 0.0119961238900046872
-0.2972972972972999783, 0.0121792039334683456
-0.2947947947947999747, 0.0123668190346882829
-0.2922922922923000266, 0.0125591235232060412
-0.2897897897898000230, 0.0127562783953748347
-0.2872872872873000194, 0.0129584516637788610
-0.2847847847848000158, 0.0131658187282244089
-0.2822822822823000122, 0.0133785627698386721
-0.2797797797798000086, 0.0135968751699368454
-0.2772772772773000050, 0.0138209559554524908
-0.2747747747748000013, 0.0140510142728750044
-0.2722722722722999977, 0.0142872688927987591
-0.2697697697697999941, 0.0145299487473650266
-0.2672672672672999905, 0.0147792935030714220
-0.2647647647647999869, 0.0150355541716341422
-0.2622622622622999833, 0.0152989937618205687
-0.2597597597597999797, 0.0155698879754237463
-0.2572572572572999761, 0.0158485259508287443
-0.2547547547547999724, 0.0161352110579280894
-0.2522522522523000243, 0.0164302617484795126
-0.2497497497496999896, 0.0167340124663708095
-0.2472472472472000138, 0.0170468146226648715
-0.2447447447447000102, 0.0173690376407484789
-0.2422422422422000066, 0.0177010700774059317
-0.2397397397397000030, 0.0180433208261879495
-0.2372372372371999993, 0.0183962204100536972
-0.2347347347346999957, 0.0187602223709374197
-0.2322322322321999921, 0.0191358047646357637
-0.2297297297296999885, 0.0195234717702399141
-0.2272272272272000126, 0.0199237554242553405
-0.2247247247247000090, 0.0203372174905734303
-0.2222222222222000054, 0.0207644514785969014
-0.2197197197197000018, 0.0212060848230882573
-0.2172172172171999982, 0.0216627812407249563
-0.2147147147146999946, 0.0221352432799248808
-0.2122122122121999910, 0.0226242150822732711
-0.2097097097096999874, 0.0231304853758613725
-0.2072072072072000115, 0.0236548907230671145
-0.2047047047047000079, 0.0241983190478003048
-0.2022022022022000043, 0.0247617134700381554
-0.1996996996997000007, 0.0253460764786323650
-0.1971971971971999971, 0.0259524744769282605
-0.1946946946946999935, 0.0265820427397548270
-0.1921921921921999898, 0.0272359908248901404
-0.1896896896896999862, 0.0279156084872543703
-0.1871871871872000104, 0.0286222721499237547
-0.1846846846847000068, 0.0293574519926954082
-0.1821821821822000032, 0.0301227197264868733
-0.1796796796796999995, 0.0309197571304671050
-0.1771771771771999959, 0.0317503654386519993
-0.1746746746746999923, 0.0326164756739526357
-0.1721721721721999887, 0.0335201600405653014
-0.1696696696697000128, 0.0344636445004088687
-0.1671671671672000092, 0.0354493226763639077
-0.1646646646647000056, 0.0364797712447250191
-0.1621621621622000020, 0.0375577670019889495
-0.1596596596596999984, 0.0386863058173963076
-0.1571571571571999948, 0.0398686237131552351
-0.1546546546546999912, 0.0411082203497602355
-0.1521521521521999876, 0.0424088852351762746
-0.1496496496496000084, 0.0437747270249898152
-0.1471471471471000048, 0.0452102063372303367
-0.1446446446446000011, 0.0467201725720399891
-0.1421421421420999975, 0.0483099053046330343
-0.1396396396395999939, 0.0499851609123795546
-0.1371371371370999903, 0.0517522252062403570
-0.1346346346345999867, 0.0536179729666568447
-0.1321321321321000108, 0.0555899354386773792
-0.1296296296296000072, 0.0576763770258829564
-0.1271271271271000036, 0.0598863826441254077
-0.1246246246246000000, 0.0622299574623946736
-0.1221221221220999964, 0.0647181410794605144
-0.1196196196196000067, 0.0673631385740772332
-0.1171171171171000031, 0.0701784713395717241
-0.1146146146145999994, 0.0731791511908686521
-0.1121121121120999958, 0.0763818819392768911
-0.1096096096096000061, 0.0798052935006126063
-0.1071071071071000025, 0.0834702146777409892
-0.1046046046045999989, 0.0873999920939228792
-0.1021021021020999953, 0.0916208644191526811
-0.0995995995996000055, 0.0961624031202326507
-0.0970970970971000019, 0.1010580335976911659
-0.0945945945945900063, 0.1063456539086765490
-0.0920920920920900027, 0.1120683725271962028
-0.0895895895895899991, 0.1182753920459981845
-0.0870870870870899955, 0.1250230727616819248
-0.0845845845845799998, 0.1323762192275950988
-0.0820820820820799962, 0.1404096448218594140
-0.0795795795795800065, 0.1492100851471694634
-0.0770770770770800029, 0.1588785520302757603
-0.0745745745745699934, 0.1695332479581899698
-0.0720720720720700037, 0.1813131987271769663
-0.0695695695695700000, 0.1943828138441001663
-0.0670670670670699964, 0.2089376555548543013
-0.0645645645645600008, 0.2252117967358216732
-0.0620620620620599972, 0.2434872878698274568
-0.0595595595595600005, 0.2641064529723732845
-0.0570570570570599969, 0.2874880228252690295
-0.0545545545545500013, 0.3141485366898492670
-0.0520520520520499977, 0.3447310728932558299
-0.0495495495495500010, 0.3800443207036414694
-0.0470470470470499974, 0.4211164725054485358
-0.0445445445445400018, 0.4692707194229703282
-0.0420420420420399982, 0.5262328323329825697
-0.0395395395395400015, 0.5942873902790658525
-0.0370370370370399979, 0.6765094783413161394
-0.0345345345345300023, 0.7771165033159270763
-0.0320320320320299987, 0.9020167759491849457
-0.0295295295295299985, 1.0596911062653115998
-0.0270270270270299984, 1.2626593902394844804
-0.0245245245245199993, 1.5300199219813108709
-0.0220220220220199991, 1.8920567681330635601
-0.0195195195195199990, 2.3990766216643151232
-0.0170170170170199989, 3.1395291819068060768
-0.0145145145145099998, 4.2803349924158036188
-0.0120120120120099996, 6.1663097196286980051
-0.0095095095095099995, 9.5994153053670849829
-0.0070070070070070000, 16.7653851079826452519
-0.0045045045045049997, 34.9589481096243019920
-0.0020020020020019998, 90.4435738847749775005
0.0005005005005005000, 142.7209601518381987262
0.0030030030030029999, 60.7668963573219471641
0.0055055055055059999, 25.3789998963740046634
0.0080080080080079993, 13.1859146213964759653
0.0105105105105099995, 7.9521430095557281703
0.0130130130130099997, 5.2874321085544240262
0.0155155155155200005, 3.7601925503773330206
0.0180180180180199989, 2.8076125078551177339
0.0205205205205199991, 2.1749132052977619978
0.0230230230230199992, 1.7338566080258301927
0.0255255255255299983, 1.4143999091828820536
0.0280280280280299984, 1.1757317027172360380
0.0305305305305299986, 0.9927959797202313696
0.0330330330330299987, 0.8495315685651285698
0.0355355355355400013, 0.7352638670048053937
0.0380380380380399979, 0.6426767178358968602
0.0405405405405400016, 0.5666212995659046792
0.0430430430430399982, 0.5033897317564518525
0.0455455455455500008, 0.4502573617661705940
0.0480480480480499975, 0.4051859728311233977
0.0505505505505500011, 0.3666264078351595956
0.0530530530530499977, 0.3333843209674967056
0.0555555555555600003, 0.3045270086414440525
0.0580580580580599970, 0.2793175659001149169
0.0605605605605600006, 0.2571675835151570610
0.0630630630630600042, 0.2376026535118567762
0.0655655655655699998, 0.2202368693241596453
0.0680680680680700034, 0.2047537377972867834
0.0705705705705699932, 0.1908917252786656582
0.0730730730730699968, 0.1784331957259606138
0.0755755755755800063, 0.1671958609840216159
0.0780780780780799960, 0.1570261119654201842
0.0805805805805799996, 0.1477937724215039605
0.0830830830830800032, 0.1393879388675199615
0.0855855855855899988, 0.1317136571365929432
0.0880880880880900025, 0.1246892487063183813
0.0905905905905900061, 0.1182441456024631854
0.0930930930930899958, 0.1123171262787309999
0.0955955955956000053, 0.1068548698159809546
0.0980980980980999950, 0.1018107644665107725
0.1006006006005999986, 0.0971439206755736057
0.1031031031031000023, 0.0928183494461713027
0.1056056056056000059, 0.0888022751404469873
0.1081081081080999956, 0.0850675581607320819
0.1106106106105999992, 0.0815892078862004294
0.1131131131131000028, 0.0783449700972441432
0.1156156156156000064, 0.0753149761520700289
0.1181181181180999962, 0.0724814435781172411
0.1206206206205999998, 0.0698284196476429697
0.1231231231231000034, 0.0673415610307169232
0.1256256256256000070, 0.0650079438427839384
0.1281281281281000106, 0.0628158993915985814
0.1306306306305999865, 0.0607548717289123699
0.1331331331330999901, 0.0588152937640581616
0.1356356356355999937, 0.0569884792293930340
0.1381381381380999973, 0.0552665282248776812
0.1406406406406000009, 0.0536422444293908549
0.1431431431431000045, 0.0521090623643445244
0.1456456456456000081, 0.0506609833424573955
0.1481481481481000118, 0.0492925189404755174
0.1506506506506999910, 0.0479986410066898100
0.1531531531531999946, 0.0467747373583172268
0.1556556556556999982, 0.0456165724450676852
0.1581581581582000018, 0.0445202523574706119
0.1606606606607000054, 0.0434821936450116922
0.1631631631632000090, 0.0424990954824710360
0.1656656656657000126, 0.0415679147852229952
0.1681681681681999885, 0.0406858439274366129
0.1706706706706999921, 0.0398502907625763111
0.1731731731731999957, 0.0390588606845607145
0.1756756756756999993, 0.0383093405014101468
0.1781781781782000029, 0.0375996839220352624
0.1806806806807000065, 0.0369279984817030907
0.1831831831832000101, 0.0362925337532469805
0.1856856856857000138, 0.0356916707097583857
0.1881881881881999896, 0.0351239121207335137
0.1906906906906999932, 0.0345878738777912267
0.1931931931931999968, 0.0340822771584355158
0.1956956956957000004, 0.0336059413471546248
0.1981981981982000041, 0.0331577776426466159
0.2007007007007000077, 0.0327367832883223367
0.2032032032032000113, 0.0323420363706166183
0.2057057057056999871, 0.0319726911361740002
0.2082082082081999908, 0.0316279737847818751
0.2107107107106999944, 0.0313071787001013915
0.2132132132131999980, 0.0310096650848834948
0.2157157157157000016, 0.0307348539715277813
0.2182182182182000052, 0.0304822255826141808
0.2207207207207000088, 0.0302513170194687667
0.2232232232232000124, 0.0300417202599670211
0.2257257257256999883, 0.0298530804496786040
0.2282282282281999919, 0.0296850944731568735
0.2307307307306999955, 0.0295375097947131598
0.2332332332331999991, 0.0294101235604260561
0.2357357357357000027, 0.0293027819554507046
0.2382382382382000063, 0.0292153798129457243
0.2407407407407000099, 0.0291478604731551932
0.2432432432432000136, 0.0291002158934002483
0.2457457457456999894, 0.0290724870119795920
0.2482482482481999930, 0.0290647643712821369
0.2507507507508000000, 0.0290771890078086598
0.2532532532533000036, 0.0291099536193197769
0.2557557557558000072, 0.0291633040220089998
0.2582582582583000108, 0.0292375409134849190
0.2607607607608000144, 0.0293330219604803419
0.2632632632633000180, 0.0294501642336365450
0.2657657657658000216, 0.0295894470155001893
0.2682682682683000253, 0.0297514150120768810
0.2707707707707999734, 0.0299366820029906208
0.2732732732732999770, 0.0301459349705834323
0.2757757757757999806, 0.0303799387542566801
0.2782782782782999842, 0.0306395412831230868
0.2807807807807999878, 0.0309256794477378236
0.2832832832832999914, 0.0312393856804753026
0.2857857857857999950, 0.0315817953241984417
0.2882882882882999986, 0.0319541548804546174
0.2907907907908000023, 0.0323578312417948932
0.2932932932933000059, 0.0327943220282584519
0.2957957957958000095, 0.0332652671659756094
0.2982982982983000131, 0.0337724618666650905
0.3008008008008000167, 0.0343178711910720052
0.3033033033033000203, 0.0349036464077697589
0.3058058058058000239, 0.0355321433920011698
0.3083083083083000275, 0.0362059433483254006
0.3108108108107999756, 0.0369278761869088479
0.3133133133132999792, 0.0377010469377572002
0.3158158158157999829, 0.0385288656517582262
0.3183183183182999865, 0.0394150813141820044
0.3208208208207999901, 0.0403638203878824708
0.3233233233232999937, 0.0413796307130572388
0.3258258258257999973, 0.0424675316220354121
0.3283283283283000009, 0.0436330712861523473
0.3308308308308000045, 0.0448823925035152227
0.3333333333333000081, 0.0462223083691993830
0.3358358358358000118, 0.0476603895529485594
0.3383383383383000154, 0.0492050652562878860
0.3408408408408000190, 0.0508657403469848918
0.3433433433433000226, 0.0526529316943482872
0.3458458458458000262, 0.0545784273801638437
0.3483483483482999743, 0.0566554732709846631
0.3508508508509000090, 0.0588989924521614028
0.3533533533534000126, 0.0613258443001516856
0.3558558558559000162, 0.0639551315833299938
0.3583583583584000198, 0.0668085660336283360
0.3608608608609000235, 0.0699109054564461124
0.3633633633634000271, 0.0732904788254269274
0.3658658658658999752, 0.0769798201871090826
0.3683683683683999788, 0.0810164379128842926
0.3708708708708999824, 0.0854437533432014507
0.3733733733733999860, 0.0903122528117452084
0.3758758758758999896, 0.0956809103131780192
0.3783783783783999932, 0.1016189559579596391
0.3808808808808999968, 0.1082080896601626402
0.3833833833834000004, 0.1155452728598949791
0.3858858858859000041, 0.1237462773416725254
0.3883883883884000077, 0.1329502350823908441
0.3908908908909000113, 0.1433255251239091144
0.3933933933934000149, 0.1550774657882091900
0.3958958958959000185, 0.1684584733741696372
0.3983983983984000221, 0.1837816336460645350
0.4009009009009000257, 0.2014390609906238916
0.4034034034033999738, 0.2219270754965127490
0.4059059059058999774, 0.2458812496264702885
0.4084084084083999810, 0.2741260014352325802
0.4109109109108999847, 0.3077460571067667239
0.4134134134133999883, 0.3481915225909242295
0.4159159159158999919, 0.3974358869881653433
0.4184184184183999955, 0.4582197107443050643
0.4209209209208999991, 0.5344373877932633299
0.4234234234234000027, 0.6317713915038876138
0.4259259259259000063, 0.7587723173099298890
0.4284284284284000099, 0.9287806121593302766
0.4309309309309000136, 1.1635276490082686607
0.4334334334334000172, 1.5003149597394567216
0.4359359359359000208, 2.0074474244168785120
0.4384384384384000244, 2.8206594330227505729
0.4409409409408999725, 4.2398744489790711754
0.4434434434433999761, 7.0282731212533322562
0.4459459459458999797, 13.5274171952127275631
0.4484484484483999833, 32.3983368542796270617
0.4509509509510000180, 75.9801639842587235307
0.4534534534535000216, 48.0021216002433419590
0.4559559559560000253, 18.5632754394133101528
0.4584584584584999734, 8.9099784631384508771
0.4609609609609999770, 5.1058355274303472982
0.4634634634634999806, 3.2826456070813154753
0.4659659659659999842, 2.2808163458446930605
0.4684684684684999878, 1.6747071957543939735
0.4709709709709999914, 1.2812505365440101102
0.4734734734734999950, 1.0118050339964588247
0.4759759759759999986, 0.8193919120405492862
0.4784784784785000022, 0.6772876502503598628
0.4809809809810000059, 0.5694031073771487206
0.4834834834835000095, 0.4855908726291402466
0.4859859859860000131, 0.4191982651990636688
0.4884884884885000167, 0.3657185358873924486
0.4909909909910000203, 0.3220117881561481710
0.4934934934935000239, 0.2858366181212159685
0.4959959959960000275, 0.2555586510181875326
0.4984984984984999756, 0.2299636083187905355
0.5010010010009999792, 0.2081341909279294800
0.5035035035035000384, 0.1893670602079997045
0.5060060060059999865, 0.1731156673805005486
0.5085085085085000456, 0.1589501320688546659
0.5110110110109999937, 0.1465286007317856964
0.5135135135135000528, 0.1355764807998384169
0.5160160160160000009, 0.1258711705132841696
0.5185185185184999490, 0.1172306836967342558
0.5210210210210000081, 0.1095050745597467567
0.5235235235234999562, 0.1025699019605704060
0.5260260260260000154, 0.0963211972485368689
0.5285285285284999635, 0.0906715531063273794
0.5310310310310000226, 0.0855470569085479970
0.5335335335334999707, 0.0808848665065027561
0.5360360360360000298, 0.0766312791546765598
0.5385385385384999779, 0.0727401822065194548
0.5410410410410000370, 0.0691718017182526568
0.5435435435434999851, 0.0658916852635646894
0.5460460460460000442, 0.0628698701808036997
0.5485485485484999924, 0.0600801996100921720
0.5510510510510999715, 0.0574997570594706492
0.5535535535536000307, 0.0551083965977718290
0.5560560560560999788, 0.0528883506317455523
0.5585585585586000379, 0.0508239009656087787
0.5610610610610999860, 0.0489011017397235834
0.5635635635636000451, 0.0471075451054300334
0.5660660660660999932, 0.0454321622663923647
0.5685685685686000523, 0.0438650539161159619
0.5710710710711000004, 0.0423973452115328359
0.5735735735735999485, 0.0410210613080769712
0.5760760760761000077, 0.0397290201915091318
0.5785785785785999558, 0.0385147401134928943
0.5810810810811000149, 0.0373723594005542573
0.5835835835835999630, 0.0362965667820483590
0.5860860860861000221, 0.0352825406896272106
0.5885885885885999702, 0.0343258962321741773
0.5910910910911000293, 0.0334226387570499828
0.5935935935935999774, 0.0325691230793253295
0.5960960960961000366, 0.0317620176022497050
0.5985985985985999847, 0.0309982726699394272
0.6011011011011000438, 0.0302750925915062155
0.6036036036035999919, 0.0295899108580807563
0.6061061061061000510, 0.0289403681432381654
0.6086086086085999991, 0.0283242927354885252
0.6111111111110999472, 0.0277396831006205338
0.6136136136136000063, 0.0271846923132959828
0.6161161161160999544, 0.0266576141326346355
0.6186186186186000135, 0.0261568705266254954
0.6211211211210999616, 0.0256810004758955407
0.6236236236236000208, 0.0252286499093579072
0.6261261261260999689, 0.0247985626431284495
0.6286286286286000280, 0.0243895722103223966
0.6311311311310999761, 0.0240005944833251404
0.6336336336336000352, 0.0236306210022070098
0.6361361361360999833, 0.0232787129334051067
0.6386386386386000424, 0.0229439955918608988
0.6411411411410999905, 0.0226256534676817847
0.6436436436436000497, 0.0223229257052556009
0.6461461461460999978, 0.0220351019887328851
0.6486486486485999459, 0.0217615187930235397
0.6511511511512000361, 0.0215015559640355201
0.6536536536536999842, 0.0212546335959017847
0.6561561561562000433, 0.0210202091764723105
0.6586586586586999914, 0.0207977749754557246
0.6611611611612000505, 0.0205868556523348088
0.6636636636636999986, 0.0203870060635988476
0.6661661661661999467, 0.0201978092509754702
0.6686686686687000059, 0.0200188745942394830
0.6711711711711999540, 0.0198498361138567218
0.6736736736737000131, 0.0196903509102145727
0.6761761761761999612, 0.0195400977275192247
0.6786786786787000203, 0.0193987756316230837
0.6811811811811999684, 0.0192661027921019884
0.6836836836837000275, 0.0191418153598452989
0.6861861861861999756, 0.0190256664322659037
0.6886886886887000347, 0.0189174250989936447
0.6911911911911999828, 0.0188168755615937544
0.6936936936937000420, 0.0187238163214618267
0.6961961961961999901, 0.0186380594305946695
0.6986986986987000492, 0.0185594298004307517
0.7012012012011999973, 0.0184877645643990937
0.7037037037036999454, 0.0184229124902184557
0.7062062062062000045, 0.0183647334383524735
0.7087087087086999526, 0.0183130978633566401
0.7112112112112000117, 0.0182678863551522866
0.7137137137136999598, 0.0182289892175352200
0.7162162162162000190, 0.0181963060814743227
0.7187187187186999671, 0.0181697455509814698
0.7212212212212000262, 0.0181492248795410809
0.7237237237236999743, 0.0181346696752765386
0.7262262262262000334, 0.0181260136332046344
0.7287287287286999815, 0.0181231982930888103
0.7312312312312000406, 0.0181261728215496923
0.7337337337336999887, 0.0181348938172272954
0.7362362362362000479, 0.0181493251379162279
0.7387387387386999960, 0.0181694377487126302
0.7412412412412000551, 0.0181952095903217294
0.7437437437437000032, 0.0182266254667780084
0.7462462462461999513, 0.0182636769519271304
0.7487487487487000104, 0.0183063623141105566
0.7512512512512999896, 0.0183546864585814248
0.7537537537538000487, 0.0184086608872634644
0.7562562562562999968, 0.0184683036755451911
0.7587587587587999449, 0.0185336394658791592
0.7612612612613000040, 0.0186046994780314952
0.7637637637637999521, 0.0186815215359009065
0.7662662662663000113, 0.0187641501108991166
0.7687687687687999594, 0.0188526363819569512
0.7712712712713000185, 0.0189470383122923858
0.7737737737737999666, 0.0190474207431495131
0.7762762762763000257, 0.0191538555047906130
0.7787787787787999738, 0.0192664215450984201
0.7812812812813000329, 0.0193852050762221909
0.7837837837837999810, 0.0195102997397801244
0.7862862862863000402, 0.0196418067912126348
0.7887887887887999883, 0.0197798353039661291
0.7912912912913000474, 0.0199245023942765005
0.7937937937937999955, 0.0200759334674150795
0.7962962962963000546, 0.0202342624863596707
0.7987987987988000027, 0.0203996322639579120
0.8013013013012999508, 0.0205721947797627910
0.8038038038038000099, 0.0207521115228393588
0.8063063063062999580, 0.0209395538619701581
0.8088088088088000172, 0.0211347034448240399
0.8113113113112999653, 0.0213377526278016108
0.8138138138138000244, 0.0215489049384299802
0.8163163163162999725, 0.0217683755723523109
0.8188188188188000316, 0.0219963919271450661
0.8213213213212999797, 0.0222331941753986309
0.8238238238238000388, 0.0224790358797180533
0.8263263263262999869, 0.0227341846525410118
0.8288288288288000460, 0.0229989228639320559
0.8313313313312999941, 0.0232735484007989130
0.8338338338338000533, 0.0235583754812889005
0.8363363363363000014, 0.0238537355284670419
0.8388388388387999495, 0.0241599781077520351
0.8413413413413000086, 0.0244774719329998516
0.8438438438437999567, 0.0248066059465758271
0.8463463463463000158, 0.0251477904792564017
0.8488488488487999639, 0.0255014584963489319
0.8513513513514000541, 0.0258680669370234886
0.8538538538539000022, 0.0262480981545192907
0.8563563563563999503, 0.0266420614656244677
0.8588588588589000095, 0.0270504948186467628
0.8613613613613999576, 0.0274739665899953328
0.8638638638639000167, 0.0279130775204973099
0.8663663663663999648, 0.0283684628036865241
0.8688688688689000239, 0.0288407943395374775
0.8713713713713999720, 0.0293307831684966151
0.8738738738739000311, 0.0298391821021950186
0.8763763763763999792, 0.0303667885689384229
0.8788788788789000384, 0.0309144476939818280
0.8813813813813999865, 0.0314830556367309625
0.8838838838839000456, 0.0320735632094080320
0.8863863863863999937, 0.0326869798043998017
0.8888888888889000528, 0.0333243776605180800
0.8913913913914000009, 0.0339868965017897998
0.8938938938938999490, 0.0346757485862026482
0.8963963963964000081, 0.0353922242061329717
0.8988988988988999562, 0.0361376976870321498
0.9014014014014000153, 0.0369136339364344729
0.9039039039038999634, 0.0377215956015650375
0.9064064064064000226, 0.0385632509008696986
0.9089089089088999707, 0.0394403822028012926
0.9114114114114000298, 0.0403548954343048577
0.9139139139138999779, 0.0413088304118330168
0.9164164164164000370, 0.0423043721995861322
0.9189189189188999851, 0.0433438636132367078
0.9214214214214000442, 0.0444298190029549858
0.9239239239238999923, 0.0455649394674047109
0.9264264264264000515, 0.0467521296709242501
0.9289289289288999996, 0.0479945164597927257
0.9314314314313999477, 0.0492954695008320440
0.9339339339339000068, 0.0506586241972713791
0.9364364364363999549, 0.0520879071735331073
0.9389389389389000140, 0.0535875646633176411
0.9414414414413999621, 0.0551621941851494629
0.9439439439439000212, 0.0568167799476933591
0.9464464464463999693, 0.0585567324952622342
0.9489489489489000285, 0.0603879331838840655
0.9514514514515000076, 0.0623167841724141108
0.9539539539539999558, 0.0643502647242662068
0.9564564564565000149, 0.0664959947468090340
0.9589589589589999630, 0.0687623066515584414
0.9614614614615000221, 0.0711583268041073302
0.9639639639639999702, 0.0736940680546660093
0.9664664664665000293, 0.0763805351059871490
0.9689689689689999774, 0.0792298447950886553
0.9714714714715000365, 0.0822553637507982272
0.9739739739739999846, 0.0854718663559513731
0.9764764764765000438, 0.0888957165103455432
0.9789789789789999919, 0.0925450773825666068
0.9814814814815000510, 0.0964401541863784267
0.9839839839839999991, 0.1006034760599173183
0.9864864864864999472, 0.1050602244138532371
0.9889889889890000063, 0.1098386167130888380
0.9914914914914999544, 0.1149703566497836671
0.9939939939940000135, 0.1204911641634347497
0.9964964964964999616, 0.1264414019107177600
0.9989989989990000208, 0.1328668187740519591
1.0015015015019999023, 0.1398194360764083988
1.0040040040039999170, 0.1473586086790329708
1.0065065065070000205, 0.1555523015345546267
1.0090090090090000352, 0.1644786331696145021
1.0115115115119999167, 0.1742277518263137259
1.0140140140139999314, 0.1849041287708146075
1.0165165165170000350, 0.1966293782104276966
1.0190190190190000497, 0.2095457466399983093
1.0215215215219999312, 0.2238204595205392222
1.0240240240239999459, 0.2396511746522869413
1.0265265265270000494, 0.2572728762277948777
1.0290290290290000641, 0.2769666613114596943
1.0315315315319999456, 0.2990710362352162477
1.0340340340339999603, 0.3239965765282144528
1.0365365365370000639, 0.3522451448190048184
1.0390390390390000785, 0.3844353600418746186
1.0415415415419999601, 0.4213367527260540868
1.0440440440439999747, 0.4639161613430147768
1.0465465465470000783, 0.5134016476324207989
1.0490490490490000930, 0.5713719110398792767
1.0515515515519999745, 0.6398835119991017617
1.0540540540539999892, 0.7216553159099758918
1.0565565565570000928, 0.8203415266270287498
1.0590590590590001074, 0.9409453992112183363
1.0615615615619999890, 1.0904628104534086486
1.0640640640640000036, 1.2789137136758861324
1.0665665665670001072, 1.5210526994369681919
1.0690690690689998998, 1.8393200486894885071
1.0715715715720000034, 2.2691734492154864711
1.0740740740740000181, 2.8692623415772668949
1.0765765765769998996, 3.7421628183511819188
1.0790790790789999143, 5.0801744082697100069
1.0815815815820000179, 7.2771494501238622732
1.0840840840840000325, 11.2387466878444968188
1.0865865865869999141, 19.3960403359590500827
1.0890890890889999287, 39.7193630699376143411
1.0915915915920000323, 101.4823484387902539083
1.0940940940940000470, 178.6061808711347964618
1.0965965965969999285, 80.5516283850005692102
1.0990990990989999432, 33.0083889419203018178
1.1016016016020000468, 16.8838761673698556365
1.1041041041040000614, 10.0816718196000394414
1.1066066066069999430, 6.6601007793240878385
1.1091091091089999576, 4.7156823595003514171
1.1116116116120000612, 3.5104219762006270145
1.1141141141140000759, 2.7136841399137714426
1.1166166166169999574, 2.1603564773656227516
1.1191191191189999721, 1.7608090027333367367
1.1216216216220000756, 1.4630741959355015869
1.1241241241240000903, 1.2353750535914929110
1.1266266266269999718, 1.0574104082034674335
1.1291291291289999865, 0.9157259425559465260
1.1316316316320000901, 0.8011228225704145611
1.1341341341340001048, 0.7071410298230664804
1.1366366366369999863, 0.6291371723283187833
1.1391391391390000010, 0.5637049033960486177
1.1416416416420001045, 0.5082999654240180076
1.1441441441439998972, 0.4609913376473341318
1.1466466466470000007, 0.4202922834193761892
1.1491491491490000154, 0.3850432890632752292
1.1516516516519998969, 0.3543294600182139709
1.1541541541539999116, 0.3274212599210628571
1.1566566566570000152, 0.3037313528468867929
1.1591591591590000299, 0.2827827395923322995
1.1616616616619999114, 0.2641849359592474689
1.1641641641639999261, 0.2476159577056444294
1.1666666666670000296, 0.2328085524551236352
1.1691691691690000443, 0.2195395751397398731
1.1716716716719999258, 0.2076217163477452332
1.1741741741739999405, 0.1968970103814856598
1.1766766766770000441, 0.1872317029515395415
1.1791791791790000588, 0.1785121675898103111
1.1816816816819999403, 0.1706416385892507437
1.1841841841839999550, 0.1635375856953470985
1.1866866866870000585, 0.1571295981180267365
1.1891891891890000732, 0.1513576770155744822
1.1916916916919999547, 0.1461708594477201528
1.1941941941939999694, 0.1415261150515763622
1.1966966966970000730, 0.1373874709119599635
1.1991991991990000876, 0.1337253314183388664
1.2017017017019999692, 0.1305159691877093298
1.2042042042039999838, 0.1277411710658665212
1.2067067067070000874, 0.1253880303658512774
1.2092092092090001021, 0.1234488833741621550
1.2117117117119999836, 0.1219213952635262443
1.2142142142139999983, 0.1208088084608742035
1.2167167167170001019, 0.1201203759174274133
1.2192192192189998945, 0.1198720135123751418
1.2217217217219999981, 0.1200872212299598091
1.2242242242240000127, 0.1207983435522483606
1.2267267267269998943, 0.1220482683093157550
1.2292292292289999089, 0.1238927039368905580
1.2317317317320000125, 0.1264032337025676189
1.2342342342340000272, 0.1296714313307397171
1.2367367367369999087, 0.1338144504605772167
1.2392392392389999234, 0.1389826946362394400
1.2417417417420000270, 0.1453704750028683990
1.2442442442440000416, 0.1532310372260758391
1.2467467467469999232, 0.1628981048153042566
1.2492492492489999378, 0.1748173524629717535
1.2517517517520000414, 0.1895933750181136301
1.2542542542540000561, 0.2080614860105684527
1.2567567567569999376, 0.2314005039166842081
1.2592592592589999523, 0.2613155211694119240
1.2617617617620000559, 0.3003448636134821159
1.2642642642640000705, 0.3523974863863926776
1.2667667667669999521, 0.4237408191628542764
1.2692692692689999667, 0.5249251714672915625
1.2717717717720000703, 0.6748052670314823587
1.2742742742740000850, 0.9097030154802281388
1.2767767767769999665, 1.3066784613845772167
1.2792792792789999812, 2.0514305756555435423
1.2817817817820000847, 3.6745954357591692485
1.2842842842840000994, 8.0389439809203722120
1.2867867867869999809, 20.9288721520421852063
1.2892892892889999956, 22.6433643201162020375
1.2917917917920000992, 8.8008959540930735699
1.2942942942939998918, 3.9301667074070412156
1.2967967967969999954, 2.1592293669017235125
1.2992992992990000101, 1.3613833249392839342
1.3018018018019998916, 0.9415410198853256807
1.3043043043039999063, 0.6954607591814571110
1.3068068068070000098, 0.5396284329051201922
1.3093093093090000245, 0.4351145658377573722
1.3118118118119999060, 0.3618843702746377122
1.3143143143139999207, 0.3088052440421917288
1.3168168168170000243, 0.2693031054748915021
1.3193193193190000390, 0.2392999287518003948
1.3218218218219999205, 0.2161618129962528667
1.3243243243239999352, 0.1981298506486592337
1.3268268268270000387, 0.1839966203320674842
1.3293293293290000534, 0.1729144520948623087
1.3318318318319999349, 0.1642776760709560024
1.3343343343339999496, 0.1576480867802624863
1.3368368368370000532, 0.1527065522630801919
1.3393393393390000679, 0.1492209526258838903
1.3418418418419999494, 0.1470246286229165977
1.3443443443439999641, 0.1460018008097419551
1.3468468468470000676, 0.1460777643198870601
1.3493493493490000823, 0.1472124838766523669
1.3518518518519999638, 0.1493967319754928580
1.3543543543539999785, 0.1526502567916638853
1.3568568568570000821, 0.1570217100734982996
1.3593593593590000967, 0.1625902561912316024
1.3618618618619999783, 0.1694689545886152726
1.3643643643639999929, 0.1778101863494173096
1.3668668668670000965, 0.1878136092242604915
1.3693693693689998891, 0.1997374088357105060
1.3718718718719999927, 0.2139140163160282992
1.3743743743740000074, 0.2307720610956646712
1.3768768768770001110, 0.2508672473041931861
1.3793793793789999036, 0.2749262953511368290
1.3818818818820000072, 0.3039104466084197043
1.3843843843840000218, 0.3391089533775730747
1.3868868868869999034, 0.3822797011142191614
1.3893893893889999180, 0.4358660013127383936
1.3918918918920000216, 0.5033403709487882516
1.3943943943940000363, 0.5897676057102581026
1.3968968968969999178, 0.7027621499902285684
1.3993993993989999325, 0.8541883653094680673
1.4019019019020000361, 1.0633394161214422269
1.4044044044040000507, 1.3632574296384365464
1.4069069069069999323, 1.8142740973033855134
1.4094094094089999469, 2.5358348349838975011
1.4119119119120000505, 3.7905784812264435857
1.4144144144140000652, 6.2424209965509280806
1.4169169169169999467, 11.9111670634543234115
1.4194194194189999614, 28.2380881783943138430
1.4219219219220000650, 67.7432521691957276744
1.4244244244240000796, 45.2923562855829686669
1.4269269269269999612, 17.4391973968155156172
1.4294294294289999758, 8.3029101801492295465
1.4319319319320000794, 4.7352619495546903750
1.4344344344340000941, 3.0366554633738886970
1.4369369369369999756, 2.1074481435269905027
1.4394394394389999903, 1.5470086717865396686
1.4419419419420000938, 1.1839851827573619758
1.4444444444440001085, 0.9357569578405403599
1.4469469469469999900, 0.7586778490009781217
1.4494494494490000047, 0.6279837114040589530
1.4519519519520001083, 0.5287959576060360378
1.4544544544539999009, 0.4517466652399603211
1.4569569569570000045, 0.3907029183089203994
1.4594594594590000192, 0.3415150521801949002
1.4619619619619999007, 0.3012948995048692624
1.4644644644639999154, 0.2679825478874666156
1.4669669669670000189, 0.2400770838888848235
1.4694694694690000336, 0.2164641014653407858
1.4719719719719999151, 0.1963022115498996023
1.4744744744739999298, 0.1789465831242088578
1.4769769769770000334, 0.1638963324918438214
1.4794794794790000481, 0.1507576285118682469
1.4819819819819999296, 0.1392173716044083909
1.4844844844839999443, 0.1290241215858019264
1.4869869869870000478, 0.1199740804480788348
1.4894894894890000625, 0.1119006555521788876
1.4919919919919999440, 0.1046665953270773386
1.4944944944939999587, 0.0981579977679713916
1.4969969969970000623, 0.0922796990007312412
1.4994994994990000770, 0.0869516903207793179
1.5020020020019999585, 0.0821063097371650813
1.5045045045050000621, 0.0776860224698967122
1.5070070070070000767, 0.0736416533889717451
1.5095095095099999583, 0.0699309692178778086
1.5120120120119999729, 0.0665175335914483523
1.5145145145150000765, 0.0633697765701881355
1.5170170170170000912, 0.0604602339046877157
1.5195195195199999727, 0.0577649215599624552
1.5220220220219999874, 0.0552628186966589510
1.5245245245250000909, 0.0529354381358723911
1.5270270270270001056, 0.0507664677887714327
1.5295295295299999871, 0.0487414699599146850
1.5320320320320000018, 0.0468476280884655844
1.5345345345350001054, 0.0450735325617226193
1.5370370370369998980, 0.0434089988591466955
1.5395395395400000016, 0.0418449125660966051
1.5420420420420000163, 0.0403730968126768189
1.5445445445449998978, 0.0389861985034388320
1.5470470470469999125, 0.0376775903531605047
1.5495495495500000160, 0.0364412862669354909
1.5520520520520000307, 0.0352718680259522313
1.5545545545549999122, 0.0341644215841907725
1.5570570570569999269, 0.0331144815618476668
1.5595595595600000305, 0.0321179827512219906
1.5620620620620000452, 0.0311712176398991243
1.5645645645649999267, 0.0302707991122172608
1.5670670670669999414, 0.0294136276193923060
1.5695695695700000449, 0.0285968622162575820
1.5720720720720000596, 0.0278178949523499655
1.5745745745749999411, 0.0270743281801991836
1.5770770770769999558, 0.0263639544067654358
1.5795795795800000594, 0.0256847383671007200
1.5820820820820000741, 0.0250348010441747149
1.5845845845849999556, 0.0244124053968218235
1.5870870870869999703, 0.0238159435900382743
1.5895895895900000738, 0.0232439255493480032
1.5920920920920000885, 0.0226949686844239509
1.5945945945949999700, 0.0221677886472285632
1.5970970970969999847, 0.0216611910071732999
1.5995995996000000883, 0.0211740637406054311
1.6021021021020001029, 0.0207053704446998332
1.6046046046049999845, 0.0202541441968621533
1.6071071071069999991, 0.0198194819902889237
1.6096096096100001027, 0.0194005396846142972
1.6121121121119998953, 0.0189965274177622198
1.6146146146149999989, 0.0186067054313892553
1.6171171171170000136, 0.0182303802677677949
1.6196196196199998951, 0.0178669013007357984
1.6221221221219999098, 0.0175156575675214608
1.6246246246250000134, 0.0171760748719197547
1.6271271271270000280, 0.0168476131325206585
1.6296296296299999096, 0.0165297639525256654
1.6321321321319999242, 0.0162220483901896473
1.6346346346350000278, 0.0159240149111328291
1.6371371371370000425, 0.0156352375057197540
1.6396396396399999240, 0.0153553139564310843
1.6421421421419999387, 0.0150838642416873045
1.6446446446450000423, 0.0148205290639452404
1.6471471471470000569, 0.0145649684910994538
1.6496496496499999385, 0.0143168607012994498
1.6521521521519999531, 0.0140759008222554882
1.6546546546550000567, 0.0138417998569649939
1.6571571571570000714, 0.0136142836885595649
1.6596596596599999529, 0.0133930921576603142
1.6621621621619999676, 0.0131779782062454755
1.6646646646650000712, 0.0129687070825874745
1.6671671671670000858, 0.0127650556023134951
1.6696696696699999674, 0.0125668114610904894
1.6721721721719999820, 0.0123737725948382844
1.6746746746750000856, 0.0121857465837370404
1.6771771771770001003, 0.0120025500966228459
1.6796796796799999818, 0.0118240083726610795
1.6821821821819999965, 0.0116499547374546396
1.6846846846850001000, 0.0114802301509861794
1.6871871871869998927, 0.0113146827850130905
1.6896896896899999962, 0.0111531676277328608
1.6921921921920000109, 0.0109955461137171209
1.6946946946949998924, 0.0108416857772769670
1.6971971971969999071, 0.0106914599275713708
1.6996996997000000107, 0.0105447473439065319
1.7022022022020000254, 0.0104014319897978193
1.7047047047049999069, 0.0102614027444790923
1.7072072072069999216, 0.0101245531506470171
1.7097097097100000251, 0.0099907811773225341
1.7122122122120000398, 0.0098599889967974415
1.7147147147149999213, 0.0097320827747131283
1.7172172172169999360, 0.0096069724723903942
1.7197197197200000396, 0.0094845716605956934
1.7222222222220000543, 0.0093647973439895116
1.7247247247249999358, 0.0092475697955584704
1.7272272272269999505, 0.0091328124003837996
1.7297297297300000540, 0.0090204515081457638
1.7322322322320000687, 0.0089104162938069449
1.7347347347349999502, 0.0088026386259570499
1.7372372372369999649, 0.0086970529423385026
1.7397397397400000685, 0.0085935961321059670
1.7422422422420000832, 0.0084922074244040066
1.7447447447449999647, 0.0083928282828759290
1.7472472472469999794, 0.0082954023057433754
1.7497497497500000829, 0.0081998751311207416
1.7522522522520000976, 0.0081061943472513255
1.7547547547549999791, 0.0080143094073729312
1.7572572572569999938, 0.0079241715489402793
1.7597597597600000974, 0.0078357337169494435
1.7622622622619998900, 0.0077489504911263472
1.7647647647649999936, 0.0076637780167567449
1.7672672672670000082, 0.0075801739389495778
1.7697697697699998898, 0.0074980973401388602
1.7722722722719999044, 0.0074175086806417250
1.7747747747750000080, 0.0073383697421017195
1.7772772772770000227, 0.0072606435736572083
1.7797797797799999042, 0.0071842944406847143
1.7822822822819999189, 0.0071092877759762760
1.7847847847850000225, 0.0070355901332186327
1.7872872872870000371, 0.0069631691426500046
1.7897897897899999187, 0.0068919934687778871
1.7922922922919999333, 0.0068220327700481542
1.7947947947950000369, 0.0067532576603624560
1.7972972972970000516, 0.0066856396723468875
1.7997997997999999331, 0.0066191512222806984
1.8023023023019999478, 0.0065537655765991422
1.8048048048050000514, 0.0064894568198895289
1.8073073073070000660, 0.0064261998243042469
1.8098098098099999476, 0.0063639702203188830
1.8123123123119999622, 0.0063027443687676855
1.8148148148150000658, 0.0062424993340923973
1.8173173173170000805, 0.0061832128587441786
1.8198198198199999620, 0.0061248633386816013
1.8223223223219999767, 0.0060674297999109474
1.8248248248250000803, 0.0060108918760179899
1.8273273273270000949, 0.0059552297866431667
1.8298298298299999765, 0.0059004243168547799
1.8323323323319999911, 0.0058464567973772162
1.8348348348350000947, 0.0057933090856335566
1.8373373373370001094, 0.0057409635475640887
1.8398398398399999909, 0.0056894030401842925
1.8423423423420000056, 0.0056386108948477918
1.8448448448450001091, 0.0055885709011815705
1.8473473473469999018, 0.0055392672916624872
1.8498498498500000053, 0.0054906847268056704
1.8523523523520000200, 0.0054428082809369598
1.8548548548549999015, 0.0053956234285229407
1.8573573573569999162, 0.0053491160310334945
1.8598598598600000198, 0.0053032723243130282
1.8623623623620000345, 0.0052580789064377801
1.8648648648649999160, 0.0052135227260377134
1.8673673673669999307, 0.0051695910710625650
1.8698698698700000342, 0.0051262715579726758
1.8723723723720000489, 0.0050835521213361077
1.8748748748749999304, 0.0050414210038145467
1.8773773773769999451, 0.0049998667465212584
1.8798798798800000487, 0.0049588781797352344
1.8823823823820000634, 0.0049184444139563979
1.8848848848849999449, 0.0048785548312874705
1.8873873873869999596, 0.0048391990771287875
1.8898898898900000631, 0.0048003670521729949
1.8923923923920000778, 0.0047620489046871946
1.8948948948949999593, 0.0047242350230706359
1.8973973973969999740, 0.0046869160286766810
1.8998998999000000776, 0.0046500827688882151
1.9024024024020000923, 0.0046137263104362421
1.9049049049049999738, 0.0045778379329518108
1.9074074074069999885, 0.0045424091227419259
1.9099099099100000920, 0.0045074315667804664
1.9124124124120001067, 0.0044728971469055936
1.9149149149149999882, 0.0044387979342154554
1.9174174174170000029, 0.0044051261836544099
1.9199199199200001065, 0.0043718743287823100
1.9224224224219998991, 0.0043390349767197132
1.9249249249250000027, 0.0043066009032622227
1.9274274274270000173, 0.0042745650481574296
1.9299299299299998989, 0.0042429205105382443
1.9324324324319999135, 0.0042116605445066324
1.9349349349350000171, 0.0041807785548620725
1.9374374374370000318, 0.0041502680929692603
1.9399399399399999133, 0.0041201228527598440
1.9424424424419999280, 0.0040903366668631654
1.9449449449450000316, 0.0040609035028612425
1.9474474474470000462, 0.0040318174596633612
1.9499499499499999278, 0.0040030727639959055
1.9524524524519999424, 0.0039746637670032003
1.9549549549550000460, 0.0039465849409553010
1.9574574574570000607, 0.0039188308760588859
1.9599599599599999422, 0.0038913962773675036
1.9624624624619999569, 0.0038642759617876221
1.9649649649650000605, 0.0038374648551770568
1.9674674674670000751, 0.0038109579895324788
1.9699699699699999567, 0.0037847505002628736
1.9724724724719999713, 0.0037588376235458991
1.9749749749750000749, 0.0037332146937642582
1.9774774774770000896, 0.0037078771410192766
1.9799799799799999711, 0.0036828204887190161
1.9824824824819999858, 0.0036580403512383453
1.9849849849850000894, 0.0036335324316484900
1.9874874874870001040, 0.0036092925195136860
1.9899899899899999856, 0.0035853164887526467
1.9924924924920000002, 0.0035616002955626454
1.9949949949950001038, 0.0035381399764041052
1.9974974974969998964, 0.0035149316460436515
2.0000000000000000000, 0.0034919714956536752
