# Delta1: 0.465
# Delta2: 1.17
# Delta3: 1.355
# Dq: 0.1355
# Ds: 0.04
# Dt: 0.061000000000000006
# k1_lab: [1, 0, 0]
# k2_lab: [-0.8660254037844387, 0.49999999999999994, 0.0]
# k1_cf: [-0.42261826174069933, -0.90630778703665, 0.0]
# k2_cf: [0.8191520442889917, 0.5735764363510463, 0.0]
# pol1_lab: [(0, 1, 0), (0, 0, 1)]
# pol2_lab: [array([-0.5      , -0.8660254,  0.       ]), array([0., 0., 1.])]
# pol1_cf: [array([ 0.90630779, -0.42261826,  0.        ]), array([0., 0., 1.])]
# pol2_cf: [array([-0.57357644,  0.81915204,  0.        ]), array([0., 0., 1.])]
# cf: [array([-0.42261826,  0.90630779,  0.        ]), array([-0.90630779, -0.42261826,  0.        ]), array([0., 0., 1.])]
# th: 70
-0.5000000000000000000, 0.0047999789489305200
-0.4974974974974999964, 0.0048417335646949115
-0.4949949949949999928, 0.0048840851998662518
-0.4924924924924999892, 0.0049270457074810673
-0.4899899899899999856, 0.0049706272405426830
-0.4874874874874999819, 0.0050148422612340711
-0.4849849849849999783, 0.0050597035504634453
-0.4824824824824999747, 0.0051052242177563999
-0.4799799799800000266, 0.0051514177115091105
-0.4774774774775000230, 0.0051982978296176803
-0.4749749749750000194, 0.0052458787304995886
-0.4724724724725000158, 0.0052941749445238251
-0.4699699699700000122, 0.0053432013858671626
-0.4674674674675000086, 0.0053929733648148447
-0.4649649649650000049, 0.0054435066005248389
-0.4624624624625000013, 0.0054948172342757697
-0.4599599599599999977, 0.0055469218432196137
-0.4574574574574999941, 0.0055998374546612677
-0.4549549549549999905, 0.0056535815608882165
-0.4524524524524999869, 0.0057081721345746987
-0.4499499499499000077, 0.0057636276447859524
-0.4474474474474000041, 0.0058199670736094403
-0.4449449449449000005, 0.0058772099334413238
-0.4424424424423999969, 0.0059353762849578750
-0.4399399399398999932, 0.0059944867558030593
-0.4374374374373999896, 0.0060545625600251290
-0.4349349349348999860, 0.0061156255182967601
-0.4324324324323999824, 0.0061776980789550583
-0.4299299299298999788, 0.0062408033398997529
-0.4274274274273999752, 0.0063049650713897596
-0.4249249249249000271, 0.0063702077397806162
-0.4224224224224000235, 0.0064365565322473768
-0.4199199199199000199, 0.0065040373825401461
-0.4174174174174000163, 0.0065726769978217961
-0.4149149149149000126, 0.0066425028866402610
-0.4124124124124000090, 0.0067135433880905343
-0.4099099099099000054, 0.0067858277022246850
-0.4074074074074000018, 0.0068593859217712999
-0.4049049049048999982, 0.0069342490652292525
-0.4024024024023999946, 0.0070104491114043148
-0.3998998998998999910, 0.0070880190354610691
-0.3973973973973999874, 0.0071669928465666072
-0.3948948948948999838, 0.0072474056272068344
-0.3923923923923999801, 0.0073292935742610629
-0.3898898898898999765, 0.0074126940419252992
-0.3873873873873999729, 0.0074976455865800404
-0.3848848848849000248, 0.0075841880137039915
-0.3823823823824000212, 0.0076723624269410210
-0.3798798798799000176, 0.0077622112794342533
-0.3773773773774000140, 0.0078537784275477841
-0.3748748748749000104, 0.0079471091871038992
-0.3723723723724000068, 0.0080422503922714141
-0.3698698698699000031, 0.0081392504572490101
-0.3673673673673999995, 0.0082381594408963421
-0.3648648648648999959, 0.0083390291144750141
-0.3623623623623999923, 0.0084419130326718658
-0.3598598598598999887, 0.0085468666080876013
-0.3573573573573999851, 0.0086539471893854487
-0.3548548548548999815, 0.0087632141433070469
-0.3523523523523999779, 0.0088747289407758202
-0.3498498498497999987, 0.0089885552473225327
-0.3473473473472999951, 0.0091047590180828707
-0.3448448448447999914, 0.0092234085976332664
-0.3423423423422999878, 0.0093445748249488640
-0.3398398398397999842, 0.0094683311437861843
-0.3373373373372999806, 0.0095947537188136294
-0.3348348348347999770, 0.0097239215578344366
-0.3323323323322999734, 0.0098559166404703722
-0.3298298298298000253, 0.0099908240536996235
-0.3273273273273000217, 0.0101287321346693847
-0.3248248248248000181, 0.0102697326212331987
-0.3223223223223000145, 0.0104139208106942462
-0.3198198198198000108, 0.0105613957272702140
-0.3173173173173000072, 0.0107122602988317991
-0.3148148148148000036, 0.0108666215435066320
-0.3123123123123000000, 0.0110245907667834188
-0.3098098098097999964, 0.0111862837697970074
-0.3073073073072999928, 0.0113518210695255500
-0.3048048048047999892, 0.0115213281316851480
-0.3023023023022999856, 0.0116949356171655583
-0.2997997997997999819, 0.0118727796429151482
-0.2972972972972999783, 0.0120550020582512359
-0.2947947947947999747, 0.0122417507376476574
-0.2922922922923000266, 0.0124331798911325158
-0.2897897897898000230, 0.0126294503935171047
-0.2872872872873000194, 0.0128307301337738759
-0.2847847847848000158, 0.0130371943859851486
-0.2822822822823000122, 0.0132490262033985798
-0.2797797797798000086, 0.0134664168372498408
-0.2772772772773000050, 0.0136895661821474762
-0.2747747747748000013, 0.0139186832499638442
-0.2722722722722999977, 0.0141539866743364742
-0.2697697697697999941, 0.0143957052480611671
-0.2672672672672999905, 0.0146440784958513474
-0.2647647647647999869, 0.0148993572851489932
-0.2622622622622999833, 0.0151618044779047133
-0.2597597597597999797, 0.0154316956264983259
-0.2572572572572999761, 0.0157093197172500643
-0.2547547547547999724, 0.0159949799652794183
-0.2522522522523000243, 0.0162889946648049240
-0.2497497497496999896, 0.0165916980993495861
-0.2472472472472000138, 0.0169034415167249701
-0.2447447447447000102, 0.0172245941741175877
-0.2422422422422000066, 0.0175555444590984357
-0.2397397397397000030, 0.0178967010929262545
-0.2372372372371999993, 0.0182484944231222079
-0.2347347347346999957, 0.0186113778129674418
-0.2322322322321999921, 0.0189858291363195902
-0.2297297297296999885, 0.0193723523869722448
-0.2272272272272000126, 0.0197714794127001221
-0.2247247247247000090, 0.0201837717851542642
-0.2222222222222000054, 0.0206098228179089314
-0.2197197197197000018, 0.0210502597462295937
-0.2172172172171999982, 0.0215057460835453712
-0.2147147147146999946, 0.0219769841711897479
-0.2122122122121999910, 0.0224647179397404299
-0.2097097097096999874, 0.0229697359022686121
-0.2072072072072000115, 0.0234928744020278489
-0.2047047047047000079, 0.0240350211396051193
-0.2022022022022000043, 0.0245971190073595407
-0.1996996996997000007, 0.0251801702621301388
-0.1971971971971999971, 0.0257852410707528797
-0.1946946946946999935, 0.0264134664669459784
-0.1921921921921999898, 0.0270660557626675423
-0.1896896896896999862, 0.0277442984621980131
-0.1871871871872000104, 0.0284495707330404829
-0.1846846846847000068, 0.0291833424943686477
-0.1821821821822000032, 0.0299471851913063331
-0.1796796796796999995, 0.0307427803319350983
-0.1771771771771999959, 0.0315719288737629500
-0.1746746746746999923, 0.0324365615576421643
-0.1721721721721999887, 0.0333387503000252411
-0.1696696696697000128, 0.0342807207692644791
-0.1671671671672000092, 0.0352648662887092984
-0.1646646646647000056, 0.0362937632290127390
-0.1621621621622000020, 0.0373701880747696891
-0.1596596596596999984, 0.0384971363769041827
-0.1571571571571999948, 0.0396778438327344760
-0.1546546546546999912, 0.0409158097711283877
-0.1521521521521999876, 0.0422148233615194726
-0.1496496496496000084, 0.0435789929138849161
-0.1471471471471000048, 0.0450127786933890717
-0.1446446446446000011, 0.0465210297398697195
-0.1421421421420999975, 0.0481090252606088606
-0.1396396396395999939, 0.0497825212572219622
-0.1371371371370999903, 0.0515478031568928144
-0.1346346346345999867, 0.0534117453480572046
-0.1321321321321000108, 0.0553818786753168396
-0.1296296296296000072, 0.0574664671331464177
-0.1271271271271000036, 0.0596745952194064136
-0.1246246246246000000, 0.0620162676759779333
-0.1221221221220999964, 0.0645025236651649847
-0.1196196196196000067, 0.0671455678196529460
-0.1171171171171000031, 0.0699589210768414294
-0.1146146146145999994, 0.0729575947856079682
-0.1121121121120999958, 0.0761582922808234503
-0.1096096096096000061, 0.0795796429911966169
-0.1071071071071000025, 0.0832424752215281533
-0.1046046046045999989, 0.0871701350857602281
-0.1021021021020999953, 0.0913888607330085867
-0.0995995995996000055, 0.0959282230973207695
-0.0970970970971000019, 0.1008216470342682275
-0.0945945945945900063, 0.1061070300435038583
-0.0920920920920900027, 0.1118274800286536141
-0.0895895895895899991, 0.1180321989988391412
-0.0870870870870899955, 0.1247775466534187666
-0.0845845845845799998, 0.1321283269345012723
-0.0820820820820799962, 0.1401593525945765417
-0.0795795795795800065, 0.1489573585959068081
-0.0770770770770800029, 0.1586233561095875821
-0.0745745745745699934, 0.1692755469513168853
-0.0720720720720700037, 0.1810529562299372786
-0.0695695695695700000, 0.1941199927483155119
-0.0670670670670699964, 0.2086722180312933217
-0.0645645645645600008, 0.2249437042166468892
-0.0620620620620599972, 0.2432165010305266939
-0.0595595595595600005, 0.2638329317131586915
-0.0570570570570599969, 0.2872117262519250369
-0.0545545545545500013, 0.3138694230940113905
-0.0520520520520499977, 0.3444490997320984738
-0.0495495495495500010, 0.3797594445789559403
-0.0470470470470499974, 0.4208286491420884512
-0.0445445445445400018, 0.4689799036466427706
-0.0420420420420399982, 0.5259389780473616716
-0.0395395395395400015, 0.5939904504422049980
-0.0370370370370399979, 0.6762094049413301944
-0.0345345345345300023, 0.7768132473459256060
-0.0320320320320299987, 0.9017102873814190067
-0.0295295295295299985, 1.0593813340245161747
-0.0270270270270299984, 1.2623462821753783647
-0.0245245245245199993, 1.5297034248402294754
-0.0220220220220199991, 1.8917368275286847723
-0.0195195195195199990, 2.3987531820474519151
-0.0170170170170199989, 3.1392021865342272235
-0.0145145145145099998, 4.2800043833180403396
-0.0120120120120099996, 6.1659754375768036638
-0.0095095095095099995, 9.5990772898382861200
-0.0070070070070070000, 16.7650432971247909109
-0.0045045045045049997, 34.9586024402187405258
-0.0020020020020019998, 90.4432242921975557692
0.0005005005005005000, 142.7206065700380293038
0.0030030030030029999, 60.7665387187429359983
0.0055055055055059999, 25.3786381319407468027
0.0080080080080079993, 13.1855486604703298070
0.0105105105105099995, 7.9517727798839121789
0.0130130130130099997, 5.2870575362247942408
0.0155155155155200005, 3.7598135597708433053
0.0180180180180199989, 2.8072290215964188498
0.0205205205205199991, 2.1745251442040296475
0.0230230230230199992, 1.7334638910537860657
0.0255255255255299983, 1.4140024533739310453
0.0280280280280299984, 1.1753294231406541392
0.0305305305305299986, 0.9923887894143188504
0.0330330330330299987, 0.8491193784762455232
0.0355355355355400013, 0.7348465859241963827
0.0380380380380399979, 0.6422542523342158471
0.0405405405405400016, 0.5661935539253386551
0.0430430430430399982, 0.5029566079003415791
0.0455455455455500008, 0.4498187591860194345
0.0480480480480499975, 0.4047417885108793856
0.0505505505505500011, 0.3661765361726532775
0.0530530530530499977, 0.3329286536929081386
0.0555555555555600003, 0.3040654347326668394
0.0580580580580599970, 0.2788499714948795005
0.0605605605605600006, 0.2566938518197672270
0.0630630630630600042, 0.2371226647063860160
0.0655655655655699998, 0.2197505004639460635
0.0680680680680700034, 0.2042608627105570174
0.0705705705705699932, 0.1903922144601097877
0.0730730730730699968, 0.1779269162260687653
0.0755755755755800063, 0.1666826762939849216
0.0780780780780799960, 0.1565058818973875665
0.0805805805805799996, 0.1472663529839736141
0.0830830830830800032, 0.1388531821356345508
0.0855855855855899988, 0.1311714111170925734
0.0880880880880900025, 0.1241393571968942983
0.0905905905905900061, 0.1176864480452379513
0.0930930930930899958, 0.1117514576075779864
0.0955955955956000053, 0.1062810602973790070
0.0980980980980999950, 0.1012286395336116085
0.1006006006005999986, 0.0965533007551425404
0.1031031031031000023, 0.0922190497780414620
0.1056056056056000059, 0.0881941055891068137
0.1081081081080999956, 0.0844503230186423037
0.1106106106105999992, 0.0809627056684153051
0.1131131131131000028, 0.0777089933268843153
0.1156156156156000064, 0.0746693111361680095
0.1181181181180999962, 0.0718258701733282129
0.1206206206205999998, 0.0691627110152820274
0.1231231231231000034, 0.0666654833805510882
0.1256256256256000070, 0.0643212561649724041
0.1281281281281000106, 0.0621183531761364052
0.1306306306305999865, 0.0600462106718927940
0.1331331331330999901, 0.0580952534600256351
0.1356356356355999937, 0.0562567868490119610
0.1381381381380999973, 0.0545229021770932687
0.1406406406406000009, 0.0528863940072044555
0.1431431431431000045, 0.0513406873732685995
0.1456456456456000081, 0.0498797737106543293
0.1481481481481000118, 0.0484981543095182252
0.1506506506506999910, 0.0471907903018108574
0.1531531531531999946, 0.0459530583369373719
0.1556556556556999982, 0.0447807112223121348
0.1581581581582000018, 0.0436698429072929495
0.1606606606607000054, 0.0426168572754499972
0.1631631631632000090, 0.0416184402834579442
0.1656656656657000126, 0.0406715350472601628
0.1681681681681999885, 0.0397733195293244260
0.1706706706706999921, 0.0389211865262599835
0.1731731731731999957, 0.0381127256950139284
0.1756756756756999993, 0.0373457073893257302
0.1781781781782000029, 0.0366180681069282615
0.1806806806807000065, 0.0359278973728541784
0.1831831831832000101, 0.0352734259057205859
0.1856856856857000138, 0.0346530149325214171
0.1881881881881999896, 0.0340651465336729714
0.1906906906906999932, 0.0335084149141821677
0.1931931931931999968, 0.0329815185091422852
0.1956956956957000004, 0.0324832528425560221
0.1981981981982000041, 0.0320125040679571163
0.2007007007007000077, 0.0315682431276345793
0.2032032032032000113, 0.0311495204746112357
0.2057057057056999871, 0.0307554613080295511
0.2082082082081999908, 0.0303852612783652304
0.2107107107106999944, 0.0300381826240243843
0.2132132132131999980, 0.0297135507054699724
0.2157157157157000016, 0.0294107509071414377
0.2182182182182000052, 0.0291292258811466226
0.2207207207207000088, 0.0288684731100714645
0.2232232232232000124, 0.0286280427693254326
0.2257257257256999883, 0.0284075358722614205
0.2282282282281999919, 0.0282066026839205702
0.2307307307306999955, 0.0280249413916921833
0.2332332332331999991, 0.0278622970234790809
0.2357357357357000027, 0.0277184606061527047
0.2382382382382000063, 0.0275932685591984972
0.2407407407407000099, 0.0274866023205194709
0.2432432432432000136, 0.0273983882034125256
0.2457457457456999894, 0.0273285974857852797
0.2482482482481999930, 0.0272772467347695384
0.2507507507508000000, 0.0272443983720391594
0.2532532532533000036, 0.0272301614873872062
0.2557557557558000072, 0.0272346929104908091
0.2582582582583000108, 0.0272581985533290050
0.2607607607608000144, 0.0273009350384578187
0.2632632632633000180, 0.0273632116313312738
0.2657657657658000216, 0.0274453924981373637
0.2682682682683000253, 0.0275478993142479894
0.2707707707707999734, 0.0276712142524287094
0.2732732732732999770, 0.0278158833844884962
0.2757757757757999806, 0.0279825205351582756
0.2782782782782999842, 0.0281718116327710350
0.2807807807807999878, 0.0283845196078873693
0.2832832832832999914, 0.0286214898985105923
0.2857857857857999950, 0.0288836566291211794
0.2882882882882999986, 0.0291720495406217750
0.2907907907908000023, 0.0294878017596501910
0.2932932932933000059, 0.0298321585088482562
0.2957957957958000095, 0.0302064868748977006
0.2982982982983000131, 0.0306122867688234032
0.3008008008008000167, 0.0310512032336810531
0.3033033033033000203, 0.0315250402788440909
0.3058058058058000239, 0.0320357764483394300
0.3083083083083000275, 0.0325855823638708103
0.3108108108107999756, 0.0331768405222791773
0.3133133133132999792, 0.0338121676734188387
0.3158158158157999829, 0.0344944401592375688
0.3183183183182999865, 0.0352268226600161508
0.3208208208207999901, 0.0360128008714655501
0.3233233233232999937, 0.0368562187294114232
0.3258258258257999973, 0.0377613209104967623
0.3283283283283000009, 0.0387328014719263702
0.3308308308308000045, 0.0397758596560085428
0.3333333333333000081, 0.0408962640827655113
0.3358358358358000118, 0.0421004267945099958
0.3383383383383000154, 0.0433954889106321837
0.3408408408408000190, 0.0447894200123920561
0.3433433433433000226, 0.0462911338235272377
0.3458458458458000262, 0.0479106233052230962
0.3483483483482999743, 0.0496591189721788048
0.3508508508509000090, 0.0515492750976026953
0.3533533533534000126, 0.0535953895579776018
0.3558558558559000162, 0.0558136644378872809
0.3583583583584000198, 0.0582225162567147694
0.3608608608609000235, 0.0608429469068167486
0.3633633633634000271, 0.0636989892604958585
0.3658658658658999752, 0.0668182451188192167
0.3683683683683999788, 0.0702325380231705876
0.3708708708708999824, 0.0739787098216477257
0.3733733733733999860, 0.0780995983203406630
0.3758758758758999896, 0.0826452446160535759
0.3783783783783999932, 0.0876743938807806739
0.3808808808808999968, 0.0932563739924215929
0.3833833833834000004, 0.0994734647134386946
0.3858858858859000041, 0.1064239093773575312
0.3883883883884000077, 0.1142257760967189811
0.3908908908909000113, 0.1230219536337207459
0.3933933933934000149, 0.1329866793702972894
0.3958958958959000185, 0.1443341604514756238
0.3983983983984000221, 0.1573300911854971507
0.4009009009009000257, 0.1723072334861893151
0.4034034034033999738, 0.1896867833269999526
0.4059059059058999774, 0.2100081129983524808
0.4084084084083999810, 0.2339708582518880142
0.4109109109108999847, 0.2624955647834628647
0.4134134134133999883, 0.2968128569874201594
0.4159159159158999919, 0.3385975270954461602
0.4184184184183999955, 0.3901753404971059491
0.4209209209208999991, 0.4548512603781446062
0.4234234234234000027, 0.5374476988172918190
0.4259259259259000063, 0.6452210920275608386
0.4284284284284000099, 0.7894927708300554237
0.4309309309309000136, 0.9887050027356910631
0.4334334334334000172, 1.2745136284439944063
0.4359359359359000208, 1.7048853959305909633
0.4384384384384000244, 2.3950109234790804003
0.4409409409408999725, 3.5994194397465708590
0.4434434434433999761, 5.9657821217912587741
0.4459459459458999797, 11.4812589584537043663
0.4484484484483999833, 27.4960095847782213241
0.4509509509510000180, 64.4816054777819545052
0.4534534534535000216, 40.7381133761863836185
0.4559559559560000253, 15.7549122684472386879
0.4584584584584999734, 7.5626644872051684843
0.4609609609609999770, 4.3342857525164362187
0.4634634634634999806, 2.7870376340764093648
0.4659659659659999842, 1.9368351907727618944
0.4684684684684999878, 1.4224597143081663120
0.4709709709709999914, 1.0885513598130791557
0.4734734734734999950, 0.8598848961901672805
0.4759759759759999986, 0.6965919102499823490
0.4784784784785000022, 0.5759935570291691009
0.4809809809810000059, 0.4844358288715835403
0.4834834834835000095, 0.4133071517285158980
0.4859859859860000131, 0.3569617447993376214
0.4884884884885000167, 0.3115749664231413085
0.4909909909910000203, 0.2744821508303000313
0.4934934934935000239, 0.2437811356838763543
0.4959959959960000275, 0.2180849123364922981
0.4984984984984999756, 0.1963629857420289837
0.5010010010009999792, 0.1778368917120934645
0.5035035035035000384, 0.1619097430854999353
0.5060060060059999865, 0.1481177120534696856
0.5085085085085000456, 0.1360959811925708529
0.5110110110109999937, 0.1255544368758578777
0.5135135135135000528, 0.1162600463782818561
0.5160160160160000009, 0.1080238988943028611
0.5185185185184999490, 0.1006915519830783312
0.5210210210210000081, 0.0941357542482051529
0.5235235235234999562, 0.0882508988023976287
0.5260260260260000154, 0.0829487527401784747
0.5285285285284999635, 0.0781551379441356164
0.5310310310310000226, 0.0738073285877152430
0.5335335335334999707, 0.0698519938313218736
0.5360360360360000298, 0.0662435590218486692
0.5385385385384999779, 0.0629428908797427800
0.5410410410410000370, 0.0599162355049585732
0.5435435435434999851, 0.0571343551453984480
0.5460460460460000442, 0.0545718223321895318
0.5485485485484999924, 0.0522064394365277656
0.5510510510510999715, 0.0500187588159109880
0.5535535535536000307, 0.0479916841137874445
0.5560560560560999788, 0.0461101374009185022
0.5585585585586000379, 0.0443607800212498238
0.5610610610610999860, 0.0427317774649142654
0.5635635635636000451, 0.0412126005092074282
0.5660660660660999932, 0.0397938563733099965
0.5685685685686000523, 0.0384671448200424732
0.5710710710711000004, 0.0372249350801400480
0.5735735735735999485, 0.0360604602260333335
0.5760760760761000077, 0.0349676262245221456
0.5785785785785999558, 0.0339409333829381044
0.5810810810811000149, 0.0329754082960011241
0.5835835835835999630, 0.0320665447196596051
0.5860860860861000221, 0.0312102520586283495
0.5885885885885999702, 0.0304028103677498537
0.5910910910911000293, 0.0296408309428711388
0.5935935935935999774, 0.0289212217219044047
0.5960960960961000366, 0.0282411568368850230
0.5985985985985999847, 0.0275980497577563155
0.6011011011011000438, 0.0269895295519790926
0.6036036036035999919, 0.0264134198538517363
0.6061061061061000510, 0.0258677201960273648
0.6086086086085999991, 0.0253505894050694430
0.6111111111110999472, 0.0248603308045764609
0.6136136136136000063, 0.0243953790047187619
0.6161161161160999544, 0.0239542880870234724
0.6186186186186000135, 0.0235357210187846153
0.6211211211210999616, 0.0231384401532819250
0.6236236236236000208, 0.0227612986906547063
0.6261261261260999689, 0.0224032329902881175
0.6286286286286000280, 0.0220632556393375347
0.6311311311310999761, 0.0217404491938822317
0.6336336336336000352, 0.0214339605194484618
0.6361361361360999833, 0.0211429956665128843
0.6386386386386000424, 0.0208668152242914400
0.6411411411410999905, 0.0206047301028054915
0.6436436436436000497, 0.0203560976990399337
0.6461461461460999978, 0.0201203184080881205
0.6486486486485999459, 0.0198968324446183037
0.6511511511512000361, 0.0196851169438848929
0.6536536536536999842, 0.0194846833149176397
0.6561561561562000433, 0.0192950748215191883
0.6586586586586999914, 0.0191158643693386462
0.6611611611612000505, 0.0189466524796141206
0.6636636636636999986, 0.0187870654322308296
0.6661661661661999467, 0.0186367535625567363
0.6686686686687000059, 0.0184953896981266963
0.6711711711711999540, 0.0183626677226726223
0.6736736736737000131, 0.0182383012562649729
0.6761761761761999612, 0.0181220224414588710
0.6786786786787000203, 0.0180135808263429155
0.6811811811811999684, 0.0179127423362855608
0.6836836836837000275, 0.0178192883269752064
0.6861861861861999756, 0.0177330147120669801
0.6886886886887000347, 0.0176537311593916585
0.6911911911911999828, 0.0175812603502586359
0.6936936936937000420, 0.0175154372969027264
0.6961961961961999901, 0.0174561087135907123
0.6986986986987000492, 0.0174031324373235263
0.7012012012011999973, 0.0173563768944489348
0.7037037037036999454, 0.0173157206098421626
0.7062062062062000045, 0.0172810517556218797
0.7087087087086999526, 0.0172522677366501592
0.7112112112112000117, 0.0172292748103201367
0.7137137137136999598, 0.0172119877383674590
0.7162162162162000190, 0.0172003294686530611
0.7187187187186999671, 0.0171942308450581949
0.7212212212212000262, 0.0171936303438092637
0.7237237237236999743, 0.0171984738347123987
0.7262262262262000334, 0.0172087143659264349
0.7287287287286999815, 0.0172243119710406151
0.7312312312312000406, 0.0172452334973501979
0.7337337337336999887, 0.0172714524543407105
0.7362362362362000479, 0.0173029488815013184
0.7387387387386999960, 0.0173397092346898318
0.7412412412412000551, 0.0173817262903676120
0.7437437437437000032, 0.0174289990671129824
0.7462462462461999513, 0.0174815327639068381
0.7487487487487000104, 0.0175393387147652208
0.7512512512512999896, 0.0176024343593709706
0.7537537537538000487, 0.0176708432294310318
0.7562562562562999968, 0.0177445949505576558
0.7587587587587999449, 0.0178237252595418172
0.7612612612613000040, 0.0179082760369553215
0.7637637637637999521, 0.0179982953550856216
0.7662662662663000113, 0.0180938375412740410
0.7687687687687999594, 0.0181949632567948334
0.7712712712713000185, 0.0183017395914795780
0.7737737737737999666, 0.0184142401743590846
0.7762762762763000257, 0.0185325453006641994
0.7787787787787999738, 0.0186567420755974697
0.7812812812813000329, 0.0187869245753606792
0.7837837837837999810, 0.0189231940259985340
0.7862862862863000402, 0.0190656590006977877
0.7887887887887999883, 0.0192144356362631136
0.7912912912913000474, 0.0193696478695779134
0.7937937937937999955, 0.0195314276949493763
0.7962962962963000546, 0.0196999154433344231
0.7987987987988000027, 0.0198752600845458691
0.8013013013012999508, 0.0200576195536483967
0.8038038038038000099, 0.0202471611028716587
0.8063063063062999580, 0.0204440616804941466
0.8088088088088000172, 0.0206485083382874218
0.8113113113112999653, 0.0208606986692569940
0.8138138138138000244, 0.0210808412775743553
0.8163163163162999725, 0.0213091562827663304
0.8188188188188000316, 0.0215458758604137740
0.8213213213212999797, 0.0217912448218135144
0.8238238238238000388, 0.0220455212352775737
0.8263263263262999869, 0.0223089770919826513
0.8288288288288000460, 0.0225818990195444866
0.8313313313312999941, 0.0228645890467770070
0.8338338338338000533, 0.0231573654234082209
0.8363363363363000014, 0.0234605634988670313
0.8388388388387999495, 0.0237745366646296280
0.8413413413413000086, 0.0240996573650265923
0.8438438438437999567, 0.0244363181818626138
0.8463463463463000158, 0.0247849329987005242
0.8488488488487999639, 0.0251459382512078389
0.8513513513514000541, 0.0255197942705692599
0.8538538538539000022, 0.0259069867276367494
0.8563563563563999503, 0.0263080281862245711
0.8588588588589000095, 0.0267234597747749436
0.8613613613613999576, 0.0271538529865226752
0.8638638638639000167, 0.0275998116192894966
0.8663663663663999648, 0.0280619738671533323
0.8688688688689000239, 0.0285410145774720181
0.8713713713713999720, 0.0290376476881207962
0.8738738738739000311, 0.0295526288613338316
0.8763763763763999792, 0.0300867583322519359
0.8788788788789000384, 0.0306408839921904243
0.8813813813813999865, 0.0312159047287745364
0.8838838838839000456, 0.0318127740474863849
0.8863863863863999937, 0.0324325040018466557
0.8888888888889000528, 0.0330761694624670186
0.8913913913914000009, 0.0337449127585957923
0.8938938938938999490, 0.0344399487295882142
0.8963963963964000081, 0.0351625702280335406
0.8988988988988999562, 0.0359141541211201940
0.9014014014014000153, 0.0366961678423077808
0.9039039039038999634, 0.0375101765515891278
0.9064064064064000226, 0.0383578509696702874
0.9089089089088999707, 0.0392409759594076618
0.9114114114114000298, 0.0401614599369505554
0.9139139139138999779, 0.0411213452054255552
0.9164164164164000370, 0.0421228193158631400
0.9189189189188999851, 0.0431682275736314097
0.9214214214214000442, 0.0442600868241996154
0.9239239239238999923, 0.0454011006699065467
0.9264264264264000515, 0.0465941762899548112
0.9289289289288999996, 0.0478424430595369710
0.9314314314313999477, 0.0491492731913508729
0.9339339339339000068, 0.0505183046544373793
0.9364364364363999549, 0.0519534666620065019
0.9389389389389000140, 0.0534590080626364608
0.9414414414413999621, 0.0550395290190155498
0.9439439439439000212, 0.0567000164165439233
0.9464464464463999693, 0.0584458835122245376
0.9489489489489000285, 0.0602830144142197169
0.9514514514515000076, 0.0622178140765685395
0.9539539539539999558, 0.0642572646046486312
0.9564564564565000149, 0.0664089887984383176
0.9589589589589999630, 0.0686813220167201699
0.9614614614615000221, 0.0710833936311809356
0.9639639639639999702, 0.0736252195612899368
0.9664664664665000293, 0.0763178076467452560
0.9689689689689999774, 0.0791732779339137105
0.9714714714715000365, 0.0822050003383026084
0.9739739739739999846, 0.0854277526119106151
0.9764764764765000438, 0.0888579021115775830
0.9789789789789999919, 0.0925136155564662971
0.9814814814815000510, 0.0964151018103860807
0.9839839839839999991, 0.1005848937672197685
0.9864864864864999472, 0.1050481767056388183
0.9889889889890000063, 0.1098331720776986598
0.9914914914914999544, 0.1149715876891286848
0.9939939939940000135, 0.1204991477270722644
0.9964964964964999616, 0.1264562192380129235
0.9989989989990000208, 0.1328885556448775318
1.0015015015019999023, 0.1398481829708706492
1.0040040040039999170, 0.1473944609467484901
1.0065065065070000205, 0.1555953595740390827
1.0090090090090000352, 0.1645290026183882925
1.0115115115119999167, 0.1742855437623729853
1.0140140140139999314, 0.1849694599261663686
1.0165165165170000350, 0.1967023711974389133
1.0190190190190000497, 0.2096265301913675660
1.0215215215219999312, 0.2239091687437602118
1.0240240240239999459, 0.2397479512995411288
1.0265265265270000494, 0.2573778689822837085
1.0290290290290000641, 0.2770800260912653079
1.0315315315319999456, 0.2991929365158668697
1.0340340340339999603, 0.3241271836852241406
1.0365365365370000639, 0.3523846384917597163
1.0390390390390000785, 0.3845839285203487279
1.0415415415419999601, 0.4214945933619618224
1.0440440440439999747, 0.4640834809871378086
1.0465465465470000783, 0.5135786630999927826
1.0490490490490000930, 0.5715588496060741708
1.0515515515519999745, 0.6400806119268410699
1.0540540540539999892, 0.7218628270124680668
1.0565565565570000928, 0.8205597108676558893
1.0590590590590001074, 0.9411745313436219451
1.0615615615619999890, 1.0907031787048815374
1.0640640640640000036, 1.2791656204774479733
1.0665665665670001072, 1.5213164622038204410
1.0690690690689998998, 1.8395960006558782496
1.0715715715720000034, 2.2694619403283842196
1.0740740740740000181, 2.8695637394536834819
1.0765765765769998996, 3.7424775093043964880
1.0790790790789999143, 5.0805027984102100191
1.0815815815820000179, 7.2774919665413406733
1.0840840840840000325, 11.2391037798779009904
1.0865865865869999141, 19.3964124765624070790
1.0890890890889999287, 39.7197507571502015367
1.0915915915920000323, 101.4827521973207922201
1.0940940940940000470, 178.6066012540590293156
1.0965965965969999285, 80.5520659756222983106
1.0990990990989999432, 33.0088443557512647430
1.1016016016020000468, 16.8843500542772524398
1.1041041041040000614, 10.0821648661408165282
1.1066066066069999430, 6.6606137112675449785
1.1091091091089999576, 4.7162159445647713341
1.1116116116120000612, 3.5109770270247993018
1.1141141141140000759, 2.7142615172870945273
1.1166166166169999574, 2.1609570937433231208
1.1191191191189999721, 1.7614338260665380886
1.1216216216220000756, 1.4637242538494699140
1.1241241241240000903, 1.2360514379494844661
1.1266266266269999718, 1.0581142800982783481
1.1291291291289999865, 0.9164585377765985807
1.1316316316320000901, 0.8018854575975220556
1.1341341341340001048, 0.7079351084134437588
1.1366366366369999863, 0.6299641927574411993
1.1391391391390000010, 0.5645664664362732843
1.1416416416420001045, 0.5091977831471926619
1.1441441441439998972, 0.4619272431528376743
1.1466466466470000007, 0.4212682416030438248
1.1491491491490000154, 0.3860614085594150646
1.1516516516519998969, 0.3553920064664733425
1.1541541541539999116, 0.3285306707327551590
1.1566566566570000152, 0.3048902536721950773
1.1591591591590000299, 0.2839939627213298179
1.1616616616619999114, 0.2654515409268541903
1.1641641641639999261, 0.2489412544146362705
1.1666666666670000296, 0.2341961271835279468
1.1691691691690000443, 0.2209933198611462868
1.1716716716719999258, 0.2091458618673853465
1.1741741741739999405, 0.1984961638800826211
1.1766766766770000441, 0.1889108906362545470
1.1791791791790000588, 0.1802768832813302358
1.1816816816819999403, 0.1724978992314847304
1.1841841841839999550, 0.1654919949660596523
1.1866866866870000585, 0.1591894195536108780
1.1891891891890000732, 0.1535309183520427168
1.1916916916919999547, 0.1484663702370210836
1.1941941941939999694, 0.1439537000558678281
1.1966966966970000730, 0.1399580223324038697
1.1991991991990000876, 0.1364509837107313328
1.2017017017019999692, 0.1334102810963239127
1.2042042042039999838, 0.1308193406245327650
1.2067067067070000874, 0.1286671500456709749
1.2092092092090001021, 0.1269482444006881372
1.2117117117119999836, 0.1256628525195470636
1.2142142142139999983, 0.1248172205225774739
1.2167167167170001019, 0.1244241389035705553
1.2192192192189998945, 0.1245037129259774084
1.2217217217219999981, 0.1250844333621308757
1.2242242242240000127, 0.1262046280480461358
1.2267267267269998943, 0.1279144072565520929
1.2292292292289999089, 0.1302782619376003370
1.2317317317320000125, 0.1333785402254991648
1.2342342342340000272, 0.1373201248676930997
1.2367367367369999087, 0.1422367792462757574
1.2392392392389999234, 0.1482998497810366634
1.2417417417420000270, 0.1557303529936715503
1.2442442442440000416, 0.1648160130544545909
1.2467467467469999232, 0.1759356833279195897
1.2492492492489999378, 0.1895950206505979674
1.2517517517520000414, 0.2064797199091320534
1.2542542542540000561, 0.2275368870546405353
1.2567567567569999376, 0.2541028625750193504
1.2592592592589999523, 0.2881103552968297121
1.2617617617620000559, 0.3324363197373010337
1.2642642642640000705, 0.3915109848054341701
1.2667667667669999521, 0.4724373728706910414
1.2692692692689999667, 0.5871722147857230123
1.2717717717720000703, 0.7570835248678963181
1.2742742742740000850, 1.0233347005740016655
1.2767767767769999665, 1.4732573115984011203
1.2792792792789999812, 2.3173025479507867175
1.2817817817820000847, 4.1568361389338726042
1.2842842842840000994, 9.1029220040947027570
1.2867867867869999809, 23.7109721840285843086
1.2892892892889999956, 25.6539784788733129517
1.2917917917920000992, 9.9663830538870605835
1.2942942942939998918, 4.4463810995511696689
1.2967967967969999954, 2.4393385950848518462
1.2992992992990000101, 1.5350809350601595238
1.3018018018019998916, 1.0591991991738252121
1.3043043043039999063, 0.7802271124738503483
1.3068068068070000098, 0.6035179753776620526
1.3093093093090000245, 0.4849524127619281311
1.3118118118119999060, 0.4018241338174979305
1.3143143143139999207, 0.3415154879111942932
1.3168168168170000243, 0.2965748026666893966
1.3193193193190000390, 0.2623789861415752322
1.3218218218219999205, 0.2359413554256322154
1.3243243243239999352, 0.2152666132766731244
1.3268268268270000387, 0.1989841833776014313
1.3293293293290000534, 0.1861308752115408971
1.3318318318319999349, 0.1760173851950929957
1.3343343343339999496, 0.1681437632102593949
1.3368368368370000532, 0.1621444958268588588
1.3393393393390000679, 0.1577520792967164465
1.3418418418419999494, 0.1547724831937723478
1.3443443443439999641, 0.1530684881933538077
1.3468468468470000676, 0.1525484036271235466
1.3493493493490000823, 0.1531585971179898475
1.3518518518519999638, 0.1548788531111085498
1.3543543543539999785, 0.1577199625594965515
1.3568568568570000821, 0.1617232166970110074
1.3593593593590000967, 0.1669616864566836056
1.3618618618619999783, 0.1735433520072256486
1.3643643643639999929, 0.1816163333803232083
1.3668668668670000965, 0.1913766923283857502
1.3693693693689998891, 0.2030795627876114673
1.3718718718719999927, 0.2170547725880848378
1.3743743743740000074, 0.2337287194688787983
1.3768768768770001110, 0.2536551856114737657
1.3793793793789999036, 0.2775592290417178698
1.3818818818820000072, 0.3064006473652866047
1.3843843843840000218, 0.3414674341288851944
1.3868868868869999034, 0.3845163733135567585
1.3893893893889999180, 0.4379898092181591096
1.3918918918920000216, 0.5053594067308011528
1.3943943943940000363, 0.5916892085070237783
1.3968968968969999178, 0.7045929914619104562
1.3993993993989999325, 0.8559345237904106840
1.4019019019020000361, 1.0650064411041821888
1.4044044044040000507, 1.3648503980286483817
1.4069069069069999323, 1.8157976626451906021
1.4094094094089999469, 2.5372932706592736807
1.4119119119120000505, 3.7919757184719813381
1.4144144144140000652, 6.2437606580029765269
1.4169169169169999467, 11.9124524928242117028
1.4194194194189999614, 28.2393224667844187081
1.4219219219220000650, 67.7444381784935956148
1.4244244244240000796, 45.2934966693037495133
1.4269269269269999612, 17.4402946187010456924
1.4294294294289999758, 8.3039665308288608259
1.4319319319320000794, 4.7362795614677128953
1.4344344344340000941, 3.0376363241791448644
1.4369369369369999756, 2.1083941081713919452
1.4394394394389999903, 1.5479214733864377074
1.4419419419420000938, 1.1848664424268238182
1.4444444444440001085, 0.9366081935835572914
1.4469469469469999900, 0.7595004837699791400
1.4494494494490000047, 0.6287790804145041434
1.4519519519520001083, 0.5295653149859902431
1.4544544544539999009, 0.4524911900841214196
1.4569569569570000045, 0.3914237201984074876
1.4594594594590000192, 0.3422131762222945239
1.4619619619619999007, 0.3019713309407427437
1.4644644644639999154, 0.2686382163104151233
1.4669669669670000189, 0.2407128671110340401
1.4694694694690000336, 0.2170808290664613671
1.4719719719719999151, 0.1969006681384308510
1.4744744744739999298, 0.1795275113373495379
1.4769769769770000334, 0.1644604357587437782
1.4794794794790000481, 0.1513055736014590757
1.4819819819819999296, 0.1397497909772015823
1.4844844844839999443, 0.1295416155670264802
1.4869869869870000478, 0.1204772192377917411
1.4894894894890000625, 0.1123899810864395499
1.4919919919919999440, 0.1051426230029003650
1.4944944944939999587, 0.0986212180435484392
1.4969969969970000623, 0.0927305788813171661
1.4994994994990000770, 0.0873906747396595435
1.5020020020019999585, 0.0825338228402453661
1.5045045045050000621, 0.0781024688116709609
1.5070070070070000767, 0.0740474190469181670
1.5095095095099999583, 0.0703264228317005274
1.5120120120119999729, 0.0669030273330103176
1.5145145145150000765, 0.0637456470494679878
1.5170170170170000912, 0.0608268030166289331
1.5195195195199999727, 0.0581224972766647974
1.5220220220219999874, 0.0556116958089829250
1.5245245245250000909, 0.0532758989481850950
1.5270270270270001056, 0.0510987827702511291
1.5295295295299999871, 0.0490658983555497252
1.5320320320320000018, 0.0471644184926271193
1.5345345345350001054, 0.0453829234569581852
1.5370370370369998980, 0.0437112191226295133
1.5395395395400000016, 0.0421401819459729099
1.5420420420420000163, 0.0406616263763774563
1.5445445445449998978, 0.0392681910598609712
1.5470470470469999125, 0.0379532408504785757
1.5495495495500000160, 0.0367107821676664753
1.5520520520520000307, 0.0355353896607778080
1.5545545545549999122, 0.0344221424859263506
1.5570570570569999269, 0.0333665687808454708
1.5595595595600000305, 0.0323645971534008009
1.5620620620620000452, 0.0314125141885066572
1.5645645645649999267, 0.0305069271343511375
1.5670670670669999414, 0.0296447310582327178
1.5695695695700000449, 0.0288230798698969198
1.5720720720720000596, 0.0280393607000425996
1.5745745745749999411, 0.0272911711967975326
1.5770770770769999558, 0.0265762993660552602
1.5795795795800000594, 0.0258927056347001902
1.5820820820820000741, 0.0252385068606164262
1.5845845845849999556, 0.0246119620513954550
1.5870870870869999703, 0.0240114595859331446
1.5895895895900000738, 0.0234355057605988952
1.5920920920920000885, 0.0228827145051307204
1.5945945945949999700, 0.0223517981334894686
1.5970970970969999847, 0.0218415590121434425
1.5995995996000000883, 0.0213508820430654798
1.6021021021020001029, 0.0208787278714957954
1.6046046046049999845, 0.0204241267395540368
1.6071071071069999991, 0.0199861729163251720
1.6096096096100001027, 0.0195640196433292460
1.6121121121119998953, 0.0191568745414753445
1.6146146146149999989, 0.0187639954318681544
1.6171171171170000136, 0.0183846865283008344
1.6196196196199998951, 0.0180182949640456391
1.6221221221219999098, 0.0176642076197368256
1.6246246246250000134, 0.0173218482228099172
1.6271271271270000280, 0.0169906746921851121
1.6296296296299999096, 0.0166701767047202354
1.6321321321319999242, 0.0163598734624597064
1.6346346346350000278, 0.0160593116419144796
1.6371371371370000425, 0.0157680635085607444
1.6396396396399999240, 0.0154857251814744749
1.6421421421419999387, 0.0152119150345529051
1.6446446446450000423, 0.0149462722221362851
1.6471471471470000569, 0.0146884553180548945
1.6496496496499999385, 0.0144381410582056086
1.6521521521519999531, 0.0141950231777245688
1.6546546546550000567, 0.0139588113346820197
1.6571571571570000714, 0.0137292301129940501
1.6596596596599999529, 0.0135060180979335153
1.6621621621619999676, 0.0132889270182394090
1.6646646646650000712, 0.0130777209493773052
1.6671671671670000858, 0.0128721755730004696
1.6696696696699999674, 0.0126720774881087656
1.6721721721719999820, 0.0124772235698050113
1.6746746746750000856, 0.0122874203719114845
1.6771771771770001003, 0.0121024835700371796
1.6796796796799999818, 0.0119222374419819706
1.6821821821819999965, 0.0117465143826319465
1.6846846846850001000, 0.0115751544507422602
1.6871871871869998927, 0.0114080049452234197
1.6896896896899999962, 0.0112449200087462592
1.6921921921920000109, 0.0110857602566614283
1.6946946946949998924, 0.0109303924293937781
1.6971971971969999071, 0.0107786890666213223
1.6996996997000000107, 0.0106305282016845963
1.7022022022020000254, 0.0104857930747962319
1.7047047047049999069, 0.0103443718637335706
1.7072072072069999216, 0.0102061574308004548
1.7097097097100000251, 0.0100710470849385367
1.7122122122120000398, 0.0099389423579546669
1.7147147147149999213, 0.0098097487939098962
1.7172172172169999360, 0.0096833757507876622
1.7197197197200000396, 0.0095597362136252105
1.7222222222220000543, 0.0094387466183527419
1.7247247247249999358, 0.0093203266856406314
1.7272272272269999505, 0.0092043992641063603
1.7297297297300000540, 0.0090908901822796175
1.7322322322320000687, 0.0089797281087675013
1.7347347347349999502, 0.0088708444201015275
1.7372372372369999649, 0.0087641730757848056
1.7397397397400000685, 0.0086596505000916899
1.7422422422420000832, 0.0085572154702032791
1.7447447447449999647, 0.0084568090102910137
1.7472472472469999794, 0.0083583742911872514
1.7497497497500000829, 0.0082618565353061672
1.7522522522520000976, 0.0081672029265011919
1.7547547547549999791, 0.0080743625245661491
1.7572572572569999938, 0.0079832861841067429
1.7597597597600000974, 0.0078939264775271314
1.7622622622619998900, 0.0078062376218930012
1.7647647647649999936, 0.0077201754094480980
1.7672672672670000082, 0.0076356971415755554
1.7697697697699998898, 0.0075527615660087519
1.7722722722719999044, 0.0074713288171088296
1.7747747747750000080, 0.0073913603590375666
1.7772772772770000227, 0.0073128189316650199
1.7797797797799999042, 0.0072356684990614092
1.7822822822819999189, 0.0071598742004319038
1.7847847847850000225, 0.0070854023033617968
1.7872872872870000371, 0.0070122201592474906
1.7897897897899999187, 0.0069402961607963592
1.7922922922919999333, 0.0068695997014855126
1.7947947947950000369, 0.0068001011368760897
1.7972972972970000516, 0.0067317717476858413
1.7997997997999999331, 0.0066645837045284512
1.8023023023019999478, 0.0065985100342334443
1.8048048048050000514, 0.0065335245876655037
1.8073073073070000660, 0.0064696020089667176
1.8098098098099999476, 0.0064067177061496623
1.8123123123119999622, 0.0063448478229733412
1.8148148148150000658, 0.0062839692120377922
1.8173173173170000805, 0.0062240594090369056
1.8198198198199999620, 0.0061650966081122126
1.8223223223219999767, 0.0061070596382537257
1.8248248248250000803, 0.0060499279406967827
1.8273273273270000949, 0.0059936815472667049
1.8298298298299999765, 0.0059383010596256829
1.8323323323319999911, 0.0058837676293787538
1.8348348348350000947, 0.0058300629389980898
1.8373373373370001094, 0.0057771691835269640
1.8398398398399999909, 0.0057250690530268288
1.8423423423420000056, 0.0056737457157328662
1.8448448448450001091, 0.0056231828018851963
1.8473473473469999018, 0.0055733643882046151
1.8498498498500000053, 0.0055242749829834039
1.8523523523520000200, 0.0054758995117631711
1.8548548548549999015, 0.0054282233035732545
1.8573573573569999162, 0.0053812320777044250
1.8598598598600000198, 0.0053349119309940270
1.8623623623620000345, 0.0052892493255998051
1.8648648648649999160, 0.0052442310772408641
1.8673673673669999307, 0.0051998443438852349
1.8698698698700000342, 0.0051560766148645827
1.8723723723720000489, 0.0051129157003975039
1.8748748748749999304, 0.0050703497215037942
1.8773773773769999451, 0.0050283671002929169
1.8798798798800000487, 0.0049869565506107244
1.8823823823820000634, 0.0049461070690292172
1.8848848848849999449, 0.0049058079261648999
1.8873873873869999596, 0.0048660486583119418
1.8898898898900000631, 0.0048268190593770185
1.8923923923920000778, 0.0047881091731033377
1.8948948948949999593, 0.0047499092855718961
1.8973973973969999740, 0.0047122099179686388
1.8998998999000000776, 0.0046750018196066280
1.9024024024020000923, 0.0046382759611929246
1.9049049049049999738, 0.0046020235283302721
1.9074074074069999885, 0.0045662359152441982
1.9099099099100000920, 0.0045309047187264782
1.9124124124120001067, 0.0044960217322864530
1.9149149149149999882, 0.0044615789405019132
1.9174174174170000029, 0.0044275685135617701
1.9199199199200001065, 0.0043939828019929801
1.9224224224219998991, 0.0043608143315645850
1.9249249249250000027, 0.0043280557983620110
1.9274274274270000173, 0.0042957000640250686
1.9299299299299998989, 0.0042637401511434149
1.9324324324319999135, 0.0042321692388034449
1.9349349349350000171, 0.0042009806582809089
1.9374374374370000318, 0.0041701678888737582
1.9399399399399999133, 0.0041397245538699334
1.9424424424419999280, 0.0041096444166451064
1.9449449449450000316, 0.0040799213768855161
1.9474474474470000462, 0.0040505494669312919
1.9499499499499999278, 0.0040215228482358397
1.9524524524519999424, 0.0039928358079370360
1.9549549549550000460, 0.0039644827555361728
1.9574574574570000607, 0.0039364582196807418
1.9599599599599999422, 0.0039087568450473205
1.9624624624619999569, 0.0038813733893209744
1.9649649649650000605, 0.0038543027202677235
1.9674674674670000751, 0.0038275398128967755
1.9699699699699999567, 0.0038010797467093417
1.9724724724719999713, 0.0037749177030310058
1.9749749749750000749, 0.0037490489624247064
1.9774774774770000896, 0.0037234689021815345
1.9799799799799999711, 0.0036981729938866340
1.9824824824819999858, 0.0036731568010576372
1.9849849849850000894, 0.0036484159768531105
1.9874874874870001040, 0.0036239462618486472
1.9899899899899999856, 0.0035997434818782845
1.9924924924920000002, 0.0035758035459390377
1.9949949949950001038, 0.0035521224441564295
1.9974974974969998964, 0.0035286962458089526
2.0000000000000000000, 0.0035055210974095125
