# Delta1: 0.465
# Delta2: 1.17
# Delta3: 1.355
# Dq: 0.1355
# Ds: 0.04
# Dt: 0.061000000000000006
# k1_lab: [1, 0, 0]
# k2_lab: [-0.8660254037844387, 0.49999999999999994, 0.0]
# k1_cf: [-0.573576436351046, -0.8191520442889919, 0.0]
# k2_cf: [0.9063077870366499, 0.42261826174069966, 0.0]
# pol1_lab: [(0, 1, 0), (0, 0, 1)]
# pol2_lab: [array([-0.5      , -0.8660254,  0.       ]), array([0., 0., 1.])]
# pol1_cf: [array([ 0.81915204, -0.57357644,  0.        ]), array([0., 0., 1.])]
# pol2_cf: [array([-0.42261826,  0.90630779,  0.        ]), array([0., 0., 1.])]
# cf: [array([-0.57357644,  0.81915204,  0.        ]), array([-0.81915204, -0.57357644,  0.        ]), array([0., 0., 1.])]
# th: 80
-0.5000000000000000000, 0.0047999791204256653
-0.4974974974974999964, 0.0048417337370540992
-0.4949949949949999928, 0.0048840853730961666
-0.4924924924924999892, 0.0049270458815884668
-0.4899899899899999856, 0.0049706274155343943
-0.4874874874874999819, 0.0050148424371169922
-0.4849849849849999783, 0.0050597037272445489
-0.4824824824824999747, 0.0051052243954427335
-0.4799799799800000266, 0.0051514178901077914
-0.4774774774775000230, 0.0051982980091359052
-0.4749749749750000194, 0.0052458789109446303
-0.4724724724725000158, 0.0052941751259030344
-0.4699699699700000122, 0.0053432015681879720
-0.4674674674675000086, 0.0053929735480847604
-0.4649649649650000049, 0.0054435067847514521
-0.4624624624625000013, 0.0054948174194667529
-0.4599599599599999977, 0.0055469220293827247
-0.4574574574574999941, 0.0055998376418043439
-0.4549549549549999905, 0.0056535817490191830
-0.4524524524524999869, 0.0057081723237015708
-0.4499499499499000077, 0.0057636278349168296
-0.4474474474474000041, 0.0058199672647525113
-0.4449449449449000005, 0.0058772101256048684
-0.4424424424423999969, 0.0059353764781502651
-0.4399399399398999932, 0.0059944869500327593
-0.4374374374373999896, 0.0060545627553006999
-0.4349349349348999860, 0.0061156257146268512
-0.4324324324323999824, 0.0061776982763484247
-0.4299299299298999788, 0.0062408035383652383
-0.4274274274273999752, 0.0063049652709363212
-0.4249249249249000271, 0.0063702079404172971
-0.4224224224224000235, 0.0064365567339833320
-0.4199199199199000199, 0.0065040375853846364
-0.4174174174174000163, 0.0065726772017841830
-0.4149149149149000126, 0.0066425030917300065
-0.4124124124124000090, 0.0067135435943172141
-0.4099099099099000054, 0.0067858279095979910
-0.4074074074074000018, 0.0068593861303010307
-0.4049049049048999982, 0.0069342492749253186
-0.4024024024023999946, 0.0070104493222767445
-0.3998998998998999910, 0.0070880192475200098
-0.3973973973973999874, 0.0071669930598223189
-0.3948948948948999838, 0.0072474058416696959
-0.3923923923923999801, 0.0073292937899415780
-0.3898898898898999765, 0.0074126942588341000
-0.3873873873873999729, 0.0074976458047278814
-0.3848848848849000248, 0.0075841882331017466
-0.3823823823824000212, 0.0076723626475997016
-0.3798798798799000176, 0.0077622115013650048
-0.3773773773774000140, 0.0078537786507618754
-0.3748748748749000104, 0.0079471094116127412
-0.3723723723724000068, 0.0080422506180865497
-0.3698698698699000031, 0.0081392506843821315
-0.3673673673673999995, 0.0082381596693592695
-0.3648648648648999959, 0.0083390293442797206
-0.3623623623623999923, 0.0084419132638304667
-0.3598598598598999887, 0.0085468668406123612
-0.3573573573573999851, 0.0086539474232887881
-0.3548548548548999815, 0.0087632143786015287
-0.3523523523523999779, 0.0088747291774741652
-0.3498498498497999987, 0.0089885554854376177
-0.3473473473472999951, 0.0091047592576277390
-0.3448448448447999914, 0.0092234088386211246
-0.3423423423422999878, 0.0093445750673930641
-0.3398398398397999842, 0.0094683313877002712
-0.3373373373372999806, 0.0095947539642113090
-0.3348348348347999770, 0.0097239218047295763
-0.3323323323322999734, 0.0098559168888770338
-0.3298298298298000253, 0.0099908243036320333
-0.3273273273273000217, 0.0101287323861419514
-0.3248248248248000181, 0.0102697328742605218
-0.3223223223223000145, 0.0104139210652911107
-0.3198198198198000108, 0.0105613959834515870
-0.3173173173173000072, 0.0107122605566128508
-0.3148148148148000036, 0.0108666218029027234
-0.3123123123123000000, 0.0110245910278101208
-0.3098098098097999964, 0.0111862840324700730
-0.3073073073072999928, 0.0113518213338609630
-0.3048048048047999892, 0.0115213283976990724
-0.3023023023022999856, 0.0116949358848743978
-0.2997997997997999819, 0.0118727799123355127
-0.2972972972972999783, 0.0120550023293999574
-0.2947947947947999747, 0.0122417510105417848
-0.2922922922923000266, 0.0124331801657893305
-0.2897897897898000230, 0.0126294506699541290
-0.2872872872873000194, 0.0128307304120088526
-0.2847847847848000158, 0.0130371946660360633
-0.2822822822823000122, 0.0132490264852836662
-0.2797797797798000086, 0.0134664171209875772
-0.2772772772773000050, 0.0136895664677565976
-0.2747747747748000013, 0.0139186835374633302
-0.2722722722722999977, 0.0141539869637455698
-0.2697697697697999941, 0.0143957055393993932
-0.2672672672672999905, 0.0146440787891384781
-0.2647647647647999869, 0.0148993575804050888
-0.2622622622622999833, 0.0151618047751501048
-0.2597597597597999797, 0.0154316959257536322
-0.2572572572572999761, 0.0157093200185361957
-0.2547547547547999724, 0.0159949802686175785
-0.2522522522523000243, 0.0162889949702166095
-0.2497497497496999896, 0.0165916984068566024
-0.2472472472472000138, 0.0169034418263494350
-0.2447447447447000102, 0.0172245944858819382
-0.2422422422422000066, 0.0175555447730254242
-0.2397397397397000030, 0.0178967014090389530
-0.2372372372371999993, 0.0182484947414440317
-0.2347347347346999957, 0.0186113781335221461
-0.2322322322321999921, 0.0189858294591312704
-0.2297297297296999885, 0.0193723527120653466
-0.2272272272272000126, 0.0197714797400994520
-0.2247247247247000090, 0.0201837721148849999
-0.2222222222222000054, 0.0206098231499966186
-0.2197197197197000018, 0.0210502600807001422
-0.2172172172171999982, 0.0215057464204250932
-0.2147147147146999946, 0.0219769845105053409
-0.2122122122121999910, 0.0224647182815190007
-0.2097097097096999874, 0.0229697362465376594
-0.2072072072072000115, 0.0234928747488152984
-0.2047047047047000079, 0.0240350214889393198
-0.2022022022022000043, 0.0245971193592692643
-0.1996996996997000007, 0.0251801706166446052
-0.1971971971971999971, 0.0257852414279017526
-0.1946946946946999935, 0.0264134668267593797
-0.1921921921921999898, 0.0270660561251760481
-0.1896896896896999862, 0.0277442988274326854
-0.1871871871872000104, 0.0284495711010328833
-0.1846846846847000068, 0.0291833428651508096
-0.1821821821822000032, 0.0299471855649107929
-0.1796796796796999995, 0.0307427807083949095
-0.1771771771771999959, 0.0315719292531117038
-0.1746746746746999923, 0.0324365619399139410
-0.1721721721721999887, 0.0333387506852547214
-0.1696696696697000128, 0.0342807211574868709
-0.1671671671672000092, 0.0352648666799603855
-0.1646646646647000056, 0.0362937636233288743
-0.1621621621622000020, 0.0373701884721878014
-0.1596596596596999984, 0.0384971367774618392
-0.1571571571571999948, 0.0396778442364698267
-0.1546546546546999912, 0.0409158101780802350
-0.1521521521521999876, 0.0422148237717272362
-0.1496496496496000084, 0.0435789933273886751
-0.1471471471471000048, 0.0450127791102295921
-0.1446446446446000011, 0.0465210301600884196
-0.1421421421420999975, 0.0481090256842478595
-0.1396396396395999939, 0.0497825216843241075
-0.1371371371370999903, 0.0515478035875016546
-0.1346346346345999867, 0.0534117457822170516
-0.1321321321321000108, 0.0553818791130727406
-0.1296296296296000072, 0.0574664675745442180
-0.1271271271271000036, 0.0596745956644926662
-0.1246246246246000000, 0.0620162681248001280
-0.1221221221220999964, 0.0645025241177713815
-0.1196196196196000067, 0.0671455682760925959
-0.1171171171171000031, 0.0699589215371643203
-0.1146146146145999994, 0.0729575952498649205
-0.1121121121120999958, 0.0761582927490661449
-0.1096096096096000061, 0.0795796434634777755
-0.1071071071071000025, 0.0832424756979013164
-0.1046046046045999989, 0.0871701355662799771
-0.1021021021020999953, 0.0913888612177304327
-0.0995995995996000055, 0.0959282235863012228
-0.0970970970971000019, 0.1008216475275648810
-0.0945945945945900063, 0.1061070305411753595
-0.0920920920920900027, 0.1118274805307595404
-0.0895895895895899991, 0.1180321995054404993
-0.0870870870870899955, 0.1247775471645773265
-0.0845845845845799998, 0.1321283274502800809
-0.0820820820820799962, 0.1401593531150399086
-0.0795795795795800065, 0.1489573591211202641
-0.0770770770770800029, 0.1586233566396177130
-0.0745745745745699934, 0.1692755474862317477
-0.0720720720720700037, 0.1810529567698060671
-0.0695695695695700000, 0.1941199932932088368
-0.0670670670670699964, 0.2086722185812831254
-0.0645645645645600008, 0.2249437047718065852
-0.0620620620620599972, 0.2432165015909309724
-0.0595595595595600005, 0.2638329322788838249
-0.0570570570570599969, 0.2872117268230487963
-0.0545545545545500013, 0.3138694236706130458
-0.0520520520520499977, 0.3444491003142590158
-0.0495495495495500010, 0.3797594451667577475
-0.0470470470470499974, 0.4208286497356157341
-0.0445445445445400018, 0.4689799042459815714
-0.0420420420420399982, 0.5259389786525995314
-0.0395395395395400015, 0.5939904510534318449
-0.0370370370370399979, 0.6762094055586371777
-0.0345345345345300023, 0.7768132479694060955
-0.0320320320320299987, 0.9017102880111689256
-0.0295295295295299985, 1.0593813346606331116
-0.0270270270270299984, 1.2623462828179636830
-0.0245245245245199993, 1.5297034254893862038
-0.0220220220220199991, 1.8917368281845199363
-0.0195195195195199990, 2.3987531827100778692
-0.0170170170170199989, 3.1392021872037649821
-0.0145145145145099998, 4.2800043839946244617
-0.0120120120120099996, 6.1659754382606024592
-0.0095095095095099995, 9.5990772905295536077
-0.0070070070070070000, 16.7650432978240324644
-0.0045045045045049997, 34.9586024409275140101
-0.0020020020020019998, 90.4432242929203340509
0.0005005005005005000, 142.7206065707527784525
0.0030030030030029999, 60.7665387194649753155
0.0055055055055059999, 25.3786381326752241705
0.0080080080080079993, 13.1855486612141792335
0.0105105105105099995, 7.9517727806364248977
0.0130130130130099997, 5.2870575369858556769
0.0155155155155200005, 3.7598135605405014203
0.0180180180180199989, 2.8072290223747802251
0.0205205205205199991, 2.1745251449912257335
0.0230230230230199992, 1.7334638918499585269
0.0255255255255299983, 1.4140024541792313162
0.0280280280280299984, 1.1753294239552385392
0.0305305305305299986, 0.9923887902383511372
0.0330330330330299987, 0.8491193793098916753
0.0355355355355400013, 0.7348465867676268193
0.0380380380380399979, 0.6422542531876069827
0.0405405405405400016, 0.5661935547888711229
0.0430430430430399982, 0.5029566087741996760
0.0455455455455500008, 0.4498187600703928979
0.0480480480480499975, 0.4047417894059622268
0.0505505505505500011, 0.3661765370786446150
0.0530530530530499977, 0.3329286546100120869
0.0555555555555600003, 0.3040654356610928422
0.0580580580580599970, 0.2788499724348421083
0.0605605605605600006, 0.2566938527714867635
0.0630630630630600042, 0.2371226656700882451
0.0655655655655699998, 0.2197505014398627166
0.0680680680680700034, 0.2042608636989260151
0.0705705705705699932, 0.1903922154611751016
0.0730730730730699968, 0.1779269172400808618
0.0755755755755800063, 0.1666826773212010948
0.0780780780780799960, 0.1565058829380717997
0.0805805805805799996, 0.1472663540383973013
0.0830830830830800032, 0.1388531832040760805
0.0855855855855899988, 0.1311714121998382721
0.0880880880880900025, 0.1241393582942383611
0.0905905905905900061, 0.1176864491574825117
0.0930930930930899958, 0.1117514587350338373
0.0955955955956000053, 0.1062810614403656151
0.0980980980980999950, 0.1012286406924575582
0.1006006006005999986, 0.0965533019301856865
0.1031031031031000023, 0.0922190509696294847
0.1056056056056000059, 0.0881941067975973159
0.1081081081080999956, 0.0844503242444034491
0.1106106106105999992, 0.0809627069118261100
0.1131131131131000028, 0.0777089945883349120
0.1156156156156000064, 0.0746693124160602573
0.1181181181180999962, 0.0718258714720760166
0.1206206206205999998, 0.0691627123333117821
0.1231231231231000034, 0.0666654847183022342
0.1256256256256000070, 0.0643212575228979955
0.1281281281281000106, 0.0621183545547034088
0.1306306306305999865, 0.0600462120715827968
0.1331331331330999901, 0.0580952548813354341
0.1356356356355999937, 0.0562567882924540075
0.1381381381380999973, 0.0545229036431966393
0.1406406406406000009, 0.0528863954965150748
0.1431431431431000045, 0.0513406888863502386
0.1456456456456000081, 0.0498797752480892309
0.1481481481481000118, 0.0484981558719078804
0.1506506506506999910, 0.0471907918897768106
0.1531531531531999946, 0.0459530599511220605
0.1556556556556999982, 0.0447807128633797777
0.1581581581582000018, 0.0436698445759304693
0.1606606606607000054, 0.0426168589723680338
0.1631631631632000090, 0.0416184420093918470
0.1656656656657000126, 0.0406715368029710866
0.1681681681681999885, 0.0397733213156005114
0.1706706706706999921, 0.0389211883439175080
0.1731731731731999957, 0.0381127275448985836
0.1756756756756999993, 0.0373457092723140094
0.1781781781782000029, 0.0366180700239288337
0.1806806806807000065, 0.0359278993248093731
0.1831831831832000101, 0.0352734278936079892
0.1856856856857000138, 0.0346530169573555438
0.1881881881881999896, 0.0340651485965070000
0.1906906906906999932, 0.0335084170161098344
0.1931931931931999968, 0.0329815206512997922
0.1956956956957000004, 0.0324832550261242164
0.1981981981982000041, 0.0320125062941636340
0.2007007007007000077, 0.0315682453977561978
0.2032032032032000113, 0.0311495227899763957
0.2057057057056999871, 0.0307554636700209452
0.2082082082081999908, 0.0303852636884226548
0.2107107107106999944, 0.0300381850836476810
0.2132132132131999980, 0.0297135532162221931
0.2157157157157000016, 0.0294107534706522650
0.2182182182182000052, 0.0291292284991158737
0.2207207207207000088, 0.0288684757842729983
0.2232232232232000124, 0.0286280455016111671
0.2257257257256999883, 0.0284075386645656625
0.2282282282281999919, 0.0282066055382647306
0.2307307307306999955, 0.0280249443101896478
0.2332332332331999991, 0.0278623000083405709
0.2357357357357000027, 0.0277184636596919248
0.2382382382382000063, 0.0275932716838381900
0.2407407407407000099, 0.0274866055187979394
0.2432432432432000136, 0.0273983914779905788
0.2457457457456999894, 0.0273286008394537788
0.2482482482481999930, 0.0272772501704573699
0.2507507507508000000, 0.0272444018928219289
0.2532532532533000036, 0.0272301650964965267
0.2557557557558000072, 0.0272346966113243272
0.2582582582583000108, 0.0272582023494611705
0.2607607607608000144, 0.0273009389336516112
0.2632632632633000180, 0.0273632156295507550
0.2657657657658000216, 0.0274453966035612847
0.2682682682683000253, 0.0275479035312845566
0.2707707707707999734, 0.0276712185857315232
0.2732732732732999770, 0.0278158878389739260
0.2757757757757999806, 0.0279825251160242192
0.2782782782782999842, 0.0281718163455173913
0.2807807807807999878, 0.0283845244583382922
0.2832832832832999914, 0.0286214948928387655
0.2857857857857999950, 0.0288836617738742647
0.2882882882882999986, 0.0291720548427513333
0.2907907907908000023, 0.0294878072265433236
0.2932932932933000059, 0.0298321641483622682
0.2957957957958000095, 0.0302064926953981017
0.2982982982983000131, 0.0306122927792256763
0.3008008008008000167, 0.0310512094434966385
0.3033033033033000203, 0.0315250466982309671
0.3058058058058000239, 0.0320357830881580902
0.3083083083083000275, 0.0325855892357459903
0.3108108108107999756, 0.0331768476386683012
0.3133133133132999792, 0.0338121750476879646
0.3158158158157999829, 0.0344944478057457316
0.3183183183182999865, 0.0352268305942093352
0.3208208208207999901, 0.0360128091099815376
0.3233233233232999937, 0.0368562272901969482
0.3258258258257999973, 0.0377613298129388514
0.3283283283283000009, 0.0387328107369997385
0.3308308308308000045, 0.0397758693064415719
0.3333333333333000081, 0.0408962741432273291
0.3358358358358000118, 0.0421004372918221820
0.3383383383383000154, 0.0433954998740087028
0.3408408408408000190, 0.0447894314737120464
0.3433433433433000226, 0.0462911458176459845
0.3458458458458000262, 0.0479106358703275600
0.3483483483482999743, 0.0496591321501953925
0.3508508508509000090, 0.0515492889346663499
0.3533533533534000126, 0.0535954041049733348
0.3558558558559000162, 0.0558136797510775107
0.3583583583584000198, 0.0582225323984687029
0.3608608608609000235, 0.0608429639464618602
0.3633633633634000271, 0.0636990072753157444
0.3658658658658999752, 0.0668182641952282108
0.3683683683683999788, 0.0702325582581028729
0.3708708708708999824, 0.0739787313242074862
0.3733733733733999860, 0.0780996212137733958
0.3758758758758999896, 0.0826452690401125317
0.3783783783783999932, 0.0876744199945853203
0.3808808808808999968, 0.0932564019779305448
0.3833833833834000004, 0.0994734947796976354
0.3858858858859000041, 0.1064239417657311393
0.3883883883884000077, 0.1142258110873833749
0.3908908908909000113, 0.1230219915537852371
0.3933933933934000149, 0.1329867206040530603
0.3958958958959000185, 0.1443342054534503260
0.3983983983984000221, 0.1573301404972528017
0.4009009009009000257, 0.1723072877581782181
0.4034034034033999738, 0.1896868433473469229
0.4059059059058999774, 0.2100081797312623455
0.4084084084083999810, 0.2339709328896504570
0.4109109109108999847, 0.2624956488180131275
0.4134134134133999883, 0.2968129523105891288
0.4159159159158999919, 0.3385976361422492475
0.4184184184183999955, 0.3901754664552277152
0.4209209209208999991, 0.4548514075021545255
0.4234234234234000027, 0.5374478729139894329
0.4259259259259000063, 0.6452213012315132223
0.4284284284284000099, 0.7894930268929317707
0.4309309309309000136, 0.9887053232727354146
0.4334334334334000172, 1.2745140410750752658
0.4359359359359000208, 1.7048859464581644918
0.4384384384384000244, 2.3950116934882590414
0.4409409409408999725, 3.5994205888740933297
0.4434434434433999761, 5.9657840048198043092
0.4459459459458999797, 11.4812625152895755321
0.4484484484483999833, 27.4960178983752818738
0.4509509509510000180, 64.4816262539744684545
0.4534534534535000216, 40.7381283169440280290
0.4559559559560000253, 15.7549179784328039489
0.4584584584584999734, 7.5626671731938195364
0.4609609609609999770, 4.3342872706884651990
0.4634634634634999806, 2.7870386008666034883
0.4659659659659999842, 1.9368358577495392581
0.4684684684684999878, 1.4224602012739633317
0.4709709709709999914, 1.0885517305927530085
0.4734734734734999950, 0.8598851877577129432
0.4759759759759999986, 0.6965921454526604606
0.4784784784785000022, 0.5759937507252399502
0.4809809809810000059, 0.4844359911323514734
0.4834834834835000095, 0.4133072896180957079
0.4859859859860000131, 0.3569618634168946758
0.4884884884885000167, 0.3115750695405117843
0.4909909909910000203, 0.2744822412968345171
0.4934934934935000239, 0.2437812156918277573
0.4959959959960000275, 0.2180849835998807107
0.4984984984984999756, 0.1963630496201621833
0.5010010010009999792, 0.1778369492967215026
0.5035035035035000384, 0.1619097952634988569
0.5060060060059999865, 0.1481177595527065072
0.5085085085085000456, 0.1360960246159841902
0.5110110110109999937, 0.1255544767271393747
0.5135135135135000528, 0.1162600830814771447
0.5160160160160000009, 0.1080239328089461215
0.5185185185184999490, 0.1006915834160041767
0.5210210210210000081, 0.0941357834628580720
0.5235235235234999562, 0.0882509260262365203
0.5260260260260000154, 0.0829487781706154809
0.5285285285284999635, 0.0781551617533370463
0.5310310310310000226, 0.0738073509265105704
0.5335335335334999707, 0.0698520148324088541
0.5360360360360000298, 0.0662435788024373917
0.5385385385384999779, 0.0629429095437508274
0.5410410410410000370, 0.0599162531448426128
0.5435435435434999851, 0.0571343718436916753
0.5460460460460000442, 0.0545718381627979393
0.5485485485484999924, 0.0522064544658284724
0.5510510510510999715, 0.0500187731036870059
0.5535535535536000307, 0.0479916977140266154
0.5560560560560999788, 0.0461101503624989847
0.5585585585586000379, 0.0443607923885306066
0.5610610610610999860, 0.0427317892782456271
0.5635635635636000451, 0.0412126118053737986
0.5660660660660999932, 0.0397938671859153284
0.5685685685686000523, 0.0384671551798467098
0.5710710710711000004, 0.0372249450153538802
0.5735735735735999485, 0.0360604697625768536
0.5760760760761000077, 0.0349676353862528114
0.5785785785785999558, 0.0339409421918519597
0.5810810810811000149, 0.0329754167724109065
0.5835835835835999630, 0.0320665528823527793
0.5860860860861000221, 0.0312102599250077342
0.5885885885885999702, 0.0304028179539588758
0.5910910910911000293, 0.0296408382639058617
0.5935935935935999774, 0.0289212287917136671
0.5960960960961000366, 0.0282411636684604013
0.5985985985985999847, 0.0275980563632128792
0.6011011011011000438, 0.0269895359426281997
0.6036036036035999919, 0.0264134260402666202
0.6061061061061000510, 0.0258677261881024544
0.6086086086085999991, 0.0253505952120740216
0.6111111111110999472, 0.0248603364352033632
0.6136136136136000063, 0.0243953844671285433
0.6161161161160999544, 0.0239542933888845962
0.6186186186186000135, 0.0235357261673100511
0.6211211211210999616, 0.0231384451552625464
0.6236236236236000208, 0.0227613035524897797
0.6261261261260999689, 0.0224032377180132004
0.6286286286286000280, 0.0220632602386500003
0.6311311311310999761, 0.0217404536701646944
0.6336336336336000352, 0.0214339648777902812
0.6361361361360999833, 0.0211429999117299372
0.6386386386386000424, 0.0208668193609443005
0.6411411411410999905, 0.0206047341352161711
0.6436436436436000497, 0.0203561016313073863
0.6461461461460999978, 0.0201203222441024565
0.6486486486485999459, 0.0198968361880740296
0.6511511511512000361, 0.0196851205982930683
0.6536536536536999842, 0.0194846868836172395
0.6561561561562000433, 0.0192950783076875493
0.6586586586586999914, 0.0191158677760011643
0.6611611611612000505, 0.0189466558096533441
0.6636636636636999986, 0.0187870686883948139
0.6661661661661999467, 0.0186367567474668774
0.6686686686687000059, 0.0184953928142849965
0.6711711711711999540, 0.0183626707724684618
0.6736736736737000131, 0.0182383042419814699
0.6761761761761999612, 0.0181220253652787516
0.6786786786787000203, 0.0180135836903540583
0.6811811811811999684, 0.0179127451424861348
0.6836836836837000275, 0.0178192910772785179
0.6861861861861999756, 0.0177330174083059795
0.6886886886887000347, 0.0176537338033231871
0.6911911911911999828, 0.0175812629435673981
0.6936936936937000420, 0.0175154398412050091
0.6961961961961999901, 0.0174561112104378927
0.6986986986987000492, 0.0174031348882053571
0.7012012012011999973, 0.0173563793007966496
0.7037037037036999454, 0.0173157229730313660
0.7062062062062000045, 0.0172810540769753121
0.7087087087086999526, 0.0172522700174402507
0.7112112112112000117, 0.0172292770517714772
0.7137137137136999598, 0.0172119899416590498
0.7162162162162000190, 0.0172003316349205078
0.7187187187186999671, 0.0171942329753957505
0.7212212212212000262, 0.0171936324392717617
0.7237237237236999743, 0.0171984758963170704
0.7262262262262000334, 0.0172087163946546447
0.7287287287286999815, 0.0172243139678395010
0.7312312312312000406, 0.0172452354631342127
0.7337337337336999887, 0.0172714543899930850
0.7362362362362000479, 0.0173029507878754638
0.7387387387386999960, 0.0173397111126106507
0.7412412412412000551, 0.0173817281406327545
0.7437437437437000032, 0.0174290008904940327
0.7462462462461999513, 0.0174815345611504455
0.7487487487487000104, 0.0175393404865941682
0.7512512512512999896, 0.0176024361064851947
0.7537537537538000487, 0.0176708449525085909
0.7562562562562999968, 0.0177445966502556701
0.7587587587587999449, 0.0178237269364973257
0.7612612612613000040, 0.0179082776917861355
0.7637637637637999521, 0.0179982969883911124
0.7662662662663000113, 0.0180938391536359031
0.7687687687687999594, 0.0181949648487778129
0.7712712712713000185, 0.0183017411636321736
0.7737737737737999666, 0.0184142417272141895
0.7762762762763000257, 0.0185325468347397534
0.7787787787787999738, 0.0186567435913970632
0.7812812812813000329, 0.0187869260733741043
0.7837837837837999810, 0.0189231955067023713
0.7862862862863000402, 0.0190656604645559231
0.7887887887887999883, 0.0192144370837272413
0.7912912912913000474, 0.0193696493010880114
0.7937937937937999955, 0.0195314291109341988
0.7962962962963000546, 0.0196999168442119274
0.7987987987988000027, 0.0198752614707236562
0.8013013013012999508, 0.0200576209255241070
0.8038038038038000099, 0.0202471624608333844
0.8063063063062999580, 0.0204440630249207930
0.8088088088088000172, 0.0206485096695491026
0.8113113113112999653, 0.0208606999877153469
0.8138138138138000244, 0.0210808425835829032
0.8163163163162999725, 0.0213091575766708036
0.8188188188188000316, 0.0215458771425524193
0.8213213213212999797, 0.0217912460925174176
0.8238238238238000388, 0.0220455224948709269
0.8263263263262999869, 0.0223089783407830304
0.8288288288288000460, 0.0225819002578631634
0.8313313313312999941, 0.0228645902749191783
0.8338338338338000533, 0.0231573666416732826
0.8363363363363000014, 0.0234605647075488109
0.8388388388387999495, 0.0237745378640166413
0.8413413413413000086, 0.0240996585554022549
0.8438438438437999567, 0.0244363193635055084
0.8463463463463000158, 0.0247849341718845775
0.8488488488487999639, 0.0251459394162025507
0.8513513513514000541, 0.0255197954276399075
0.8538538538539000022, 0.0259069878770445960
0.8563563563563999503, 0.0263080293282270464
0.8588588588589000095, 0.0267234609096258999
0.8613613613613999576, 0.0271538541144724921
0.8638638638639000167, 0.0275998127405853062
0.8663663663663999648, 0.0280619749820391895
0.8688688688689000239, 0.0285410156861891015
0.8713713713713999720, 0.0290376487909075713
0.8738738738739000311, 0.0295526299584261617
0.8763763763763999792, 0.0300867594238833670
0.8788788788789000384, 0.0306408850785922504
0.8813813813813999865, 0.0312159058101760117
0.8838838838839000456, 0.0318127751241148726
0.8863863863863999937, 0.0324325050739278017
0.8888888888889000528, 0.0330761705302248729
0.8913913913914000009, 0.0337449138222530171
0.8938938938938999490, 0.0344399497893661810
0.8963963963964000081, 0.0351625712841525245
0.8988988988988999562, 0.0359141551737995543
0.9014014014014000153, 0.0366961688917660442
0.9039039039038999634, 0.0375101775980441962
0.9064064064064000226, 0.0383578520133395495
0.9089089089088999707, 0.0392409770005082148
0.9114114114114000298, 0.0401614609756992882
0.9139139139138999779, 0.0411213462420393430
0.9164164164164000370, 0.0421228203505589829
0.9189189189188999851, 0.0431682286066266269
0.9214214214214000442, 0.0442600878557119493
0.9239239239238999923, 0.0454011017001543712
0.9264264264264000515, 0.0465941773191572844
0.9289289289288999996, 0.0478424440879141599
0.9314314314313999477, 0.0491492742191239895
0.9339339339339000068, 0.0505183056818288984
0.9364364364363999549, 0.0519534676892403832
0.9389389389389000140, 0.0534590090899382669
0.9414414414413999621, 0.0550395300466126683
0.9439439439439000212, 0.0567000174446657818
0.9464464464463999693, 0.0584458845411026939
0.9489489489489000285, 0.0602830154440881574
0.9514514514515000076, 0.0622178151076638666
0.9539539539539999558, 0.0642572656372102646
0.9564564564565000149, 0.0664089898327085287
0.9589589589589999630, 0.0686813230529446511
0.9614614614615000221, 0.0710833946696087515
0.9639639639639999702, 0.0736252206021738437
0.9664664664665000293, 0.0763178086903418956
0.9689689689689999774, 0.0791732789804840548
0.9714714714715000365, 0.0822050013881118757
0.9739739739739999846, 0.0854277536652288810
0.9764764764765000438, 0.0888579031686798637
0.9789789789789999919, 0.0925136166176328961
0.9814814814815000510, 0.0964151028759027556
0.9839839839839999991, 0.1005848948373784524
0.9864864864864999472, 0.1050481777807373979
0.9889889889890000063, 0.1098331731580418080
0.9914914914914999544, 0.1149715887750277221
0.9939939939940000135, 0.1204991488188460608
0.9964964964964999616, 0.1264562203359879677
0.9989989989990000208, 0.1328885567493882647
1.0015015015019999023, 0.1398481840822602962
1.0040040040039999170, 0.1473944620653689641
1.0065065065070000205, 0.1555953607002519001
1.0090090090090000352, 0.1645290037525648508
1.0115115115119999167, 0.1742855449048952010
1.0140140140139999314, 0.1849694610774270664
1.0165165165170000350, 0.1967023723578424366
1.0190190190190000497, 0.2096265313613306369
1.0215215215219999312, 0.2239091699237122368
1.0240240240239999459, 0.2397479524899249759
1.0265265265270000494, 0.2573778701835562899
1.0290290290290000641, 0.2770800273038986905
1.0315315315319999456, 0.2991929377403488854
1.0340340340339999603, 0.3241271849220588863
1.0365365365370000639, 0.3523846397414689413
1.0390390390390000785, 0.3845839297834724446
1.0415415415419999601, 0.4214945946390595832
1.0440440440439999747, 0.4640834822787892056
1.0465465465470000783, 0.5135786644067991125
1.0490490490490000930, 0.5715588509286589902
1.0515515515519999745, 0.6400806132658533043
1.0540540540539999892, 0.7218628283685798452
1.0565565565570000928, 0.8205597122415674294
1.0590590590590001074, 0.9411745327360612201
1.0615615615619999890, 1.0907031801166056084
1.0640640640640000036, 1.2791656219092455427
1.0665665665670001072, 1.5213164636565130738
1.0690690690689998998, 1.8395960021303228160
1.0715715715720000034, 2.2694619418254728949
1.0740740740740000181, 2.8695637409743448565
1.0765765765769998996, 3.7424775108495973441
1.0790790790789999143, 5.0805027999809500017
1.0815815815820000179, 7.2774919681386469605
1.0840840840840000325, 11.2391037815027701185
1.0865865865869999141, 19.3964124782156730475
1.0890890890889999287, 39.7197507588318714511
1.0915915915920000323, 101.4827521990281411490
1.0940940940940000470, 178.6066012558118814013
1.0965965965969999285, 80.5520659774125391550
1.0990990990989999432, 33.0088443575723573531
1.1016016016020000468, 16.8843500561342487742
1.1041041041040000614, 10.0821648680363242789
1.1066066066069999430, 6.6606137132035891923
1.1091091091089999576, 4.7162159465433068917
1.1116116116120000612, 3.5109770290478161670
1.1141141141140000759, 2.7142615193566710374
1.1166166166169999574, 2.1609570958616481917
1.1191191191189999721, 1.7614338282359209842
1.1216216216220000756, 1.4637242560723549012
1.1241241241240000903, 1.2360514402284628055
1.1266266266269999718, 1.0581142824360969534
1.1291291291289999865, 0.9164585401761765615
1.1316316316320000901, 0.8018854600619629291
1.1341341341340001048, 0.7079351109460506608
1.1366366366369999863, 0.6299641953617338697
1.1391391391390000010, 0.5645664691160058313
1.1416416416420001045, 0.5091977859063745449
1.1441441441439998972, 0.4619272459957556864
1.1466466466470000007, 0.4212682445342864068
1.1491491491490000154, 0.3860614115838996718
1.1516516516519998969, 0.3553920095894769204
1.1541541541539999116, 0.3285306739599475612
1.1566566566570000152, 0.3048902570096768683
1.1591591591590000299, 0.2839939661756736844
1.1616616616619999114, 0.2654515445051525702
1.1641641641639999261, 0.2489412581245529776
1.1666666666670000296, 0.2341961310333580959
1.1691691691690000443, 0.2209933238598821292
1.1716716716719999258, 0.2091458660247917656
1.1741741741739999405, 0.1984961682067820088
1.1766766766770000441, 0.1889108951438233652
1.1791791791790000588, 0.1802768879824087622
1.1816816816819999403, 0.1724979041399024582
1.1841841841839999550, 0.1654920000969786198
1.1866866866870000585, 0.1591894249236906478
1.1891891891890000732, 0.1535309239796297520
1.1916916916919999547, 0.1484663761423685724
1.1941941941939999694, 0.1439537062613897023
1.1966966966970000730, 0.1399580288629714564
1.1991991991990000876, 0.1364509905940195500
1.2017017017019999692, 0.1334102883632182490
1.2042042042039999838, 0.1308193483096085907
1.2067067067070000874, 0.1286671581877618098
1.2092092092090001021, 0.1269482530435621093
1.2117117117119999836, 0.1256628617127160397
1.2142142142139999983, 0.1248172303222715301
1.2167167167170001019, 0.1244241493739168536
1.2192192192189998945, 0.1245037241404366168
1.2217217217219999981, 0.1250844454052582322
1.2242242242240000127, 0.1262046410176671518
1.2267267267269998943, 0.1279144212664701519
1.2292292292289999089, 0.1302782771209949897
1.2317317317320000125, 0.1333785567392292148
1.2342342342340000272, 0.1373201428977979255
1.2367367367369999087, 0.1422367990150840145
1.2392392392389999234, 0.1482998715564547432
1.2417417417420000270, 0.1557303771014756921
1.2442442442440000416, 0.1648160398947787764
1.2467467467469999232, 0.1759357133977098586
1.2492492492489999378, 0.1895950545747057403
1.2517517517520000414, 0.2064797584841800426
1.2542542542540000561, 0.2275369313122098669
1.2567567567569999376, 0.2541029138748355232
1.2592592592589999523, 0.2881104154679123286
1.2617617617620000559, 0.3324363912984169001
1.2642642642640000705, 0.3915110713218351579
1.2667667667669999521, 0.4724374795558426432
1.2692692692689999667, 0.5871723495673777382
1.2717717717720000703, 0.7570837003916346397
1.2742742742740000850, 1.0233349382495635638
1.2767767767769999665, 1.4732576505341099526
1.2792792792789999812, 2.3173030670263181641
1.2817817817820000847, 4.1568370197692985357
1.2842842842840000994, 9.1029237518029777476
1.2867867867869999809, 23.7109768998743213331
1.2892892892889999956, 25.6539873857708897731
1.2917917917920000992, 9.9663866727856920136
1.2942942942939998918, 4.4463826064980205288
1.2967967967969999954, 2.4393393763997601731
1.2992992992990000101, 1.5350814050228109853
1.3018018018019998916, 1.0591995108758998079
1.3043043043039999063, 0.7802273336573468665
1.3068068068070000098, 0.6035181402166942544
1.3093093093090000245, 0.4849525402464972546
1.3118118118119999060, 0.4018242353048819271
1.3143143143139999207, 0.3415155705958958232
1.3168168168170000243, 0.2965748713213502974
1.3193193193190000390, 0.2623790440540927915
1.3218218218219999205, 0.2359414049334581376
1.3243243243239999352, 0.2152666560863687462
1.3268268268270000387, 0.1989842207638313765
1.3293293293290000534, 0.1861309081453436098
1.3318318318319999349, 0.1760174144290679865
1.3343343343339999496, 0.1681437893366374559
1.3368368368370000532, 0.1621445193180043320
1.3393393393390000679, 0.1577521005339589943
1.3418418418419999494, 0.1547725024883070954
1.3443443443439999641, 0.1530685058016414968
1.3468468468470000676, 0.1525484197624072946
1.3493493493490000823, 0.1531586119590236106
1.3518518518519999638, 0.1548788668088537657
1.3543543543539999785, 0.1577199752423179557
1.3568568568570000821, 0.1617232284747497362
1.3593593593590000967, 0.1669616974238801455
1.3618618618619999783, 0.1735433622456930003
1.3643643643639999929, 0.1816163429612182023
1.3668668668670000965, 0.1913767013138882589
1.3693693693689998891, 0.2030795712322963076
1.3718718718719999927, 0.2170547805400496466
1.3743743743740000074, 0.2337287269706769810
1.3768768768770001110, 0.2536551927008907081
1.3793793793789999036, 0.2775592357524204190
1.3818818818820000072, 0.3064006537273690767
1.3843843843840000218, 0.3414674401693312822
1.3868868868869999034, 0.3845163790566308859
1.3893893893889999180, 0.4379898146857407193
1.3918918918920000216, 0.5053594119426708664
1.3943943943940000363, 0.5916892134811089221
1.3968968968969999178, 0.7045929962144976688
1.3993993993989999325, 0.8559345283363291035
1.4019019019020000361, 1.0650064454569636574
1.4044044044040000507, 1.3648504022006666681
1.4069069069069999323, 1.8157976666477855243
1.4094094094089999469, 2.5372932745028573542
1.4119119119120000505, 3.7919757221661432034
1.4144144144140000652, 6.2437606615565890422
1.4169169169169999467, 11.9124524962456028732
1.4194194194189999614, 28.2393224700818450401
1.4219219219220000650, 67.7444381816734448876
1.4244244244240000796, 45.2934966723681426970
1.4269269269269999612, 17.4402946216609784358
1.4294294294289999758, 8.3039665336891044234
1.4319319319320000794, 4.7362795642331683155
1.4344344344340000941, 3.0376363268545567564
1.4369369369369999756, 2.1083941107612362842
1.4394394394389999903, 1.5479214758949075836
1.4419419419420000938, 1.1848664448578447583
1.4444444444440001085, 0.9366081959408073532
1.4469469469469999900, 0.7595004860569063432
1.4494494494490000047, 0.6287790826343434558
1.4519519519520001083, 0.5295653171417799010
1.4544544544539999009, 0.4524911921787179159
1.4569569569570000045, 0.3914237222344987832
1.4594594594590000192, 0.3422131782024122049
1.4619619619619999007, 0.3019713328672732899
1.4644644644639999154, 0.2686382181856101226
1.4669669669670000189, 0.2407128689370196528
1.4694694694690000336, 0.2170808308452468749
1.4719719719719999151, 0.1969006698719167336
1.4744744744739999298, 0.1795275130273346620
1.4769769769770000334, 0.1644604374069320030
1.4794794794790000481, 0.1513055752094655815
1.4819819819819999296, 0.1397497925465586710
1.4844844844839999443, 0.1295416170991885996
1.4869869869870000478, 0.1204772207341405221
1.4894894894890000625, 0.1123899825482882475
1.4919919919919999440, 0.1051426244314980218
1.4944944944939999587, 0.0986212194400840070
1.4969969969970000623, 0.0927305802469228224
1.4994994994990000770, 0.0873906760754140921
1.5020020020019999585, 0.0825338241471774425
1.5045045045050000621, 0.0781024700907618080
1.5070070070070000767, 0.0740474202991044800
1.5095095095099999583, 0.0703264240578768685
1.5120120120119999729, 0.0669030285340314473
1.5145145145150000765, 0.0637456482261511137
1.5170170170170000912, 0.0608268041697557563
1.5195195195199999727, 0.0581224984069834000
1.5220220220219999874, 0.0556116969172095604
1.5245245245250000909, 0.0532759000350058673
1.5270270270270001056, 0.0510987838363236024
1.5295295295299999871, 0.0490658994015043676
1.5320320320320000018, 0.0471644195190686899
1.5345345345350001054, 0.0453829244644670601
1.5370370370369998980, 0.0437112201117628718
1.5395395395400000016, 0.0421401829172659004
1.5420420420420000163, 0.0406616273303442993
1.5445445445449998978, 0.0392681919969959520
1.5470470470469999125, 0.0379532417712570014
1.5495495495500000160, 0.0367107830725456122
1.5520520520520000307, 0.0355353905501976999
1.5545545545549999122, 0.0344221433603106516
1.5570570570569999269, 0.0333665696406021603
1.5595595595600000305, 0.0323645979989229809
1.5620620620620000452, 0.0314125150201731568
1.5645645645649999267, 0.0305069279525271853
1.5670670670669999414, 0.0296447318632705667
1.5695695695700000449, 0.0288230806621363883
1.5720720720720000596, 0.0280393614798116371
1.5745745745749999411, 0.0272911719644127332
1.5770770770769999558, 0.0265763001218223688
1.5795795795800000594, 0.0258927063789145297
1.5820820820820000741, 0.0252385075935633724
1.5845845845849999556, 0.0246119627733508359
1.5870870870869999703, 0.0240114602971636393
1.5895895895900000738, 0.0234355064613624361
1.5920920920920000885, 0.0228827151956768303
1.5945945945949999700, 0.0223517988140596001
1.5970970970969999847, 0.0218415596829713080
1.5995995996000000883, 0.0213508827043773636
1.6021021021020001029, 0.0208787285235108727
1.6046046046049999845, 0.0204241273824845859
1.6071071071069999991, 0.0199861735503769136
1.6096096096100001027, 0.0195640202687015763
1.6121121121119998953, 0.0191568751583615637
1.6146146146149999989, 0.0187639960404557063
1.6171171171170000136, 0.0183846871287715319
1.6196196196199998951, 0.0180182955565758758
1.6221221221219999098, 0.0176642082044977701
1.6246246246250000134, 0.0173218487999677213
1.6271271271270000280, 0.0169906752619010878
1.6296296296299999096, 0.0166701772671510248
1.6321321321319999242, 0.0163598740177574517
1.6346346346350000278, 0.0160593121902270000
1.6371371371370000425, 0.0157680640500316750
1.6396396396399999240, 0.0154857257162434106
1.6421421421419999387, 0.0152119155627555638
1.6446446446450000423, 0.0149462727439046150
1.6471471471470000569, 0.0146884558335172409
1.6496496496499999385, 0.0144381415674868195
1.6521521521519999531, 0.0141950236809460749
1.6546546546550000567, 0.0139588118319620286
1.6571571571570000714, 0.0137292306044475999
1.6596596596599999529, 0.0135060185836725910
1.6621621621619999676, 0.0132889274983730554
1.6646646646650000712, 0.0130777214240117047
1.6671671671670000858, 0.0128721760422390585
1.6696696696699999674, 0.0126720779520523158
1.6721721721719999820, 0.0124772240285517012
1.6746746746750000856, 0.0122874208255570102
1.6771771771770001003, 0.0121024840186748153
1.6796796796799999818, 0.0119222378857026350
1.6821821821819999965, 0.0117465148215243134
1.6846846846850001000, 0.0115751548848927951
1.6871871871869998927, 0.0114080053747164598
1.6896896896899999962, 0.0112449204336640789
1.6921921921920000109, 0.0110857606770843158
1.6946946946949998924, 0.0109303928454000700
1.6971971971969999071, 0.0107786894782874766
1.6996996997000000107, 0.0106305286090852581
1.7022022022020000254, 0.0104857934780042752
1.7047047047049999069, 0.0103443722628201590
1.7072072072069999216, 0.0102061578258350848
1.7097097097100000251, 0.0100710474759890846
1.7122122122120000398, 0.0099389427450874458
1.7147147147149999213, 0.0098097491771896930
1.7172172172169999360, 0.0096833761302777994
1.7197197197200000396, 0.0095597365893875675
1.7222222222220000543, 0.0094387469904477980
1.7247247247249999358, 0.0093203270541275147
1.7272272272269999505, 0.0092043996290428857
1.7297297297300000540, 0.0090908905437223197
1.7322322322320000687, 0.0089797284667716692
1.7347347347349999502, 0.0088708447747212395
1.7372372372369999649, 0.0087641734270729674
1.7397397397400000685, 0.0086596508481000620
1.7422422422420000832, 0.0085572158149825085
1.7447447447449999647, 0.0084568093518906703
1.7472472472469999794, 0.0083583746296558448
1.7497497497500000829, 0.0082618568706911855
1.7522522522520000976, 0.0081672032588491292
1.7547547547549999791, 0.0080743628539225228
1.7572572572569999938, 0.0079832865105161285
1.7597597597600000974, 0.0078939268010331833
1.7622622622619998900, 0.0078062379425384801
1.7647647647649999936, 0.0077201757272748871
1.7672672672670000082, 0.0076356974566246863
1.7697697697699998898, 0.0075527618783204319
1.7722722722719999044, 0.0074713291267224586
1.7747747747750000080, 0.0073913606659917527
1.7772772772770000227, 0.0073128192359976085
1.7797797797799999042, 0.0072356688008094958
1.7822822822819999189, 0.0071598744996318568
1.7847847847850000225, 0.0070854026000492683
1.7872872872870000371, 0.0070122204534574465
1.7897897897899999187, 0.0069402964525630854
1.7922922922919999333, 0.0068695999908426342
1.7947947947950000369, 0.0068001014238565890
1.7972972972970000516, 0.0067317720323220743
1.7997997997999999331, 0.0066645839868521607
1.8023023023019999478, 0.0065985103142757739
1.8048048048050000514, 0.0065335248654570140
1.8073073073070000660, 0.0064696022845373994
1.8098098098099999476, 0.0064067179795289503
1.8123123123119999622, 0.0063448480941901211
1.8148148148150000658, 0.0062839694811204286
1.8173173173170000805, 0.0062240596760132372
1.8198198198199999620, 0.0061650968730095779
1.8223223223219999767, 0.0061070599010989643
1.8248248248250000803, 0.0060499282015162512
1.8273273273270000949, 0.0059936818060862896
1.8298298298299999765, 0.0059383013164708079
1.8323323323319999911, 0.0058837678842743931
1.8348348348350000947, 0.0058300631919687759
1.8373373373370001094, 0.0057771694345967982
1.8398398398399999909, 0.0057250693022194918
1.8423423423420000056, 0.0056737459630716277
1.8448448448450001091, 0.0056231830473929189
1.8473473473469999018, 0.0055733646319037740
1.8498498498500000053, 0.0055242752248960839
1.8523523523520000200, 0.0054758997519110831
1.8548548548549999015, 0.0054282235419777390
1.8573573573569999162, 0.0053812323143864627
1.8598598598600000198, 0.0053349121659742454
1.8623623623620000345, 0.0052892495588984859
1.8648648648649999160, 0.0052442313088779521
1.8673673673669999307, 0.0051998445738803429
1.8698698698700000342, 0.0051560768432370018
1.8723723723720000489, 0.0051129159271662032
1.8748748748749999304, 0.0050703499466874351
1.8773773773769999451, 0.0050283673239098613
1.8798798798800000487, 0.0049869567726790309
1.8823823823820000634, 0.0049461072895666553
1.8848848848849999449, 0.0049058081451889522
1.8873873873869999596, 0.0048660488758398117
1.8898898898900000631, 0.0048268192754256376
1.8923923923920000778, 0.0047881093876893654
1.8948948948949999593, 0.0047499094987117352
1.8973973973969999740, 0.0047122101296784256
1.8998998999000000776, 0.0046750020299022536
1.9024024024020000923, 0.0046382761700900282
1.9049049049049999738, 0.0046020237358442555
1.9074074074069999885, 0.0045662361213902186
1.9099099099100000920, 0.0045309049235194663
1.9124124124120001067, 0.0044960219357411072
1.9149149149149999882, 0.0044615791426327097
1.9174174174170000029, 0.0044275687143829649
1.9199199199200001065, 0.0043939830015186131
1.9224224224219998991, 0.0043608145298084855
1.9249249249250000027, 0.0043280559953378008
1.9274274274270000173, 0.0042957002597461685
1.9299299299299998989, 0.0042637403456230426
1.9324324324319999135, 0.0042321694320546256
1.9349349349350000171, 0.0042009808503164769
1.9374374374370000318, 0.0041701680797063545
1.9399399399399999133, 0.0041397247435120185
1.9424424424419999280, 0.0041096446051089586
1.9449449449450000316, 0.0040799215641832368
1.9474474474470000462, 0.0040505496530748057
1.9499499499499999278, 0.0040215230332369028
1.9524524524519999424, 0.0039928359918072337
1.9549549549550000460, 0.0039644829382869274
1.9574574574570000607, 0.0039364584013233117
1.9599599599599999422, 0.0039087570255928062
1.9624624624619999569, 0.0038813735687803193
1.9649649649650000605, 0.0038543028986517194
1.9674674674670000751, 0.0038275399902160598
1.9699699699699999567, 0.0038010799229744067
1.9724724724719999713, 0.0037749178782521993
1.9749749749750000749, 0.0037490491366122315
1.9774774774770000896, 0.0037234690753454535
1.9799799799799999711, 0.0036981731660368743
1.9824824824819999858, 0.0036731569722039878
1.9849849849850000894, 0.0036484161470052285
1.9874874874870001040, 0.0036239464310160599
1.9899899899899999856, 0.0035997436500703889
1.9924924924920000002, 0.0035758037131651066
1.9949949949950001038, 0.0035521226104256115
1.9974974974969998964, 0.0035286964111302739
2.0000000000000000000, 0.0035055212617918783
